2.07631 1.30521 4.25354 
1.38324 2.17538 5.55939 
1.42414 1.84917 5.48688 
1.37169 3.37167 3.44395 
0.820685 2.07627 6.00179 
2.13183 1.61679 3.71502 
1.68134 3.70635 2.29322 
1.63432 2.24572 4.40495 
1.10035 1.45689 6.37528 
1.41448 0.844352 5.84408 
2.12186 1.75337 3.27882 
1.43314 3.41782 3.43542 
1.28552 2.07441 5.71538 
1.77797 1.5048 4.78171 
1.21596 2.92921 4.47987 
1.94042 2.66045 4.39452 
1.27391 0.825835 5.9221 
2.21919 2.36232 3.22263 
1.33627 2.23109 5.30167 
0.768222 0.678838 6.17944 
1.60299 3.63446 2.64798 
1.7285 3.3105 2.42563 
1.80957 2.65494 3.74372 
2.31913 1.18284 2.68425 
1.11337 3.8752 3.05781 
1.45845 2.4322 5.21043 
2.3066 1.99866 0.870804 
1.21317 1.74147 5.80552 
1.78758 2.62214 4.13389 
1.61631 3.0504 3.2863 
1.23045 2.94352 4.76352 
1.47488 4.17156 1.94821 
1.6896 3.03433 3.70836 
1.37217 3.06099 4.7293 
2.06794 1.236 4.67477 
1.53563 2.80419 4.58921 
1.00958 1.67198 5.99333 
1.95808 1.91664 3.6103 
0.996992 1.61076 5.952 
2.09274 1.74477 4.25798 
1.45882 3.03066 4.27925 
2.00378 2.28144 3.23742 
1.16329 1.29568 6.10562 
1.58181 3.12098 3.55323 
0.79549 2.24561 5.86276 
1.29891 3.35566 3.3201 
0.856446 1.22184 6.34638 
1.8547 3.50081 1.28229 
1.76595 1.40574 4.51563 
1.65405 3.81408 1.90929 
1.35203 3.88159 3.06092 
1.59856 2.55299 4.40542 
1.33348 2.81193 4.98303 
1.70631 3.40918 2.76897 
0.774329 3.09407 5.08799 
2.02558 2.48368 2.84259 
1.47397 1.57026 5.57715 
1.22781 2.66916 4.86217 
1.67584 1.68536 5.25667 
1.80916 2.32728 4.45245 
1.96618 2.05589 4.04333 
2.03422 3.19892 1.33383 
1.66425 3.50136 2.51262 
1.25354 3.73671 3.10945 
1.84855 1.55087 4.76243 
0.85869 1.74773 6.23923 
1.31432 2.35145 5.72385 
0.678614 1.19149 6.52642 
2.48461 1.1978 1.51939 
1.00666 3.70186 4.0299 
1.01282 4.02597 3.24524 
1.32561 1.45721 5.99 
1.23256 1.95801 5.59114 
1.5686 2.82618 3.78371 
1.53651 1.59805 5.33396 
2.05717 1.91577 3.28526 
1.65409 2.01827 4.6532 
1.00953 1.97804 5.89087 
1.28663 3.51981 4.03119 
1.87133 2.31555 4.28912 
1.93536 1.74298 4.19814 
2.14759 1.57136 3.73911 
0.952717 2.03125 6.11361 
1.70039 2.55715 4.33871 
1.42234 2.10303 5.35284 
1.1876 3.44145 3.97737 
1.21911 1.63721 6.02466 
0.803235 4.21398 3.06537 
1.51721 2.95592 4.49651 
1.57602 3.02987 3.71713 
1.06866 1.62658 5.92186 
1.83906 2.85148 3.26134 
1.48662 2.08289 4.63416 
1.21583 1.2775 6.17055 
2.08517 1.58375 4.06999 
0.934414 1.44009 6.15277 
1.91761 2.06899 4.58129 
1.55407 1.22645 5.73042 
1.10583 4.18332 2.273 
1.15088 1.93111 5.84544 
0.0500022 0.0506031 6.05 
2.05 0.0500411 0.0500026 
0.0643815 4.0499 0.0500026 
2.05 0.0500411 0.0500026 
0.0503015 0.05 6.05 
0.05024 0.0503652 6.05 
0.414118 3.87452 1.42698 
0.820018 3.73778 0.303577 
1.9652 1.16532 0.484914 
0.790467 3.562 1.87032 
1.89112 1.45241 1.08309 
0.0939777 2.13711 5.16679 
0.312531 0.571792 5.94636 
1.93346 0.16318 2.06102 
1.65651 1.6905 2.64171 
0.723003 3.68746 1.51751 
0.273092 3.99008 0.839031 
0.394816 0.657348 5.88952 
0.44493 3.2563 3.43607 
1.08228 1.86342 4.4101 
0.490295 2.46033 4.65255 
0.981451 2.53576 3.83006 
1.12857 1.81592 4.35275 
0.84711 2.17724 4.53329 
0.629672 2.82617 4.00409 
1.65101 2.44461 0.220356 
0.26326 3.81643 1.96629 
1.99913 0.474985 1.23391 
0.598761 3.32707 3.07101 
0.75591 1.29621 5.34348 
1.86557 0.753656 2.3346 
1.78562 0.696326 2.86937 
0.316564 0.338747 5.98067 
1.72474 0.261616 3.31442 
0.531446 2.1917 4.9073 
0.370561 0.955302 5.81464 
1.13273 3.41241 0.156201 
1.92845 1.36639 0.636454 
1.53402 2.73151 0.0742059 
2.03487 0.482778 0.398047 
1.83189 1.34024 1.96783 
1.22582 0.521529 4.85174 
1.2413 3.19299 1.05041 
0.207438 2.8566 4.29896 
1.02296 1.64282 4.71602 
1.29644 3.10629 1.05023 
1.41991 2.7657 1.6363 
1.18086 0.095582 4.99831 
1.81607 1.43907 1.94408 
1.26438 2.27434 3.45518 
1.56075 2.26976 2.141 
0.657251 0.201505 5.76223 
0.83648 2.66531 3.92858 
1.36487 3.05801 0.33606 
1.04572 2.23183 4.09549 
1.67055 1.17984 3.13095 
0.336972 1.9475 5.2613 
0.690888 0.226756 5.72742 
1.38639 2.55937 2.44966 
1.92071 0.904478 1.74155 
0.386202 3.5813 2.68153 
1.56357 1.17343 3.59148 
1.46665 2.64263 1.72751 
0.692132 0.748109 5.63502 
1.11293 2.88665 2.8297 
1.50325 1.534 3.5195 
1.52386 1.09929 3.78796 
2.01261 0.686976 0.698581 
0.887527 0.430265 5.46863 
1.52068 2.59702 1.44191 
1.98314 0.28396 1.54786 
0.783323 0.720745 5.54071 
0.762975 0.148565 5.65385 
1.19786 2.79707 2.72627 
0.91929 2.37313 4.17989 
0.273092 3.99008 0.839031 
1.45065 2.89502 0.41292 
0.772558 3.6651 1.42698 
0.861343 3.22866 2.75958 
0.163507 1.85982 5.38987 
0.194773 2.6061 4.64464 
0.517713 2.07599 5.02954 
1.28149 3.1429 0.959557 
1.66543 1.12609 3.19772 
0.134871 2.9923 4.10668 
0.234543 1.98573 5.27137 
1.62762 0.562025 3.65698 
0.898447 0.0841987 5.4831 
0.892173 3.28399 2.5167 
1.33071 2.5071 2.81659 
0.954784 0.299538 5.38781 
1.59135 2.37089 1.63068 
0.126067 1.95991 5.31693 
0.169275 2.04618 5.23713 
0.737461 3.5248 2.18998 
1.05896 2.11304 4.20472 
0.926971 0.102699 5.44185 
1.76839 0.68991 2.96599 
1.40607 2.95248 0.753427 
1.93068 1.16799 1.21414 
