0.65456 1.62072 6.44773 
1.21054 3.26329 3.93205 
0.582179 0.708691 6.45759 
2.18272 1.64849 3.02008 
0.751518 3.85865 3.46402 
0.893088 2.34261 5.78713 
0.524012 2.75098 5.44722 
2.16806 1.2279 2.72405 
2.01035 2.08899 3.67881 
0.522378 0.849022 6.49704 
1.0832 2.97297 5.01994 
0.523218 0.575923 6.52268 
1.83595 2.8025 3.0535 
1.19304 2.16436 5.27935 
0.778758 2.83976 5.17468 
0.488122 0.567952 6.48642 
0.55619 0.570997 6.54801 
1.32476 2.32782 5.14655 
0.59149 3.1228 5.15937 
0.617669 2.37582 5.7865 
1.66339 1.28348 5.20423 
0.888683 3.43172 4.32149 
0.519162 3.3697 4.5713 
0.600554 0.6001 6.59588 
0.680786 1.5716 6.2391 
0.593791 1.60853 6.17316 
0.563529 3.94154 3.28937 
0.98128 2.51634 5.2369 
1.15458 3.61257 3.4755 
0.721846 1.93093 6.18906 
0.575466 0.629935 6.57141 
0.632751 0.7729 6.30582 
0.503734 0.506046 6.50142 
0.860809 1.9955 5.71869 
0.518237 0.518271 6.5182 
0.621404 0.621442 6.6214 
0.911717 1.0144 6.24729 
1.14099 1.42316 6.18795 
1.39596 2.26046 4.94141 
1.73441 2.83746 3.60802 
1.04606 2.7413 5.3544 
0.59729 2.06773 6.1664 
0.419814 2.38453 5.61269 
1.24238 2.65842 5.16356 
0.908993 0.775058 6.32343 
1.66496 3.00925 3.70425 
0.665367 1.92561 6.34698 
0.484301 1.02633 6.36151 
1.30495 2.52871 5.16048 
0.469176 0.486607 6.45351 
1.34436 1.23192 5.94942 
0.567944 0.568573 6.56783 
0.557402 0.762428 6.54951 
0.589973 1.53879 6.41873 
1.33602 2.52813 4.89428 
1.83127 3.07367 2.76179 
0.945597 2.51762 5.60281 
1.72051 3.65875 2.13449 
0.499297 0.566642 6.47032 
1.68256 1.52669 4.64774 
0.466239 3.91538 3.3247 
0.558606 1.24134 6.4587 
1.38278 2.69063 4.65565 
0.721412 3.55962 4.2814 
1.85933 1.05685 4.51258 
0.548133 0.560657 6.53755 
0.530211 0.548121 6.51945 
0.466093 0.466235 6.46608 
0.938292 4.17449 1.54135 
0.581531 2.42122 5.68145 
0.605909 3.82028 3.5762 
0.522563 0.84103 6.48941 
0.557118 3.26001 4.89898 
0.800416 1.96474 5.81528 
1.32753 3.31778 4.15004 
1.84739 2.94026 2.70812 
0.505797 1.57362 6.2641 
0.693187 2.56771 5.40326 
0.617547 2.26147 5.81688 
1.33985 2.55764 5.03854 
0.805264 2.47775 5.53071 
0.634894 2.46104 5.7546 
0.442306 0.506622 6.44133 
0.80177 1.20784 6.27114 
0.559425 0.567016 6.55757 
1.20522 0.66587 5.95202 
1.2746 2.28977 5.47677 
0.989245 3.15984 4.65619 
0.528178 3.03834 5.00227 
1.04668 2.73993 5.28451 
0.860349 3.66995 3.75378 
1.75539 3.01441 3.01347 
1.7185 2.84981 4.20965 
0.915935 3.99194 2.18671 
1.4277 2.83992 4.61703 
1.54476 2.67166 4.1899 
0.814296 2.84039 5.19935 
1.4858 3.04756 3.68032 
0.976138 1.76036 6.10982 
1.59516 2.1343 4.41954 
0.000188973 0.000188704 6.00019 
2.00021 0.000206164 0.000206133 
1.01957 3.44164 0.000198202 
0.000287666 4.00029 0.000286992 
1.85467 0.976984 2.52593 
1.94405 0.883461 1.72855 
0.5458 0.123069 5.88387 
0.173077 3.09683 4.02718 
1.43892 2.8959 0.690066 
0.861613 3.41304 2.3828 
1.38998 2.44925 2.90568 
0.271389 3.32029 3.52896 
1.06549 1.30644 5.01807 
0.357504 3.61181 2.63169 
0.902567 0.633823 5.64346 
0.430004 3.66403 2.58987 
0.832673 3.72011 1.98122 
0.0395031 2.53748 4.71559 
0.521095 3.37102 3.36627 
1.27005 0.387482 4.88466 
1.64194 1.45436 3.27936 
1.97577 1.36577 0.808333 
1.57956 2.67356 1.41758 
0.561991 2.56756 4.59806 
1.98749 0.561284 1.7677 
0.703691 3.48452 2.74968 
1.59082 2.77573 0.29638 
0.454865 3.0041 4.20695 
0.659126 1.7963 5.24306 
1.20881 0.494328 5.15498 
1.54279 2.82176 0.146849 
1.74284 2.20051 1.79456 
0.459162 3.91042 0.198543 
0.409289 3.95557 0.62718 
0.649111 0.201195 5.75241 
0.135817 3.20689 3.9471 
0.796095 2.26014 4.77793 
1.69847 0.744666 3.70251 
0.477487 2.28508 5.10539 
1.34292 1.10702 4.38177 
0.651944 2.65105 4.52026 
0.782449 2.97044 3.85572 
1.65463 0.307989 3.76913 
0.875715 3.58125 1.31624 
1.56611 2.72705 0.518951 
0.301696 3.36677 3.44606 
1.31237 0.274086 5.02776 
0.975495 3.63506 0.848658 
0.69111 1.54271 5.37715 
1.88234 0.693578 2.80871 
0.396723 3.1588 3.82516 
1.44013 1.60159 3.83721 
1.32101 2.53574 3.31212 
0.80923 3.77972 0.0660939 
0.291779 2.94342 4.27173 
0.231371 2.06283 5.41984 
0.253198 3.13072 4.00625 
1.08411 1.08209 4.98679 
0.191176 3.44892 3.42071 
0.593134 3.29011 3.64626 
0.0698255 3.85407 1.99684 
1.72324 2.33158 0.949791 
0.372728 3.99888 1.46781 
1.49881 1.3813 3.84878 
1.24376 0.253752 5.10108 
1.18793 2.7448 3.03418 
1.77977 1.99761 1.19785 
0.948849 3.57914 1.67585 
0.826747 1.78199 5.19339 
1.76956 2.09947 1.85201 
0.21833 1.61081 5.70264 
0.327362 2.78524 4.42027 
1.17057 2.16914 4.14316 
1.59397 0.490856 4.15467 
1.36872 3.19843 1.04688 
1.54643 1.99129 2.96649 
0.969329 2.55657 4.11779 
0.154753 0.774682 5.99824 
0.673927 1.52645 5.38549 
1.39182 1.25593 4.34758 
1.70803 2.36126 0.963409 
1.91711 1.55401 1.09874 
1.68365 1.0391 3.58322 
1.42442 0.446459 4.55892 
1.34205 1.1855 4.43636 
1.87237 1.22222 2.33028 
1.68469 2.3966 0.44634 
1.79543 1.35545 2.45825 
1.63516 1.57522 3.16433 
1.80004 1.86737 1.84201 
0.182241 3.52427 3.12564 
0.115507 1.72858 5.52561 
1.154 0.475876 5.2235 
0.678435 3.80319 1.52755 
1.81325 1.95857 0.120413 
0.458345 3.9156 0.533285 
1.35703 0.409736 4.83407 
0.633527 3.85922 0.652694 
1.12511 0.816688 4.94577 
1.78564 1.67378 2.06556 
