1.64389 9.4689 
9.09127 3.86849 
9.12884 3.34352 
6.91079 5.99304 
1.77839 9.26594 
3.64569 8.69403 
7.80889 5.14754 
3.11397 9.03996 
8.10727 4.27035 
0.446435 9.20448 
8.88381 3.9077 
0.966347 9.04835 
9.38178 1.75513 
2.08188 9.08335 
0.0553594 9.81606 
5.76289 7.61636 
0.591187 9.35752 
0.132309 9.13414 
1.70388 8.94429 
9.34783 1.26503 
6.214 7.35101 
9.37153 1.36257 
8.44131 2.46285 
9.57747 0.715248 
5.04114 8.31464 
6.66578 6.42105 
7.53267 5.77795 
7.16493 6.52291 
6.04802 7.28683 
1.71823 9.54706 
8.24414 4.65124 
2.17232 9.07585 
2.61463 9.10701 
6.88209 5.86509 
4.40812 8.08538 
3.24852 8.80892 
9.26756 1.1963 
3.83383 8.44641 
8.17492 4.46776 
3.63742 9.19305 
4.81287 8.48624 
7.16789 5.91773 
3.78017 8.82715 
7.07924 6.26352 
6.0232 7.52917 
2.4131 9.24942 
9.74987 0.659868 
8.16877 4.53879 
3.07828 9.27655 
6.57074 6.95869 
0.374257 9.43939 
2.07761 8.97095 
4.09071 8.29191 
0.751871 9.57044 
9.53875 1.94627 
9.53871 0.628191 
8.19727 4.71987 
7.03572 6.12952 
4.59115 8.58993 
8.77457 2.93477 
2.15008 9.12803 
9.34993 0.79163 
8.34204 4.86471 
2.72289 8.60689 
8.67043 2.58369 
8.99829 3.90904 
9.22451 2.73608 
9.73 0.0581044 
3.86186 8.59061 
1.48518 9.00854 
6.45684 7.25341 
8.85 3.08568 
9.07488 1.11128 
0.500676 9.68633 
5.96185 7.66074 
8.0115 5.36433 
9.58012 1.44634 
6.90036 5.81922 
9.61581 0.6576 
4.8785 8.04556 
4.02227 8.30955 
8.7996 2.10094 
5.96336 7.94567 
7.01334 6.23032 
6.71466 6.53583 
3.8816 8.52895 
5.22836 8.25974 
8.86594 3.89867 
1.33617 9.38116 
3.54291 8.80756 
4.70534 7.95013 
9.13018 2.13445 
3.822 8.53888 
8.04815 5.01077 
9.0884 4.10704 
0.338254 9.51823 
6.99017 6.21318 
7.06851 6.35074 
8.47071 4.08037 
8.93849 0.7982 
7.53211e-17 1.23009 
7.53211e-17 1.23009 
1.23009 0 
1.23009 0 
0.884311 0.855049 
1.21649 0.182398 
0.540864 1.1048 
0.493976 1.12654 
0.638059 1.05166 
0.909499 0.828206 
1.20965 0.223321 
0.850869 0.888333 
0.977226 0.74709 
1.0311 0.670784 
0.448977 1.14522 
0.251797 1.20404 
0.281027 1.19755 
0.563954 1.09319 
0.662745 1.03628 
0.727314 0.992032 
1.23003 0.0121898 
0.472072 1.1359 
0.742931 0.980392 
0.293876 1.19447 
0.237198 1.207 
0.923169 0.812941 
0.0429809 1.22934 
0.0182685 1.22995 
1.08675 0.576263 
0.213652 1.21139 
1.11438 0.520839 
1.10054 0.549468 
1.07215 0.603004 
1.18954 0.313211 
1.07958 0.589602 
0.768786 0.960251 
0.340426 1.18204 
1.09459 0.56123 
0.201112 1.21354 
1.04652 0.646453 
0.95103 0.780165 
0.0883786 1.22691 
1.1673 0.387977 
1.15918 0.411591 
0.933924 0.800563 
1.01654 0.692651 
0.150425 1.22085 
1.22914 0.0483711 
0.857691 0.881749 
0.988587 0.73199 
1.22612 0.0987204 
0.828677 0.90907 
0.828677 0.90907 
0.669479 1.03195 
0.794494 0.939092 
1.18078 0.344781 
0.57496 1.08744 
0.420633 1.15593 
1.22343 0.127776 
0.379786 1.16999 
1.1209 0.506647 
0.540864 1.1048 
0.684511 1.02204 
1.04669 0.646188 
1.22819 0.0683576 
1.05908 0.625675 
0.812006 0.923992 
1.22647 0.0942442 
0.459704 1.14096 
0.684511 1.02204 
1.19971 0.271679 
0.813122 0.92301 
0.420633 1.15593 
0.992888 0.726145 
0.493976 1.12654 
0.317901 1.1883 
1.19332 0.29848 
0.954555 0.775848 
0.912878 0.824481 
0.0617096 1.22854 
0.070633 1.22806 
1.00177 0.713847 
1.12524 0.496933 
0.625916 1.05893 
0.367065 1.17404 
0.754816 0.97127 
0.709214 1.00505 
0.393413 1.16548 
0.714419 1.00136 
0.96451 0.763436 
0.126863 1.22353 
1.13516 0.473852 
1.15444 0.424708 
1.2191 0.164023 
1.14284 0.455003 
1.20227 0.260126 
0.96451 0.763436 
0.10621 1.22549 
1.06451 0.616387 
0.359303 1.17644 
