2.07764 1.54262 5.44731 
0.53613 0.72163 6.50067 
2.32867 2.63795 2.53657 
2.48365 2.19044 3.94734 
1.84073 2.86084 4.63619 
1.94865 3.23755 4.16008 
0.661907 0.731743 6.49883 
1.67605 3.70261 2.52334 
2.25648 1.12087 5.15829 
1.28811 3.33091 4.81134 
1.10137 2.1591 5.70613 
1.52295 1.17117 5.58421 
1.1323 1.10941 6.06815 
1.09881 3.99243 3.44241 
1.16589 2.47982 5.05193 
2.01901 2.41237 4.07732 
0.620258 0.687161 6.41401 
0.953141 2.633 5.47841 
2.47573 1.69685 4.17108 
0.972357 2.33783 5.52757 
2.68097 1.2588 2.67452 
0.776425 1.29467 6.27598 
1.59019 1.40076 6.18132 
1.80896 2.0849 4.75986 
1.04443 1.10026 6.13987 
1.28264 3.27556 4.81469 
1.03318 2.27886 6.13185 
1.48531 2.86368 5.23608 
1.32106 2.57967 5.04784 
1.05096 2.99239 4.79318 
1.34351 1.97438 5.61754 
2.29496 1.91564 4.28016 
2.54481 1.66318 3.49139 
1.8221 1.91434 4.96952 
1.06899 2.79137 5.47106 
1.73482 2.80442 5.02154 
0.789564 3.30483 4.51736 
1.10503 3.94306 3.24217 
2.42102 2.6536 3.31551 
1.47419 2.27692 5.1668 
1.81982 2.80254 3.49825 
2.03644 2.06293 4.51037 
1.32434 0.788163 5.97171 
1.14857 2.01769 6.11158 
0.965347 2.21477 5.61003 
1.22886 3.78737 2.60689 
2.11781 3.14982 3.96471 
0.996454 1.12499 6.2847 
1.57748 1.85347 5.34111 
1.52789 2.98302 4.16265 
1.95998 3.04585 4.38628 
2.24384 3.12797 3.5952 
1.98934 1.38865 5.73676 
1.91686 4.28817 1.42532 
1.47772 2.83941 4.32366 
1.65738 3.75164 2.80468 
1.4914 2.60841 5.58927 
2.03301 1.85818 5.31852 
1.22957 1.62198 6.04205 
0.747501 1.88856 6.10274 
1.18145 1.38977 5.91746 
1.20714 1.98551 5.42886 
1.84459 2.62255 4.29082 
1.45793 2.38034 5.55332 
0.844629 1.71199 6.18861 
0.96958 3.50918 4.54155 
1.80103 2.65581 4.71584 
2.2606 3.00763 3.06997 
1.43385 2.60577 4.6283 
1.73859 1.93417 4.88257 
1.77283 2.79075 5.06931 
1.60637 2.86967 4.29913 
1.95664 3.26835 2.28479 
0.965877 0.744626 6.54134 
2.25697 3.03004 3.03986 
1.12122 1.33067 6.57878 
1.48318 3.67303 2.95167 
2.08976 2.90462 3.87858 
1.78117 2.98951 4.14239 
1.05034 2.11443 6.14111 
1.85637 2.85139 4.70417 
1.65915 2.99275 4.00703 
1.58703 3.91962 2.4591 
0.85588 0.836612 6.51387 
1.8426 3.25048 4.40037 
2.39093 3.14918 1.247 
1.63823 2.93845 4.01134 
1.47046 2.46967 5.67987 
1.58541 3.82101 3.00595 
1.83016 1.73381 4.89099 
1.29214 3.75102 3.10397 
2.30453 1.43568 4.45379 
1.89484 0.909388 5.62887 
1.41751 1.99409 4.93383 
1.79466 1.57495 5.80536 
1.1312 2.61593 5.37327 
1.09726 4.43568 3.02458 
1.07536 3.72753 4.38102 
2.14753 3.3705 3.7566 
1.09728 1.41423 6.33136 
0.00809791 4.00805 0.0080483 
0.0151237 4.00331 0.00337816 
0.00525699 0.0052552 6.00526 
2.20316 0.20316 0.20316 
0.473774 0.0964982 5.98878 
1.635 0.220781 4.46342 
1.49217 2.0098 4.35077 
1.04022 2.30492 4.6298 
1.38905 3.31748 1.47874 
1.52182 0.892621 4.81948 
0.814993 0.687667 5.66841 
1.19432 3.03164 3.19887 
0.0608299 3.97672 1.18654 
1.94462 2.24698 0.72038 
1.68487 1.81466 3.72502 
0.357324 2.12816 5.60097 
0.102847 3.94679 1.73113 
1.97923 2.35936 0.629193 
0.859573 0.623185 5.6959 
0.739612 1.76463 5.38294 
0.537416 3.26956 3.91816 
1.55268 1.93682 4.0631 
1.65183 2.89929 1.63685 
0.689189 1.16934 5.78128 
0.669804 3.89791 1.26198 
0.550935 3.60634 3.2744 
1.8942 2.40549 1.17692 
1.06587 3.4079 2.53988 
0.161183 3.29262 3.88262 
2.14687 0.806186 2.2774 
2.09423 1.97279 0.368042 
0.702198 2.77785 4.55038 
1.15265 1.01064 5.28531 
1.51686 2.94367 2.36153 
0.635919 3.65837 2.67064 
0.627388 2.80461 4.42135 
2.06336 0.504858 2.88244 
0.39949 2.60404 4.87522 
1.00394 2.87357 3.76878 
1.9152 2.21277 1.3935 
1.77711 0.319712 4.12448 
0.920014 1.34062 5.5677 
0.202363 3.94654 1.91782 
0.348224 1.86648 5.87529 
1.46996 0.251724 5.01019 
1.24646 1.22294 5.02264 
0.158025 3.74421 2.81568 
1.76499 2.55074 1.84052 
1.46032 0.741743 4.96326 
0.777189 2.16394 5.01798 
1.42545 2.48862 3.78512 
2.18737 1.12955 2.13634 
0.20704 3.45704 3.64003 
0.654585 3.97137 0.118014 
0.458544 3.69355 2.48299 
0.575512 0.132116 5.98281 
1.12792 3.43869 1.77126 
0.284169 3.25345 4.2994 
0.306843 2.28241 5.48667 
0.754984 1.25944 5.59292 
0.565337 1.41389 5.70584 
1.03614 3.503 2.22159 
2.16878 1.54248 0.384485 
1.88876 2.33266 2.06172 
1.40141 3.36996 0.832689 
1.99823 1.66035 2.30806 
1.38462 0.576133 5.22955 
0.266582 2.59141 5.0999 
0.244272 3.8213 2.24902 
2.05473 2.27163 0.456269 
0.199279 3.5737 3.30384 
2.11258 1.59513 2.3183 
0.677166 1.75156 5.42093 
2.11986 1.50381 1.34082 
1.36733 2.69432 3.44877 
1.15818 3.77237 0.91829 
1.27691 0.353919 5.48685 
1.73771 0.456533 4.2831 
0.950253 3.82133 1.32615 
0.654505 0.499467 5.93935 
1.09776 3.18802 3.06517 
0.453625 2.7269 4.84573 
1.55073 2.67529 2.71952 
0.672637 3.21871 3.9848 
0.386661 3.48007 3.56407 
1.83518 2.22169 2.39607 
1.37368 2.65698 3.50904 
2.05957 1.92335 1.728 
1.34363 1.49178 4.51009 
1.23605 3.55273 0.810526 
1.85256 0.746997 3.76002 
1.93529 2.49637 1.00617 
0.416231 1.84568 5.82519 
1.22202 0.833432 5.32146 
1.10804 1.08753 5.32342 
1.74466 3.08872 0.577851 
1.31226 2.93646 3.16453 
1.53136 3.13248 1.08063 
1.86865 2.2155 2.78968 
1.49508 2.36686 4.02537 
