1.96357 6.22445e-61 2.69417e-94 
1.99362 1.28289e-44 2.02754e-09 
2.00434 2.98524e-51 2.98328e-05 
1.66648 3.59576e-107 5.09351e-31 
1.37023 0.377525 9.28335e-99 
1.88433 1.21263e-62 1.20643e-28 
1.669 8.02767e-16 6.34447e-06 
2.33463 1.72156e-60 1.37414e-08 
1.72056 1.12362e-13 3.8817e-97 
1.6718 1.20276e-115 1.60215e-42 
2.33883 4.18908e-31 1.53002e-19 
1.8503 0 1.41262e-05 
2.0869 1.82139e-32 2.97817e-32 
1.92543 0.000280475 0.0328974 
1.83126 6.73709e-05 4.93725e-111 
1.62618 3.18133e-75 7.93683e-126 
1.44639 6.01892e-08 4.20574e-72 
1.57227 1.40522e-13 2.30751e-107 
1.3621 1.46342e-13 4.16311e-10 
1.77101 2.24813e-91 0.849976 
2.04688 8.66229e-42 2.56198e-35 
1.92438 4.95439e-36 7.98997e-12 
2.03483 1.72321e-39 6.30815e-58 
1.76416 7.19414e-47 4.07308e-111 
2.08516 2.25182e-41 1.14561e-06 
2.12082 2.75751e-07 1.36256e-22 
1.43912 1.54847e-24 0.0263617 
2.07408 1.19884e-42 3.21643e-12 
2.14096 9.72781e-05 1.49493e-34 
1.78508 0.116372 2.04097e-110 
1.70979 5.58249e-74 1.13328e-54 
1.78984 2.59918e-104 4.02392e-46 
1.76219 1.71827e-08 2.08839e-09 
1.66348 6.72169e-71 3.98278e-15 
2.22712 1.61257e-36 2.88665e-10 
2.13714 1.20989e-45 1.62672e-35 
2.14399 2.24529e-18 2.51297e-119 
1.97911 2.64608e-38 7.15398e-26 
2.29529 6.31494e-23 8.4983e-29 
2.36026 1.15823e-32 1.94946e-08 
2.22305 1.34456e-60 1.48515e-60 
1.45151 3.3455e-41 3.17002e-35 
1.79478 1.28041e-74 5.9114e-21 
1.54839 4.25314e-08 1.14918e-37 
1.88614 0.838572 0.0244537 
1.51635 2.75646e-22 6.14876e-301 
1.56185 1.03311e-97 3.83227e-40 
1.64672 4.03514e-18 3.90843e-17 
1.65167 4.41288e-135 2.55067e-140 
1.7761 5.01322e-50 2.50879e-05 
2.00916 9.62707e-10 4.56287e-60 
1.9131 0.0106166 1.50625e-49 
1.88889 1.41652e-11 4.32614e-06 
1.54047 9.20504e-17 1.21489 
1.59057 6.55067e-29 1.36092e-18 
1.6939 1.83213e-162 1.18193e-107 
1.84846 3.70385e-94 8.16964e-23 
1.53185 2.90989e-276 1.90625e-73 
1.53158 9.41626e-25 2.56472e-136 
1.777 3.54487e-14 4.10121e-65 
1.73787 1.97563e-79 3.02088e-118 
1.83442 4.23956e-34 1.25328e-37 
1.80822 2.0141e-09 3.66936e-54 
1.87415 3.53716e-104 1.66369e-189 
1.82503 1.29214e-07 3.60285e-52 
2.1175 5.86132e-41 7.16062e-96 
1.41394 2.24216e-09 1.03761e-11 
1.43673 4.22789e-16 1.57008e-09 
1.60705 6.03646e-10 1.47991e-12 
1.7572 5.95464e-98 3.49651e-55 
1.94263 7.47665e-09 8.7596e-100 
2.00062 2.95946e-110 1.33715e-155 
1.78308 0.000621088 1.34407e-24 
1.59481 9.51412e-60 6.69995e-142 
2.07534 1.1861e-87 3.20009e-83 
1.57325 1.31731e-42 1.67108e-21 
2.19034 1.89292e-29 0.00960969 
2.00324 1.6321e-14 4.747e-13 
1.56492 5.40307e-24 3.70344e-89 
1.68931 8.35002e-121 2.77299e-63 
1.48829 2.26071e-55 5.89942e-59 
2.11031 1.40557e-13 4.58765e-14 
1.69649 6.36277e-28 4.01765e-05 
2.01158 1.56434e-38 3.68327e-20 
1.66147 2.43753e-54 7.33275e-27 
2.06284 0.0138812 0.024293 
1.53136 2.79322e-07 7.9648e-20 
1.91206 2.33137e-58 8.72272e-09 
1.78352 4.5394e-08 1.00775e-17 
1.7888 1.29589e-15 1.04252e-17 
1.57582 2.31385e-38 1.26468e-69 
1.71392 1.32371e-12 1.39175e-64 
2.07887 2.80348e-58 4.77098e-41 
1.73034 3.6232e-09 9.45843e-42 
1.81765 1.36747e-229 0.115163 
1.40342 1.7249e-122 9.9582e-60 
1.63757 1.75858e-36 2.22125e-26 
1.84502 8.72531e-117 1.32171e-46 
1.63151 1.18083e-62 5.69693e-25 
1.74163 1.12613e-08 1.36466e-222 
3.7494e-33 6.12323e-17 1 
1 0 0 
6.12323e-17 0 1 
1 0 0 
6.12323e-17 1 0 
6.03159e-17 1.46632e-17 1.01372 
0.953322 0.308257 0.122393 
0.414303 0.852274 0.398704 
0.639003 0.376741 0.682987 
0.684042 0.589122 0.45227 
0.667647 0.0308466 0.759099 
0.167958 0.552329 0.827248 
0.802453 0.215243 0.572228 
0.356413 0.867394 0.365749 
0.71575 0.200478 0.696762 
0.225775 0.636224 0.753912 
0.308221 0.332201 0.910384 
0.314318 0.221495 0.938352 
0.734036 0.69356 0.0796957 
0.145109 0.777443 0.642203 
0.445525 0.558723 0.727673 
0.391305 0.402736 0.878856 
0.207703 0.146365 0.971663 
0.260566 0.961187 0.146731 
0.154963 0.283894 0.963257 
0.865211 0.252821 0.47853 
0.115014 0.121061 0.995339 
0.942555 0.232189 0.272539 
0.564785 0.810349 0.285457 
0.153855 0.824301 0.584958 
0.412929 0.100386 0.911786 
0.772482 0.249783 0.589926 
0.24433 0.742316 0.63911 
0.341163 0.464428 0.825767 
0.547491 0.170447 0.839193 
0.488362 0.715686 0.549697 
0.787526 0.148469 0.605848 
0.701745 0.746292 0.0715081 
0.975913 0.183985 0.158502 
0.603396 0.0710243 0.810932 
0.299924 0.931168 0.248332 
0.606325 0.803117 0.0407132 
0.116836 0.73294 0.683355 
0.873679 0.422114 0.326643 
0.0256881 0.35215 0.955656 
0.374916 0.912423 0.218627 
0.769921 0.646102 0.0206815 
0.565806 0.458361 0.70553 
0.79466 0.497113 0.384424 
0.0885494 0.951987 0.380527 
0.285776 0.0141747 0.977802 
0.828939 0.584141 7.39471e-20 
0.815853 0.574919 0.116316 
0.923938 0.336901 0.222646 
0.898207 0.161744 0.439467 
0.848763 0.476097 0.268937 
0.761553 0.56402 0.346074 
0.369787 0.899943 0.240072 
0.465579 0.428047 0.782888 
0.064055 0.878109 0.512719 
0.688342 0.511102 0.533587 
0.622695 0.724513 0.348873 
0.476868 0.890382 0.0996375 
0.0451068 0.618354 0.799859 
0.528354 0.787881 0.372903 
0.885738 0.0770467 0.495616 
0.846638 0.514123 0.298217 
0.830032 0.531685 0.220483 
0.0674933 0.661227 0.777362 
0.870454 0.481009 0.165413 
0.520594 0.395046 0.797346 
0.0325353 0.695105 0.768566 
0.269772 0.563628 0.81356 
0.484993 0.0407965 0.889478 
0.469391 0.889979 0.130382 
0.100855 0.988074 0.204829 
0.403844 0.672932 0.66918 
0.752874 0.444869 0.508169 
0.585566 0.227406 0.794394 
0.749115 0.68132 0.0255983 
0.582927 0.535935 0.623179 
0.913478 0.153783 0.409459 
0.991921 0.0444767 0.177025 
0.195508 0.908217 0.385679 
0.102889 0.155201 0.987727 
0.513773 0.855828 0.19487 
0.331055 0.0903255 0.958581 
0.325206 0.791446 0.52166 
0.501712 0.738782 0.496831 
0.324436 0.626763 0.722737 
0.970566 0.250449 0.0577322 
0.54022 0.600569 0.613522 
0.0271338 0.602822 0.805925 
0.362691 0.700667 0.627129 
0.537271 0.111817 0.846394 
0.00322873 0.975726 0.309508 
0.920265 0.361888 0.192052 
0.539352 0.758452 0.424276 
0.618828 0.705316 0.389534 
0.726928 0.654559 0.296474 
