2.45482 2.09679 
1.9549 1.40466 
2.23058 0.811114 
2.02766 2.66286 
2.01399 2.29331 
1.53246 1.39612 
2.29043 2.98106 
1.94162 1.5706 
1.9033 2.73272 
2.57352 3.21016 
1.54961 1.34846 
2.02654 0.954628 
3.51039 2.42091 
1.08728 1.31294 
1.54696 1.37106 
1.67269 2.45595 
1.58195 1.24815 
2.88408 2.05798 
2.38116 2.50937 
1.74003 1.97575 
1.67314 3.19226 
2.82786 2.67949 
1.55732 0.921789 
1.40937 1.01986 
2.36111 3.544 
1.84329 2.08341 
1.89522 1.51723 
2.11448 1.12806 
1.65645 1.23215 
3.36589 3.29562 
2.25477 4.05189 
1.60487 1.74855 
3.24311 3.90046 
1.45715 2.19228 
1.7244 1.67628 
1.74557 1.10109 
1.47383 2.02549 
1.28006 1.56801 
2.24242 1.0322 
2.50398 2.11211 
1.91001 1.51578 
2.51627 1.58012 
3.19446 2.66037 
1.74708 1.96607 
1.87044 1.22979 
1.88534 1.71937 
1.90035 1.76379 
1.59845 1.27102 
3.65379 1.54875 
3.98209 3.06007 
1.69369 1.44815 
2.23746 1.51858 
3.43126 4.02648 
2.77936 3.87177 
2.20304 1.62025 
1.88752 1.88629 
2.02595 1.51901 
2.84268 1.98436 
3.17454 1.97258 
1.92742 1.27538 
1.22762 1.27894 
1.86527 1.25337 
1.61894 1.71219 
1.80221 1.47116 
3.60545 1.93602 
1.71785 1.44775 
2.42775 3.49298 
1.35183 1.23729 
2.30042 2.25459 
2.64324 1.95519 
2.21961 1.7694 
2.35416 2.16338 
1.75061 1.4103 
1.52048 1.09115 
1.60083 1.51289 
3.30541 2.06525 
2.68591 3.08469 
1.52154 1.25341 
0.916661 1.31817 
1.66364 2.77048 
3.30036 2.99325 
1.53974 1.25009 
1.9701 1.20549 
1.3429 1.48994 
5.36333 3.95742 
2.15124 3.13396 
3.72084 1.00428 
1.39584 1.20377 
1.78018 1.07575 
2.9186 1.53322 
1.90025 1.72211 
3.82424 2.12021 
2.76562 2.71268 
2.33849 1.97583 
1.46451 1.51674 
2.12469 1.70901 
1.68619 1.16842 
1.80698 3.79859 
1.8607 1.31452 
2.37541 2.15378 
0 1 
1 0 
1 0 
0.16258 0.606421 
0.392493 0.378629 
0.648352 0.197247 
0.492268 0.300332 
0.173528 0.589375 
0.0178869 0.875229 
0.00973266 0.910613 
0.630807 0.20832 
0.508255 0.293797 
0.0236458 0.855741 
0.151913 0.621834 
0.520022 0.280989 
0.677916 0.181041 
0.205137 0.553373 
0.193912 0.564717 
0.476851 0.312214 
0.661573 0.188121 
0.410909 0.368873 
0.858192 0.0781655 
0.0289501 0.839361 
0.295035 0.46278 
0.842156 0.0841183 
0.184025 0.578187 
0.827103 0.092418 
0.896321 0.0551544 
0.775414 0.121895 
0.569797 0.247938 
0.532964 0.271751 
0.91275 0.0469405 
0.21481 0.539638 
0.0141636 0.895678 
0.0669021 0.753911 
0.315516 0.442805 
0.583661 0.239309 
0.0467416 0.7983 
0.0599245 0.770073 
0.814527 0.101515 
0.0534034 0.782072 
0.762353 0.129707 
0.0951734 0.701613 
0.087703 0.715337 
0.597445 0.233704 
0.87286 0.0693079 
0.74979 0.13761 
0.305494 0.452648 
0.281758 0.474269 
0.263732 0.491606 
0.00240207 0.991076 
0.0357534 0.822388 
0.328809 0.433457 
0.608341 0.222745 
0.124472 0.652586 
0.117224 0.66469 
0.0805092 0.728194 
0.790138 0.113609 
0.949536 0.0274212 
0.455808 0.328898 
0.253618 0.501962 
0.548283 0.265456 
0.0716069 0.738928 
0.224663 0.529302 
0.974666 0.0135569 
0.557346 0.256806 
0.962126 0.0197202 
0.736172 0.144381 
0.988019 0.00657561 
0.108778 0.676705 
0.379225 0.389974 
0.724596 0.151407 
0.101857 0.688189 
0.711589 0.158367 
0.690339 0.170462 
0.354956 0.408136 
0.466023 0.319988 
0.141515 0.632123 
0.882978 0.06198 
0.136384 0.644007 
0.234948 0.520539 
0.937071 0.0341022 
0.243432 0.510716 
0.924399 0.039632 
0.621064 0.217456 
0.801555 0.108481 
0.446398 0.3398 
0.274232 0.482426 
0.0407634 0.811095 
0.338576 0.425794 
0.436925 0.345653 
0.346474 0.416334 
0.701638 0.166798 
0.00276714 0.962676 
0.424364 0.35241 
0.00626895 0.93583 
0.416823 0.35738 
0.00319161 0.959563 
0.369132 0.401207 
0.00626831 0.937427 
