1.17944 3.99573 
1.20151 3.98842 
1.69192 3.03138 
0.945685 4.3174 
1.64176 3.39635 
1.44312 3.82551 
1.34177 3.56468 
1.64975 3.34592 
1.61823 3.6795 
1.35829 3.84666 
1.94891 2.86283 
1.79156 3.18066 
1.36323 3.71492 
1.45373 3.79968 
1.78412 3.03823 
1.15232 4.07117 
1.22545 3.91482 
0.849439 4.14985 
1.29449 3.87919 
1.10083 4.21231 
1.49135 3.71204 
1.21694 3.95247 
1.33779 3.82878 
1.55275 3.48549 
1.6758 3.1898 
1.62379 3.41729 
1.05429 4.24565 
1.56748 3.47701 
1.65878 3.30072 
1.27593 3.82505 
1.52622 3.60892 
1.77996 2.99019 
0.971764 4.25417 
0.892594 4.03367 
1.89853 2.96116 
1.3585 3.93945 
1.84296 3.2505 
0.981355 4.14721 
1.44032 3.85499 
1.28136 3.76295 
1.64789 3.41 
0.831236 4.20673 
0.986315 4.1595 
1.49296 3.65284 
1.80921 3.45613 
1.1414 3.91895 
2.30263 1.5777 
2.04644 2.4559 
1.59248 3.58018 
2.06125 2.98241 
1.14967 4.03899 
1.7453 3.27997 
2.25022 2.39257 
1.32252 3.92664 
0.890049 4.2948 
1.13836 3.83978 
1.64945 3.24542 
1.32861 3.82097 
1.52105 3.50217 
1.08442 4.19345 
0.838344 4.08935 
1.95137 2.8914 
1.70799 3.33968 
1.48203 3.60364 
1.95247 2.78307 
1.36751 3.90129 
0.998238 4.26155 
1.62723 3.6545 
1.36679 3.94868 
1.25604 3.98157 
1.24888 4.09638 
1.35364 3.73888 
0.931911 4.31064 
1.17149 3.74508 
0.778207 4.25795 
1.32979 3.75967 
1.33669 3.82469 
1.7916 3.02615 
1.54347 3.65329 
1.31824 3.86275 
1.21635 4.04283 
1.31505 3.92883 
1.38538 3.86892 
0.861076 4.23327 
1.53858 3.67866 
1.84778 2.77705 
1.03714 4.31566 
1.79668 3.06538 
1.05196 4.03729 
1.11808 3.92147 
1.01728 3.95948 
0.809101 4.27184 
1.6582 3.23321 
0.903634 4.30526 
1.02965 4.18656 
1.79137 3.12771 
1.21746 3.98135 
1.34536 3.78864 
1.35946 3.66485 
1.72296 3.40148 
0.00145434 4.00134 
2.00134 0.00134366 
1.63487 2.31554 
1.61001 2.37894 
0.244319 3.97293 
1.98283 0.562166 
1.97564 0.646873 
0.192373 3.98502 
0.424583 3.913 
1.96107 0.826317 
1.66076 2.24279 
0.0483122 4.0006 
1.99858 0.238622 
1.99361 0.385687 
1.77123 1.86712 
0.160923 3.99144 
0.118183 3.99464 
1.99694 0.329835 
1.96996 0.723137 
1.99986 0.168183 
1.46325 2.7344 
1.5144 2.62882 
0.779139 3.68766 
1.11851 3.32088 
1.90533 1.23152 
0.757885 3.71229 
0.0856531 3.99807 
0.553754 3.84891 
1.94868 0.927611 
1.58826 2.44566 
1.71545 2.07381 
1.54764 2.54372 
1.833 1.6217 
0.883967 3.59621 
1.5645 2.50051 
1.80721 1.73112 
1.48211 2.69315 
1.8567 1.50611 
1.87045 1.43482 
1.37994 2.90255 
0.300032 3.95965 
0.277467 3.96349 
0.727379 3.73121 
0.506918 3.87329 
1.09309 3.35518 
1.96557 0.782803 
0.333184 3.95008 
1.73207 2.00892 
1.92923 1.08347 
1.75114 1.95082 
1.8951 1.29 
0.518605 3.86725 
1.79536 1.77503 
0.469408 3.89153 
1.35677 2.95187 
1.08334 3.37266 
1.91708 1.18608 
1.15509 3.27439 
0.662362 3.78063 
1.01233 3.4605 
1.18455 3.228 
0.91962 3.55936 
1.94079 1.00076 
0.460299 3.89692 
1.13818 3.29727 
1.2333 3.15727 
0.853331 3.63088 
1.42133 2.82194 
0.911551 3.56962 
1.98967 0.479069 
0.808085 3.66452 
1.84603 1.56814 
1.93494 1.02762 
0.642973 3.79402 
0.622288 3.80572 
1.81704 1.68423 
1.68984 2.15412 
0.386454 3.93212 
1.25793 3.1173 
1.75856 1.9163 
0.947572 3.52879 
0.821063 3.65277 
1.7283 2.02554 
1.9892 0.484404 
1.28437 3.07195 
1.82539 1.66285 
1.88173 1.36768 
1.44174 2.78045 
1.7873 1.81557 
1.32861 3.00262 
0.602627 3.81802 
2.00126 0.0864755 
1.87425 1.41508 
1.44439 2.7766 
1.94799 0.941957 
1.05828 3.40124 
2.00118 0.0913454 
1.31866 3.01627 
1.03669 3.42752 
0.976999 3.49476 
