1.77952 3.03674 3.35628 
1.82132 1.93563 5.49346 
1.99486 2.40029 4.51348 
1.72721 3.46887 4.15292 
1.57493 3.46812 4.62238 
2.73505 1.73115 2.19961 
1.06864 1.12666 6.49224 
1.50052 1.0712 5.92722 
2.19194 3.65459 2.32851 
0.861451 3.89578 4.51061 
1.07735 1.13805 6.61057 
0.898489 4.26077 3.59147 
1.99383 3.25264 3.73389 
0.955199 2.35498 6.51095 
1.5714 4.22105 2.72124 
1.86357 2.7485 4.8292 
1.13027 3.69334 4.42814 
1.41694 1.5137 6.55418 
0.850152 0.948107 6.75914 
1.78431 2.94816 4.56445 
2.15069 2.94282 2.85905 
1.6892 2.26203 6.09313 
2.52958 2.26209 2.87733 
2.10966 1.66456 4.30994 
0.661242 1.45663 6.47353 
1.80484 2.55574 4.40623 
0.938877 4.40527 3.10881 
2.16455 1.79538 3.74078 
1.62569 2.88112 5.28005 
2.34193 1.62434 3.95227 
1.71651 2.96299 4.95291 
1.3343 4.34077 3.27129 
2.02222 2.84146 4.70474 
1.52743 2.93893 5.5229 
2.02512 2.69974 3.5402 
0.571664 0.498379 6.4099 
1.17853 1.1385 6.43739 
1.68822 3.95748 3.30869 
1.93689 1.43018 5.90554 
1.77556 2.96463 4.89839 
1.54915 1.91255 5.46559 
0.839698 1.80976 6.34847 
0.764145 2.36259 6.08396 
1.23623 1.67454 6.37916 
2.48939 1.43525 3.91509 
0.859909 0.685508 6.61953 
1.03903 4.57961 2.85636 
1.22359 1.85876 6.45573 
0.661427 0.872432 6.53432 
0.841224 0.92876 6.67638 
2.01569 3.34352 2.23427 
2.14509 3.06403 4.167 
0.55936 0.763225 6.51919 
0.939573 1.91061 6.54322 
1.55198 4.27713 2.30807 
0.804878 0.990551 6.73113 
0.890085 1.16279 6.86197 
1.36471 1.65409 6.1851 
1.45895 3.30296 4.46236 
1.91189 1.34706 5.38473 
1.4195 3.26547 5.08993 
1.90322 3.74667 1.62576 
0.724276 1.83807 6.41995 
2.39265 2.43706 3.26446 
1.70946 2.24303 6.11355 
1.84763 2.6779 4.34422 
1.32052 2.07216 5.58267 
2.32426 1.61234 4.63139 
2.3837 1.39052 4.04727 
0.955066 4.73155 2.28416 
1.57905 4.23244 2.41271 
1.58684 1.50614 6.43968 
1.78912 4.00128 3.17143 
2.45238 1.51254 4.12862 
1.58825 2.16558 5.04281 
2.38444 2.66804 2.2977 
0.828545 1.53169 6.62216 
0.816146 1.39752 6.7319 
1.74053 1.31069 5.3494 
1.5073 4.45961 2.30683 
2.34964 1.5158 4.4413 
1.15879 2.69936 5.9694 
1.59655 1.62387 6.35793 
1.66308 1.7227 6.12356 
0.923398 1.02364 6.83534 
0.950492 1.0599 6.79385 
2.04263 1.76656 4.17403 
1.17598 3.52225 4.61314 
1.48673 1.74472 6.15657 
1.33918 4.02451 2.41735 
2.58132 1.38598 3.11848 
0.563096 0.709883 6.51128 
1.67669 2.92142 3.82383 
2.30595 2.84455 4.00672 
1.47005 4.2447 3.30493 
1.86165 3.23466 4.33983 
1.85577 2.3073 4.95177 
2.03254 2.07602 5.04215 
1.27462 3.53674 4.34003 
1.20428 3.93828 3.91747 
0.349502 4.06201 0.252804 
2.09528 0.202745 0.254744 
0.200342 4.08885 0.253143 
0.100735 0.304315 6.08703 
0.19992 0.100868 6.08706 
0.153485 0.304098 6.10175 
0.265734 3.2228 3.88647 
0.575706 2.26652 5.0358 
2.04134 0.820218 1.32957 
1.96521 0.357025 3.03895 
1.20509 2.88008 3.43153 
0.138021 1.38751 5.78643 
1.47039 0.893385 4.2974 
0.691015 3.94051 0.602018 
1.79907 1.74761 2.18137 
0.225328 3.86869 2.22914 
1.88897 1.82422 1.10833 
1.61597 1.47385 3.56295 
1.14928 2.33122 4.03377 
0.934378 0.993421 5.43983 
1.3209 2.81706 2.72806 
1.53268 1.65115 3.66031 
1.63926 2.60896 0.872778 
1.27994 1.12614 4.86638 
0.605591 2.7406 4.40495 
1.75839 2.0678 1.87501 
0.850015 3.47434 2.37911 
1.02821 1.05478 5.29521 
0.387232 0.704184 5.98957 
1.85697 1.60783 1.89582 
1.65808 1.3725 3.32582 
0.858313 2.5263 4.4907 
1.81572 1.10946 2.8022 
1.12538 3.51821 0.509189 
1.08623 3.54192 1.09436 
1.4328 1.16525 4.2868 
1.49166 1.69319 3.76858 
0.29764 0.620848 6.02994 
1.23771 2.31731 3.85078 
1.18561 2.99959 2.65176 
1.83331 0.945358 2.98016 
2.0001 1.07379 1.433 
1.4652 3.13655 0.805392 
2.06749 0.778121 0.973278 
0.660316 2.88042 4.24825 
1.32953 1.92202 4.10681 
1.39356 2.71222 2.45607 
1.34062 0.567531 4.78675 
1.01065 3.37518 2.5668 
1.56572 1.98594 3.58832 
0.175504 3.04805 4.1439 
0.741514 1.31463 5.53546 
1.96157 1.53568 0.488712 
1.96013 1.4221 1.17103 
0.449513 2.13118 5.23676 
0.633024 2.44128 4.82588 
0.392943 3.95191 1.59886 
1.73329 2.17353 1.68321 
1.93138 1.83916 0.619554 
0.884941 0.729819 5.56773 
0.670344 1.33454 5.67792 
1.36302 2.19854 3.51769 
1.15366 1.03585 5.06018 
1.15185 3.62162 0.416669 
0.817761 2.93681 3.82157 
2.02094 1.01463 1.2779 
0.900915 0.477661 5.59467 
1.94783 1.20595 1.73834 
0.470367 1.24525 5.83873 
2.00964 0.436502 2.11869 
0.307265 4.04996 1.04819 
0.828578 3.73311 1.4965 
1.9174 1.64627 1.00466 
1.49238 3.02171 0.713063 
0.99395 3.09678 3.21147 
0.80356 0.500758 5.71899 
1.8282 1.99987 1.2589 
1.06169 3.58658 1.06066 
1.68288 2.39395 2.01994 
0.184048 0.255842 6.10108 
0.772087 3.67821 1.93238 
0.237511 2.79106 4.56095 
1.20384 2.97839 3.10055 
0.788232 3.27939 3.14422 
0.961744 3.2627 2.75147 
1.28568 2.67317 3.16509 
1.78312 0.531399 3.29831 
1.84416 1.95599 1.52689 
1.49583 0.288689 4.39251 
0.533086 3.5418 2.87274 
1.70183 1.96821 2.47044 
1.57173 2.05638 3.02795 
0.407867 2.2459 5.10684 
0.719503 2.46949 4.67505 
0.468057 3.65346 2.70267 
0.522395 2.47731 4.80257 
0.539393 2.54172 4.71963 
1.71788 2.36723 1.69723 
0.624759 3.05789 3.8176 
1.39288 2.96291 2.06249 
