1.31837 0.457415 
0.92088 1.94657 
1.71211 0.0849381 
0.330227 2.04429 
1.48335 1.48662 
1.54323 0.586548 
0.328281 1.55148 
1.83234 0.461324 
1.73192 1.1708 
1.30083 1.33451 
1.09067 1.0906 
0.69024 1.37017 
1.72784 0.429436 
1.41272 0.535935 
1.07624 1.55971 
1.77725 1.45712 
1.03088 1.83984 
0.99516 1.15141 
0.0863777 1.6146 
1.24306 0.218269 
0.167715 1.74131 
1.01823 1.29189 
1.40805 0.520755 
0.575343 1.85419 
1.09822 1.34462 
0.662625 1.31584 
1.17718 2.15684 
0.120859 1.87876 
0.140974 1.4583 
1.03507 1.13529 
0.238095 1.70144 
1.26381 1.02914 
1.76398 0.14549 
1.58585 0.130615 
1.2559 1.13601 
0.576978 1.84103 
1.19367 1.19723 
0.500248 1.72666 
1.70441 0.667228 
1.24713 0.872592 
1.39545 1.95103 
0.675377 1.76343 
1.44665 0.295348 
1.35693 1.61347 
1.02012 1.95057 
1.64341 0.449308 
1.5016 0.0997936 
0.720246 1.6381 
0.251492 1.38786 
0.479663 1.44292 
0.15814 1.88638 
2.10605 0.434067 
0.466225 1.92211 
1.21866 1.16481 
0.716166 1.79434 
1.40858 0.967695 
1.59153 1.24516 
1.01268 0.887513 
0.0808995 1.51798 
1.85691 0.468742 
0.414148 2.04869 
1.3711 1.76032 
1.77566 0.33436 
1.75206 1.03108 
2.02836 1.00863 
1.54193 0.283193 
0.343958 2.09669 
1.95869 0.955258 
1.27883 1.34879 
0.520402 1.95267 
1.50872 0.727657 
0.168333 1.84202 
1.86577 0.873343 
0.502942 1.83479 
1.47438 1.33856 
0.529844 1.95607 
1.86383 0.282972 
1.85881 0.210545 
0.72798 1.69984 
0.0279997 1.60277 
0.460786 1.57767 
1.31105 0.507833 
0.507776 1.52142 
0.748645 1.69925 
1.40559 0.791774 
1.59587 0.859286 
0.592735 1.6767 
1.30547 1.38224 
1.95325 0.261701 
0.639969 1.68178 
0.602618 1.24944 
1.66445 1.45646 
1.8169 0.0558773 
1.46983 0.767681 
0.708579 1.56489 
1.52564 0.591204 
0.205767 1.8149 
0.622083 2.12142 
1.0258 1.32471 
1.62858 0.0147258 
1 0 
6.12323e-17 1 
1 0 
0.813907 0.581056 
0.240224 0.97111 
0.796398 0.605082 
0.0372978 0.999376 
0.904056 0.428647 
0.972512 0.234374 
0.618902 0.785643 
0.855516 0.518607 
0.867421 0.498079 
0.896857 0.442411 
0.99933 0.0388858 
0.576166 0.81784 
0.887233 0.462062 
0.607832 0.794208 
0.733439 0.679861 
0.438011 0.89936 
0.914439 0.405723 
0.406349 0.914009 
0.771078 0.637519 
0.721724 0.692717 
0.208947 0.978378 
0.999867 0.0175074 
0.47172 0.881964 
0.255735 0.96691 
0.122286 0.992579 
0.828208 0.561021 
0.637576 0.770677 
0.953882 0.300962 
0.0556749 0.998587 
0.45512 0.891008 
0.780131 0.626282 
0.998583 0.066444 
0.948051 0.318988 
0.660785 0.751334 
0.391691 0.92039 
0.978077 0.21091 
0.51472 0.858022 
0.591715 0.806326 
0.839959 0.543511 
0.326617 0.945279 
0.700262 0.714283 
0.761012 0.649635 
0.559667 0.829128 
0.546751 0.837942 
0.982769 0.185935 
0.0728586 0.99756 
0.924214 0.382388 
0.313758 0.94979 
0.8806 0.474811 
0.0849306 0.996588 
0.17627 0.984456 
0.488207 0.873133 
0.189276 0.982581 
0.992318 0.125898 
0.743487 0.669342 
0.967513 0.253826 
0.30335 0.953 
0.670687 0.742218 
0.537872 0.843717 
0.505246 0.863369 
0.364362 0.932016 
0.847938 0.530588 
0.421029 0.90716 
0.589096 0.808585 
0.157969 0.988085 
0.49095 0.871724 
0.929762 0.368623 
0.994755 0.10403 
0.374217 0.927709 
0.688092 0.725997 
0.462534 0.886964 
0.873852 0.486626 
0.996119 0.0893827 
0.980546 0.198511 
0.939819 0.341725 
0.354953 0.935855 
0.382747 0.924065 
0.424898 0.90542 
0.105366 0.994693 
0.993723 0.113468 
0.528993 0.84885 
0.831881 0.555248 
0.98544 0.172047 
0.988009 0.156269 
0.207023 0.978397 
0.271529 0.96292 
0.28697 0.958079 
0.747297 0.665109 
0.100373 0.995204 
0.789737 0.614074 
0.346124 0.938778 
0.713054 0.701581 
0.786766 0.617544 
0.557259 0.831036 
0.935159 0.355524 
0.292338 0.95661 
0.845015 0.53546 
