2.60725 1.96967 
1.85044 4.15756 
1.70899 4.3332 
2.82798 2.13453 
2.70513 2.62672 
1.98364 4.18633 
2.07621 2.49724 
2.49864 3.03513 
2.50383 3.15623 
2.52687 2.18283 
2.78426 1.8398 
2.6104 2.18921 
2.63945 1.7644 
2.02403 3.98177 
2.16785 3.86795 
1.8171 4.08901 
1.79157 4.04265 
2.34266 3.32669 
2.44863 2.34098 
1.46929 4.51923 
2.56569 2.97577 
2.51458 2.59908 
2.49032 1.69479 
2.62964 2.36539 
2.22208 3.8688 
2.56629 2.77884 
2.36173 3.1953 
2.36905 2.73581 
1.23236 4.58111 
2.40647 2.79552 
1.78496 4.44731 
2.45224 2.62163 
1.47278 4.57069 
1.53743 4.1904 
1.46162 3.99902 
2.52855 1.62327 
2.27507 3.40977 
2.152 3.8316 
2.45957 3.02318 
2.57402 2.92046 
2.5638 2.70198 
2.36303 2.90598 
1.56321 4.58804 
2.62175 1.9802 
2.58409 2.13221 
1.67508 3.93008 
0.796419 4.72645 
2.73674 1.47942 
2.32923 3.31784 
1.31258 4.61329 
2.10024 3.6404 
2.22262 3.47476 
2.19071 3.90323 
2.56887 2.51651 
2.59431 2.94797 
1.67083 4.30132 
2.18269 2.39998 
2.28965 3.39829 
2.66227 2.30234 
2.41705 2.69066 
2.19054 3.47834 
2.46798 2.16671 
2.42648 2.89685 
2.71919 2.55181 
2.2037 2.80094 
1.47683 4.64099 
2.04566 3.85473 
2.16322 3.76337 
2.18814 3.20723 
2.27898 3.07773 
1.0473 4.6939 
2.41708 3.22534 
2.24428 2.69462 
2.33919 3.42058 
2.57529 2.80622 
2.49386 2.52018 
2.47202 3.10486 
2.30761 3.24832 
2.68627 2.41279 
1.79731 4.18892 
2.64172 2.31862 
2.15006 3.98203 
2.16614 3.77894 
1.94595 4.13076 
2.3809 3.15275 
2.34446 3.15883 
2.90293 1.63479 
1.66615 4.44715 
2.69902 2.62705 
0.956435 4.84469 
1.85803 3.81249 
2.37466 2.75746 
2.0623 3.6921 
1.94738 4.25642 
2.51344 3.20693 
2.59785 3.03544 
1.679 3.93413 
2.46214 3.07142 
2.4191 3.46282 
2.34203 2.78313 
0.158062 4.09327 
2.09326 0.28412 
1.38583 3.15657 
1.46137 3.01794 
1.81371 2.14494 
1.04435 3.61789 
2.0547 0.907265 
1.9459 1.61342 
0.8752 3.78097 
1.01696 3.64661 
2.04359 1.00037 
1.08701 3.57485 
2.09095 0.364894 
0.413982 4.04463 
2.08665 0.560341 
1.6208 2.68429 
2.06959 0.741204 
0.921755 3.74448 
1.35006 3.21044 
1.83331 2.07562 
1.30858 3.27707 
2.07708 0.636613 
1.33016 3.24244 
2.06165 0.838802 
0.985115 3.68102 
1.98052 1.43376 
1.69085 2.51026 
1.28775 3.30884 
0.854432 3.79622 
1.26807 3.33862 
2.03737 1.05125 
0.656652 3.93494 
1.23078 3.40746 
0.375406 4.05756 
0.973567 3.70585 
1.64629 2.62873 
1.92299 1.74793 
1.87119 1.93666 
1.95869 1.55434 
1.20309 3.42582 
2.08702 0.46299 
1.5761 2.78844 
0.355713 4.06576 
1.37293 3.17344 
0.632865 3.95089 
0.782469 3.85845 
1.67253 2.5615 
0.731923 3.88793 
1.92937 1.69098 
1.70213 2.47757 
1.79341 2.20904 
2.02976 1.11119 
1.56114 2.82863 
0.446494 4.03457 
1.18615 3.44918 
1.5479 2.84524 
0.824031 3.82078 
2.08817 0.437498 
0.319287 4.07153 
0.244367 4.0845 
1.88099 1.89844 
1.90786 1.7929 
1.85801 1.98747 
1.99015 1.37698 
1.11561 3.54115 
0.217845 4.0893 
2.07894 0.609941 
1.49463 2.96078 
1.51534 2.91662 
1.97136 1.4831 
1.17045 3.46933 
0.306333 4.07409 
0.938269 3.72401 
1.10601 3.57008 
2.01008 1.25202 
1.89522 1.84324 
1.59026 2.76027 
1.77578 2.27018 
0.275976 4.07929 
1.78811 2.22895 
1.88838 1.86874 
0.554069 3.99139 
1.72869 2.40958 
1.53193 2.87833 
0.705611 3.90537 
1.13837 3.53705 
1.24618 3.36686 
2.0661 0.783993 
0.754985 3.87399 
0.685523 3.91819 
1.59601 2.74192 
2.01815 1.19848 
1.74274 2.36469 
0.58034 3.97732 
1.90313 1.81032 
1.75922 2.3218 
0.501505 4.01623 
1.74959 2.35707 
1.24482 3.37174 
1.96595 1.51961 
