0.682836 0.981027 4.95839 
0.989787 1.37509 4.16094 
0.575131 2.82991 3.21456 
0.800375 0.804907 4.402 
0.636794 0.633122 5.93203 
0.632568 1.08892 5.67778 
0.633659 1.20912 4.88268 
0.583464 0.58603 4.59389 
0.565454 0.822681 6.52728 
0.778413 0.745694 6.24011 
0.993854 0.466801 6.21608 
0.616319 0.662761 6.38749 
0.854308 1.24431 3.67443 
0.612299 0.621223 6.51562 
0.672343 0.780739 4.36628 
0.548287 0.919172 4.09826 
0.992566 2.14529 2.78835 
0.606895 1.47197 6.4932 
0.836999 1.09422 5.96748 
0.716331 0.959389 6.547 
0.991545 1.48606 2.34178 
0.45891 1.86844 3.11889 
0.777286 1.16199 5.67138 
0.501406 0.476775 5.92994 
0.70826 0.630013 6.31348 
1.14346 1.14618 4.10304 
0.654977 0.718553 5.93807 
1.12298 0.584517 5.60899 
0.637368 0.686812 5.62907 
0.681021 0.661443 5.49437 
0.710856 0.702085 5.69033 
0.89282 1.05463 3.01503 
0.633648 0.657848 6.55314 
0.496941 0.494857 6.13642 
1.05339 0.617345 6.43737 
0.51529 0.803772 4.10259 
0.561454 0.867486 5.05726 
0.869389 0.97004 4.79366 
0.875322 0.911731 4.6306 
0.678142 0.885654 5.89331 
0.790471 1.03866 5.09873 
0.572772 0.572137 6.46659 
0.845975 0.829185 2.98323 
1.07037 0.724634 4.72818 
0.702584 0.721831 5.66248 
0.885642 0.681038 4.82908 
0.653736 0.819797 5.49781 
0.955326 0.777848 5.05365 
1.01327 1.45891 4.27254 
0.598337 0.490794 6.03481 
0.728266 0.664123 5.44744 
0.699441 1.21741 5.50877 
0.709924 1.18772 4.42169 
0.721131 1.5703 5.56087 
0.774856 2.53245 5.81975 
0.763152 2.05499 2.16571 
0.796685 0.601259 5.43051 
0.651031 2.43504 6.63303 
0.751123 1.15407 6.43163 
0.647263 0.523414 6.47736 
0.724974 1.15488 4.16351 
0.769299 0.825389 2.91932 
0.458032 0.480836 6.11388 
0.794768 1.2272 4.62246 
0.494275 0.86515 5.98371 
0.593064 1.00413 4.93995 
1.56887 0.829806 5.81242 
0.769538 0.891712 4.57152 
0.566213 0.622742 5.87845 
0.765883 0.719415 6.65584 
0.588493 0.759902 6.50848 
0.570781 0.894826 6.52871 
0.923199 0.660405 2.86679 
1.17088 0.612936 5.63193 
0.747168 1.6626 3.09948 
1.43287 0.761251 3.9545 
0.803038 1.04055 2.975 
0.648002 2.76622 3.85473 
0.729961 1.24787 3.04103 
0.63443 0.774936 6.58446 
0.809783 0.879099 2.90842 
0.646069 1.08742 5.67968 
0.851475 0.984584 2.99941 
1.47604 0.767053 2.16085 
0.651721 0.687667 4.16704 
0.692763 1.46625 6.38777 
1.00578 1.09262 2.06367 
0.54984 0.598685 5.76137 
0.901537 0.760876 5.62305 
0.683022 0.914276 6.59045 
0.990055 0.581731 4.46832 
0.624666 1.29208 3.666 
0.854393 1.21755 3.23661 
1.07438 0.719748 5.85682 
0.863425 0.655585 6.26188 
0.686332 1.91823 4.75747 
1.14091 0.481939 3.13751 
0.623861 0.831411 6.59495 
0.584625 0.698313 6.03932 
1.01423 0.691284 3.27905 
9.78711e-05 4.0001 9.78711e-05 
1.56027 0.0980217 9.78711e-05 
2.0001 9.85931e-05 9.85931e-05 
0.64222 9.76828e-05 5.54307 
0.00713612 0.00712353 5.9885 
1.21935 0.00552178 4.27584 
0.00485864 2.15727 5.67846 
0.039619 0.153848 5.21174 
1.91849 0.00666182 1.02961 
0.0191223 0.548576 3.94662 
1.00147 0.0079181 4.88993 
0.0142751 0.770137 4.60352 
1.31416 0.239439 0.493478 
0.00521349 3.05802 3.31043 
1.48346 0.137676 0.142638 
1.39018 0.219998 0.0254242 
1.1148 0.0510392 1.89399 
1.64779 0.0885045 0.0739629 
0.646123 0.0120534 5.41948 
0.00695348 1.203 5.98311 
0.0879538 2.89293 0.00858631 
1.73104 0.0504242 0.198579 
0.323767 1.88684 0.0461503 
0.103451 2.75325 0.701558 
0.18064 0.753314 2.64745 
0.121709 1.57902 2.20968 
0.700813 0.0346769 2.56249 
0.0288079 2.34107 1.21853 
1.26665 0.00744873 3.13571 
0.860358 0.685404 0.978156 
1.79136 0.0277676 0.656695 
0.136934 2.50526 0.840884 
1.43692 0.184121 0.0246378 
0.800576 0.824689 0.0101849 
0.492841 1.36904 0.31573 
0.00462821 3.90313 0.167102 
0.242764 2.02824 0.917972 
0.91474 0.148768 2.05677 
0.345071 1.77409 0.156293 
0.151341 0.661283 3.23388 
0.216008 2.25132 0.0914921 
0.0244548 2.43231 1.35969 
0.0123546 2.58819 1.28301 
0.206674 0.0883161 4.4268 
0.615516 0.0483336 2.96641 
0.29731 0.328032 3.58716 
0.0773207 0.948152 2.80041 
0.519941 0.226305 3.4009 
1.88844 0.0107788 0.408081 
0.518837 1.28394 0.578103 
1.04661 0.133485 1.8369 
1.15783 0.380121 0.514722 
0.435233 0.717496 2.12233 
0.162467 0.803073 2.76416 
0.0109397 3.67893 0.509303 
0.0839138 2.84039 0.384628 
0.128108 2.67964 0.55925 
0.968151 0.163257 1.33963 
0.838559 0.723288 0.98139 
0.114209 0.203038 4.43387 
0.439516 1.45301 1.00458 
1.07033 0.446907 0.350742 
0.472046 1.40755 0.463674 
0.251713 1.32206 1.64534 
1.27598 0.018741 1.49062 
0.0206694 3.54589 0.00731758 
0.581609 1.1532 0.784775 
0.00797629 3.8126 0.00564588 
0.0247694 3.44124 0.841603 
1.83211 0.027233 0.185905 
0.370962 1.74343 0.13246 
0.0628451 1.11436 2.40551 
0.377078 1.65216 0.280138 
0.0460334 3.32651 0.0160892 
1.00313 0.525678 0.232122 
0.317682 0.939276 2.28271 
0.419588 1.52772 0.349782 
0.556933 0.533752 1.73853 
0.570248 1.1634 1.16403 
0.232408 2.20746 0.0163717 
0.0439591 3.42962 0.461886 
0.0157622 3.59297 0.00511747 
1.04891 0.508727 0.0590647 
1.68241 0.062538 0.468261 
0.454071 1.5065 0.0238557 
0.63375 0.426965 1.58012 
0.0518766 3.29137 0.223545 
1.82108 0.0208239 0.642849 
0.726011 0.403875 1.67698 
0.0573221 0.0470782 4.7946 
0.0109599 3.74949 0.006817 
0.270591 1.96153 1.16527 
0.537652 1.24138 0.408401 
0.75021 0.277057 1.84381 
0.135959 0.84422 2.46188 
0.676193 0.376086 1.72317 
0.903991 0.629627 0.978981 
1.67457 0.0461681 0.893945 
0.276088 0.369324 3.72846 
0.0602114 3.11235 0.0262175 
