2.02289 3.36806 
1.24425 4.23822 
1.65687 3.88331 
2.19274 2.69543 
2.0849 3.10745 
1.62957 3.64951 
2.53191 1.51684 
2.52356 2.11754 
2.00244 3.03948 
2.1681 2.56252 
1.94001 3.56734 
2.2485 2.30205 
1.88514 3.22859 
1.90801 3.42839 
2.45521 2.07075 
2.04444 3.19271 
1.93896 3.36456 
2.08593 3.09289 
2.25367 2.68096 
2.00535 3.00312 
2.08708 3.13285 
2.03065 3.49599 
2.22388 2.98224 
1.81937 3.51866 
1.93811 3.51926 
1.6653 3.63589 
2.26724 2.21719 
1.1173 4.30052 
2.25147 2.38886 
2.09007 3.09496 
2.12371 3.05156 
1.97381 3.18124 
2.11021 2.91151 
1.94561 3.49507 
1.26461 4.23739 
2.22127 2.93411 
2.20723 2.77063 
2.05797 3.09944 
2.18788 2.82468 
2.52311 1.23957 
2.32109 2.66164 
1.50371 3.99085 
2.13196 2.71466 
1.90762 3.21692 
1.93339 3.0728 
1.59771 3.9282 
2.02149 2.73736 
1.80265 3.48285 
1.7209 3.54697 
1.70132 3.90439 
1.81811 3.44669 
2.01866 3.0026 
1.62961 3.79605 
1.88351 3.35161 
1.81664 3.38661 
1.82156 3.39576 
2.35891 2.74926 
1.67728 3.6048 
1.57726 4.02514 
1.91062 3.59113 
1.96349 2.84783 
2.13722 3.03131 
2.42646 2.37028 
2.02591 3.22441 
2.3889 2.22169 
2.33269 1.62616 
1.44561 3.95197 
2.20731 2.31785 
2.16492 2.79041 
2.27739 2.23827 
2.04735 3.07304 
2.37611 2.31818 
2.02533 3.51938 
1.78446 3.52778 
1.95128 3.15815 
1.71237 3.82451 
1.90745 3.12626 
1.6723 3.65719 
1.80936 3.51422 
2.4919 1.15914 
2.26116 2.60641 
2.12509 3.05511 
1.9095 3.32543 
1.60674 3.93153 
2.4665 1.82217 
1.70708 3.87282 
1.47129 4.07466 
2.54956 1.54791 
2.13725 2.85413 
2.03323 2.9093 
1.57163 3.77855 
1.90381 3.67371 
2.27441 2.21784 
1.98963 3.38252 
1.64955 3.72455 
1.88107 3.58524 
1.77202 3.7055 
1.89803 3.50467 
2.13346 3.17345 
1.66488 3.75484 
0.071017 4.04978 
2.05 0.0500526 
2.05 0.0500526 
0.071017 4.04978 
1.89267 1.60507 
1.24202 3.26191 
0.335207 4.00912 
2.04926 0.158672 
1.70163 2.30577 
1.39066 3.01825 
1.2967 3.17777 
1.44297 2.92028 
1.2006 3.32178 
0.280055 4.02345 
0.378801 3.99557 
1.86802 1.7171 
1.93792 1.37025 
1.81792 1.92027 
0.660849 3.85886 
0.69362 3.83722 
1.44818 2.91013 
0.167179 4.04313 
1.48568 2.83484 
0.245988 4.03075 
1.16845 3.36606 
2.0283 0.637572 
1.75834 2.12997 
0.725276 3.8151 
0.747879 3.79858 
1.73056 2.2186 
1.91865 1.4757 
1.99243 1.00282 
1.22759 3.28312 
0.420406 3.9808 
0.995904 3.57435 
0.778775 3.77499 
0.961249 3.61069 
0.437342 3.97427 
0.937001 3.6351 
0.906522 3.66462 
1.80074 1.9838 
2.01271 0.818835 
1.94427 1.33337 
0.132528 4.04659 
0.607071 3.8917 
1.90482 1.54618 
2.04704 0.267387 
1.57974 2.62673 
0.796563 3.76087 
0.848718 3.71718 
2.0209 0.729851 
1.13641 3.4084 
0.86809 3.70006 
2.0209 0.729851 
0.583391 3.90512 
1.95627 1.2602 
1.86037 1.75007 
1.03446 3.53186 
1.51775 2.76713 
1.99848 0.952089 
2.0043 0.900206 
1.90939 1.52332 
2.03932 0.462895 
2.0108 0.838088 
2.03566 0.52812 
1.98422 1.06742 
1.9536 1.27687 
1.64728 2.45722 
1.77024 2.09035 
0.208153 4.03747 
0.476291 3.95808 
0.818013 3.74332 
1.31526 3.14781 
2.04417 0.355155 
2.04704 0.267387 
1.38376 3.03066 
1.83119 1.8692 
1.53483 2.72977 
1.59243 2.59631 
1.74179 2.1834 
1.06108 3.50121 
0.829799 3.73343 
1.84623 1.80905 
2.04078 0.433564 
2.04417 0.355155 
1.49918 2.80672 
2.03103 0.599611 
1.96592 1.19761 
1.55385 2.687 
0.566348 3.91439 
0.109585 4.04822 
1.68695 2.34816 
0.628048 3.87929 
1.61246 2.54698 
1.508 2.78806 
0.515353 3.94022 
1.83476 1.85516 
0.211233 4.03698 
1.56707 2.65653 
1.32512 3.1316 
