96.3803 48.8319 196.056 
119.332 43.2675 37.3918 
98.6763 18.0347 250.335 
130.773 4.47336 280.637 
115.403 19.79 233.39 
54.0629 5.91178 280.468 
94.9167 217.914 37.0405 
135.557 18.1941 43.5955 
97.2851 41.6796 173.674 
15.1021 33.4517 162.049 
0.368525 212.189 136.894 
127.648 12.5562 29.9098 
83.1765 117.903 58.0086 
13.6449 3.77714 321.555 
15.7123 8.18107 201.173 
108.959 103.07 161.658 
188.75 67.4772 34.6476 
4.7398 34.0145 109.63 
6.80925 18.7443 5.50999 
3.51184 50.7671 271.886 
0.00359869 0.19554 123.173 
14.3345 2.50071 182.67 
2.48967 124.764 0.52801 
40.7003 60.7061 268.523 
165.234 39.812 160.124 
288.737 58.601 50.7836 
74.5123 8.03546 117.178 
108.859 126.278 14.2871 
99.4077 74.9865 109.995 
14.5583 41.4677 227.048 
61.3417 159.129 149.241 
113.383 97.0466 131.013 
71.5423 37.4156 2.49732 
166.222 85.5841 84.4246 
57.7366 39.4093 71.6222 
51.2686 182.689 12.0729 
0.343054 16.1786 197.411 
3.52505 0.291899 64.4406 
22.4211 155.503 89.9471 
37.7164 3.68545 339.711 
77.3212 302.829 19.5499 
69.6958 117.843 32.6584 
72.3089 140.407 29.5718 
59.0457 125.516 182.754 
24.7299 69.6444 93.1461 
5.16974 11.083 225.898 
10.5296 20.0702 299.003 
100.377 73.9819 142.154 
219.225 5.42519 56.814 
221.473 17.5373 43.3087 
139.26 69.9243 7.33061 
138.607 13.9983 57.0554 
147.343 45.2836 33.6125 
4.94932 5.80938 362.444 
15.8009 24.254 186.529 
38.9828 5.65128 49.9033 
8.98184 10.9536 242.767 
194.377 1.48458 61.6857 
24.3577 24.3425 222.956 
1.30134 0.25494 259.837 
94.5527 77.3652 62.8148 
8.84398 224.388 22.7884 
34.5239 21.2584 256.541 
28.327 115.969 263.404 
81.2939 194.447 90.6901 
56.906 8.09345 153.685 
2.31366 224.979 156.949 
35.9586 33.8466 143.884 
113.285 73.536 173.563 
8.13269 6.67909 32.4367 
20.9929 21.6471 187.504 
2.77846 22.4191 65.0938 
89.5233 72.0027 141.105 
18.1006 218.81 63.7734 
189.914 17.9639 63.376 
13.3636 31.6791 175.653 
95.701 79.7026 45.8416 
69.1399 40.4127 82.6 
52.921 112.268 113.439 
82.5652 34.1064 143.076 
264.999 20.5584 16.5381 
27.151 51.6899 151.121 
161.62 92.8968 94.3905 
100.297 191.878 19.6288 
217.818 61.1086 40.0622 
10.6329 64.6892 236.899 
234.885 20.9086 1.08914 
41.5517 26.214 44.0554 
44.2861 180.752 49.23 
42.0698 73.5815 224.86 
8.67997 247.409 87.5301 
38.5523 74.9085 154.525 
102.657 82.1477 95.2839 
33.1082 2.22697 173.849 
62.5676 71.0319 83.8241 
222.972 11.798 4.5735 
16.6994 227.418 96.8328 
65.712 313.996 93.1403 
11.2799 8.6657 205.855 
125.306 1.0552 2.18604 
0 0 0.5 
0.5 0 0 
0.5 0 0 
0.00739121 0.548809 5.86967e-08 
0.11953 0.203596 0.192687 
0.109275 0.211957 0.184025 
0.485106 0 0.0155356 
0.0470274 0.394874 0.0709263 
0.160087 0.145753 0.206212 
0.0630627 0.335454 0.110423 
0.401686 0.0291579 0.104137 
0.0914129 0.376826 0.0463555 
0.0278067 0.438715 0.0404382 
0.0576181 0.195229 0.262433 
0.114865 0.0205848 0.368267 
0.418704 0.00138759 0.0957216 
0.195089 0 0.327836 
0.385659 0.116036 0 
0.0267344 0.0218993 0.480708 
0.00886211 0.4749 0.0253209 
0.0212191 0.430363 0.0639704 
0.0107855 0.509041 8.70393e-05 
0.132196 0.053933 0.321685 
0.304834 0.112949 0.106653 
0.0717959 0.285082 0.149565 
0.428724 0.0247786 0.0504953 
0.0210331 0.421283 0.0687996 
0.336393 0.0170476 0.154682 
5.81066e-10 0.525502 5.27539e-07 
0.203069 0.172502 0.132756 
0.297743 0.0889336 0.12085 
0.185787 0.316428 0 
0.468708 0 0.0335523 
0.275325 0.157155 0.088662 
0.374565 0.0936736 0.0463555 
0.256441 0.122234 0.128428 
0.173584 0.000882645 0.336044 
0.222095 0.0451774 0.242123 
0.00666754 0.00805614 0.495438 
0.0097698 0.242498 0.265045 
0.280708 0.000930269 0.226234 
0.188549 0.012865 0.308792 
0.10578 0.180162 0.217086 
0.0824561 0.05603 0.396874 
0.00544649 0.0352424 0.460793 
0.0858357 0.148904 0.279446 
0.0188083 0.0418766 0.445085 
0.0149109 0.299834 0.229223 
0.346169 0.103398 0.0581484 
0.0986991 0.371144 0.043217 
0.138111 0.0924315 0.299327 
0.355294 0.0832494 0.0758087 
0.329344 0.0983725 0.103381 
0.0264829 0.363214 0.113035 
0.21828 0.221196 0.0838832 
0.0124012 0.307099 0.222159 
0.250444 0.257802 0.0131441 
3.01677e-10 0.547676 9.34348e-08 
0.164447 0.134706 0.224989 
0.0353581 0.44971 0.0221314 
0.366804 0.14858 0 
0.320293 0.15258 0.0338505 
0.312293 0.117516 0.0779369 
0.134008 0.142647 0.287142 
0.126594 0.0382603 0.343029 
0.0227465 0.0461499 0.433542 
0.075241 0.25453 0.172487 
0.175947 0.162065 0.163688 
0.398033 0.0954659 0.0235084 
0.000133692 0.10573 0.404845 
0.0432982 0.171926 0.311362 
0.157182 0.264169 0.0997661 
0.242359 0.149033 0.131279 
0.462383 0.038312 0.00635745 
0.356706 0.0892073 0.0715364 
0.259107 0.235907 0.0113107 
0.0779161 0.295149 0.138587 
0.149812 0.00364439 0.354915 
0.452366 0.0624431 0 
0.242506 0.0754039 0.190544 
0.0782469 0.40555 0.0322636 
0.0678426 0.076943 0.378443 
0.0180872 0.520912 1.00583e-08 
0.009154 0.408228 0.103149 
0.0374994 0.460633 0.0122087 
0.439404 0 0.0683466 
0.188134 0.227316 0.0959026 
0.168225 0.344358 0.0204019 
0.210478 0.221661 0.0783595 
0.0967268 0.0594802 0.380598 
0.262928 0.269847 0.00616389 
0.230451 0.275432 0 
0.00344207 0.292793 0.231951 
0.347303 0.0401914 0.123678 
0.206893 0.252572 0.0487502 
0.077657 0.00163816 0.471293 
0.279064 0.0500108 0.177503 
0.182031 0.0463183 0.283561 
0.230013 0.240101 0.0446335 
0.319108 0.108579 0.0880227 
