1.07128 1.49966 3.22024 
1.23775 2.72202 1.89848 
1.09007 1.3144 3.99995 
1.2965 1.19321 3.57298 
1.0742 1.90501 2.98257 
0.860102 1.51512 4.158 
1.09922 2.10251 2.75723 
1.16103 2.24275 2.508 
0.677454 0.823198 4.93012 
0.892865 1.52852 4.15774 
1.28351 2.26106 2.18885 
1.27937 2.27667 2.49225 
0.955339 1.68735 3.19973 
1.12327 2.11174 3.22548 
1.645 2.25677 1.34426 
0.926646 0.94538 4.62799 
0.930512 0.89844 4.85404 
1.63299 1.52913 2.51115 
1.04079 1.74984 3.42722 
1.36812 1.33932 3.11037 
0.901734 1.66234 3.37352 
1.39664 1.41934 3.41497 
0.504939 0.516188 6.03005 
0.700204 0.754081 5.00974 
1.12934 2.3678 2.01605 
0.582334 0.57218 6.43451 
0.905238 1.18392 4.41249 
1.30669 2.69005 1.55205 
1.11166 1.23152 4.27548 
1.70795 1.27756 2.46298 
0.819742 1.60355 3.93652 
1.07473 1.88848 2.51039 
1.04307 1.10889 3.87548 
1.2177 1.24039 3.61956 
1.71244 1.89378 1.57601 
0.956147 1.52081 3.68432 
1.14766 1.38618 3.45534 
1.1864 1.10856 4.02659 
0.81653 1.07985 5.18447 
1.05306 1.98389 2.68826 
1.08809 2.05906 2.28735 
0.778911 1.67922 3.8749 
1.20811 1.66772 2.37 
0.618253 0.681456 5.67836 
0.653577 0.801651 6.03205 
1.08908 2.12598 3.07074 
0.807619 1.44458 4.09951 
1.33636 1.66369 2.38054 
1.12345 1.8534 3.48445 
1.24977 1.26132 3.52026 
1.07611 2.65775 1.75419 
1.18165 2.15148 2.18557 
0.99652 1.35286 3.93655 
0.803015 1.3737 3.86529 
0.956484 1.26159 3.75259 
0.929049 2.32461 2.78751 
0.799252 1.2788 4.50478 
0.683455 0.823326 6.19405 
1.3987 1.27269 3.33648 
0.862673 1.26186 4.76944 
1.26631 1.77907 2.49623 
1.20338 1.78392 3.07826 
1.16788 1.98259 2.89987 
1.1097 1.13821 4.54052 
1.1431 0.928211 4.52927 
1.36628 1.92495 2.17511 
0.672262 1.30132 4.75165 
0.989137 1.53857 3.43612 
0.780448 0.896657 4.96692 
0.891278 1.23122 4.04041 
0.658676 0.788858 5.33089 
0.668559 0.727025 5.51239 
1.13605 1.43696 2.92969 
0.944563 2.05819 2.83569 
1.15855 0.964839 4.44431 
1.09342 1.93165 2.69593 
1.44292 1.74543 1.60271 
1.54072 1.89122 1.88807 
1.08015 1.98158 3.71918 
1.67723 1.3585 1.99259 
1.4047 2.34805 1.41956 
1.52057 1.29111 2.9031 
0.66258 0.6922 6.38655 
1.41263 1.56744 2.03131 
1.11928 1.96585 3.099 
1.26176 1.79719 2.77987 
1.30844 2.41688 2.10574 
1.54492 2.22763 1.36509 
0.734396 0.878751 5.34784 
1.11001 1.6217 3.28124 
1.04741 2.29472 3.2777 
1.19619 1.31306 3.72538 
0.840199 1.02182 5.82768 
1.02633 1.44181 3.76935 
1.31073 2.16447 1.84723 
1.28429 1.76438 2.98519 
1.33983 1.34443 3.2128 
1.03366 1.37335 3.90112 
0.93968 1.67164 3.84062 
1.10754 1.51206 3.22961 
1.00055 1.99972 0.000275545 
0.000191485 0.000191498 6.00019 
2.99994 1.00003 0.999971 
0.000191485 0.000191498 6.00019 
1.00033 2.00039 0.000347256 
0.297988 0.583273 4.26593 
2.89725 1.02151 1.25279 
0.27641 0.542394 4.38484 
0.0983142 0.192314 5.4343 
0.130291 0.250942 5.26972 
0.397907 0.775685 3.68865 
0.0413781 0.0756553 5.79685 
0.352845 0.689891 3.9467 
2.03625 1.47741 0.887723 
0.0601082 0.113926 5.67773 
0.257867 0.505401 4.49757 
1.30842 1.85042 0.156937 
0.113776 0.218281 5.36709 
0.172843 0.338187 4.9994 
0.0782743 0.149178 5.57381 
0.0256901 0.0469426 5.87507 
0.247327 0.481945 4.57212 
2.78842 1.05194 1.4276 
2.97404 1.01344 0.987173 
0.465584 0.908658 3.2866 
0.367753 0.659049 4.09499 
1.62257 1.6895 0.31155 
2.26459 1.35489 0.790638 
1.80336 1.59832 0.401678 
1.49439 1.75281 0.247194 
0.415186 0.812205 3.5816 
0.212183 0.414494 4.7722 
2.62263 1.11008 1.40628 
0.148864 0.287321 5.15997 
1.9797 1.15302 2.26749 
0.378682 0.630134 4.24363 
0.495693 0.967448 3.10916 
0.0133677 0.019825 5.96794 
1.9245 1.20317 1.96919 
1.5622 1.72 0.281464 
2.43717 1.30375 0.726034 
1.05694 1.97332 0.0290683 
0.955327 1.44739 1.6957 
2.37127 1.16831 1.52073 
0.436307 0.847641 3.47596 
1.28198 1.54822 1.09775 
0.479832 0.939872 3.19066 
1.42994 1.50824 1.11515 
0.203752 0.370349 4.95953 
2.07622 1.28304 1.57859 
2.13518 1.43243 0.567598 
0.375743 0.732574 3.81833 
2.50716 1.23607 0.805972 
1.69279 1.6633 0.349627 
0.902413 1.78334 0.643691 
1.7608 1.58755 0.575735 
0.158296 0.30937 5.08785 
0.519914 1.03268 2.90998 
1.13558 1.19887 2.4769 
1.86036 1.34463 1.32716 
2.74941 1.09545 1.05492 
2.32674 1.32587 0.8224 
0.229299 0.447669 4.6739 
0.837687 1.65707 1.03402 
0.742311 1.12283 2.70961 
1.18209 1.90971 0.0912939 
1.36205 1.8058 0.228815 
0.357918 0.641213 4.14969 
0.227187 0.402119 4.88512 
0.362091 0.708267 3.89566 
0.662127 1.2973 2.11443 
0.0714844 0.136353 5.61044 
1.82984 1.31605 1.51846 
0.449232 0.80751 3.63908 
0.461592 0.884956 3.36518 
1.45752 1.24906 2.35545 
2.54979 1.20796 1.39034 
0.236996 0.446312 4.7049 
0.932187 1.79359 0.620192 
0.607899 1.16679 2.51532 
2.2015 1.25867 1.33934 
0.703448 1.21976 2.37206 
2.00936 1.217 1.90199 
1.8992 1.52505 0.647169 
2.11949 1.08869 2.69065 
2.05607 1.25257 1.65977 
2.40822 1.03735 2.48772 
0.593071 1.02702 2.98871 
1.11547 1.9459 0.0589497 
0.812754 1.32895 2.03485 
0.987925 1.74998 0.689581 
0.501314 1.00139 3.00134 
1.25097 1.59071 1.09124 
1.10953 1.90046 0.283727 
1.21577 1.39467 1.71805 
0.448548 0.874073 3.39177 
0.484425 0.951723 3.15269 
0.688036 1.11544 2.74851 
0.549117 1.07278 2.7894 
1.3673 1.82108 0.185226 
