0.886529 1.70031 5.95561 
0.606052 1.01211 6.57505 
0.707022 1.19336 6.44521 
1.73838 1.13978 5.34332 
0.624868 2.1561 5.93101 
1.35248 2.69231 4.84581 
0.493999 2.14413 5.91787 
1.38063 3.46864 3.2624 
0.407366 0.40788 6.407 
1.12182 2.57997 5.18714 
1.74195 3.44865 2.44569 
1.67077 3.47644 3.26935 
0.648224 2.71508 5.3123 
1.31362 3.26585 4.09314 
0.727791 3.08523 5.02494 
0.510471 0.518292 6.50664 
1.33128 0.851753 5.80642 
1.06304 1.68341 6.02048 
0.596037 1.98499 6.05316 
0.92724 1.72427 6.04437 
1.23576 2.8869 4.10253 
1.4605 1.48274 6.05963 
0.385617 0.385617 6.38562 
0.444104 0.450476 6.44031 
0.457768 2.7777 5.34463 
0.439545 0.439545 6.43954 
0.4786 0.735802 6.41838 
1.52039 3.87197 1.91426 
0.510332 0.7246 6.49541 
0.883732 1.21816 6.45111 
0.903628 2.81604 5.10996 
1.54775 3.13188 3.39289 
0.672126 0.807446 6.35548 
1.85369 1.42209 4.76193 
1.3915 2.73266 4.83081 
0.854058 2.4968 5.3605 
0.546341 0.552232 6.5463 
0.585335 0.693447 6.47593 
0.641616 1.63471 6.23193 
0.558009 1.15199 6.49081 
1.52172 3.52086 3.07272 
0.845712 3.1012 4.90822 
1.65381 2.07331 4.56471 
0.484484 0.574936 6.42945 
0.547028 0.77821 6.53166 
1.39526 3.49063 3.79665 
0.749082 2.32997 5.68148 
1.05638 1.87396 5.76194 
1.48474 2.90975 4.59674 
0.684866 0.920144 6.48979 
1.13007 4.08668 2.25752 
1.54409 3.37207 2.92386 
1.56208 2.13378 5.19806 
0.712283 2.54486 5.3691 
1.4836 1.82583 4.90012 
0.511366 3.3802 4.68691 
0.777687 2.29194 5.68677 
0.605057 0.607919 6.60506 
0.689437 0.797571 6.61777 
1.11021 2.09589 5.62225 
2.02218 2.47518 2.84198 
1.69197 2.6972 4.00651 
1.59612 3.23211 3.80404 
0.704301 0.843791 6.56356 
0.548838 0.548865 6.54867 
2.05081 2.73206 2.86051 
0.558995 2.36747 5.77846 
1.5256 2.6198 4.51861 
1.23104 1.21961 5.88343 
0.659459 1.0364 6.40064 
0.711296 0.991083 6.31991 
0.512039 0.550089 6.40655 
2.00076 1.81539 3.58298 
1.25885 3.56962 3.35139 
1.59084 0.797183 5.61354 
0.514101 2.05211 5.92898 
2.19721 1.95342 2.16463 
0.553626 2.21542 5.97333 
0.649916 1.9211 6.32805 
0.67749 0.800089 6.48321 
0.813749 2.47216 5.76077 
1.94179 1.04917 4.26129 
0.607386 0.607386 6.60739 
1.20793 2.32907 5.16348 
0.573907 1.51034 6.36024 
1.86667 2.68378 3.47324 
0.913139 2.92596 5.39799 
2.12197 2.98165 1.71166 
0.795852 1.23611 6.34769 
1.80848 2.56214 4.17224 
1.16446 3.5936 3.9804 
1.75654 1.62791 4.80553 
0.842527 1.39704 6.41118 
1.0802 2.70568 5.36828 
1.14909 3.66439 4.06058 
1.85264 2.64676 3.94969 
1.03619 1.88949 5.99838 
0.802233 1.73496 6.15049 
1.33962 2.99109 4.92164 
1.57933 2.09147 5.14314 
0.000553792 4.00055 0.000553643 
2.00064 0.000662272 0.000640115 
0.00036495 0.000364713 6.00036 
1.16191 3.25656 0.000337338 
0.494111 3.90289 1.46425 
1.25444 0.0289968 4.74638 
0.734675 1.1575 5.51307 
1.19291 0.158636 5.07428 
1.23649 3.19803 0.0211951 
0.561137 2.40678 4.90126 
1.34495 2.84607 1.52385 
1.13368 1.36073 5.02469 
1.37467 2.73812 2.19778 
0.294665 3.46469 3.24847 
1.44766 2.88677 0.132803 
0.451073 3.27937 3.84469 
1.47602 2.04588 3.43774 
1.82153 1.871 0.527754 
0.385145 3.83872 1.68371 
1.6044 0.200591 4.16332 
0.709335 3.78537 0.895895 
1.02791 3.13469 2.83539 
1.30103 0.984756 4.65187 
0.573035 3.92867 0.830523 
0.0974535 2.60049 4.77755 
1.6327 0.588903 3.93633 
1.7936 2.25069 0.411166 
0.83577 2.53828 4.47096 
0.762214 1.45872 5.34331 
0.230842 3.1296 4.01641 
0.0218531 3.94603 1.18456 
0.467736 0.472527 5.95185 
0.972495 3.61355 0.713566 
0.956609 3.70549 0.991041 
1.75305 0.768525 3.49501 
1.04919 2.16158 4.48483 
1.11008 2.68821 3.771 
1.424 2.94891 1.27633 
1.09181 3.10379 2.3891 
0.177962 3.36438 3.66742 
0.311866 3.30634 3.58249 
0.782323 3.29859 2.94241 
1.27769 1.27391 4.66387 
1.94042 1.64721 0.289336 
0.0406021 3.98498 1.03767 
1.29053 3.05271 2.11722 
1.89077 0.50015 3.06194 
1.86529 0.87613 2.65491 
1.56447 2.79361 0.884149 
1.08122 0.306263 5.45946 
0.489295 0.331798 5.88042 
1.83369 0.930346 2.76552 
0.692788 3.5355 2.28572 
1.72889 1.78178 1.58429 
0.273981 3.42888 3.37788 
1.95996 1.41375 0.613921 
1.78762 1.0348 3.19011 
0.370352 3.88801 1.77997 
1.55923 1.8301 3.34807 
0.903819 1.97608 4.82811 
0.911421 0.399892 5.60345 
1.71054 1.88659 2.40675 
0.644862 1.6233 5.44833 
0.976679 2.21404 4.33365 
0.861262 0.375123 5.6549 
1.51407 2.51401 2.26358 
0.647867 3.69174 2.00189 
0.119045 3.3228 3.71152 
1.65681 1.94334 2.70355 
1.14497 1.70874 4.57542 
1.40944 0.664128 4.62615 
0.341876 2.9244 4.47766 
0.595941 1.94651 5.14982 
0.281061 1.33282 5.78514 
0.177924 3.03815 4.12274 
0.939715 1.53555 5.23882 
1.96595 1.30164 1.81245 
1.17677 2.07322 4.06191 
1.99622 0.555019 1.90217 
1.95003 1.43872 1.12174 
0.0837174 3.90939 1.83571 
0.889486 1.7496 4.93442 
1.55318 2.85717 1.24701 
1.53056 2.3835 2.54967 
0.419199 3.67642 2.58172 
0.098646 2.09015 5.30213 
1.57229 0.820614 3.71312 
0.704043 3.89499 0.231547 
1.16146 2.97577 2.99333 
1.57936 1.95033 2.89389 
0.210903 3.68674 2.71116 
0.870833 3.55946 1.79507 
0.615198 1.21943 5.7026 
0.81659 3.82001 0.583189 
1.92412 1.51475 1.79607 
0.699124 2.28129 4.84556 
1.20605 1.58536 4.56005 
0.892891 2.45735 3.97002 
0.894299 3.51418 2.42981 
0.214687 3.03149 4.11811 
