0.497296 0.505982 6.49644 
0.534877 2.11316 5.99387 
0.917003 3.43895 3.89746 
0.621215 0.656434 6.62098 
0.740829 1.80953 6.13061 
1.86081 1.41357 4.85398 
1.49787 1.95835 4.50512 
1.4284 1.13217 5.72225 
0.576617 0.578335 6.57662 
0.563349 1.06102 6.51673 
0.484073 3.03425 5.07494 
1.72532 1.45709 5.18589 
1.83808 2.2715 3.89551 
0.606265 0.86368 6.54802 
1.47944 3.45032 3.00793 
1.13383 3.06557 4.74381 
0.494758 0.495473 6.49467 
1.56653 2.201 4.56386 
0.962262 2.311 5.66142 
0.627552 0.834466 6.61942 
2.02381 2.26509 3.44052 
0.52015 2.09346 5.9526 
0.513774 0.515 6.51373 
0.693403 1.64547 6.18035 
0.578616 3.55896 4.10066 
1.80338 2.91383 3.55946 
1.99928 2.1458 3.90192 
1.14767 1.02867 5.99442 
1.91966 2.80403 2.28886 
1.10272 3.43197 3.92301 
0.876645 3.47688 4.39438 
0.58759 1.22271 6.1756 
0.556269 0.566471 6.55625 
1.57371 3.03113 2.8421 
1.11569 1.74887 5.89601 
1.67682 2.30673 4.64618 
0.597617 0.655857 6.59051 
1.16887 2.98194 4.63296 
0.60573 1.49251 6.37713 
1.87276 1.29564 4.2093 
1.09333 0.693031 6.23105 
0.4648 0.640346 6.45547 
1.17048 1.47652 5.962 
0.737436 1.01909 6.39373 
1.62358 4.11347 1.1655 
1.52468 2.01808 4.73598 
1.629 1.44632 5.3633 
1.14295 2.53149 5.09741 
1.00754 1.25146 6.28902 
1.27217 2.42383 5.74937 
0.567097 1.55407 6.28108 
1.69689 2.67391 4.0048 
1.06007 1.26458 6.42665 
0.502102 0.520401 6.50104 
1.62734 3.02621 3.98877 
0.754859 2.36521 5.47225 
0.551792 0.498832 6.41945 
0.765284 2.6343 5.45673 
1.41895 2.20435 5.00202 
1.75467 2.56174 4.25643 
1.54529 2.67349 4.08209 
2.20083 1.30099 3.82176 
0.473365 0.486414 6.47119 
0.911994 2.53285 5.46665 
0.966859 2.07136 5.89067 
1.33935 2.56576 5.24676 
1.63475 3.07989 4.05377 
0.626464 0.630326 6.62587 
0.557454 2.05499 6.121 
0.602889 1.48424 6.36043 
0.633419 1.0196 6.58113 
0.431216 1.56014 6.18664 
1.47897 2.44636 5.1465 
1.20961 3.63292 2.86801 
0.498008 0.658317 6.49302 
0.479549 0.48016 6.47944 
0.690864 1.28004 6.29758 
1.83704 1.82456 4.2701 
0.530084 0.595502 6.52231 
1.15045 3.64499 3.62347 
0.541652 0.695672 6.52926 
0.776532 1.58165 6.21831 
1.43457 2.70536 4.7341 
1.33704 2.90215 4.47623 
1.42822 2.51548 5.01479 
2.08073 0.995671 3.61168 
0.641699 0.988549 6.61744 
1.38246 2.31669 4.90659 
0.433791 0.937424 6.37329 
0.822133 2.27394 5.64298 
1.13378 1.21353 5.81156 
0.521383 0.660653 6.51742 
0.471418 0.511648 6.46342 
0.826956 2.41419 5.85266 
0.551295 1.19709 6.44512 
1.19168 3.08712 4.53405 
0.555515 0.642803 6.48981 
1.76651 2.64052 3.9327 
1.45779 2.97313 3.65717 
1.14484 1.52036 6.14561 
2.00031 0.000315011 0.000314834 
0.000188332 2.21292 4.99855 
0.000228892 4.00023 0.000226551 
0.000226618 4.00023 0.000226551 
0.000208087 0.000208062 6.00021 
0.235234 3.09387 4.07531 
1.95331 0.179741 2.08271 
1.14934 2.27155 3.8443 
0.322625 1.00393 5.81823 
0.19795 1.83073 5.47093 
1.09396 1.61107 4.92052 
1.25162 3.31711 0.319267 
0.84912 3.53582 1.83821 
1.41761 0.302599 4.51506 
0.897914 3.6894 0.149965 
1.71314 1.14175 3.33182 
1.95047 0.760458 1.52421 
0.100588 1.9295 5.32959 
0.881785 0.501613 5.63114 
1.3099 3.12851 1.62455 
0.519827 3.66438 2.21187 
1.66798 2.40634 0.801045 
0.754991 0.57468 5.68817 
0.0460235 3.84852 1.9081 
0.363189 3.47272 2.89029 
1.04988 0.754611 5.22218 
0.152644 1.19707 5.81524 
1.90718 0.410304 2.35504 
0.493997 2.78216 4.38227 
0.568127 2.41448 4.76454 
1.88226 0.656598 2.74778 
1.65781 2.23313 1.75016 
1.26897 3.22409 0.493084 
1.78705 2.09266 1.08439 
1.28188 0.967427 4.70377 
0.407022 1.82376 5.51478 
0.106828 1.51719 5.64729 
1.81584 0.0855214 2.951 
0.794638 3.77754 0.45098 
1.20409 2.83408 3.03892 
0.666905 3.38659 2.83056 
0.691282 3.76111 1.41099 
1.23117 3.08586 1.71186 
0.629131 2.44803 4.73481 
1.84898 1.44513 2.19486 
1.80217 1.87518 1.01591 
0.132292 2.48134 4.82574 
0.76896 1.32547 5.39612 
0.263283 2.70713 4.65917 
1.6256 1.35058 3.26953 
0.811346 3.0705 3.4271 
1.72097 0.0191097 3.17077 
0.447252 3.92592 0.948023 
0.380388 0.844666 5.88628 
0.0608018 1.25872 5.76778 
1.38454 3.20801 0.120817 
1.22076 3.37254 0.872524 
0.461605 2.80883 4.30521 
1.45186 0.647185 4.32795 
1.33563 1.51262 4.35455 
1.52788 0.324467 4.24164 
0.726335 2.03595 4.97551 
1.62487 1.17851 3.61017 
0.83872 3.24209 3.012 
0.929891 3.57552 1.2653 
1.51883 2.07235 2.90628 
1.44199 0.534869 4.44857 
0.492741 3.643 2.48655 
1.35459 2.34876 3.15567 
1.59131 2.45842 1.17486 
1.6976 1.79965 2.46319 
1.59689 2.4886 0.0222975 
0.814642 3.71683 1.60558 
0.65646 0.469744 5.79245 
0.081371 3.24107 3.67141 
0.966971 3.65702 1.21 
0.60948 1.34283 5.56627 
1.56501 2.72028 0.378688 
1.08167 2.55197 3.75326 
0.297226 3.94154 1.27255 
0.733735 2.68189 4.19226 
1.03407 1.9828 4.56527 
1.18455 2.89479 2.55541 
1.32118 1.40587 4.49911 
1.35166 3.18281 0.69707 
1.86599 0.711533 2.73515 
0.356774 1.25593 5.76551 
0.660211 3.01273 3.70327 
0.26696 3.81405 2.31379 
1.46535 2.87376 0.600895 
0.57274 3.88792 1.2406 
0.492673 3.92744 0.92766 
0.996018 2.30931 4.42188 
0.901583 1.67314 4.92636 
1.09685 2.11049 4.26963 
1.063 0.866862 5.1998 
0.0218758 2.90924 4.17422 
1.75047 1.73845 2.27069 
1.4911 1.75314 3.57801 
1.69178 2.20034 1.1758 
