0.762778 1.0071 6.56219 
1.32144 2.06964 5.8639 
1.70571 3.05013 4.09933 
1.59464 2.66305 5.17554 
1.00151 3.11615 4.29417 
1.35408 2.84852 4.60079 
0.792324 4.40191 1.36901 
2.02525 2.00959 4.16594 
1.49079 3.51933 4.36798 
0.896873 2.89122 5.0959 
1.29492 2.07618 5.40269 
2.09572 2.30642 2.7188 
2.42322 1.69955 3.34586 
1.45938 2.67021 5.69745 
1.73284 3.45521 3.45608 
1.29156 3.10494 4.57364 
1.41587 4.40734 2.10302 
2.35673 2.8746 3.26452 
0.752288 1.04137 6.31365 
2.09716 2.73826 3.76287 
1.67492 3.4906 3.08898 
1.94037 2.68975 4.32891 
1.99943 3.25762 2.80611 
0.578668 0.828368 6.41671 
1.96579 2.74271 3.62784 
0.678805 3.35592 4.78615 
1.59501 2.26593 5.72824 
1.06325 3.56926 4.75459 
1.99874 2.69665 4.01779 
1.21065 2.45178 5.16001 
1.16853 2.41291 5.79629 
1.23212 2.82133 5.06268 
0.632574 1.31223 6.46847 
2.194 2.19424 3.70362 
1.25146 1.93539 5.64391 
0.61505 3.59192 4.03061 
1.24194 1.04373 6.54931 
0.801432 1.44333 6.2573 
1.34704 1.85244 5.60417 
1.88768 3.42936 3.24687 
1.91754 2.22171 4.94245 
0.825727 1.04739 6.35311 
2.63537 1.17988 2.87254 
0.718769 1.45313 6.34661 
1.45243 4.49821 1.79127 
1.35061 0.936939 6.13448 
1.53101 1.75895 5.89502 
2.08261 2.74115 3.62063 
1.44713 2.0559 5.52669 
1.26138 2.7334 5.1111 
0.77847 2.58294 5.28901 
1.28802 1.6191 5.95287 
0.89903 1.10332 6.55984 
1.87487 2.14619 5.01048 
1.39786 2.54976 5.37628 
0.657472 2.00395 6.04537 
2.34593 2.92667 3.48368 
1.24248 2.59741 4.95344 
1.73096 2.76584 4.69016 
2.23971 3.29051 2.14115 
1.308 2.76885 4.67329 
0.935239 1.51183 6.41063 
1.94986 3.48023 3.72908 
2.5226 1.39027 4.02086 
0.873387 1.11573 6.3503 
1.5758 1.49923 5.09915 
1.9603 3.00781 3.2118 
0.72168 1.01038 6.44242 
1.44049 2.38566 5.11593 
1.14071 1.4758 6.13421 
0.897982 1.51599 6.1878 
1.10038 2.62715 5.10343 
2.62742 1.17852 3.20813 
1.55015 1.49473 5.7352 
2.28561 2.56384 3.9877 
2.39966 3.37032 2.29692 
1.26698 1.67868 6.21888 
1.50065 2.85164 5.51895 
2.04996 2.09899 4.28851 
1.62669 2.47885 5.27727 
1.0764 2.61875 5.2889 
0.756098 1.38518 6.3027 
2.13985 2.04228 4.54534 
1.09204 1.36661 6.40266 
1.10553 2.40416 5.57144 
1.51263 3.44741 3.58646 
2.25718 2.04927 4.09564 
2.22862 1.66703 4.49516 
1.83664 2.9987 3.55589 
0.695069 1.58178 6.21875 
1.40987 3.09898 5.03655 
1.00773 0.696967 6.48998 
0.94163 2.74925 5.18955 
1.49002 2.17257 4.95617 
1.87279 2.87333 4.1176 
1.2556 2.44792 5.11749 
0.916676 1.27282 6.20472 
1.84266 1.66746 5.52362 
2.17791 1.8937 4.39027 
1.49748 0.951205 6.41 
0.0116076 0.00251122 6.00245 
0.00661691 0.00661468 6.00661 
0.00546007 4.00546 0.00545921 
2.2028 0.202805 0.202804 
1.37818 3.36663 0.767679 
1.75437 0.397531 4.29344 
0.373458 0.56864 5.97816 
0.679188 2.94968 3.93411 
0.23815 2.53248 5.14512 
0.637145 0.0980256 5.87592 
0.308892 3.80271 2.44106 
0.0555489 3.95618 1.38464 
1.86662 0.829807 3.61231 
1.30131 1.10069 5.23231 
0.958149 3.45819 2.49329 
1.08107 0.180096 5.53677 
1.26083 1.59883 4.89279 
1.0375 0.63719 5.49328 
1.13031 2.6424 3.75604 
0.797693 1.78459 5.26165 
0.821809 0.698965 5.74497 
0.500737 1.38317 5.83081 
0.902515 2.82107 4.11214 
1.39344 0.360626 5.04138 
0.464721 1.12644 5.90629 
1.89886 2.37085 0.92942 
1.62589 2.99025 1.14802 
1.01139 3.11299 3.3717 
1.52894 1.2512 4.79986 
2.0035 2.06142 1.24725 
2.07683 0.956443 2.84737 
1.66985 1.66005 3.56163 
0.281895 2.03634 5.59074 
1.44413 1.84582 4.47032 
1.14024 2.89276 3.49885 
1.22108 3.617 0.432692 
0.443757 0.503272 5.96892 
0.917012 0.863571 5.70514 
0.995607 2.32934 4.60674 
1.15941 3.56459 1.52079 
0.792974 3.75546 1.80864 
1.15213 3.54106 1.68277 
1.83114 2.72524 0.620979 
1.71848 2.92447 1.05303 
1.61013 3.23315 0.510943 
1.59414 0.956716 4.44685 
0.409386 1.86197 5.69074 
0.210766 2.75877 4.68087 
2.18206 0.902146 0.212048 
1.98826 1.91301 2.01637 
0.594352 3.29559 3.68119 
0.705258 3.99861 0.397405 
0.450335 2.30909 5.20056 
1.62006 1.53745 4.18695 
1.91219 2.47598 0.270836 
1.47477 0.612083 4.98313 
1.70091 3.14754 0.29756 
1.27751 1.71826 4.84764 
0.615672 1.56671 5.57526 
0.876647 2.40797 4.71366 
0.550727 0.122344 5.98309 
2.14218 1.50137 1.95051 
0.165697 3.89303 2.34303 
0.755217 3.93207 0.131556 
2.02264 1.32269 2.8064 
2.10495 1.45032 2.06238 
2.11781 2.14219 1.03407 
1.16914 3.1576 2.7021 
1.80666 2.69724 0.884291 
0.531242 3.92928 1.62696 
0.869526 3.69163 2.20652 
1.66114 2.68753 2.14691 
1.18701 0.449247 5.45849 
1.18135 1.00485 5.34365 
0.763256 3.86177 0.0934847 
1.19915 2.49255 3.84298 
1.98989 1.24152 3.24045 
1.0196 1.96278 4.65931 
1.28638 2.13282 4.08372 
1.46549 2.51108 3.12719 
1.10842 3.40033 2.94036 
0.572106 3.33339 3.91158 
1.77028 2.70084 1.90591 
2.14908 0.42936 2.27278 
1.56147 0.338424 4.65065 
0.429165 1.52727 5.79428 
0.182702 3.67521 2.92003 
2.04661 2.20378 0.533285 
1.95024 2.22602 1.66353 
0.0920344 3.68934 2.71569 
2.16263 1.3925 1.56352 
1.65627 3.06024 1.13353 
1.49019 1.29522 4.67383 
1.88654 1.50849 3.32389 
0.89382 3.30327 3.16577 
1.29661 3.03296 2.56208 
1.78894 1.46783 3.58411 
0.978332 1.71623 5.40955 
1.00806 3.24246 3.03414 
2.17107 1.28258 1.11366 
