2.17009 2.70158 4.62021 
1.7922 2.9208 4.50375 
2.1435 2.861 3.9259 
0.974201 3.46025 4.80064 
2.61898 1.17977 2.29725 
0.951032 2.10477 6.49415 
0.880605 1.23232 6.81741 
1.91987 2.26435 4.60105 
0.804926 3.2804 5.36456 
1.63952 3.16946 4.84758 
2.35822 1.68549 3.35449 
0.772525 1.09306 6.7374 
1.10222 0.95516 6.39772 
2.25258 3.12 3.16052 
2.27449 2.50744 3.10669 
1.10477 4.57751 2.79855 
0.803974 0.995454 6.77466 
1.97932 3.15066 4.1455 
1.43642 1.74365 6.4863 
0.874691 1.87436 6.64445 
2.57289 1.14777 3.58364 
1.0118 3.52767 5.03905 
1.41659 3.47262 4.05507 
0.74483 1.38584 6.38204 
2.31178 1.081 4.28439 
1.37781 1.85897 5.90324 
1.79975 2.05687 5.32806 
2.14653 1.81941 4.79615 
2.22276 2.25309 4.30901 
2.08798 2.53571 4.59669 
1.97175 1.19071 5.78992 
0.876087 3.36199 5.17378 
1.37723 4.3373 1.27667 
1.28426 2.85808 5.11892 
0.922436 3.40595 5.45398 
2.30864 1.45704 4.96935 
2.37591 1.45717 3.52439 
1.58029 2.67471 5.47824 
1.00834 2.32508 6.03321 
1.42883 0.849353 6.20498 
0.879219 1.07443 6.858 
1.72685 1.373 6.20803 
1.7352 4.19866 2.54477 
1.79483 2.12473 4.87338 
1.3925 1.40738 6.47599 
2.24016 3.04195 3.19909 
1.54336 1.96505 6.04305 
0.45097 0.655129 6.43656 
0.51116 0.999856 6.45047 
0.774293 2.58348 5.91108 
1.3935 1.94589 6.35054 
1.27047 3.94499 3.66155 
1.14084 2.01726 6.11889 
1.03812 1.07655 6.89442 
0.462705 0.644277 6.43114 
2.68701 1.4712 3.12153 
2.30859 1.60017 2.77509 
2.26987 2.38943 3.39236 
1.99634 2.63952 4.63805 
1.45156 3.2369 5.00575 
1.5677 1.9739 5.35885 
2.24077 2.61019 4.18611 
0.817754 4.65048 1.73906 
1.20411 1.94887 6.09569 
1.7359 2.66184 5.32562 
0.921659 1.07817 6.86032 
2.33107 2.49601 3.89045 
2.66492 2.55468 1.44239 
1.6907 3.79876 3.03075 
2.18431 1.58314 4.70938 
2.02591 1.22139 5.81542 
2.50707 2.13901 1.30439 
0.671591 1.11966 6.61959 
0.809918 2.61986 6.05742 
2.38614 2.6834 2.57413 
1.93889 3.58048 3.29332 
0.687356 1.53177 6.51501 
1.6895 3.4176 4.55104 
1.1606 1.34138 6.78923 
2.11993 0.812399 4.87204 
2.04305 2.75574 4.57025 
1.21402 4.25442 3.67196 
1.443 1.03874 6.27115 
1.26148 1.91573 6.13834 
1.08609 4.80665 1.48856 
0.967625 2.48916 6.43743 
1.66725 2.59931 5.04475 
1.50996 3.8886 3.69381 
2.55411 2.9503 1.50563 
1.64284 1.81454 6.10421 
1.22045 4.1563 3.14262 
1.17683 1.578 6.66608 
2.02189 3.11155 2.90539 
1.18247 3.5731 4.69819 
1.58108 1.78165 6.12064 
2.06042 2.62041 2.68632 
0.87214 2.97035 5.01331 
2.06193 1.67019 5.43434 
1.28215 1.49949 6.55182 
2.00185 3.32963 1.3955 
0.199917 0.100777 6.08706 
0.100721 0.3043 6.08702 
1.87321 2.03883 0.156716 
2.09664 0.203242 0.258688 
0.200327 4.08884 0.252754 
0.175033 0.26765 6.09935 
0.247845 2.46239 5.10549 
1.9916 1.56149 0.468626 
1.84588 0.328803 3.05058 
1.71178 2.29449 1.66268 
0.781026 3.53712 2.36535 
0.499291 3.82985 1.87963 
1.04765 0.466089 5.44183 
0.905922 0.156432 5.60367 
1.17979 2.78992 3.23662 
0.806823 3.88512 0.572791 
1.82251 1.69233 2.06388 
1.1265 3.51432 0.646545 
0.135783 0.960823 5.95262 
0.594151 3.93706 1.12109 
1.79232 2.10365 1.31971 
1.94945 1.24549 2.24679 
2.0481 1.04091 0.360706 
1.64352 2.50208 2.00431 
0.309382 4.04645 0.877589 
0.541534 0.701861 5.90925 
0.471817 0.744205 5.96084 
0.946481 1.01413 5.3853 
0.631607 1.45607 5.53043 
1.0331 1.50789 5.01339 
1.161 2.06018 4.46536 
1.0083 3.63223 1.203 
1.07891 2.06776 4.68489 
0.609937 1.15823 5.71248 
1.20611 1.8941 4.77373 
1.27414 3.40005 1.02218 
0.525055 3.19027 3.8241 
1.90449 1.09224 2.55874 
0.166171 1.36774 5.79597 
1.28437 2.42769 3.44052 
0.7636 3.43389 2.79165 
1.08489 2.02115 4.62054 
1.66984 2.3644 1.80327 
1.32631 2.91792 2.39608 
1.10597 2.49772 3.9128 
2.07475 0.51677 0.744272 
1.45142 1.18839 4.31985 
0.425884 3.97429 1.40437 
1.96983 1.09774 1.63723 
1.60562 0.53484 3.97849 
0.351784 2.19745 5.28076 
0.44965 1.32486 5.74553 
1.5931 2.16378 2.69111 
0.851117 0.657183 5.6295 
0.385192 3.23839 3.71151 
1.61528 2.68854 0.815295 
0.687346 2.94678 4.08052 
0.925544 3.79582 0.518903 
1.53094 1.57026 3.83205 
2.03513 1.2662 0.633685 
1.02058 0.82331 5.47888 
1.56727 1.62693 3.67335 
1.38799 2.94988 1.87927 
0.886591 1.66796 5.37566 
0.482276 1.98976 5.26778 
1.18649 3.16286 2.45359 
1.55026 1.8423 3.28526 
1.23358 0.915273 4.87968 
0.572407 0.2386 5.92025 
1.35835 3.35388 1.25083 
2.04022 0.873658 0.916916 
0.357156 3.95861 1.54438 
1.2113 2.62202 3.62438 
1.46746 1.92908 3.78844 
0.28961 3.66638 2.75489 
0.752989 2.71375 4.25995 
1.48692 0.244253 4.54063 
1.88597 0.394403 2.76418 
0.712553 2.83077 4.14189 
1.69568 1.912 2.64424 
1.83051 2.35344 0.554243 
1.94066 1.76124 0.712316 
0.835781 1.06631 5.52103 
0.972703 2.5474 4.17515 
0.406514 2.57651 4.94396 
1.51633 0.579292 4.36232 
1.03395 2.99735 3.16175 
1.01271 2.87921 3.43517 
0.594186 0.212557 5.98713 
1.31898 1.82374 4.15558 
0.340974 2.37016 5.07523 
0.212213 3.71946 2.63006 
1.63767 1.73088 3.47211 
0.292177 3.03859 4.22793 
1.597 2.54527 1.71651 
0.695204 1.21445 5.65418 
1.67274 2.51812 1.20053 
0.1822 3.27813 3.73147 
1.86348 1.46495 2.16149 
2.0561 0.625992 1.42182 
