3.5335 7.8591 
6.33629 6.14659 
4.46565 4.60428 
4.45983 6.7927 
6.00378 5.48858 
7.20455 5.72512 
4.85549 5.48198 
4.90899 7.60501 
4.93372 6.6095 
5.36225 6.08221 
5.29547 6.51909 
6.1013 7.0198 
5.79637 6.84332 
6.54947 5.26698 
6.67245 5.37655 
4.87864 6.08863 
7.08827 5.39004 
4.42341 3.92349 
5.00533 6.09169 
5.01965 6.10363 
6.59741 6.57821 
7.30526 5.60051 
7.91448 6.00285 
6.84209 6.7215 
5.10198 6.17395 
5.58354 5.89276 
5.94562 6.67811 
6.22952 7.40206 
5.73095 6.44373 
6.23959 5.9197 
6.617 6.86169 
6.72096 6.05355 
6.23165 4.59096 
4.79025 7.28781 
5.96188 5.25487 
7.82116 6.58238 
4.55052 7.57834 
7.2292 6.55654 
5.90793 6.67554 
5.00596 7.64651 
5.38055 6.96321 
5.83119 5.58902 
6.70243 4.68282 
6.57078 5.64927 
5.98864 4.99684 
7.06019 5.60561 
8.35544 5.88088 
6.90836 5.61191 
5.95032 7.38444 
6.7894 4.44305 
6.32735 7.08965 
4.92398 6.76705 
4.65421 6.51908 
6.37171 7.30861 
7.37168 5.16251 
6.89393 4.75394 
6.02972 6.85845 
7.40429 7.8897 
7.90809 4.91313 
5.59922 6.71843 
5.15917 5.15054 
6.28751 5.84921 
5.63287 6.74263 
4.39578 5.59853 
8.19599 5.16095 
4.43581 5.63949 
3.69795 4.86219 
6.40888 5.63556 
5.17738 5.22664 
4.78299 6.7732 
4.8201 7.83411 
5.40067 5.96556 
6.78435 5.06127 
5.45503 5.10387 
5.91129 7.08231 
5.61788 6.47327 
5.60016 5.57377 
6.42732 5.14406 
5.42933 7.45185 
6.1965 5.45668 
8.11549 5.98791 
6.05566 5.56185 
6.41588 5.93302 
5.69826 5.14035 
4.9675 7.11113 
5.79255 6.27364 
6.63696 5.48301 
6.24728 3.85813 
6.91726 4.00607 
7.05485 5.77926 
7.06938 5.69624 
5.41357 5.01066 
5.48092 5.72008 
7.40162 5.26996 
5.17155 5.6733 
6.02313 5.53946 
5.71117 6.08274 
6.39472 5.29156 
5.95924 5.94114 
6.236 6.04549 
0.1 0.965016 
0.9 0.1 
0.9 0.1 
0.1 0.965016 
0.572267 0.467998 
0.563427 0.761882 
0.1 0.965016 
0.572267 0.467998 
0.563427 0.761878 
0.1 0.965016 
0.563427 0.761879 
0.563427 0.761882 
0.563427 0.761878 
0.572267 0.467998 
0.572267 0.467998 
0.563427 0.761878 
0.563427 0.761878 
0.563427 0.761878 
0.1 0.965016 
0.1 0.965016 
0.1 0.965016 
0.1 0.965016 
0.1 0.965016 
0.1 0.965016 
0.1 0.965016 
0.1 0.965016 
0.1 0.965016 
0.1 0.965016 
0.1 0.965016 
0.1 0.965016 
0.1 0.965016 
0.1 0.965016 
0.1 0.965016 
0.1 0.965016 
0.1 0.965016 
0.1 0.965016 
0.1 0.965016 
0.1 0.965016 
0.1 0.965016 
0.1 0.965016 
0.1 0.965016 
0.1 0.965016 
0.1 0.965016 
0.1 0.965016 
0.1 0.965016 
0.1 0.965016 
0.1 0.965016 
0.1 0.965016 
0.1 0.965016 
0.1 0.965016 
0.1 0.965016 
0.1 0.965016 
0.1 0.965016 
0.1 0.965016 
0.1 0.965016 
0.1 0.965016 
0.1 0.965016 
0.1 0.965016 
0.1 0.965016 
0.1 0.965016 
0.1 0.965016 
0.1 0.965016 
0.1 0.965016 
0.1 0.965016 
0.1 0.965016 
0.1 0.965016 
0.1 0.965016 
0.1 0.965016 
0.1 0.965016 
0.1 0.965016 
0.1 0.965016 
0.1 0.965016 
0.1 0.965016 
0.1 0.965016 
0.1 0.965016 
0.1 0.965016 
0.1 0.965016 
0.1 0.965016 
0.1 0.965016 
0.1 0.965016 
0.1 0.965016 
0.1 0.965016 
0.1 0.965016 
0.1 0.965016 
0.1 0.965016 
0.1 0.965016 
0.1 0.965016 
0.1 0.965016 
0.1 0.965016 
0.1 0.965016 
0.1 0.965016 
0.1 0.965016 
0.1 0.965016 
0.1 0.965016 
0.1 0.965016 
0.1 0.965016 
0.1 0.965016 
0.1 0.965016 
0.1 0.965016 
0.1 0.965016 
