2.18183 3.08857 2.84855 
6.22835 3.75071 4.43538 
2.46654 3.55838 4.56342 
5.93791 8.87087 10.2654 
4.15203 4.8915 5.17873 
2.16805 2.95919 4.32367 
2.67954 2.85678 4.04323 
2.08169 2.44551 4.62902 
9.0288 6.96764 6.48123 
4.06035 2.4311 2.96529 
3.58644 1.20968 4.6499 
2.77097 3.52157 3.27963 
7.87657 6.95329 3.09742 
3.04025 2.34784 3.60326 
2.80485 1.58704 4.4995 
6.3042 6.76638 7.08674 
8.26336 9.16416 8.13477 
5.46148 2.71482 6.69681 
9.59681 9.15715 7.7494 
2.45719 3.36124 6.39587 
1.98826 2.5321 3.70851 
6.35802 4.60416 5.13793 
3.23194 8.41001 5.99007 
4.98213 3.62738 2.93025 
5.79649 3.59285 5.98317 
8.61016 6.68718 4.45282 
2.76361 5.14647 8.51601 
8.47099 7.58151 3.70123 
3.45366 2.74121 4.21552 
2.75422 4.06757 4.04514 
3.53914 5.36464 4.06401 
3.0952 2.97729 2.8374 
5.34148 4.75844 8.51927 
3.87276 4.66205 8.08701 
4.06655 3.32582 5.54156 
3.57146 2.88875 3.80112 
2.69735 4.88488 7.2219 
6.67303 5.26023 4.63756 
7.19319 6.146 5.71014 
4.08699 4.44204 4.89402 
2.67157 3.8142 2.90437 
2.936 1.28661 3.6054 
1.9822 2.41805 4.13662 
7.45465 6.68056 8.99903 
4.0393 2.49591 3.25247 
5.13137 3.54199 5.70256 
4.46526 5.3729 3.05344 
3.47252 7.03374 9.60344 
9.35264 5.99055 9.33431 
2.08855 3.34902 3.21772 
4.2349 3.94119 4.25651 
2.76699 2.60007 3.16852 
4.771 4.08118 1.98793 
5.85632 4.48947 4.81519 
2.06926 4.4803 10.4264 
4.55686 5.26059 3.20387 
2.32862 2.83809 2.47522 
4.34717 2.02502 2.41784 
7.43882 5.65799 7.38756 
3.75816 3.94706 4.91562 
3.50475 3.68693 4.2636 
4.72157 3.26536 2.86695 
4.65642 2.80444 2.47116 
7.43783 3.27219 3.89816 
3.33004 5.26382 7.964 
4.47671 4.91742 2.81707 
4.13334 2.3589 2.84053 
4.32503 3.04831 3.56039 
3.96713 7.00355 9.12533 
9.00466 7.41576 7.81123 
5.67267 2.55751 3.29293 
2.91158 6.4981 7.89546 
5.06659 4.382 7.12901 
2.80362 4.72247 1.11701 
2.93521 2.41394 4.39629 
3.04146 3.91887 3.73133 
4.91198 2.13135 2.3312 
3.24675 2.85391 3.36174 
3.18284 2.42929 3.2204 
4.02867 2.14848 3.397 
2.49581 2.62332 3.2775 
2.60751 4.44152 3.96448 
8.11315 5.17889 7.61867 
4.22257 2.22135 4.16712 
2.86134 4.27603 2.35215 
4.45664 6.66005 4.7625 
2.81499 2.41974 4.38441 
3.36007 3.61891 4.8196 
7.21833 3.97252 7.73924 
2.93892 2.46207 5.5738 
3.41086 7.11231 4.32714 
7.30176 2.92782 5.98026 
5.55139 5.7758 3.33795 
5.77678 3.07544 5.07437 
5.61259 5.41155 8.5854 
4.44992 3.96941 5.64069 
3.94797 4.22589 3.3882 
7.92575 12.2294 5.38903 
4.74249 9.28072 7.74904 
7.6545 9.13243 4.93955 
1.26311 0.00388944 1.02492e-08 
1.32817e-09 0.00151623 1.01224 
0.0163403 4.76853e-08 2.3081 
0.00517907 0.000120326 2.99021 
0.00172625 4.3618 0.00638051 
3.27943 1.33617e-05 0.00947389 
0.00421632 3.03019 0.159618 
2.62171 8.10341e-05 0.00604335 
3.13379 1.8917e-05 0.00966094 
0.0223158 3.72237 0.00218595 
0.000541066 0.000396395 2.58078 
0.0208462 2.66172 0.00709685 
0.00335905 3.87746 0.0138874 
0.0135219 3.02462e-05 1.92134 
0.00335905 2.26687 0.463922 
0.000519186 0.00058186 2.73961 
0.0159488 3.02909e-05 1.71313 
2.12642 1.50244e-05 0.0484517 
1.99955 1.30725e-05 0.0779809 
1.83154 1.47911e-05 0.796448 
0.00789249 1.85198 0.6337 
0.313394 1.15492 0.0881192 
0.00527515 2.43714 0.010558 
0.00365923 2.06595 0.341534 
0.0339545 1.4374 0.105336 
0.0205976 3.08093e-06 2.14588 
0.000585134 0.000334809 1.62655 
0.463093 0.995917 0.927113 
0.000560591 0.000528461 2.07367 
2.27447 0.000156759 0.0066134 
0.74827 0.84928 0.497337 
0.020598 1.62142 0.163234 
0.990545 0.300958 0.353839 
0.67113 0.282103 0.800332 
0.817646 0.727646 0.678336 
0.0663635 0.493932 1.00989 
0.00471719 0.000220183 2.87746 
1.04682 0.375302 0.18777 
2.51485 0.000134075 0.00478847 
0.52357 0.0585879 0.949625 
0.367951 0.362507 1.00454 
0.0169226 1.59218e-05 1.17672 
0.490885 0.945839 0.0608538 
0.0145677 4.38739e-05 1.33877 
0.0118217 0.000339984 1.48008 
0.905738 0.614661 0.650678 
1.70179 0.000224665 0.16675 
0.140749 1.12624e-07 1.17644 
0.973458 0.171 0.587469 
2.36707 1.96045e-05 0.010689 
0.0814353 0.000151571 1.11779 
0.00421632 2.29524 0.228894 
2.43158 8.7547e-05 0.00519892 
0.190208 1.11639 0.132162 
0.861895 0.633088 0.294203 
1.48868 0.000256861 0.26963 
0.0229434 4.76853e-08 1.39261 
0.68935 0.199769 0.809333 
1.38022 0.00364506 0.0991377 
1.58592 0.000565928 0.0179382 
1.67659 0.000119231 0.21795 
0.00954996 1.94942 0.144776 
0.958675 1.48794 0.00188437 
0.00722102 0.000125611 2.92491 
1.58196 0.000136391 0.787376 
1.09925 0.000436871 0.182789 
1.22181 4.77632e-05 0.868595 
1.35215 0.00367378 0.0856568 
3.21909 1.96045e-05 0.00947389 
0.0130026 3.79703 0.00466835 
0.0217112 0.000181626 1.0497 
0.721421 0.845485 0.638144 
0.793226 0.102493 0.701581 
1.48663 0.00277111 0.011013 
0.0823639 0.773101 1.00429 
0.922058 0.248608 0.66187 
0.300389 1.03223 0.100883 
0.927603 0.0318051 0.602686 
0.861895 0.632535 0.296804 
1.17127 0.161495 0.0987972 
0.0244492 1.54918 0.00218595 
0.257865 1.06085 0.183385 
0.756683 0.132753 0.892953 
1.00789 1.98101 0.00178384 
0.238174 1.10979 0.211403 
1.1527 0.000142786 0.879755 
1.01663 0.00195171 0.771526 
0.00057717 0.000340717 1.46803 
0.729986 0.0465997 0.981964 
0.0926975 1.11903 0.19904 
0.335825 1.08529 0.08489 
0.518658 0.0628635 0.950516 
0.776909 0.126463 0.725332 
0.500965 0.176558 0.992929 
0.788302 0.109823 0.852187 
0.908354 0.00586903 0.833472 
1.00362 0.0149181 0.734287 
0.0308905 1.12826 0.106079 
3.25398 1.96045e-05 0.00898735 
0.0524105 1.09954 0.226087 
