343.458 69.4726 
76.1147 130.172 
45.128 213.895 
372.073 19.4538 
64.2775 204.391 
64.5441 109.729 
221.024 122.612 
176.465 48.7974 
233.019 104.81 
260.018 39.2662 
75.1986 240.431 
24.7116 239.359 
225.212 93.2446 
129.42 219.944 
24.6004 161.607 
120.006 98.3401 
18.141 220.002 
56.9702 121.446 
155.398 168.028 
12.2332 217.719 
197.826 27.0723 
72.8144 308.966 
278.177 34.3923 
27.5201 321.218 
176.549 86.9615 
254.484 32.9211 
144.493 192.053 
110.101 12.4637 
56.6923 235.549 
1.72515 128.499 
12.4489 302.893 
256.322 2.15591 
234.798 30.5339 
221.574 115.81 
263.741 48.0184 
97.6886 125.507 
89.2386 230.45 
277.162 45.8799 
173.135 111.133 
113.536 212.807 
92.7692 37.4301 
6.11709 220.891 
12.9687 258.997 
84.7859 85.4418 
132.325 50.1508 
100.728 163.224 
4.92222 362.007 
185.519 22.9098 
11.7307 219.84 
122.264 247.224 
5.3867 392.685 
52.6673 281.512 
151.715 187.376 
103.036 158.301 
130.909 178.472 
256.943 7.07999 
39.0109 182.431 
92.8471 127.525 
143.652 14.5954 
12.0974 287.732 
245.017 4.63487 
6.22905 232.472 
96.0237 101.355 
70.8932 299.524 
274.071 9.4116 
128.084 231.348 
137.051 34.2022 
236.577 93.6621 
16.8423 212.156 
136.278 81.7378 
32.0637 109.929 
304.45 90.8809 
78.3228 194.952 
410.986 27.9977 
270.631 157.151 
11.0115 226.357 
132.442 175.724 
36.3179 228.147 
324.074 2.46663 
53.7173 245.673 
69.9012 135.484 
16.5605 409.54 
160.133 49.7396 
280.758 2.82747 
89.7068 290.676 
83.8253 130.612 
89.1266 148.972 
0.765503 316 
318.995 19.0703 
178.25 9.49363 
6.92118 228.646 
113.521 160.735 
196.618 40.0411 
51.7799 311.777 
85.7156 151.378 
352.632 14.5395 
54.7721 264.395 
169.558 42.0815 
141.132 98.9267 
260.941 31.4233 
0 0.5 
0.5 0 
0.5 0 
0.493064 0.00694298 
0.35946 0.140565 
0.0754445 0.424561 
0.0342321 0.465794 
0.303481 0.196528 
0.485533 0.014479 
0.251569 0.248434 
0.421294 0.0787146 
0.112608 0.387397 
0.336175 0.163834 
0.234248 0.265768 
0.293057 0.206953 
0.119637 0.380372 
0.00282754 0.497183 
0.0701136 0.429923 
0.0192714 0.48073 
0.351694 0.148322 
0.123775 0.376231 
0.464914 0.0350933 
0.474354 0.0256498 
0.0123367 0.487665 
0.276402 0.223631 
0.0836783 0.416337 
0.216986 0.283027 
0.130277 0.369765 
0.373664 0.126348 
0.22342 0.276595 
0.101975 0.398026 
0.263117 0.236894 
0.0267517 0.473261 
0.468626 0.0313899 
0.245302 0.254704 
0.458004 0.042004 
0.398155 0.101865 
0.405245 0.0947631 
0.428874 0.071135 
0.179551 0.320456 
0.34279 0.157229 
0.0420093 0.458014 
0.161657 0.338355 
0.366962 0.133046 
0.190517 0.309507 
0.241217 0.258802 
0.147891 0.352117 
0.286634 0.213369 
0.284002 0.215999 
0.273811 0.226193 
0.448352 0.0516562 
0.365274 0.134732 
0.0917576 0.408252 
0.0288897 0.471121 
0.0539051 0.446105 
0.39292 0.107087 
0.229431 0.270617 
0.197058 0.302958 
0.330869 0.169165 
0.184463 0.315541 
0.305862 0.19414 
0.327022 0.172983 
0.321805 0.178195 
0.051788 0.448227 
0.416703 0.0833059 
0.499869 0.000136121 
0.443122 0.0568787 
0.348812 0.151193 
0.096843 0.403178 
0.0592291 0.440773 
0.441489 0.0585327 
0.388242 0.111767 
0.25791 0.2421 
0.292072 0.207935 
0.151691 0.348316 
0.48039 0.019635 
0.167699 0.332321 
0.0645246 0.435494 
0.315016 0.184997 
0.213333 0.286681 
0.154305 0.3457 
0.268622 0.231384 
0.143233 0.356796 
0.344887 0.155143 
0.47918 0.0208348 
0.137514 0.362524 
0.107552 0.39246 
0.226919 0.27309 
0.046911 0.453091 
0.0161368 0.483941 
0.172838 0.327164 
0.43121 0.068813 
0.436633 0.0633967 
0.1066 0.393406 
0.267777 0.232227 
0.384625 0.115377 
0.414322 0.0856901 
0.310605 0.189405 
0.258054 0.24195 
0.204491 0.295554 
