1078.37 843.884 
1127.68 729.877 
650.339 447.421 
582.166 1108.41 
342.139 879.196 
1052.87 211.685 
815.567 57.3559 
86.7147 1040.3 
874.649 359.344 
993.992 532.616 
410.711 969.349 
425.342 806.419 
316.609 985.246 
306.358 517.19 
343.686 869.912 
1196.61 362.641 
976.479 258.353 
300.331 1322.93 
381.546 1302.8 
607.539 1090.6 
759.407 608.328 
515.926 652.401 
199.176 909.423 
627.953 1093.5 
96.8224 857.251 
924.374 311.907 
632.049 1184.97 
1229 345.632 
752.69 749.887 
1161.47 522.288 
1458.41 892.373 
942.092 72.3897 
574.696 963.856 
1049.74 960.597 
940.307 893.378 
592.741 614.835 
735.608 1358.12 
265.191 875.904 
913.164 587.448 
1067 615.664 
1224.79 1245.01 
1052.91 338.885 
525.098 1177.27 
1039.37 137.774 
1110.21 211.946 
869.783 1063 
944.343 352.013 
247.004 805.276 
413.938 969.584 
690.551 436.742 
1159.49 498.314 
1128.51 355.36 
655.284 1086.03 
847.965 181.182 
617.08 1376.61 
950.899 154.008 
850.107 460.973 
866.971 499.282 
509.647 576.502 
1136.06 622.255 
1037.05 861.263 
1043.71 138.694 
1033.97 778.026 
45.5587 897.484 
1320.78 219.104 
978.023 395.567 
1324.54 280.804 
127.284 1273.13 
1315.91 85.3098 
766.677 898.756 
919.524 40.6739 
957.022 874.381 
1131.84 192.038 
655.758 479.421 
627.033 1108.11 
469.136 460.121 
1227.18 230.615 
691.253 368.888 
819.259 686.974 
557.477 1074.49 
875.103 822.64 
575.166 708.196 
705.924 309.247 
1528.36 443.914 
1078.53 564.422 
875.93 589.993 
995.781 708.939 
1031.55 1157.27 
160.378 1286.55 
365.206 837.431 
29.1239 678.9 
1048.23 669.123 
190.582 1104.89 
815.376 787.79 
935.968 571.406 
823.779 804.499 
1226.88 181.013 
531.005 667.877 
194.134 600.718 
200.396 796.966 
7.7861e-16 12.7157 
12.7157 0 
12.7157 0 
9.31805 8.65902 
9.70992 8.21502 
12.3151 3.17748 
10.7141 6.85668 
11.6619 5.07097 
4.6804 11.8254 
10.886 6.57569 
8.20656 9.71766 
12.3911 2.85615 
8.44395 9.50855 
7.71773 10.1156 
11.5388 5.34543 
12.4709 2.48869 
12.2554 3.41659 
12.5246 2.20768 
0.226213 12.7143 
1.39099 12.6402 
3.05826 12.3485 
6.15078 11.1321 
2.01221 12.5561 
6.72711 10.7947 
8.96079 9.02465 
11.9274 4.41048 
11.7455 4.87478 
7.88119 9.98448 
3.74428 12.1552 
2.48374 12.4729 
6.56001 10.8936 
5.89573 11.2695 
2.76086 12.4171 
1.67408 12.6054 
10.4518 7.24404 
3.20097 12.3077 
12.4293 2.68884 
7.17451 10.5002 
12.6187 1.5948 
7.54804 10.2382 
4.95048 11.7149 
3.49371 12.2287 
12.6536 1.26261 
12.1602 3.72854 
11.832 4.67107 
2.28052 12.5101 
12.711 0.369047 
0.54491 12.7052 
10.085 7.74961 
12.1938 3.61581 
10.3117 7.44386 
12.0931 3.94101 
12.555 2.01738 
5.64874 11.397 
9.08943 8.89495 
5.85212 11.2921 
11.0239 6.35155 
12.715 0.151125 
8.52012 9.44268 
12.6408 1.39183 
3.87225 12.1161 
10.9441 6.47504 
11.4813 5.4719 
9.80257 8.10265 
11.2231 5.98066 
6.23951 11.0859 
5.11918 11.6417 
7.2965 10.4208 
9.99293 7.87033 
8.80986 9.17586 
10.6185 7.00005 
9.2462 8.73376 
5.22719 11.5931 
4.50078 11.8976 
2.68365 12.4311 
12.6768 1.00007 
8.65972 9.32019 
11.9666 4.30197 
12.5915 1.78172 
11.3195 5.79766 
9.14741 8.8338 
1.62107 12.618 
1.11742 12.6685 
2.12769 12.5392 
4.02207 12.0688 
6.87273 10.6994 
4.29046 11.9729 
8.12099 9.79185 
8.83551 9.14664 
11.8098 4.71526 
9.88435 8.00535 
4.43695 11.9173 
11.1346 6.1463 
0.631837 12.7019 
7.46447 10.2952 
10.5754 7.06416 
7.99734 9.89429 
6.43988 10.9687 
11.3335 5.76964 
12.5777 1.87819 
