1.83322 3.77686 
2.47039 2.92668 
1.36147 4.40972 
2.11005 2.78698 
2.71012 2.42599 
2.1765 3.85312 
2.50461 1.97769 
1.9338 4.11939 
1.8045 4.43412 
1.93573 3.5012 
2.62415 1.80923 
2.14702 3.28762 
2.45492 3.09509 
2.48063 2.69488 
2.62354 3.0484 
2.48035 2.98199 
1.46364 4.57908 
2.70005 2.56554 
1.50574 4.13068 
1.71801 3.81061 
1.95497 3.7716 
2.44333 2.93337 
2.16681 3.40895 
2.29452 2.72739 
2.07683 3.36365 
2.52543 3.16456 
2.75713 1.78862 
0.969125 4.86201 
2.276 3.25678 
2.54367 3.08386 
1.41321 4.5311 
2.59906 2.82621 
2.40594 3.13647 
1.55062 4.59664 
2.17327 3.66464 
2.56079 2.59504 
0.820013 4.70427 
2.16788 3.60948 
1.33788 4.61552 
1.96689 3.76365 
2.09336 3.83212 
2.51126 2.69844 
2.33377 3.32351 
2.04886 3.98055 
2.46747 2.88279 
2.49734 3.02047 
2.54839 2.93119 
0.943159 4.77647 
1.93668 3.94249 
2.52721 2.65962 
2.52102 3.1933 
1.64096 4.27783 
2.03517 3.47558 
2.04907 3.22398 
2.28281 3.63932 
2.34326 3.09684 
2.50342 2.78757 
2.49949 3.47403 
2.6084 1.81139 
2.40541 3.23876 
2.11158 3.74916 
2.43721 3.23296 
2.46572 3.17266 
1.88413 3.83794 
2.48894 2.15726 
2.14358 2.51853 
2.30352 2.97563 
2.05652 3.99581 
1.89474 3.70987 
2.60452 2.43913 
2.22131 3.76389 
1.90719 4.32827 
1.44774 4.38836 
2.10479 3.27702 
2.32912 2.14981 
2.24011 3.32027 
2.45315 2.45737 
2.58209 2.07516 
1.60344 4.33543 
1.16047 4.81055 
2.69347 2.55852 
2.49606 3.20398 
2.41754 2.41301 
1.97456 3.42451 
2.31621 2.78522 
1.70314 4.49767 
2.61117 2.60223 
1.54026 4.29885 
2.31339 1.10215 
1.95085 3.06792 
2.39557 2.83542 
2.55035 2.77581 
2.2279 3.45896 
2.31117 3.05177 
2.01932 3.5761 
2.63191 1.63262 
2.33536 2.29304 
2.38239 2.58088 
2.33379 3.30893 
1.92993 4.33351 
2.09585 0.153898 
0.158065 4.09327 
2.02329 1.1673 
1.99831 1.33127 
0.480608 4.02202 
1.48102 2.98625 
0.233814 4.08692 
2.0859 0.494272 
2.09106 0.367899 
1.61269 2.70512 
1.92108 1.73208 
0.545915 3.99349 
1.63091 2.66555 
1.58376 2.76941 
0.588185 3.97306 
1.06861 3.62052 
1.44364 3.0589 
1.36088 3.1946 
1.7215 2.42787 
0.352107 4.06736 
1.01879 3.64483 
2.09432 0.302071 
2.09483 0.224092 
0.300686 4.07629 
1.2106 3.41778 
0.621684 3.95576 
1.33914 3.23073 
1.89423 1.85645 
1.93909 1.64972 
1.95063 1.60166 
1.96208 1.54103 
0.646147 3.94507 
2.06219 0.828042 
1.1841 3.45337 
1.38469 3.16714 
1.77679 2.27014 
1.69416 2.51622 
1.49883 2.94712 
0.431129 4.03964 
0.671421 3.92682 
1.65478 2.60185 
0.861513 3.7907 
2.06816 0.761277 
0.451762 4.03248 
1.09479 3.56279 
1.808 2.16189 
0.396827 4.05656 
1.22783 3.39375 
1.99194 1.37348 
1.74228 2.37334 
0.833155 3.81401 
2.04183 1.02353 
0.715286 3.90434 
1.91013 1.78069 
1.78987 2.22254 
1.24413 3.37133 
1.90375 1.80648 
0.55711 3.98808 
2.03558 1.084 
2.05854 0.870884 
0.805719 3.84497 
1.97449 1.46716 
2.04534 0.991901 
1.56573 2.82109 
1.16768 3.47667 
1.28604 3.31053 
1.39506 3.13716 
0.747068 3.89907 
2.05133 0.942547 
0.937653 3.73789 
1.27085 3.33424 
2.08138 0.569286 
1.25966 3.35027 
1.11821 3.53341 
1.67248 2.55776 
2.08098 0.645522 
1.51647 2.9343 
1.57628 2.79475 
1.14276 3.50599 
0.198932 4.09055 
1.0113 3.65702 
1.70267 2.47622 
0.40047 4.04923 
1.71221 2.46547 
2.05786 0.922735 
1.68133 2.55707 
0.778525 3.85535 
0.908576 3.75062 
1.88171 1.90292 
0.990044 3.67408 
1.65682 2.59791 
1.55851 2.85828 
1.82768 2.10244 
1.75261 2.3511 
1.8152 2.14686 
1.32086 3.26342 
1.86825 1.9483 
1.76298 2.30465 
1.13952 3.50742 
2.0813 0.577346 
