0.647557 1.38221 1.19448 
0.730743 0.286528 1.34028 
0.00062986 0.000257657 1.69787 
0.257104 0.613958 1.67851 
0.971055 0.282446 1.29444 
0.139268 0.195229 1.53518 
0.0126672 0.00379674 2.56897 
0.406728 0.380623 1.86759 
1.44853 1.17038 0.677187 
0.411202 0.0481039 1.8439 
0.507093 0.961411 1.55725 
0.694224 0.051073 2.16617 
0.985486 1.28029 0.263445 
1.47869 0.0291767 0.268379 
1.34233 1.08511 0.123864 
0.165562 0.0877913 1.58018 
2.1819 0.767736 0.524213 
1.57949 0.0431616 1.00195 
0.0123249 0.00477883 2.01226 
1.31292 1.01387 0.739227 
0.72058 1.06896 1.74555 
0.739953 1.28854 1.74944 
0.125172 0.138552 1.6532 
1.2227 0.535516 0.655724 
0.729309 1.24745 0.566622 
0.11014 0.269555 1.70569 
1.62122 0.822107 1.12056 
1.44759 0.67872 0.595262 
0.431059 1.78282 0.0177079 
0.0372184 1.49299 1.04322 
1.54463 0.22514 0.61997 
0.173971 0.0835042 1.63384 
1.13029 1.17242 0.696944 
0.733579 0.184624 1.39661 
1.18406 1.1029 0.778121 
0.503427 0.505225 1.39345 
0.657575 0.101499 1.68375 
0.177595 0.30437 1.43711 
0.830341 0.93437 0.878277 
1.78309 0.115674 0.128549 
1.19405 0.213096 0.838024 
0.505003 1.10292 1.2565 
0.0837825 0.212383 1.84543 
0.535203 1.74485 0.662597 
0.503744 0.575214 1.79098 
0.922005 1.19657 1.1443 
1.70539 0.720754 0.00554222 
0.413186 0.577031 1.74395 
1.02416 0.850249 1.33027 
1.31606 0.727821 1.34393 
0.364192 1.74958 1.19182 
0.399463 0.806824 1.60197 
0.523295 1.71677 0.0895108 
1.33374 1.05715 0.197179 
0.220167 0.120592 1.98909 
1.3853 0.885037 1.36524 
1.718 1.08164 0.328579 
1.99653 0.573616 0.641517 
1.43902 0.697029 0.94525 
0.974456 0.0175119 1.62631 
0.0326888 0.750254 1.75053 
0.133903 1.40436 1.60536 
0.127837 1.67111 0.861431 
1.1121 1.20638 0.076535 
0.277158 1.18543 1.50087 
1.38707 1.26729 0.307631 
1.74984 0.220067 0.299233 
0.39685 1.35565 0.231868 
0.372185 0.804904 1.41311 
0.852539 0.582818 1.59013 
0.320633 1.4497 0.41858 
0.85073 1.02555 0.472455 
0.643878 0.73547 1.27064 
1.73362 0.842083 0.200854 
1.05156 1.22446 0.195657 
1.36456 0.0519221 1.04432 
1.88549 0.547642 1.27842 
0.267506 1.25013 0.669037 
0.171068 0.628135 1.41293 
0.297299 1.40203 1.60954 
0.236174 1.03488 1.3986 
0.0451388 0.0109916 1.71882 
0.0797853 1.57691 1.687 
1.43464 0.662655 0.637853 
1.47604 0.182258 1.56572 
0.247777 0.230461 2.05655 
1.66552 0.261707 0.497563 
0.86709 0.846797 1.1959 
1.67726 0.0779241 0.24773 
1.1391 0.988517 0.2834 
0.439813 0.315524 1.91309 
1.52656 1.52205 0.40616 
0.44548 1.23517 1.61669 
0.254136 0.35923 1.55301 
0.118534 0.126826 1.84346 
0.987461 1.18046 1.38972 
0.0444512 0.881744 1.56547 
1.03035 0.29724 1.25586 
1.37918 0.384054 0.594448 
0.252786 0.0236206 1.79069 
3.7494e-33 6.12323e-17 1 
6.12323e-17 1 0 
1 0 0 
6.12323e-17 0 1 
4.22989e-17 4.88426e-17 1.05521 
0.0199462 0.128228 0.999402 
0.498253 0.900991 0.0550242 
0.582705 0.0718354 0.826987 
0.248732 0.44712 0.868482 
0.262894 0.413302 0.884086 
0.636954 0.669594 0.450366 
0.360072 0.612474 0.724996 
0.418895 0.038185 0.913965 
0.59486 0.247771 0.787381 
0.186736 0.568478 0.835085 
0.891745 0.504739 0.0242665 
0.674959 0.462628 0.624384 
0.335799 0.82618 0.482184 
0.718821 0.14641 0.710405 
0.76182 0.204638 0.637225 
0.00519856 0.512014 0.933348 
0.0937745 0.342595 0.954467 
0.061086 0.6039 0.851455 
0.388802 0.653594 0.667845 
0.609587 0.285891 0.759507 
0.869742 0.298465 0.427863 
0.224386 0.968733 0.193108 
0.112411 0.742124 0.685546 
0.869499 0.0977337 0.50986 
0.694119 0.727606 0.07124 
0.562813 0.400495 0.745832 
0.963991 0.0377585 0.284955 
0.161914 0.304233 0.974549 
0.228839 0.836038 0.522144 
0.810604 0.193177 0.569434 
0.545592 0.885731 0.0350407 
0.651532 0.808948 0.0401421 
0.200631 0.664951 0.770543 
0.651553 0.752932 0.168978 
0.537548 0.859488 0.0924124 
0.066437 0.624277 0.80928 
0.481337 0.774906 0.569646 
0.854778 0.389848 0.413873 
0.459197 0.844601 0.322195 
0.315917 0.582531 0.802686 
0.0367782 0.352325 0.966144 
0.922146 0.080301 0.399552 
0.771139 0.270102 0.627517 
5.84722e-17 0.954923 0.307366 
0.123742 0.172847 0.981249 
0.400748 0.681664 0.652135 
0.411139 0.824249 0.45906 
0.70308 0.561015 0.53959 
0.859123 0.480357 0.25735 
0.783239 0.236993 0.61734 
0.709574 0.692351 0.247433 
0.82476 0.299471 0.494033 
0.461428 0.10797 0.892667 
0.415458 0.871678 0.369842 
0.0340559 0.993671 0.162516 
2.18524e-17 5.84587e-17 1.01922 
0.293749 0.937922 0.226493 
0.690313 0.632864 0.392893 
0.205719 0.712985 0.745638 
0.664633 0.767451 0.118956 
0.519262 0.878183 0.141895 
0.321769 0.986948 0.0345572 
0.836022 0.552014 0.11149 
0.825453 0.169044 0.602555 
0.304422 0.112471 0.971699 
0.284106 0.41259 0.904151 
0.169722 0.932475 0.357624 
0.774567 0.322623 0.580105 
0.830134 0.593585 0.216929 
0.221703 0.361877 0.922131 
0.1389 0.917003 0.403061 
0.21624 0.328509 0.960345 
0.864989 0.538152 0.00365571 
0.792353 0.370291 0.518781 
0.518325 0.802606 0.469277 
0.505469 0.854856 0.27989 
0.7325 0.0748046 0.73985 
0.402661 0.912218 0.202336 
0.571066 0.496295 0.674298 
0.318139 0.521492 0.814624 
0.180001 0.784739 0.618335 
0.991767 0 0.142339 
0.929822 0.223886 0.342938 
0.849418 0.27572 0.480013 
0.829126 0.491016 0.38149 
0.840317 0.211875 0.55169 
0.129611 0.531491 0.860545 
0.10884 0.94972 0.344225 
0.972603 0.0191592 0.271633 
0.473327 0.80512 0.388186 
0.177875 0.977267 0.198667 
0.534303 0.861808 0.07645 
0.728736 0.687235 0.12019 
0.897307 0.320628 0.349779 
0.743202 0.217581 0.649929 
