2.31426 2.49739 
2.23406 2.66677 
2.27488 2.64306 
1.41567 3.99188 
2.36491 2.35473 
1.86742 3.39517 
2.35426 2.48942 
1.55775 3.73971 
1.84069 3.45283 
2.22542 2.00093 
2.1111 2.73674 
2.39566 2.35072 
2.14528 3.26372 
2.23364 2.24281 
1.69158 3.53373 
2.20663 2.97547 
1.73708 3.62374 
1.66161 3.58067 
1.56036 4.11809 
2.11419 2.93326 
1.38357 4.04259 
2.27425 2.63011 
2.31144 2.56975 
1.64456 3.96611 
1.66614 3.5698 
2.15102 3.04468 
2.23333 2.60931 
2.30531 1.9382 
2.30249 2.47308 
2.19397 2.68188 
1.2166 4.1165 
1.87062 3.24497 
2.07566 2.66472 
1.43411 3.88025 
1.77433 3.67078 
1.99537 3.36647 
2.13565 3.09816 
2.29662 2.97299 
1.98733 3.30505 
2.2581 2.54747 
1.99962 3.1814 
1.86599 3.45142 
1.82051 3.84737 
1.88848 3.29104 
2.35094 1.79269 
2.05119 3.02629 
1.95802 3.13378 
2.1572 3.0423 
1.9616 3.70284 
1.89098 3.64279 
1.98817 3.21961 
1.68093 3.85126 
2.39873 2.07739 
2.31983 2.36965 
2.38423 2.02152 
1.76526 3.93329 
1.84327 3.39657 
2.21518 3.05109 
1.81265 3.38139 
1.97856 3.40327 
2.2418 2.93194 
1.97665 3.34303 
1.45847 4.12515 
2.23468 2.79138 
2.10212 2.72106 
1.99361 3.24608 
0.89552 4.30771 
1.73771 3.70666 
2.07259 3.2105 
1.76516 3.60204 
2.12229 3.18787 
1.86546 3.50512 
1.92329 3.04178 
1.67667 3.87554 
2.19007 3.05082 
2.24637 2.55242 
1.72201 3.43274 
2.20707 2.7242 
1.5467 4.06917 
1.8736 3.20055 
1.9985 3.08349 
2.03667 2.97989 
2.31941 2.08666 
2.5259 1.37086 
2.20526 2.77203 
2.2928 2.44323 
2.30125 1.91105 
2.0321 3.34217 
2.0459 3.29425 
2.13688 2.52883 
2.37364 2.23994 
2.25179 2.56995 
1.51756 4.12604 
2.21685 2.07377 
1.57572 3.78575 
2.45193 2.11341 
2.46222 2.17803 
1.82117 3.34803 
1.40362 4.11377 
2.02262 3.10309 
0.0578874 4.04745 
2.0475 0.047553 
2.0475 0.047553 
1.91057 1.50209 
0.852003 3.70983 
0.36066 3.99844 
2.04484 0.25637 
2.04126 0.363167 
1.94977 1.2838 
1.00056 3.56445 
1.96779 1.16593 
0.744604 3.7968 
0.165437 4.04071 
2.02821 0.602406 
1.20281 3.31277 
1.38368 3.02408 
0.485381 3.95045 
1.88872 1.60973 
2.03828 0.431528 
0.689128 3.83624 
0.0946485 4.04639 
1.29082 3.18089 
0.391987 3.98779 
0.614737 3.88349 
1.68528 2.34337 
0.133182 4.04383 
0.452742 3.96466 
0.424534 3.97591 
0.24949 4.02723 
1.15802 3.37436 
0.639125 3.86864 
1.12016 3.42371 
1.86161 1.73179 
0.547347 3.9207 
1.08038 3.47335 
1.93317 1.38135 
0.278507 4.02076 
1.12106 3.42246 
0.960038 3.60748 
0.307219 4.0137 
2.04648 0.178571 
1.97823 1.09212 
1.49124 2.81583 
2.02434 0.656829 
1.414 2.96827 
1.81484 1.92019 
1.25453 3.23698 
1.79096 2.00786 
0.876378 3.688 
1.87572 1.66991 
0.581892 3.90244 
1.57219 2.63626 
0.934694 3.63245 
1.59236 2.58918 
1.17824 3.34717 
1.92161 1.44471 
2.03437 0.507329 
1.60923 2.54633 
1.22768 3.27691 
1.7776 2.05426 
1.94204 1.33115 
1.26777 3.21726 
1.5545 2.67785 
0.213367 4.03372 
1.01999 3.5428 
0.806396 3.74864 
1.99682 0.943075 
1.23194 3.2709 
2.00954 0.823192 
1.66456 2.40167 
1.52012 2.75456 
1.46511 2.86964 
2.04734 0.0976468 
1.87095 1.6909 
1.42848 2.94097 
1.64767 2.44713 
2.03437 0.507329 
0.518496 3.93522 
0.573063 3.90693 
1.8874 1.61592 
1.66988 2.38731 
1.34648 3.08901 
2.0149 0.768211 
2.04699 0.137722 
1.80184 1.96849 
1.31082 3.14884 
1.33034 3.11633 
1.05763 3.49997 
0.66627 3.8516 
1.50582 2.78489 
0.213367 4.03372 
0.777909 3.7714 
1.70027 2.30007 
1.59622 2.57867 
0.94715 3.62067 
1.53861 2.7137 
1.98471 1.04265 
0.911254 3.65544 
1.43715 2.92496 
1.03772 3.52295 
