1.16621 1.10597 
0.125081 1.92854 
1.86971 0.69604 
0.941135 1.96457 
0.0426394 2.3586 
0.840315 1.55482 
1.38358 0.680847 
0.940558 1.14696 
1.1211 1.53593 
1.48457 0.240081 
0.314748 1.69731 
1.15592 1.27287 
1.13063 1.4933 
1.40342 0.924698 
0.750802 1.44051 
1.82359 0.774994 
0.00419732 2.11442 
1.08249 0.85355 
0.34316 1.64219 
0.140397 2.26318 
1.50352 0.504658 
1.00663 1.64396 
0.700038 1.61641 
0.722083 1.70442 
1.40655 0.710189 
1.51925 0.613135 
1.45623 1.18757 
1.26415 1.51481 
0.915036 1.88833 
0.564417 1.5338 
1.63912 0.144318 
0.237129 1.94485 
1.80282 1.03498 
0.170818 1.63499 
0.765523 1.39611 
1.80756 0.368252 
0.81598 1.37103 
0.0646197 1.57657 
0.230744 1.7548 
1.73504 0.0460231 
2.07198 1.18602 
0.325711 1.5499 
1.68282 0.419782 
1.52152 0.801592 
1.51199 0.0606809 
0.636224 1.67593 
1.69717 0.243735 
1.27765 0.755036 
1.03884 1.55094 
0.111103 1.81973 
2.03433 0.326119 
1.34759 0.498186 
1.80597 0.257107 
0.901244 1.42482 
0.463048 1.61449 
0.0109445 2.2111 
1.07621 1.76589 
1.94907 0.265365 
1.21811 0.865365 
2.47269 0.319598 
0.70703 1.19945 
0.898379 1.78363 
2.08418 0.0594891 
2.25975 0.151686 
1.53085 0.153977 
1.42988 1.18511 
0.429556 1.8944 
0.818122 1.60905 
0.91353 1.6876 
1.78828 0.74902 
0.206274 1.74898 
0.734071 1.90178 
1.69752 0.194083 
1.86109 0.249635 
1.93771 0.933115 
1.6412 0.616774 
0.540141 1.56415 
0.0347767 1.93132 
1.26606 0.96878 
0.266427 2.02552 
1.91513 0.124685 
1.10975 1.42001 
1.46706 1.19213 
1.83471 1.13298 
1.18044 2.06118 
1.64203 0.912136 
1.45537 1.6218 
1.88672 0.651847 
0.39942 1.52143 
0.2413 1.17916 
0.971294 1.65267 
0.599096 1.30588 
1.61937 0.465087 
1.64765 0.330107 
1.64501 0.231161 
1.79411 1.23874 
1.58745 0.656747 
1.6798 0.663242 
1.05612 1.21509 
1.96261 0.962788 
6.12323e-17 1 
1 0 
1 0 
0.913388 0.407673 
0.908799 0.419409 
0.948837 0.317215 
0.793632 0.608521 
0.897926 0.440733 
0.166896 0.986678 
0.725699 0.688253 
0.1888 0.982649 
0.941709 0.336711 
0.356626 0.934404 
0.337933 0.941201 
0.591097 0.807706 
0.711075 0.70356 
0.438659 0.898827 
0.998747 0.0528716 
0.969248 0.246665 
0.857815 0.514404 
0.850152 0.526663 
0.37096 0.929066 
0.575359 0.81819 
0.987065 0.163569 
0.492356 0.870862 
0.266335 0.964177 
0.829745 0.558656 
0.10369 0.994858 
0.565717 0.824832 
0.238686 0.971572 
0.924954 0.380903 
0.98079 0.195963 
0.983932 0.180424 
0.866296 0.500149 
0.95413 0.300739 
0.964918 0.264132 
0.872153 0.490653 
0.0820156 0.996923 
0.623651 0.782297 
0.781473 0.624159 
0.499295 0.866648 
0.642178 0.766675 
0.518617 0.855585 
0.999893 0.0177721 
0.472217 0.881802 
0.929443 0.369719 
0.614461 0.789822 
0.456681 0.891109 
0.634553 0.773091 
0.73409 0.680717 
0.536054 0.844462 
0.841481 0.540645 
0.768572 0.641433 
0.205087 0.979202 
0.973767 0.230116 
0.0170943 0.999875 
0.704661 0.710812 
0.741797 0.670957 
0.426833 0.904638 
0.39674 0.918227 
0.118665 0.993079 
0.51471 0.857892 
0.777802 0.628751 
0.977296 0.212469 
0.149073 0.989266 
0.41265 0.911581 
0.99797 0.0769215 
0.837683 0.547351 
0.0314847 0.999632 
0.671404 0.741267 
0.217042 0.976331 
0.893145 0.450556 
0.685483 0.728443 
0.653648 0.756975 
0.313096 0.950017 
0.695712 0.719849 
0.935047 0.355667 
0.989758 0.143938 
0.810373 0.586012 
0.763573 0.646909 
0.879554 0.476105 
0.992262 0.125111 
0.937717 0.35163 
0.323751 0.946412 
0.285506 0.959055 
0.821029 0.571624 
0.045939 0.99919 
0.961323 0.276379 
0.551742 0.834337 
0.387114 0.922344 
0.995741 0.0962959 
0.131522 0.991731 
0.538893 0.842585 
0.888179 0.459704 
0.748612 0.663825 
0.993308 0.117935 
0.995021 0.103625 
0.29841 0.954643 
0.601549 0.799643 
0.0554086 0.998734 
