0.134794 0.237062 1.57079 
0.348272 0.266117 2.21675 
0.516648 1.16958 1.51962 
0.389942 0.520037 1.60068 
0.999687 1.15868 9.20543e-05 
0.0590461 0.068298 1.70899 
1.09546 1.37464 0.617958 
0.633564 0.558617 1.19653 
0.666314 1.07625 1.1715 
1.04646 1.10394 1.67948 
0.545854 0.884916 1.11061 
1.04922 1.37261 0.323214 
0.3539 0.260907 2.0029 
1.15643 1.67294 0.779778 
0.918138 1.36338 1.22285 
1.12956 1.52209 0.282276 
0.703533 0.85484 1.04231 
0.580922 0.960453 1.42209 
1.11633 0.779377 1.09712 
1.33522 1.09537 0.383825 
0.539117 0.675821 1.09355 
0.758181 0.333363 1.9217 
0.410301 0.807354 1.49371 
0.0739489 0.0656882 1.43913 
1.13752 0.70604 0.982385 
0.691084 1.15208 1.43392 
0.272943 0.475638 1.681 
1.02183 1.26355 1.25642 
0.985555 1.40994 0.656805 
0.181389 0.168613 1.92181 
0.689952 1.08841 0.902887 
1.16112 1.05155 1.12763 
0.761883 1.11588 1.12499 
1.74381 0.928601 0.255026 
0.475079 0.347805 1.43229 
0.760772 1.49476 0.548342 
1.87195 1.28887 0.720559 
1.52003 0.752516 0.510748 
1.31302 0.82094 0.799065 
1.26236 1.12223 0.144736 
0.570839 0.888653 1.43092 
0.510997 1.05047 1.60998 
0.965654 1.55656 0.921233 
1.46313 1.12226 0.418295 
0.35204 0.512661 1.87411 
0.775707 0.601102 1.46298 
0.138977 0.125658 1.61427 
0.513719 0.566234 1.7126 
1.30745 0.918083 1.42934 
1.21868 0.963514 1.58286 
1.1427 0.457915 1.6776 
0.973568 1.6016 0.000859622 
0.623671 0.616614 1.45529 
1.33842 0.726069 1.22144 
0.671843 0.484097 1.29109 
0.253094 0.326983 1.75545 
0.0505418 0.071001 1.71224 
0.850312 0.575748 1.5935 
0.105246 0.125092 1.56547 
0.870931 0.861803 0.976849 
0.0772703 0.173021 2.2058 
1.14206 0.89562 1.72117 
0.223944 0.204526 1.72912 
1.16294 0.748813 1.07956 
1.21727 1.41639 0.183928 
0.562107 0.368502 1.71059 
1.3355 1.13336 0.214494 
0.0299477 0.0145586 1.8495 
1.3107 1.43704 0.201404 
0.554426 0.933104 1.79976 
1.50549 0.801304 0.114445 
0.762432 0.776413 1.24114 
0.448414 0.277523 1.40309 
1.08368 0.893877 0.531862 
1.10146 0.867216 0.392858 
2.12325 1.01613 0.380671 
0.229545 0.219989 1.52955 
0.623602 0.847458 1.02415 
1.14236 0.751569 1.24615 
0.10161 0.175679 1.881 
1.12811 1.57853 0.4285 
1.24442 1.09407 0.731737 
0.990109 0.644555 1.57174 
0.399425 0.29837 1.4711 
0.978531 1.23695 0.543916 
1.23353 1.3593 0.0600657 
0.269411 0.278192 2.26588 
0.77342 1.52152 0.248506 
0.903911 1.00891 1.20404 
1.35752 1.19495 1.25647 
0.796695 0.586809 1.32174 
0.463306 0.410239 1.56745 
1.01103 1.55555 0.0942026 
0.80436 1.30258 0.674937 
0.985429 1.46359 1.14057 
0.418437 0.463044 1.52263 
0.259657 0.420319 1.86651 
1.00398 1.78774 0.293208 
0.0409347 0.0368449 1.92235 
1.56227 0.706132 0.995992 
4.32978e-17 4.32978e-17 1 
4.32978e-17 4.32978e-17 1 
0.707107 0.707107 0 
0.706375 0.708509 0.0568257 
0.707943 0.706777 0.0430268 
0.071419 0.0715356 0.995924 
0.367062 0.367147 0.85493 
0.540122 0.539424 0.647447 
0.0187536 0.0187526 0.999806 
0.177234 0.177195 0.968801 
0.477373 0.477107 0.738487 
0.445472 0.445165 0.777633 
0.0396461 0.0396694 0.999366 
0.52808 0.527676 0.666296 
0.299958 0.300336 0.906407 
0.552241 0.55224 0.625794 
0.693987 0.69308 0.199225 
0.453486 0.452816 0.769075 
0.513542 0.513425 0.688276 
0.70118 0.701975 0.132768 
0.486047 0.485712 0.727368 
0.46894 0.469214 0.748924 
0.521392 0.521433 0.676535 
0.412443 0.412503 0.812775 
0.391942 0.39274 0.833582 
0.14407 0.14412 0.97925 
0.215499 0.215397 0.952768 
0.698695 0.69847 0.158523 
0.650792 0.650402 0.393441 
0.419645 0.419827 0.806066 
0.326144 0.326214 0.887503 
0.253216 0.253171 0.934111 
0.195613 0.195545 0.96175 
0.696217 0.696389 0.1764 
0.403615 0.403298 0.822168 
0.0861259 0.0863244 0.994378 
0.0148577 0.0148615 0.999949 
0.100641 0.100591 0.990272 
0.536427 0.536493 0.652756 
0.645054 0.64396 0.414496 
0.600163 0.600507 0.529124 
0.0542175 0.0542682 0.997792 
0.0592215 0.0592455 0.996744 
0.568592 0.567969 0.596261 
0.602608 0.602366 0.524045 
0.592416 0.592182 0.546687 
0.337542 0.337461 0.879161 
0.492725 0.492556 0.718165 
0.682017 0.681819 0.267062 
0.382389 0.382294 0.842143 
0.349876 0.34948 0.870306 
0.154362 0.154216 0.97677 
0.507118 0.506261 0.699589 
0.690462 0.689874 0.224681 
0.361208 0.361251 0.859869 
0.382103 0.382502 0.842056 
0.70309 0.70388 0.108172 
0.089239 0.0893094 0.992974 
0.260909 0.260911 0.930479 
0.26647 0.266295 0.926793 
0.669232 0.669791 0.323575 
0.704167 0.70395 0.0948505 
0.398402 0.39859 0.827065 
0.0419889 0.0420275 0.998904 
0.206121 0.206227 0.95705 
0.619208 0.618082 0.486703 
0.231509 0.23175 0.946048 
0.497656 0.49748 0.711098 
0.113864 0.114001 0.988071 
0.55404 0.553913 0.621809 
0.622936 0.623095 0.476314 
0.279458 0.279356 0.919612 
0.641711 0.641891 0.420773 
0.31987 0.319616 0.893191 
0.561392 0.560681 0.610053 
0.583408 0.583806 0.566284 
0.664585 0.664438 0.343005 
0.274015 0.273869 0.92298 
0.224426 0.224395 0.948614 
0.310218 0.310295 0.899038 
0.132307 0.132203 0.983445 
0.134887 0.134965 0.982112 
0.573533 0.572961 0.586828 
0.502499 0.50257 0.70463 
0.185223 0.185165 0.965385 
0.239914 0.239831 0.941312 
0.678629 0.67842 0.283742 
0.243875 0.243847 0.938739 
0.43576 0.435733 0.788141 
0.289175 0.289262 0.912939 
0.289247 0.289207 0.912965 
0.578905 0.578508 0.575484 
0.586947 0.586723 0.559599 
0.202535 0.202631 0.958875 
0.685155 0.684368 0.252363 
0.673476 0.67325 0.306804 
0.42738 0.427076 0.797756 
0.462072 0.461603 0.758464 
0.562686 0.562629 0.607077 
0.610709 0.60992 0.50724 
