2.65265 1.71966 
2.55807 1.81272 
2.38348 3.13037 
2.01753 3.34843 
2.44218 2.8824 
2.17375 3.24882 
2.43086 2.74808 
2.3508 3.06381 
1.72079 4.00905 
2.03384 3.4963 
2.14722 3.16563 
2.33635 2.75922 
1.94503 3.85086 
2.61605 2.10891 
2.22411 3.24739 
2.4378 2.5158 
2.41586 2.76703 
2.21316 3.26421 
2.48092 2.36613 
2.15637 3.23145 
2.41295 2.62542 
2.34894 3.04565 
2.30419 3.2457 
2.48554 2.36657 
2.51736 2.41671 
2.1464 3.52133 
1.78544 4.09249 
2.13549 3.19677 
2.5032 2.28429 
2.20139 3.01316 
2.04532 3.67871 
2.24671 2.9567 
2.05589 3.36054 
1.85356 4.15441 
2.5398 2.02884 
2.15265 2.83156 
2.10035 3.10643 
2.29315 3.1578 
2.01471 3.26362 
1.62788 4.07947 
2.59906 2.14379 
2.22228 3.1505 
2.35116 3.23555 
2.46522 2.21962 
2.43787 2.89641 
2.31336 2.44271 
2.28473 2.89767 
2.04569 3.45508 
2.49309 2.12382 
2.67307 1.90447 
2.59169 2.12319 
2.48801 2.32355 
1.78136 3.54459 
2.41939 2.22516 
2.58096 2.41373 
2.55939 2.20129 
1.73658 4.19859 
1.65645 4.18776 
2.46835 2.01034 
2.48481 2.06326 
2.41836 2.86091 
2.48139 2.47124 
2.46585 2.23131 
2.67808 1.58085 
2.22561 2.88243 
2.58498 2.06912 
2.51422 2.17379 
1.60605 4.48231 
2.39617 2.34231 
2.35656 2.53485 
1.9328 3.80615 
2.40364 2.55149 
2.11753 3.59437 
2.3158 3.14942 
2.2008 3.2922 
2.3401 3.08183 
2.09146 3.22426 
2.56608 1.95577 
2.32968 3.02732 
2.4352 2.12615 
2.59824 2.07056 
2.07585 3.44609 
2.34365 2.86993 
2.66875 2.095 
2.33497 2.80782 
1.97152 3.67876 
2.41632 2.97492 
2.41175 2.61606 
2.16715 3.15373 
2.4165 2.70699 
2.19114 3.24076 
2.12869 3.59211 
2.62326 2.12027 
2.39019 2.0302 
2.46783 2.58177 
2.50978 2.59969 
2.23358 2.9808 
2.30142 3.07946 
2.4115 2.20392 
2.47721 2.52869 
0.0157535 4.01575 
2.01575 0.0157505 
2.01575 0.0157505 
1.93491 1.16323 
1.77914 1.91352 
1.92445 1.24083 
0.643851 3.8197 
1.95252 1.04419 
0.363727 3.9571 
0.459369 3.91988 
0.49384 3.90471 
0.697858 3.7796 
0.127434 4.01186 
1.75269 2.01064 
2.013 0.29016 
0.0585263 4.01541 
1.38496 2.93862 
1.3967 2.91686 
1.98917 0.704756 
0.264963 3.98814 
0.301167 3.97916 
0.330619 3.97067 
1.42435 2.86426 
1.98221 0.783805 
1.49038 2.72644 
0.799823 3.70688 
0.173259 4.00489 
0.094816 4.01418 
2.0156 0.0831808 
1.90736 1.3302 
0.96544 3.543 
2.01118 0.365265 
1.29833 3.09599 
1.09259 3.3945 
1.2427 3.18371 
1.61977 2.41128 
1.04356 3.4535 
1.07806 3.41289 
0.992737 3.51373 
1.19752 3.25135 
1.46597 2.78417 
1.89249 1.4138 
0.233277 3.99428 
1.8775 1.49613 
1.66357 2.29746 
0.532441 3.88313 
0.414684 3.93928 
1.97216 0.898518 
1.79237 1.86202 
0.727046 3.75994 
0.618213 3.83314 
1.22949 3.20736 
0.931993 3.58184 
1.60692 2.44785 
0.827129 3.67858 
1.35673 2.99417 
1.86031 1.57242 
1.5414 2.61072 
1.68409 2.2311 
0.909617 3.60279 
1.9647 0.94399 
1.81619 1.776 
1.26828 3.14011 
2.01391 0.210848 
1.00916 3.49298 
1.90615 1.34167 
1.52652 2.65088 
1.8697 1.52979 
1.05116 3.44408 
0.416612 3.93875 
1.55263 2.58678 
1.1185 3.35995 
0.947351 3.5595 
1.31116 3.07016 
1.27424 3.13203 
0.557954 3.87218 
1.12512 3.35355 
1.73435 2.07264 
1.72593 2.09996 
1.63541 2.37192 
1.59627 2.48182 
2.00051 0.569873 
1.58609 2.49947 
0.582744 3.8543 
2.00546 0.457756 
1.14952 3.31897 
1.80402 1.81383 
1.83623 1.69034 
0.206747 3.99993 
0.854023 3.65354 
1.65944 2.30774 
0.751545 3.74131 
1.74516 2.039 
1.44631 2.81827 
1.16837 3.29135 
1.97589 0.842489 
1.88745 1.43895 
1.99928 0.591952 
1.84239 1.66435 
1.51541 2.67177 
