1.3873 1.59599e-11 3.07923e-95 
1.99976 9.36343e-09 0.320337 
1.85995 3.20576e-134 1.58895e-162 
2.06841 2.261e-74 2.75872e-30 
1.49197 3.95956e-12 6.07502e-08 
1.36479 3.43058e-172 9.13878e-47 
1.59859 6.91818e-29 5.95245e-10 
1.47831 2.62574e-78 2.46911e-22 
1.98989 7.23495e-08 2.98804e-58 
1.92474 2.78342e-54 4.22509e-12 
2.19672 1.93803e-33 6.96029e-11 
1.69189 1.15317e-40 9.6789e-48 
1.64243 1.27812e-187 4.06139e-101 
1.88375 1.06656e-16 3.22096e-39 
1.65612 6.61894e-14 2.86434e-07 
1.84821 3.85508e-76 1.12169e-143 
2.00002 1.32394e-100 1.66656e-05 
1.43736 0.868748 5.09543e-30 
2.14069 2.21673e-69 3.30033e-08 
1.61955 6.53043e-27 1.73518e-20 
1.74886 2.34601e-101 1.82217e-24 
1.93761 1.9691e-49 3.22343e-07 
2.05925 1.57955e-54 7.11035e-37 
1.75678 7.24557e-86 5.66635e-18 
1.87542 2.08551e-97 7.62123e-44 
1.74257 5.74231e-32 1.20252e-63 
1.77037 1.99092e-05 1.05673e-31 
1.73547 2.15257e-22 4.36355e-14 
1.97021 3.34404e-88 5.23009e-13 
1.43006 1.18986e-38 4.38309e-20 
1.68209 8.88205e-13 7.97184e-33 
2.10614 6.3813e-07 1.09665e-36 
2.05739 1.28931e-99 1.3735e-148 
1.88058 4.09075e-21 1.89543e-62 
1.83268 6.35065e-46 2.62695e-38 
2.00379 1.33381e-198 2.00131e-82 
1.91993 1.33234e-48 0.00162067 
2.15808 4.11918e-110 9.89806e-98 
1.8665 2.82045e-54 7.748e-37 
1.99534 7.01316e-22 2.7555e-60 
1.81662 0.0202622 1.81971e-19 
2.3482 1.54682e-22 2.48191e-13 
2.03717 2.38503e-55 6.06911e-133 
1.87108 4.65164e-21 4.17803e-48 
2.05446 3.37192e-33 3.49571e-98 
2.25465 9.31245e-06 3.80161e-104 
1.45472 1.24455e-88 1.76433e-05 
1.9801 1.22654e-48 2.20175e-20 
1.95734 5.89455e-38 4.15903e-230 
1.5341 2.03975e-38 1.60685e-53 
1.64394 6.21358e-59 9.07151e-12 
1.78262 0.000573214 1.6706e-05 
1.95692 1.25383e-73 1.11951e-42 
1.62063 7.74139e-82 0.00036497 
1.55838 8.41981e-35 8.59748e-34 
1.47106 4.51019e-05 3.97252e-18 
1.80168 4.65356e-41 8.44946e-29 
1.73744 0.00158964 2.09124e-28 
2.06789 3.24711e-74 3.13921e-10 
1.39201 5.33681e-67 2.79531e-184 
1.86928 1.9735e-23 2.74291e-88 
1.7908 3.82382e-90 4.87142e-38 
1.98509 1.48325e-13 4.90727e-33 
1.18558 9.92001e-26 1.53636 
2.34689 1.15883e-09 6.65467e-22 
1.85964 3.39822e-19 9.98996e-40 
2.00555 3.60223e-41 3.09136e-24 
1.08479 1.17242e-48 1.1392 
1.79097 1.2864e-43 9.66702e-37 
1.82881 2.77874e-213 1.31881e-08 
1.83847 2.19283e-08 2.69227e-78 
1.79746 3.76581e-204 2.58073e-31 
1.96202 5.81838e-108 0.107642 
1.71202 3.43462e-152 6.37219e-24 
2.01982 1.01055e-11 1.22753e-19 
2.42247 2.21657e-26 2.29949e-39 
1.82107 4.62495e-15 6.3888e-13 
1.98903 1.95335e-06 2.58631e-51 
1.61824 1.43082e-61 4.95743e-20 
1.97216 6.65014e-187 9.70705e-263 
1.85191 2.29691e-08 1.03961e-29 
1.81442 2.40104e-62 5.58946e-114 
1.86535 4.39914e-36 3.23804e-17 
1.78811 1.24443e-46 3.81093e-32 
2.36801 1.61846e-49 1.61666e-65 
1.4371 6.12307e-11 5.41879e-15 
1.81547 1.12457e-49 2.04715e-64 
1.86495 1.84288e-29 2.46857e-14 
1.91606 3.21952e-34 4.55527e-65 
1.94072 1.48157e-28 5.7699e-56 
1.83063 1.81922e-16 5.74764e-08 
1.55431 7.25377e-48 6.30858e-91 
1.61463 0.0342432 3.26064e-46 
1.66616 9.67751e-10 9.712e-35 
1.63531 7.06415e-75 1.88891e-74 
1.69142 2.58776e-29 5.71301e-55 
1.84007 5.1805e-38 2.09044e-39 
1.9479 4.99568e-13 3.38938e-07 
1.8712 1.34931e-05 1.0409e-54 
1.74935 6.75361e-18 4.00887e-08 
3.7494e-33 6.12323e-17 1 
1 0 0 
6.12323e-17 1 0 
1 0 0 
6.12323e-17 0 1 
3.26664e-17 5.4301e-17 1.0349 
0.704519 0.711991 0.10353 
0.860748 0.0846825 0.516732 
0.753927 0.0273728 0.694621 
0.928767 0.423938 0.166045 
0.767747 0.660463 0.233395 
0.673394 0.102298 0.744335 
0.642783 0.694462 0.352212 
0.810969 0.642783 0.0924573 
0.828933 0.0521891 0.571411 
0.687165 0.141887 0.723024 
0.0994852 0.788107 0.63549 
0.787058 0.619228 0.146856 
0.316316 0.242687 0.93077 
0.0570156 0.880619 0.484205 
0.889336 0.527602 0.012801 
0.36255 0.560309 0.798484 
0.0356513 0.587804 0.837516 
0.345538 0.96578 0.0396765 
0.20684 0.0278294 0.983835 
0.878068 0.506934 0.0628287 
0.691065 0.734588 0.122575 
0.25303 0.983274 0.082737 
0.568136 0.481821 0.687512 
0.142864 0.21489 0.972034 
0.269033 0.474338 0.853319 
0.112038 0.65168 0.798584 
0.423147 0.269098 0.884124 
0.292692 0.951105 0.18999 
0.438335 0.311711 0.872435 
0.558903 0.858366 0.132377 
0.842372 0.391905 0.417186 
0.800477 0.160476 0.620162 
0.0627013 0.826082 0.59007 
0.416239 0.468456 0.82327 
0.152631 0.128516 0.988096 
0.0436171 0.992738 0.204257 
0.497334 0.781408 0.40049 
0.0107547 0.84752 0.578199 
0.963987 0.352096 0.0106709 
0.938843 0.294544 0.214455 
0.119855 0.461186 0.912719 
0.954196 0.197023 0.288014 
0.171477 0.954674 0.25834 
0.22012 0.768582 0.608061 
0.943235 0.373984 0.028275 
0.608606 0.510332 0.676242 
0.237444 0.594245 0.778052 
0.442818 0.398427 0.843484 
0.64716 0.570856 0.559703 
0.329385 0.574766 0.777878 
0.509951 0.742826 0.454381 
0.784436 0.332442 0.552616 
0.282034 0.71456 0.649863 
0.139292 0.324858 0.952709 
0.786409 0.603355 0.22843 
0.538245 0.456472 0.739174 
0.24736 0.917674 0.38208 
0.18933 0.933669 0.341637 
0.470663 0.806565 0.426061 
0.913627 0.112969 0.441166 
0.637023 0.755483 0.196911 
0.984653 0.0619931 0.299351 
0.805804 0.51415 0.337423 
0.534672 0.433222 0.749425 
0.236099 0.659897 0.73381 
0.484006 0.344189 0.840979 
0.132222 0.923361 0.371351 
0.589458 0.811474 0.07942 
0.809154 0.53752 0.28972 
0.274523 0.22459 0.965016 
0.851408 0.363383 0.404446 
0.517636 0.813305 0.358086 
0.178522 0.256682 0.95979 
0.591803 0.769952 0.275834 
0.908663 0.136668 0.43796 
0.302625 0.84688 0.471201 
0.623776 0.195697 0.767657 
0.305969 0.357828 0.897134 
0.456064 0.282705 0.876688 
0.311392 0.870343 0.424484 
0.36073 0.902792 0.276141 
0.0846642 0.844376 0.559484 
0.297739 0.967505 1.36253e-10 
0.981871 0.125212 0.241762 
0.21905 0.854062 0.526769 
0.377506 0.922071 0.140614 
0.756701 0.152971 0.659313 
0.810431 0.067974 0.616351 
0.919537 0.182178 0.407171 
0.0652608 0.764664 0.651323 
0.55029 0.737628 0.418996 
0.531074 0.438362 0.739752 
0.785931 0.023493 0.665155 
0.27039 0.926486 0.311691 
