2.21995 3.07249 
1.47831 3.95378 
2.53941 2.78873 
2.39436 3.13403 
2.33776 2.89754 
1.39157 4.36064 
1.63027 3.94172 
2.23881 2.61165 
2.24003 2.8055 
2.16302 3.44062 
2.57357 2.84803 
1.57547 3.63998 
1.50189 4.3464 
1.50322 3.99209 
2.50186 2.92309 
1.89712 3.30673 
1.53844 3.98522 
2.14368 3.64653 
1.76391 3.50922 
2.19858 2.82969 
2.25756 3.05589 
2.52424 2.37729 
1.11843 4.17885 
2.1698 3.22426 
2.03739 2.93794 
1.61945 3.6746 
1.45286 4.00901 
2.28921 3.77407 
1.51489 3.7594 
2.26134 2.59355 
2.02596 3.29601 
2.56845 2.58528 
1.86555 3.54936 
2.65079 2.70679 
1.9483 3.47933 
1.23222 4.06113 
1.83778 3.79697 
2.01963 3.54137 
1.99318 3.67943 
1.43001 4.21278 
2.16513 3.40162 
2.20558 3.09448 
2.50845 2.24968 
1.97045 3.4018 
2.63984 2.31919 
1.99888 3.30036 
2.16095 3.39633 
1.67487 3.92333 
1.67964 4.11095 
2.2524 2.73175 
2.06602 3.54651 
1.58663 3.89909 
1.47937 4.02935 
2.28641 3.35896 
2.16386 2.85889 
2.54773 2.32327 
1.65802 3.91137 
1.45187 4.47917 
1.26474 4.16215 
1.18964 3.92509 
1.56198 3.96202 
1.51211 3.86285 
1.49625 3.76781 
1.0124 4.37329 
2.01815 3.85479 
2.09876 3.25314 
2.23062 2.99598 
1.77637 3.66527 
2.35989 3.40559 
2.60932 2.83636 
2.06 3.33014 
1.96342 4.00199 
2.22672 3.47808 
1.30329 4.14815 
1.27948 4.12559 
1.7156 3.67316 
2.12032 3.4556 
1.92269 3.65893 
1.8933 3.19907 
2.02227 2.81387 
1.93201 3.43686 
2.11569 2.75175 
2.21156 3.54287 
2.4688 2.67129 
1.57322 4.28683 
1.76322 3.60997 
2.50245 3.11563 
2.26849 2.93344 
1.47141 3.92017 
2.02727 3.37858 
1.30861 4.27635 
1.81943 3.51875 
1.8125 3.3029 
1.25792 4.13966 
2.40043 3.15042 
2.45543 3.16234 
2.17888 3.45124 
1.72148 3.97712 
2.17305 3.04511 
2.46823 3.19413 
0.0659188 4.06592 
2.20056 0.200587 
1.96088 1.6471 
1.99469 1.59253 
1.94383 1.74253 
0.244048 4.04502 
2.19579 0.511261 
0.517638 3.93691 
1.36554 2.98258 
1.41313 2.87626 
2.19165 0.614232 
0.372406 4.01194 
1.38907 2.92355 
2.02922 1.53388 
0.558212 3.91888 
0.302706 4.03006 
2.18263 0.774913 
1.44075 2.82085 
0.475591 3.96591 
1.74613 2.24741 
1.08526 3.39824 
0.203436 4.05102 
1.33661 3.02504 
1.78377 2.21587 
1.83743 2.13949 
1.65745 2.48418 
1.12387 3.3789 
2.19092 0.697818 
1.05496 3.43666 
1.81643 2.19457 
1.67884 2.41472 
0.595852 3.8919 
0.814516 3.70201 
0.842857 3.66403 
2.20007 0.293598 
1.20994 3.2302 
0.150432 4.05787 
1.60594 2.61092 
1.00836 3.51052 
0.955578 3.56942 
0.117383 4.06239 
1.92756 1.79627 
1.85335 2.08147 
1.14635 3.33143 
1.47853 2.81074 
2.10119 1.12216 
1.03466 3.48267 
1.73412 2.309 
0.652173 3.85276 
2.09067 1.18295 
0.430062 4.00149 
0.983816 3.55679 
0.919617 3.60356 
0.728833 3.76428 
1.62438 2.55855 
2.19778 0.425565 
1.5955 2.67307 
1.55657 2.73452 
0.774856 3.71134 
0.689748 3.83029 
0.869146 3.63146 
1.18573 3.26429 
0.331897 4.01843 
2.17623 0.855551 
1.72052 2.35839 
1.87982 1.98852 
2.04195 1.48743 
0.630782 3.87983 
1.86558 2.03005 
1.32118 3.08352 
1.1661 3.29554 
0.701612 3.79578 
2.08957 1.25713 
1.52824 2.76658 
0.7621 3.75364 
2.19905 0.366758 
1.64429 2.52989 
1.51357 2.79329 
2.06903 1.33825 
1.57563 2.7044 
1.70978 2.40824 
2.12404 0.933777 
1.2964 3.09153 
2.06347 1.40341 
2.05735 1.44303 
2.14452 0.904423 
0.891735 3.60756 
2.07596 1.29309 
0.439877 3.97963 
1.24028 3.19558 
1.8935 1.93876 
2.10641 1.05305 
1.28764 3.14961 
2.12023 0.991239 
1.91621 1.85335 
2.16413 0.884993 
1.26694 3.15228 
1.25309 3.19094 
2.11392 1.02943 
1.9049 1.9179 
