7.14668 6.48354 
3.56215 8.80362 
9.62895 1.19339 
7.34451 5.71288 
4.35461 8.37529 
8.78954 3.03724 
9.52075 0.0423761 
7.69653 5.58567 
9.66764 0.629294 
7.89833 5.92981 
3.11221 8.78943 
9.14214 1.8437 
8.75955 1.03526 
9.64726 0.791816 
8.25025 5.37647 
3.14666 8.76681 
2.92481 9.42096 
8.75461 3.32949 
6.93846 6.50459 
4.12637 8.54493 
1.64972 9.28381 
6.37465 7.12713 
7.69449 5.62095 
6.65253 6.25603 
9.52513 0.0812373 
9.20598 2.5543 
9.60652 1.10083 
6.84769 6.04486 
2.462 8.90144 
7.17108 6.58393 
8.37427 4.18447 
7.5855 4.91889 
7.37435 5.7413 
5.64837 7.77671 
8.30709 4.33992 
7.15819 6.11621 
7.41053 5.90827 
3.64384 8.61059 
6.6228 6.75518 
8.17842 5.1955 
4.974 7.85745 
4.49496 8.35725 
4.73163 8.29781 
3.39899 8.78779 
8.03552 5.34822 
8.14681 4.24937 
9.27572 2.8748 
0.472448 9.45087 
9.69186 0.768574 
1.30699 9.03066 
9.32422 0.395067 
8.60387 2.77776 
3.99405 8.43111 
9.27049 2.10915 
9.10973 1.84203 
4.14819 8.99348 
1.73864 8.85811 
5.94434 7.37385 
8.56608 3.96931 
3.11863 9.13304 
3.54861 9.19961 
1.44521 9.36004 
0.2868 9.50085 
0.417549 9.79624 
9.09537 1.78424 
9.17432 2.47825 
2.49971 8.94276 
8.71877 4.23969 
0.671289 9.29467 
3.69455 8.96091 
5.93014 7.07979 
7.64003 5.88103 
5.26479 8.00646 
9.89478 0.823452 
4.76962 8.73882 
7.32468 5.53765 
5.75221 7.31536 
9.27899 0.656293 
9.18822 0.640638 
7.67926 5.36978 
8.43899 3.1025 
9.08153 3.91679 
3.41729 8.72733 
8.45864 4.99577 
9.24332 2.9748 
6.20639 7.29217 
9.01042 3.87053 
7.64596 4.6223 
6.85015 6.70871 
1.1061 9.8005 
6.27236 6.70687 
9.27731 2.70887 
3.3817 8.50127 
4.97058 7.71925 
4.3121 7.67458 
8.62532 4.22443 
7.00744 5.96959 
0.284066 9.14669 
2.8363 8.90119 
7.49516 6.441 
6.12323e-17 1 
1 0 
6.12323e-17 1 
1 0 
0.92232 0.386427 
0.61427 0.789096 
0.671548 0.740961 
0.498992 0.866607 
0.692914 0.72102 
0.905867 0.423561 
0.87675 0.480947 
0.312812 0.949815 
0.590236 0.807231 
0.968024 0.250858 
0.764502 0.644621 
0.893724 0.448617 
0.638167 0.769898 
0.662079 0.749434 
0.201706 0.979446 
0.415951 0.909387 
0.432247 0.901755 
0.729952 0.683498 
0.268302 0.963335 
0.522997 0.852335 
0.750281 0.661119 
0.0783402 0.996927 
0.902386 0.430929 
0.403925 0.914792 
0.843496 0.537135 
0.992978 0.1183 
0.853681 0.520797 
0.999675 0.0254864 
0.987181 0.159607 
0.83305 0.553197 
0.113211 0.993571 
0.865537 0.500845 
0.234012 0.972234 
0.131813 0.991275 
0.827013 0.562183 
0.443473 0.896288 
0.152121 0.988362 
0.972392 0.233351 
0.977645 0.210261 
0.887634 0.460549 
0.962943 0.269705 
0.950283 0.311389 
0.552237 0.833687 
0.101183 0.994868 
0.222433 0.974948 
0.943887 0.330269 
0.997729 0.0673548 
0.467105 0.884202 
0.164888 0.986312 
0.187705 0.982225 
0.981298 0.192493 
0.28298 0.959126 
0.839695 0.543059 
0.486566 0.873644 
0.934277 0.356549 
0.336465 0.941696 
0.467105 0.884202 
0.362664 0.93192 
0.856116 0.516784 
0.0666295 0.997778 
0.990427 0.13804 
0.812909 0.58239 
0.252382 0.967628 
0.566865 0.823811 
0.998995 0.044816 
0.603502 0.797362 
0.139872 0.99017 
0.601055 0.799208 
0.788656 0.614835 
0.74019 0.672398 
0.486566 0.873644 
0.249208 0.96845 
0.800367 0.59951 
0.996358 0.085274 
0.960697 0.2776 
0.990897 0.134625 
0.700189 0.713958 
0.999911 0.0133535 
0.790984 0.611837 
0.648487 0.761225 
0.972392 0.233351 
0.648487 0.761225 
0.711834 0.702347 
0.979783 0.200063 
0.994581 0.103966 
0.574134 0.818762 
0.94918 0.314733 
0.883783 0.467897 
0.944996 0.327082 
0.95598 0.29343 
0.805635 0.592412 
0.390786 0.920482 
0.704137 0.710064 
0.998995 0.044816 
0.930546 0.366175 
0.984113 0.177543 
