2.56993 2.67387 
2.77288 2.12744 
2.63534 2.11721 
2.38169 2.91479 
2.63629 1.57984 
1.68333 4.15323 
2.32076 2.65383 
2.27767 3.29555 
2.20915 3.39964 
2.66711 2.25882 
2.67244 2.40428 
2.71629 2.33515 
1.41202 3.92522 
2.69596 2.32921 
2.5401 1.93282 
2.40654 3.18667 
1.67009 4.48056 
2.06233 3.6906 
2.14266 3.48575 
2.02808 3.06169 
2.07139 3.81329 
2.64378 2.70402 
1.805 4.20521 
2.36933 3.01967 
2.53685 2.33413 
1.50837 4.5399 
1.95774 3.14609 
2.64963 2.48181 
1.97817 3.18977 
2.00897 3.04098 
1.59494 4.46319 
2.47073 3.07844 
1.35533 4.72134 
2.33293 3.67708 
2.44366 1.17181 
2.11686 3.75009 
2.31982 2.99316 
2.50612 3.15863 
2.16555 3.43775 
2.3851 2.26388 
1.24518 4.63522 
2.31312 2.96261 
2.60104 2.154 
2.34302 3.1201 
2.29793 3.27335 
2.38901 2.54882 
2.24335 3.28403 
2.62716 2.79371 
2.13269 3.8729 
1.76299 4.48954 
2.50741 1.96593 
2.42245 3.00165 
1.92969 3.75919 
1.57824 4.58251 
2.5373 2.86989 
1.93128 3.42239 
2.18503 3.9761 
2.27575 2.94866 
1.83152 4.38331 
2.5139 2.31028 
2.63779 3.01791 
1.77461 4.30597 
2.44157 2.8331 
2.00316 4.10564 
2.64201 2.72964 
1.26761 4.72945 
1.95645 3.95348 
1.75274 3.98751 
1.2033 4.84963 
2.62435 2.54841 
1.00406 4.71409 
1.35338 4.71275 
1.84089 3.71243 
2.44269 3.23668 
2.43764 3.23165 
0.856198 4.48963 
2.43665 3.37325 
2.55519 3.29346 
2.69041 2.53933 
2.38462 3.27067 
2.62436 2.55408 
2.55593 3.18741 
2.49736 2.24417 
0.72923 4.66441 
2.51264 3.25017 
1.0831 4.84041 
0.893183 4.82369 
1.54458 4.53567 
1.40977 4.61283 
2.37398 2.55488 
2.25629 3.24429 
1.06898 4.8457 
0.91932 4.76442 
2.413 3.51226 
2.28453 2.77934 
1.6035 4.40485 
2.10031 3.06724 
1.96344 3.94367 
2.29717 3.51907 
2.33818 3.16277 
2.09331 0.284165 
0.158069 4.09327 
1.33897 3.23607 
1.98598 1.40578 
2.06404 0.813196 
2.07251 0.701756 
0.644109 3.95281 
0.201639 4.08977 
1.78287 2.2513 
1.37863 3.16547 
0.899617 3.75894 
1.16085 3.48127 
1.46102 3.01816 
0.512384 4.00755 
1.81927 2.12963 
1.19303 3.44634 
1.97056 1.49278 
2.03051 1.10863 
1.30043 3.28789 
1.83835 2.06428 
2.08379 0.52474 
1.59671 2.73853 
1.9482 1.61038 
0.560136 3.98844 
1.84573 2.0315 
1.99948 1.32288 
0.679454 3.92947 
2.00764 1.28168 
0.956416 3.70837 
1.80539 2.17068 
1.43208 3.07334 
1.54874 2.84351 
0.245304 4.08459 
2.05303 0.981446 
1.10047 3.55476 
0.856961 3.79543 
0.406894 4.04736 
1.49795 2.94755 
1.69828 2.49167 
1.9624 1.54031 
0.603198 3.96548 
0.871895 3.78201 
2.03763 1.05062 
1.57219 2.79962 
0.979342 3.684 
2.09041 0.382135 
1.8986 1.8263 
0.48343 4.02465 
2.0192 1.19195 
0.791464 3.85328 
1.2582 3.35125 
1.20936 3.4176 
1.86252 1.96968 
1.23256 3.39156 
2.0878 0.462612 
1.09018 3.56568 
1.12978 3.51882 
2.05603 0.88622 
1.93487 1.67907 
2.09256 0.313818 
0.831198 3.8265 
1.06516 3.59591 
1.61799 2.69762 
2.02138 1.17354 
1.28047 3.32093 
2.07789 0.63054 
2.04254 1.01251 
2.08025 0.596764 
0.760867 3.86775 
1.40849 3.11906 
0.44127 4.03559 
1.91169 1.77743 
0.932358 3.72904 
1.93993 1.64245 
1.68153 2.53458 
0.727277 3.8913 
1.89169 1.85537 
1.66203 2.58255 
0.704873 3.90598 
2.08915 0.424597 
1.04839 3.6122 
1.5324 2.87769 
0.803871 3.83715 
1.60617 2.71833 
1.14024 3.51173 
1.74862 2.34909 
1.87596 1.9178 
2.05426 0.909935 
1.39043 3.15076 
1.62989 2.66223 
1.6485 2.61883 
1.56538 2.81192 
0.440898 4.03768 
1.92679 1.72207 
1.86563 1.95842 
1.75868 2.31767 
1.70817 2.465 
1.26505 3.34213 
0.491155 4.01767 
0.694304 3.9122 
