2.27566 3.76775 3.971 
2.82527 2.14136 3.82662 
2.55104 1.25775 2.53409 
1.57108 3.47719 3.62166 
4.23007 4.50648 5.73051 
3.79816 3.51718 2.29432 
3.43623 4.25846 2.48317 
3.05283 3.86347 3.53743 
3.46761 3.01405 2.94412 
2.2207 3.71894 3.4132 
5.00787 3.18372 4.83665 
2.25941 1.84558 3.32725 
1.99349 7.67566 4.25316 
4.07976 1.77791 3.60212 
4.41293 2.85893 3.47863 
3.9387 2.95189 5.68454 
7.61725 4.77235 9.58932 
2.72298 2.8302 3.38782 
3.0686 10.7356 1.34731 
5.76327 4.32954 3.22443 
3.71289 2.92865 3.52507 
3.59907 6.56133 3.80716 
4.52749 4.09176 6.2132 
4.10661 2.09914 3.28966 
5.42359 4.47863 3.84288 
8.1894 10.6656 8.49656 
6.11688 2.70479 7.27265 
3.28637 5.24092 5.46696 
5.54389 6.6526 1.85435 
8.07913 6.53641 5.52839 
3.62806 5.69819 5.71239 
4.86507 3.91981 7.18095 
5.19751 2.1624 4.85465 
6.86925 4.47048 6.79523 
2.3115 3.7229 6.09687 
2.48745 5.22503 4.78014 
4.20205 4.16465 3.39212 
2.51085 3.48181 1.99279 
5.17566 1.86539 2.34269 
5.00991 5.80989 7.62813 
1.26686 2.28054 3.03065 
3.778 7.32072 4.90753 
5.69585 2.20181 2.26719 
2.49606 2.34266 1.60179 
5.33563 6.38314 5.82513 
2.36396 1.69107 2.03356 
4.42804 8.95575 5.09444 
5.29734 2.3197 4.02636 
2.67919 4.28375 2.73767 
1.9337 1.6613 2.71868 
4.37234 7.00813 7.63699 
2.25047 3.28742 2.53231 
3.59445 4.92282 5.07132 
3.58919 2.1812 3.95189 
7.53694 6.29724 9.42294 
2.34666 3.16646 3.27962 
6.07223 5.68234 3.85267 
4.84593 3.65795 4.09836 
3.33637 3.0265 2.95563 
2.36539 2.94627 6.1056 
3.51804 1.82251 3.37031 
2.45155 2.65445 4.04786 
7.27057 4.25704 4.20637 
4.91697 2.78011 3.48848 
9.36093 3.90084 2.67039 
3.86253 1.50297 3.54796 
1.91426 8.56555 6.20053 
3.31652 3.25502 4.3499 
5.45151 10.0179 6.63317 
10.0419 4.70684 5.96923 
3.69219 3.14301 4.68699 
2.91471 8.27039 5.35505 
5.7936 6.75082 6.30919 
6.31576 3.82269 6.40227 
4.09735 4.87859 6.80344 
2.9012 2.39754 1.88434 
4.28104 5.05708 3.98865 
2.1769 3.95626 4.94617 
2.72851 2.40561 2.31455 
3.39014 2.68265 2.50519 
3.56673 4.21443 3.04495 
4.67742 2.81025 6.05654 
6.08306 1.77946 1.53983 
3.86879 7.45194 5.73983 
3.31585 3.93759 2.52327 
3.36772 5.59419 10.5585 
4.71213 2.11557 3.80262 
3.9001 2.33026 3.01509 
5.29266 9.04119 7.97103 
9.16809 6.12365 7.67095 
4.52654 6.02404 6.62958 
8.95178 6.09577 2.97589 
4.38113 9.34709 5.17598 
4.60881 4.20709 2.52095 
4.70361 3.73934 3.37294 
5.16124 11.0424 8.19486 
3.74573 4.47153 5.63032 
4.29425 4.47224 4.63093 
1.26051 3.42977 6.00284 
7.67005 3.04408 7.29067 
0.00195859 1.13477e-07 1.06931 
1.71159e-10 1.01866 0.00191873 
1.08492 0.902938 1.95777e-08 
0.0134631 8.41679 9.68218e-07 
3.32873e-06 0.0217868 3.16604 
3.9175 0.00111922 0.0523995 
3.94556e-06 0.0346998 2.93531 
5.60141e-06 0.00319204 1.51613 
3.32839e-06 0.0368476 2.15648 
0.000492984 0.000825949 1.94756 
0.0119371 7.66295 2.15356e-06 
0.0123007 5.34291 2.15356e-06 
0.0038603 6.46454 8.954e-05 
0.00161211 6.59039 0.00013134 
1.39893e-06 0.062262 1.14254 
3.49506 0.224278 0.00218763 
0.621664 1.99619 8.07531e-07 
2.11219 0.00368336 0.0727778 
1.86237 0.0135305 0.110921 
1.31802 0.613989 0.0594269 
0.216185 2.52128 5.43306e-07 
0.025473 8.0725 2.10671e-06 
0.00999924 1.83032 5.12329e-05 
0.000451881 3.10821 0.000468956 
0.0117367 1.33023 2.5752e-06 
1.09692 0.313505 0.090411 
2.44394 0.00234578 0.123037 
0.0107327 2.7679 1.14458e-05 
3.94556e-06 0.0439847 2.14578 
2.24855 0.00152093 0.152298 
0.781845 0.754478 0.598319 
1.0281 0.474457 0.502439 
0.000634997 4.69896 0.000148892 
0.397378 0.0670503 1.04669 
0.00066978 3.89528 0.000185086 
0.886072 0.137974 0.727111 
2.30989 0.0534238 0.0108609 
3.35746 0.00116526 0.0727778 
1.50165 0.00517061 0.20489 
2.55758 0.0182512 0.0149779 
2.8978 0.00145865 0.42635 
0.00066978 4.1702 0.00018288 
0.0013208 3.55032 0.000420278 
0.185225 2.53072 5.43306e-07 
0.00395613 4.98721 0.000125269 
0.251427 1.23616 1.49724e-05 
0.0499263 1.09521 0.00115244 
0.507326 0.172232 0.937 
3.21321 0.00130061 0.787144 
3.04986 0.0141092 0.033486 
3.21698 0.00116526 0.131783 
3.32839e-06 0.0275137 3.06518 
1.46872 0.0123349 0.389228 
0.00066978 3.3749 0.000468164 
0.929927 0.228357 0.685475 
3.13706 0.00145865 0.0693446 
0.00375125 5.09894 0.00010605 
2.89026e-06 0.0289778 3.0232 
0.837426 0.0569245 0.948351 
0.00315941 8.25199 8.60227e-05 
1.70915 0.877226 0.00198721 
3.41102 0.0133101 0.0149779 
2.73446 0.00539731 0.0678476 
2.96983 0.226906 0.00216489 
0.123919 1.94002 9.65618e-07 
0.341274 1.01693 0.174811 
0.518693 0.288899 0.904198 
0.00262851 4.43339 0.000137655 
1.8323 0.410906 0.0068259 
0.108488 0.110661 1.02128 
0.673837 0.954303 0.1941 
0.971691 0.368652 0.639558 
1.03129 0.0991358 0.444766 
1.61189 0.295103 0.0396127 
1.36665 0.501611 0.0297835 
1.74053 0.500297 0.00520999 
0.00603765 4.49613 2.89274e-05 
0.808702 0.716483 0.638081 
0.00265402 4.02007 0.000146005 
0.198143 0.533598 1.00194 
0.715702 0.29779 0.85307 
0.702247 0.801415 0.633157 
1.427 0.0191877 0.344837 
1.0594 0.413531 0.287989 
2.84284 0.00636212 0.0430032 
2.64977 0.246329 0.00176834 
0.917124 0.0613677 0.770669 
1.05747 0.345172 0.296099 
2.7933 0.0168055 0.0149776 
0.987492 0.777212 0.239772 
0.751244 0.28888 0.902203 
1.62739 0.0190419 0.0120299 
0.297587 0.976024 0.179431 
0.292541 0.470355 1.00194 
0.986204 0.575731 0.240359 
0.729869 0.288023 0.930681 
2.64182 0.295103 0.000626574 
0.000914907 0.0255087 1.07477 
0.703993 0.319051 0.861567 
0.00929645 3.48528 1.13453e-05 
