1.15243 4.75402 
1.06768 4.75547 
2.35102 3.25219 
1.96272 3.50546 
1.87504 3.31469 
2.26293 3.76683 
1.20597 4.25031 
2.01885 3.35235 
2.29295 3.38421 
2.67979 2.56068 
2.45524 3.12454 
2.51746 3.04282 
2.23396 3.67984 
2.08955 3.31024 
2.35813 3.31207 
2.16635 3.15789 
2.58953 2.41609 
2.20815 2.89714 
2.60657 1.38474 
2.17545 3.03167 
2.14793 3.49284 
2.42239 2.52371 
1.59727 4.31197 
2.37925 3.03165 
2.06944 2.84163 
2.37384 2.60244 
2.36228 3.16297 
2.13802 3.54876 
2.03663 3.44292 
2.21939 3.2114 
2.60516 2.36561 
2.61686 2.16113 
1.35158 4.53072 
2.28375 3.80227 
1.40037 4.43611 
2.4513 3.00385 
2.75704 2.37412 
1.39537 4.48156 
1.87493 3.94041 
2.10894 3.6034 
2.03316 3.53857 
2.30184 3.32249 
2.56885 2.83779 
2.52871 2.75904 
2.30247 2.65699 
2.28854 3.13769 
2.33427 3.72881 
1.60982 4.30371 
2.74954 2.339 
2.57369 2.6935 
2.44298 2.84066 
1.85302 3.69594 
2.1795 3.52675 
1.34372 4.82602 
2.10909 3.45665 
2.45593 3.28123 
1.49781 4.61633 
2.2016 3.51557 
2.27651 3.83931 
0.944382 4.78742 
2.32218 3.46068 
2.5027 2.44993 
2.07958 3.35885 
2.49037 3.10158 
2.48378 2.49416 
2.30634 3.57288 
1.32113 4.59593 
2.394 2.95743 
2.53002 2.86858 
2.69947 2.54128 
2.36342 3.53013 
2.18597 3.64128 
2.38106 3.33889 
2.25188 2.99735 
2.50711 2.82176 
1.10295 4.64854 
2.27046 3.29937 
2.52475 2.45546 
1.69498 4.26715 
1.02573 4.5855 
2.48626 3.01513 
2.04717 3.34782 
2.74821 2.47855 
2.29344 3.36354 
2.63435 1.98515 
2.29635 3.19112 
1.35531 4.59034 
2.49319 3.03327 
2.17492 3.43357 
2.5741 2.65661 
2.67767 2.69284 
2.4435 2.59285 
2.02875 3.8621 
2.62761 2.86997 
2.65907 2.5026 
2.21611 3.80965 
1.39364 4.71328 
2.59929 2.72565 
2.36806 2.85376 
2.32778 2.33212 
2.09568 0.229714 
0.158066 4.09327 
2.09568 0.229714 
0.627919 3.95229 
1.6037 2.73519 
1.63968 2.63976 
2.03736 1.07511 
0.40201 4.04947 
2.08783 0.447801 
1.53499 2.881 
0.77563 3.85727 
0.579884 3.97655 
0.332354 4.06824 
0.683759 3.91927 
0.831157 3.81652 
1.84647 2.0302 
0.291336 4.07739 
1.90722 1.79311 
1.89548 1.8549 
0.41072 4.04653 
1.94444 1.62125 
2.09134 0.357715 
0.804788 3.83736 
0.469105 4.02552 
1.93222 1.6835 
1.48934 2.96574 
1.41356 3.10491 
1.44335 3.05165 
2.09457 0.309032 
1.22923 3.39483 
1.24686 3.37274 
1.29102 3.33805 
1.8668 1.96899 
1.58882 2.76602 
1.38342 3.16275 
1.76061 2.31457 
1.98125 1.43226 
1.97031 1.49144 
1.2053 3.42643 
0.257314 4.08235 
2.04571 0.990731 
1.2696 3.33955 
2.07747 0.642789 
1.3288 3.24559 
1.35045 3.22039 
1.08955 3.56957 
1.30741 3.27972 
1.70569 2.4681 
0.743826 3.88102 
1.8168 2.13693 
1.05644 3.60453 
1.46312 3.01556 
2.08006 0.600108 
1.88105 1.89922 
1.02246 3.64142 
2.02034 1.2004 
2.00481 1.28832 
0.964477 3.71574 
0.733428 3.88725 
1.82989 2.08963 
1.55312 2.83749 
1.78621 2.23349 
0.862451 3.79187 
2.02699 1.13565 
2.08493 0.522807 
0.704124 3.90924 
0.562129 3.98626 
1.95431 1.5744 
1.5109 2.92674 
1.47186 2.99763 
1.69788 2.50965 
1.99485 1.35153 
1.72163 2.43956 
0.187749 4.0917 
1.91901 1.74322 
1.80464 2.22483 
1.16275 3.48303 
1.68466 2.52754 
1.17932 3.45736 
1.06553 3.6011 
1.64486 2.63162 
2.04967 0.975845 
0.883543 3.7723 
1.83635 2.06873 
0.939631 3.72788 
0.332334 4.07251 
1.66099 2.58869 
2.05909 0.862605 
1.74513 2.36958 
2.08324 0.543945 
1.15236 3.50038 
1.92307 1.72632 
2.01242 1.24036 
1.74782 2.35076 
0.531796 4.00847 
1.19074 3.44297 
0.538447 3.99706 
1.50754 2.92838 
0.206344 4.09011 
0.903311 3.76115 
