1.15244 0.812802 1.63214 
1.14843 1.61823 0.959434 
0.487051 1.27779 0.974435 
0.0729833 1.14748 0.98776 
0.783107 0.340584 1.47212 
1.15521 1.37119 0.762394 
0.216691 1.33459 1.44414 
0.145217 0.62807 1.53147 
0.216697 0.163898 1.49396 
0.598852 1.55031 0.786402 
1.10558 0.535062 1.50721 
0.0678695 0.0344211 2.02371 
0.214746 0.0739217 1.59929 
0.191184 1.18569 0.967938 
0.18579 1.1806 1.38559 
0.948402 0.949637 1.06043 
0.377245 1.06757 0.94122 
0.961468 1.71079 0.425253 
0.237903 0.467461 1.73612 
0.677187 0.493855 1.75386 
1.20719 0.667433 1.69915 
0.455358 0.202803 1.56555 
0.815754 0.970048 1.21623 
0.320165 1.00496 1.5122 
0.00910871 0.0102379 1.56741 
0.108483 0.0586483 1.5736 
0.790811 0.248498 1.11171 
1.0714 1.0865 1.03183 
0.363967 0.48392 1.78161 
0.987706 0.344684 1.02439 
1.20546 1.17906 0.071756 
0.861857 1.28073 0.298784 
1.7847 1.16303 0.12362 
0.380693 1.19899 1.4039 
1.02553 0.901824 0.938963 
0.244518 0.0437616 1.56006 
0.0219315 1.86841 0.273292 
0.620179 0.377093 1.84735 
0.377302 0.0400582 1.57185 
1.33643 0.662526 1.05183 
1.08154 1.06704 0.869224 
0.798429 1.63603 0.297488 
0.787151 1.08958 1.2469 
0.0388109 0.309328 1.69518 
0.00419179 1.42573 1.22368 
0.318302 0.962525 1.15145 
1.76947 1.35047 0.585324 
0.071929 0.461183 1.91547 
2.14146 0.438905 0.225612 
0.253999 1.54128 0.234192 
0.523991 1.06215 0.951046 
0.327277 0.453475 1.57325 
0.219726 0.200958 1.77328 
0.0207604 0.0165963 1.75907 
0.290773 0.0303549 1.65887 
0.64177 0.331344 1.43431 
0.4452 0.942015 1.42619 
0.999812 1.17094 0.582079 
1.77552 1.2559 0.0312219 
0.626819 1.78082 0.0805162 
1.88527 0.0128901 0.886362 
1.47393 0.307566 0.736852 
1.31929 0.436449 0.0850088 
0.181554 0.344853 1.54275 
1.31136 1.06441 0.833639 
0.521291 0.186368 1.55619 
1.12903 0.150933 0.951189 
0.995179 0.436718 1.50493 
1.3544 0.82366 1.24508 
0.740616 0.990617 1.37951 
1.37366 0.486546 0.916499 
0.14942 0.985019 2.00402 
1.69677 0.610523 0.173932 
0.244251 0.0897772 1.52304 
1.42532 0.095334 1.19419 
0.125139 0.717745 1.79258 
0.050989 0.778118 1.29096 
1.15754 0.844947 1.10951 
0.500509 1.01372 1.43627 
0.961307 0.460077 1.614 
0.310636 0.877404 1.2685 
1.57627 1.40443 0.30538 
0.254843 0.96663 1.4585 
0.0671584 0.00456771 1.79941 
0.385606 0.525844 1.48062 
0.718989 0.537259 1.27805 
1.19337 1.10048 1.13759 
0.229234 0.815639 1.76549 
1.60203 0.00822016 0.672523 
0.66442 0.181922 1.72524 
0.565159 0.894448 1.50888 
0.784177 1.29695 1.30112 
0.706852 0.170557 1.7677 
1.15885 0.34074 2.06102 
0.748669 0.672312 0.994996 
1.32649 0.367239 0.907921 
0.333422 0.987334 1.60166 
0.319147 1.66135 0.959716 
1.81177 0.877564 0.0846959 
0.702977 0.482478 1.55317 
3.7494e-33 6.12323e-17 1 
6.12323e-17 1 0 
1 0 0 
6.12323e-17 0 1 
1 0 0 
5.30709e-17 3.8481e-17 1.07058 
0.596898 0.829944 0.107956 
0.448839 0.0625691 0.90745 
0.618208 0.0912425 0.791225 
0.738877 0.395468 0.558881 
0.378632 0.123107 0.926621 
0.820832 0.577831 0.0562216 
0.56733 0.711804 0.488899 
0.509593 0.872452 0.0410235 
0.527882 0.419146 0.751517 
0.0120089 0.318715 0.964277 
0.303968 0.88702 0.386176 
0.288833 0.808855 0.58059 
0.226188 0.789368 0.616529 
0.791729 0.611696 0.172059 
0.114213 0.892965 0.478221 
0.865436 0.543743 0.0647581 
0.312235 0.35801 0.911566 
0.540984 0.0157523 0.875847 
0.143462 0.901604 0.426063 
0.0824631 0.841264 0.59121 
0.121908 0.854394 0.52875 
0.0729992 0.983383 0.224658 
0.942869 0.20049 0.347741 
0.0236656 0.494835 0.892382 
0.918272 0.331731 0.32768 
0.52025 0.815703 0.307062 
0.238682 0.930155 0.322289 
0.501281 0.161268 0.857527 
0.838943 0.520609 0.207643 
0.701464 0.662725 0.285792 
0.466702 0.596132 0.683551 
0.343457 0.799841 0.513619 
0.0956879 0.261112 0.973051 
0.386576 0.925724 0.269124 
0.744486 0.467752 0.518793 
1.63716e-17 6.03133e-17 1.02063 
0.254621 0.252995 0.942025 
0.327688 0.956236 0.140622 
0.198152 0.364297 0.950624 
0.363546 0.0477848 0.941626 
0.162249 0.445211 0.909292 
0.990169 0.146141 0.129915 
0.126143 0.77323 0.642269 
0.487089 0.625723 0.676026 
0.72699 0.430691 0.547607 
5.71482e-17 3.18038e-17 1.06809 
0.789856 0.439856 0.449097 
0.634892 0.777646 0.215131 
0.0563328 0.743748 0.693269 
0.78782 0.343923 0.526649 
0.670157 0.105166 0.75877 
0.561854 0.600996 0.59078 
0.0295701 0.574355 0.824854 
0.417857 0.920424 0.0126189 
0.766458 0.642516 0.206522 
0.759505 0.654224 0.188864 
0.278754 0.966806 0.0785793 
0.963107 0.226903 0.236351 
0.645743 0.173213 0.772947 
0.00796877 0.241265 0.994184 
0.470541 0.303506 0.840475 
0.93502 0.27434 0.320477 
0.722056 0.245486 0.724185 
0.183732 0.762779 0.643206 
0.854538 0.511013 0.157721 
0.214942 0.586533 0.798013 
0.90054 0.191489 0.419642 
0.421617 0.720267 0.590797 
0.662537 0.292863 0.709317 
0.882164 0.280549 0.421934 
0.408652 0.659346 0.661324 
0.15279 0.529758 0.846393 
0.484679 0.37701 0.810485 
0.577666 0.729142 0.404832 
0.214986 0.00579332 0.982667 
0.174031 0.507847 0.864063 
0.939088 0.385576 0.0916825 
0.676049 0.695381 0.3322 
0.503007 0.631101 0.602261 
0.225707 0.485416 0.858654 
0.778699 0.669542 0.172635 
0.952375 0.140563 0.325056 
0.0631557 0.230317 0.981497 
0.353064 0.759315 0.587185 
0.649124 0.699736 0.367556 
0.638374 0.0942188 0.773418 
0.2643 0.557718 0.80024 
0.695758 0.731125 0.166058 
0.941372 0.0731865 0.401121 
0.970668 0.213062 0.253117 
0.75331 0.631494 0.267427 
0.773016 0.699303 0.0209104 
0.475711 0.113665 0.885097 
0.65307 0.686524 0.378981 
