2.13848 2.95717e-06 
2.01352 1.12074e-23 
1.52028 8.71135e-35 
1.77885 7.69581e-73 
2.06715 2.08341e-26 
1.73588 6.62735e-161 
1.90375 0.000239427 
2.13118 5.13029e-75 
1.71251 2.01725e-12 
2.06808 1.12797e-57 
1.89792 4.1349e-07 
2.20921 8.78543e-08 
1.89484 1.85009e-45 
1.99713 6.18477e-17 
2.0538 1.2626e-18 
1.82944 8.24249e-33 
2.17767 2.04065e-14 
1.83902 3.8433e-63 
1.73263 0.21753 
1.96387 2.08995e-173 
1.50109 1.75875e-91 
1.60593 5.08525e-22 
2.24168 1.41266e-38 
1.35101 5.25024e-247 
1.73326 0.0936426 
1.70937 1.24146e-43 
2.31323 1.11612e-31 
2.00502 1.64696e-14 
1.74751 2.08292e-96 
1.65194 1.28578e-21 
1.9564 5.23756e-32 
1.86145 2.65465e-42 
1.92703 3.67332e-79 
2.55499 1.75726e-46 
1.80808 6.34502e-54 
1.71531 3.94036e-22 
1.89245 4.58853e-12 
1.7726 2.95678e-40 
1.44871 6.83069e-179 
1.91807 2.11112e-21 
1.42218 9.17736e-22 
2.06274 3.54831e-17 
1.84063 2.45036e-69 
1.0171 0.979881 
1.64998 0.000160941 
1.79115 1.14567e-19 
1.99939 0.00139292 
1.84885 1.83287e-55 
1.6244 8.69875e-96 
1.88459 2.10913e-46 
1.595 8.44592e-105 
1.42977 7.40986e-23 
1.69366 8.49914e-57 
1.84372 6.3105e-23 
1.4734 8.09565e-43 
1.65163 1.85897e-71 
1.59014 4.73435e-32 
1.82121 2.34546e-30 
1.3992 7.7244e-39 
2.5186 4.20338e-05 
2.52459 7.02068e-32 
1.80233 1.14252e-78 
1.64917 3.12656e-56 
2.06011 6.10877e-48 
1.57463 2.10816e-13 
1.6364 3.41646e-69 
1.67802 7.86559e-195 
2.23546 1.02296e-32 
1.86737 1.35252e-30 
1.45456 3.46956e-09 
1.74859 1.90336e-33 
1.91506 3.03505e-22 
1.98726 6.48349e-63 
2.33199 4.55021e-36 
2.22256 4.23016e-15 
1.68449 1.02254e-237 
1.48269 1.79997e-40 
1.56323 0.482424 
1.71014 2.86492e-123 
1.50547 9.75421e-97 
1.70552 2.00199e-24 
1.56286 2.76476e-09 
1.93051 2.86284e-09 
1.82999 2.34512e-79 
1.73194 7.88375e-77 
2.35961 6.38865e-101 
1.9696 2.81399e-124 
1.94512 9.23521e-36 
2.05533 0.000213755 
1.75005 1.69293e-57 
2.20553 2.75359e-40 
1.68599 0.0695219 
1.94035 7.50286e-98 
1.89417 2.13789e-29 
2.0689 1.59811e-16 
2.4144 4.00232e-28 
1.96589 8.26715e-25 
1.7353 1.32021e-08 
1.8021 1.47754e-53 
1.86578 4.21077e-13 
6.12323e-17 1 
1 0 
1 0 
0.881791 0.471919 
0.318733 0.949573 
0.392769 0.919939 
0.861631 0.508224 
0.868997 0.495766 
0.290257 0.957479 
0.0717467 0.997856 
0.102373 0.995621 
0.946523 0.323257 
0.419777 0.907972 
0.659337 0.753186 
0.999929 0.0213694 
0.827544 0.561744 
0.6335 0.774057 
0.531133 0.847503 
0.847187 0.532416 
0.499298 0.86685 
0.977695 0.211332 
0.275649 0.96258 
0.575288 0.8185 
0.814973 0.582536 
0.892925 0.450557 
0.258644 0.966092 
0.938228 0.346274 
0.377525 0.92654 
0.930379 0.368625 
0.548872 0.836095 
0.487242 0.873792 
0.71653 0.698802 
0.747675 0.664716 
0.45062 0.893186 
0.83374 0.553377 
0.339542 0.940761 
0.0512062 0.998878 
0.952094 0.307103 
0.992977 0.121014 
0.560701 0.828354 
0.439417 0.898497 
0.513953 0.858512 
0.994962 0.102791 
0.701274 0.713778 
0.974683 0.231197 
0.799218 0.601529 
0.980841 0.196086 
0.7267 0.687482 
0.9991 0.0477579 
0.971962 0.237904 
0.366078 0.930829 
0.841465 0.540879 
0.997638 0.0720359 
0.911002 0.414203 
0.223999 0.975635 
0.903469 0.429148 
0.936642 0.351559 
0.790371 0.613943 
0.204263 0.979566 
0.96753 0.254937 
0.42871 0.904326 
0.174178 0.985096 
0.690961 0.724088 
0.476542 0.880114 
0.519838 0.854696 
0.46249 0.88676 
0.991404 0.13298 
0.920957 0.391294 
0.672992 0.740595 
0.772436 0.636158 
0.614118 0.789472 
0.0142777 0.999913 
0.779246 0.627459 
0.660817 0.751001 
0.900954 0.43439 
0.038797 0.999656 
0.960052 0.281064 
0.962482 0.272594 
0.914349 0.406375 
0.144819 0.989935 
0.120346 0.992783 
0.584131 0.812153 
0.0264037 0.999728 
0.244664 0.969798 
0.895338 0.446915 
0.754964 0.656129 
0.989712 0.144687 
0.160581 0.988111 
0.988996 0.154198 
0.738358 0.674846 
0.130229 0.991765 
0.589957 0.808249 
0.966686 0.262349 
0.62159 0.784361 
0.99909 0.058507 
0.956588 0.292105 
0.626877 0.780034 
0.996623 0.0865316 
0.468841 0.883755 
0.681702 0.731847 
