1.66659 3.5427 
1.74282 3.49433 
1.59548 3.67986 
1.86276 3.78997 
2.53499 1.73217 
2.01901 3.28354 
1.95617 3.26619 
2.45532 2.13294 
2.18239 2.11772 
1.9606 3.24432 
2.13389 2.89084 
2.16997 3.1706 
1.97136 3.33383 
2.2838 2.13919 
2.02378 3.29074 
2.05295 2.99759 
2.08646 2.99473 
1.92818 3.12226 
2.04231 2.79226 
1.14414 4.18208 
1.80432 3.46162 
2.19876 2.33804 
2.10689 2.96478 
1.54038 4.02734 
1.79789 3.55861 
2.15243 2.69752 
1.81599 3.56061 
2.21294 2.7874 
2.20588 2.17985 
2.11874 2.9574 
2.14052 3.25262 
2.31733 2.06319 
2.52377 2.21587 
1.58133 3.66919 
1.65803 3.69522 
2.02431 3.2819 
1.82915 3.52356 
2.45415 1.07075 
2.27669 2.44426 
1.56332 4.02041 
2.14413 2.74219 
1.84306 3.68322 
1.6002 3.96134 
2.20769 2.50105 
2.33299 2.11047 
1.98904 3.34602 
1.78264 3.73877 
1.6275 3.64988 
1.87573 3.45952 
2.07392 3.30848 
2.2277 2.69718 
1.73985 3.74436 
2.13314 2.89756 
2.02749 3.46397 
1.95913 3.254 
2.09584 3.03373 
1.59837 4.08294 
1.42557 3.86826 
1.77338 3.70168 
2.38174 2.26997 
1.90369 3.1412 
2.03649 3.11848 
2.30485 2.48538 
2.01876 3.36274 
1.49531 4.11118 
2.26019 2.07411 
2.09244 2.80058 
1.96671 3.56368 
1.85276 3.34025 
2.46893 2.2771 
1.81881 3.59286 
1.19537 4.09925 
1.89389 3.53194 
1.54921 3.82425 
1.83003 3.57617 
2.48435 2.36405 
2.14257 3.02841 
2.23546 2.3852 
2.00016 3.01298 
1.95501 3.04759 
1.83293 3.41053 
1.85556 3.66277 
2.03948 3.35798 
1.74597 3.82256 
2.34515 1.61549 
1.57336 3.98327 
1.72086 4.0387 
1.96311 3.21408 
1.99104 3.34179 
2.25178 2.78001 
2.08912 2.94469 
2.07289 2.82355 
1.97142 3.47473 
1.87749 3.42078 
2.17788 3.00732 
1.51652 4.11131 
1.97436 3.43189 
1.76604 3.76709 
1.07236 4.37026 
1.63935 3.85192 
0.07704 4.04963 
2.05 0.0500315 
2.05 0.0500315 
0.706411 3.82843 
1.14518 3.39699 
1.38803 3.02299 
1.84896 1.79786 
0.604107 3.89342 
0.113971 4.04795 
0.17225 4.04252 
0.428893 3.97756 
1.87179 1.70054 
0.84708 3.7186 
0.547615 3.92421 
1.93033 1.41286 
1.60743 2.55951 
0.325415 4.01189 
1.83693 1.84652 
1.58209 2.62114 
1.11187 3.43965 
0.676465 3.84871 
1.28741 3.1925 
2.00642 0.880428 
1.36187 3.06927 
1.98479 1.06308 
1.21048 3.30778 
1.50434 2.79582 
1.73145 2.21584 
0.530721 3.93273 
1.32155 3.1375 
2.02616 0.665828 
0.757891 3.79106 
2.01731 0.770201 
1.17755 3.35372 
0.253447 4.02925 
0.381745 3.99459 
1.91448 1.49738 
1.88406 1.64527 
1.90207 1.55973 
0.645813 3.86838 
1.8196 1.91388 
1.44202 2.92212 
1.47951 2.84751 
2.0492 0.163275 
0.990674 3.57995 
1.03598 3.53013 
0.381883 3.99454 
1.99492 0.982253 
2.02212 0.715614 
0.629798 3.87823 
0.808925 3.75083 
2.04257 0.394577 
0.89092 3.67924 
2.0315 0.592831 
1.95197 1.28697 
0.20708 4.03764 
1.05965 3.50289 
1.62225 2.52228 
2.04724 0.260037 
1.76677 2.10202 
2.0492 0.163275 
0.266859 4.02642 
1.7568 2.13504 
2.00198 0.921239 
1.08515 3.47255 
1.97009 1.16937 
1.93889 1.36469 
1.42246 2.95954 
0.925439 3.64645 
0.874835 3.69398 
2.03467 0.544245 
1.97736 1.11827 
1.74582 2.17056 
0.779249 3.77462 
1.18676 3.34107 
1.68596 2.351 
0.490971 3.95156 
0.297056 4.01936 
2.03951 0.459155 
1.81177 1.94333 
1.66907 2.39828 
0.463592 3.96354 
0.808925 3.75083 
2.04559 0.315402 
1.80115 1.98233 
0.969456 3.60224 
1.01791 3.55037 
1.22931 3.28062 
1.34266 3.10222 
1.54321 2.71108 
1.32639 3.1295 
1.71789 2.25739 
1.94531 1.32719 
1.51484 2.77342 
0.206982 4.03766 
1.99579 0.97501 
1.05357 3.50997 
0.07704 4.04963 
1.95807 1.24876 
0.946355 3.62578 
