1.92834 3.48373 
1.56412 4.0134 
1.69808 3.619 
1.92002 3.48667 
1.83993 3.67506 
2.029 3.44345 
1.39457 3.98578 
1.68459 3.8438 
1.89518 3.52129 
1.85238 3.71849 
1.77635 3.56211 
2.2649 2.44468 
1.1261 4.2758 
2.08252 3.29839 
1.84422 3.56694 
1.73095 3.47987 
2.2454 2.63132 
1.64149 3.73581 
2.24256 2.60574 
2.29596 2.24218 
2.19181 2.43876 
2.37103 2.18352 
1.90137 3.35361 
2.22558 2.39396 
1.52926 4.09023 
2.0075 3.38855 
2.21147 2.04134 
2.06028 3.37188 
2.00317 2.95755 
1.80398 3.52131 
2.47211 1.60224 
2.13168 2.91695 
2.04613 3.16907 
1.92677 3.61706 
2.37264 2.07938 
1.35899 4.12327 
1.77766 3.55082 
2.33079 2.153 
2.14567 2.75952 
2.0832 3.28258 
1.9232 3.41488 
2.09339 2.99295 
2.04113 3.02377 
1.58891 3.65806 
2.36254 2.23649 
1.40486 4.073 
2.18602 2.92086 
1.7889 3.69815 
1.66804 3.93441 
2.12924 2.89575 
2.06538 3.13125 
1.92182 3.45001 
2.05285 3.06693 
1.59916 4.05123 
1.77699 3.5891 
1.63755 3.77335 
2.04331 3.37329 
2.09338 3.0866 
1.7196 3.63219 
2.06119 2.88266 
1.54924 3.82817 
1.71552 3.72831 
2.03528 3.52752 
1.75744 3.8015 
1.69545 3.91201 
1.78669 3.56021 
1.84975 3.78834 
2.34791 2.55449 
1.44361 4.00765 
1.69682 3.44653 
2.06025 3.19012 
2.02877 3.26797 
1.76686 3.414 
1.89863 3.08861 
1.72888 3.70553 
1.3194 4.2783 
1.85497 3.55823 
1.81529 3.536 
1.86824 3.66137 
2.32422 2.43041 
1.32651 4.29047 
2.13342 3.00205 
1.92034 3.15599 
1.63511 3.95345 
2.11347 3.03765 
2.16228 3.12137 
1.17874 4.19076 
1.39558 4.29707 
1.58854 3.82668 
2.01743 3.46604 
1.98319 3.23011 
1.81761 3.55137 
1.80739 3.49455 
2.38699 2.01206 
2.2711 2.62399 
1.82429 3.84434 
1.7531 3.60649 
1.91328 3.52435 
1.67529 3.61533 
1.83412 3.62112 
0.0561609 4.04998 
2.05 0.0500674 
2.05 0.0500674 
0.0561609 4.04998 
2.04238 0.398834 
1.32004 3.13999 
0.762779 3.78735 
1.91606 1.48921 
1.15382 3.38561 
2.03714 0.50285 
0.141464 4.04581 
1.90278 1.55626 
0.094347 4.04902 
0.27308 4.02504 
0.432506 3.97616 
1.72321 2.24124 
0.555972 3.91988 
0.842871 3.72225 
0.179203 4.04164 
1.27734 3.20826 
1.98165 1.08676 
2.01143 0.831741 
1.18389 3.34502 
0.465999 3.96252 
1.95198 1.28691 
0.394897 3.99007 
0.491699 3.95123 
1.97493 1.13564 
1.82276 1.90184 
1.83505 1.854 
1.37211 3.05135 
0.72346 3.8164 
1.93796 1.37 
2.04905 0.173549 
1.89058 1.61496 
0.813669 3.74692 
2.04999 0.0645402 
0.222142 4.03516 
1.706 2.29291 
2.04658 0.28372 
1.86325 1.73774 
1.8717 1.70094 
0.943468 3.62867 
1.52506 2.75126 
0.591436 3.90063 
2.04876 0.190669 
2.02498 0.680759 
0.639894 3.87205 
1.35393 3.083 
1.4806 2.84526 
2.00609 0.883535 
2.03217 0.582884 
1.85233 1.7839 
1.67787 2.37383 
1.44712 2.91221 
1.99138 1.01132 
0.29925 4.01882 
0.614786 3.8872 
0.791981 3.76455 
1.13002 3.41663 
1.46382 2.87921 
2.01819 0.760535 
2.04658 0.28372 
1.11429 3.43662 
1.95582 1.26301 
1.92896 1.42041 
1.9997 0.941471 
1.05444 3.50896 
0.216151 4.03617 
1.21736 3.29793 
1.96345 1.21399 
1.6364 2.48585 
2.01922 0.749065 
1.2498 3.2503 
1.60547 2.56436 
1.74537 2.172 
1.77168 2.08549 
1.03681 3.52919 
1.49974 2.80554 
0.360794 4.00141 
1.07375 3.48624 
0.523169 3.93644 
0.714873 3.8225 
1.73898 2.1923 
0.8938 3.67657 
1.51242 2.77861 
1.5403 2.71759 
0.692119 3.83824 
0.318244 4.01386 
0.968706 3.60302 
0.871034 3.69741 
1.65027 2.44927 
2.02479 0.683091 
0.372534 3.99764 
1.88215 1.65402 
1.33916 3.10814 
1.75693 2.1346 
1.62063 2.52639 
1.69149 2.33517 
1.55786 2.67782 
