0.465521 0.417719 17.5509 
0.478047 0.526601 19.192 
0.223102 0.326932 19.8666 
0.554151 0.68192 20.8729 
0.301969 0.062004 20.137 
0.868777 0.0296366 18.0223 
0.723241 0.0813763 19.1844 
0.397231 0.511175 17.0649 
0.627598 0.148555 18.4508 
0.0141939 0.0326804 16.788 
0.788922 0.610788 19.7593 
0.18236 0.591548 18.9338 
0.0112676 0.197212 17.6926 
0.224193 0.0691168 19.8946 
0.840541 0.493392 18.0744 
0.140864 0.524811 21.3201 
0.0439119 0.933824 16.1842 
0.481879 0.640521 19.5603 
0.33442 0.785001 16.7207 
0.805167 0.548673 18.2332 
0.400994 0.257881 16.281 
0.154539 0.135404 16.1931 
0.905825 0.329484 16.4675 
0.974128 0.412119 19.2106 
0.515267 0.339937 16.7962 
0.64364 0.507164 18.3792 
0.394879 0.665684 17.5967 
0.469777 0.685714 16.9779 
0.954022 0.375726 17.3328 
0.364468 0.117307 23.7364 
0.677896 0.829011 13.4491 
0.851086 0.257349 15.6951 
0.242817 0.871354 17.139 
0.18997 0.439457 20.5451 
0.731994 0.29626 18.9391 
0.36307 0.353369 18.9727 
0.771116 0.682404 19.0874 
0.174005 0.296734 16.481 
0.348389 0.925813 17.9674 
0.82001 0.503681 17.2772 
0.866635 0.543187 18.2463 
0.234452 0.438935 20.6896 
0.598959 0.91555 17.3003 
0.669613 0.0891817 19.8405 
0.183703 0.937545 17.2865 
0.915465 0.247441 17.7402 
0.00954428 0.0448358 21.9246 
0.431412 0.487077 17.9652 
0.915925 0.82801 15.8963 
0.834254 0.0288827 16.7769 
0.422716 0.771132 17.5196 
0.847066 0.0983369 17.3246 
0.508529 0.217114 19.9852 
0.449908 0.512343 21.1413 
0.175189 0.301194 18.9721 
0.948281 0.958513 11.9587 
0.899792 0.82711 14.1008 
0.767621 0.387152 17.2537 
0.477341 0.195737 20.3085 
0.445991 0.891293 16.7383 
0.738114 0.529093 16.8441 
0.607733 0.933597 16.2142 
0.391591 0.282188 20.0678 
0.820409 0.993219 14.3279 
0.721465 0.191295 15.3762 
0.388842 0.170222 14.3941 
0.618872 0.870956 15.1745 
0.0928291 0.720818 17.5001 
0.0430167 0.116975 17.4477 
0.615509 0.038887 18.2768 
0.90361 0.00294754 21.6593 
0.780404 0.60934 15.2227 
0.623495 0.509403 18.8981 
0.650898 0.796921 14.5853 
0.953249 0.00808951 21.1591 
0.377109 0.392512 20.5568 
0.0301065 0.891856 16.3077 
0.542077 0.393247 21.0405 
0.760262 0.642331 17.2606 
0.732516 0.943028 15.3533 
0.0583285 0.321915 21.6303 
0.951618 0.731508 15.1553 
0.646143 0.462351 16.2372 
0.89791 0.30478 16.8499 
0.543128 0.775928 17.7793 
0.895578 0.770994 14.8786 
0.463014 0.0993108 17.9044 
0.694639 0.382701 19.0677 
0.694759 0.812838 15.8992 
0.225132 0.627216 19.5816 
0.230617 0.628029 19.31 
0.338151 0.825764 19.9003 
0.656978 0.177526 20.8742 
0.0285971 0.494352 17.9095 
0.727019 0.859602 18.1792 
0.420203 0.999154 15.0319 
0.247883 0.519511 18.8527 
0.520931 0.0610507 19.3667 
0.444209 0.736216 16.087 
0.836375 0.0122064 17.9117 
0 0 6 
0.859414 0.8594 2.61401 
0.812919 0.911809 2.80378 
0.969943 0.695933 3.87348 
0.761136 0.357494 4.37045 
0.695536 0.568538 5.00299 
0.589298 0.716217 4.76466 
0.415541 0.722245 4.79166 
0.919855 0.708344 3.47006 
0.330074 0.202122 5.26672 
0.415541 0.722245 4.79166 
0.874311 0.801772 2.74744 
0.172672 0.652089 5.09215 
0.0122378 0.036304 5.93787 
0.249225 0.232231 5.15175 
0.629186 0.825107 3.94074 
0.687469 0.58489 5.00119 
0.315042 0.669959 4.94017 
0.676142 0.882883 3.59233 
0.294898 0.14937 5.30384 
0.716706 0.333808 4.62537 
0.649858 0.294542 5.05282 
0.660951 0.864677 3.68274 
0.0317977 0.100337 5.77712 
0.61684 0.196365 5.27721 
0.0909337 0.222569 5.42537 
0.00303484 0.272161 5.57636 
0.72737 0.0901948 4.72086 
0.747434 0.850363 3.04719 
0.890009 0.709053 3.35913 
0.0191414 0.163324 5.65086 
0.272301 0.0225359 5.55228 
0.189206 0.210044 5.22306 
0.802974 0.798278 2.87332 
0.731993 0.878177 3.16619 
0.0652741 0.0520426 5.8205 
0.721883 0.906172 3.3121 
0.818205 0.326284 4.02395 
0.136647 0.308851 5.35265 
0.657479 0.730154 4.25795 
0.81267 0.749576 3.11254 
0.169956 0.883821 3.99071 
0.206741 0.246428 5.17464 
0.187812 0.782236 4.15259 
0.682635 0.880355 3.53935 
0.707728 0.311982 4.65083 
0.039936 0.639693 5.46657 
0.682635 0.607636 4.92827 
0 0.131522 5.7441 
0.237223 0.781211 4.10606 
0.0775997 0.895887 4.23003 
0.230829 0.0642148 5.47853 
0.263407 0.674353 4.85213 
0.00822302 0.193318 5.61057 
0.111094 0.070372 5.67901 
0.642174 0.664331 4.85504 
0.75173 0.699509 3.79553 
0.750845 0.837333 3.03995 
0.665404 0.786531 3.84474 
0.865205 0.713784 3.28789 
0.812919 0.152296 4.08597 
0.219319 0.113618 5.37449 
0.156048 0.0193315 5.66585 
0.84065 0.295562 3.92213 
0.790737 0.796233 2.93711 
0.0771831 0.719754 4.80646 
0 0.883821 4.33054 
0.113609 0.757692 4.45583 
0.774122 0.911113 2.98101 
0.272846 0.872052 3.89322 
0.127597 0.801453 4.18636 
0.191625 0.0114573 5.60933 
0.886826 0.796233 2.7924 
0.130974 0.61702 5.40666 
0.145296 0.251544 5.28554 
0.865205 0.753537 3.0045 
0.219319 0.113618 5.37449 
0.742346 0.826864 3.11974 
0.0532379 0.774307 4.4893 
0.70209 0.664791 4.4148 
0.0513416 0.772275 4.5046 
0.707728 0.070372 4.91147 
0.263282 0.204056 5.17968 
0.0894073 0.693111 4.97979 
0.865205 0.175202 3.95849 
0.667621 0.0156332 5.30845 
0.255591 0.00583471 5.56729 
0.0258599 0.0567471 5.88223 
0.851368 0.171951 3.96584 
0.13469 0.0194754 5.71366 
0.851368 0.76356 2.94165 
0.820731 0.868684 2.67472 
0.233414 0.0781233 5.44727 
0.0803496 0.242138 5.43889 
0.797894 0.796233 2.90402 
0.704095 0.611996 4.74222 
0.2659 0.829412 3.918 
0.644908 0.871855 3.79954 
0.709492 0.732124 3.85618 
0.653278 0.87719 3.74843 
