8.44533 8.44812 
11.3568 11.051 
6.56228 10.1469 
5.92736 5.32869 
9.93166 8.57615 
5.56186 9.42848 
10.7514 7.66792 
7.33746 9.74944 
8.171 3.54079 
11.1141 7.29589 
5.73746 9.0482 
8.62838 6.44369 
5.88759 6.59232 
9.0116 6.07751 
11.022 6.46127 
6.46155 9.76657 
9.4562 3.76723 
4.00672 6.5513 
4.52916 11.5957 
5.38455 8.15284 
5.55761 7.44844 
6.5691 6.78039 
8.07137 10.9277 
9.23306 4.82788 
4.15728 9.49532 
10.099 4.40069 
10.3495 6.96655 
12.7182 8.11212 
6.26313 5.058 
7.08636 4.9142 
4.49989 7.04124 
6.58131 3.82105 
10.603 10.6154 
4.38288 10.0506 
8.5309 7.42141 
6.85555 6.24472 
5.11667 8.96305 
6.80823 6.50717 
8.49799 6.7428 
7.74323 7.02271 
9.2529 7.49262 
8.69523 8.38933 
8.74561 5.80429 
8.70963 7.66645 
10.8928 6.97024 
5.09999 5.00361 
12.5722 5.02024 
7.51187 7.74356 
7.44384 5.7089 
3.63811 5.81214 
6.6817 10.9846 
8.50417 7.867 
8.01151 6.17616 
8.8799 9.14805 
10.4525 10.7478 
8.90731 4.81081 
7.23358 8.17402 
10.2224 5.97804 
4.22025 7.65295 
7.10054 9.44887 
8.14862 4.81721 
5.99585 6.06756 
10.6638 5.86268 
6.2728 5.2057 
7.54354 6.32684 
8.22375 10.8607 
9.00858 4.33338 
9.27585 6.64324 
5.75645 14.4143 
10.5514 4.50425 
8.51179 6.2769 
8.48162 4.48641 
7.98632 8.53716 
8.64377 7.58454 
9.16508 4.0503 
5.78466 12.7056 
7.10611 7.0433 
4.70864 6.19417 
8.69505 9.63759 
6.7378 6.09279 
9.11309 9.37377 
5.75229 6.8808 
12.0454 8.12472 
8.02295 5.97345 
6.60439 4.96902 
12.5979 7.46871 
6.60459 8.61352 
8.83072 5.19295 
7.22384 8.42388 
9.11576 5.44712 
10.0439 8.9103 
8.54286 8.3462 
9.18151 9.31912 
5.84657 6.99459 
6.63437 2.96372 
7.66107 4.69966 
5.30664 6.73737 
6.23427 5.64211 
4.36666 6.50909 
6.34063 6.9482 
1.00854 4.12493e-05 
1.18008e-08 1.27669 
0.333307 0.726619 
0.00315883 1.00004 
0.750001 0.366841 
0.528308 0.500115 
1.55603e-08 1.12375 
1.18008e-08 1.27085 
0.947872 0.16183 
0.999971 0.150486 
0.999971 0.103152 
0.750001 0.290396 
0.894371 0.162047 
0.999971 0.0505497 
0.341383 0.666724 
0.825039 0.184837 
0.367888 0.660192 
0.880744 0.162306 
0.816835 0.208218 
0.333307 0.693517 
2.50416e-08 1.04796 
0.750001 0.268302 
0.333307 0.715424 
2.02521e-08 1.0733 
1.62199e-08 1.0945 
0.78755 0.22767 
0.861659 0.162802 
0.454216 0.553001 
0.777031 0.240352 
0.452197 0.573761 
0.809661 0.212299 
0.466435 0.545803 
0.376393 0.646788 
0.403719 0.607887 
0.383331 0.642535 
0.432418 0.576762 
0.795112 0.212502 
0.478397 0.543853 
0.445028 0.576454 
0.333308 0.68096 
0.75075 0.257884 
0.491895 0.522619 
0.999971 0.0299871 
0.828182 0.175805 
0.489916 0.534344 
3.86533e-07 1.01203 
0.999971 0.0489976 
0.840809 0.173261 
0.999973 0.0137883 
0.754087 0.251214 
4.40887e-08 1.02357 
0.384047 0.632111 
0.76055 0.250021 
0.51636 0.501968 
0.507011 0.508977 
0.509822 0.502731 
1.84232e-08 1.08085 
0.834203 0.175653 
0.369707 0.649851 
0.764655 0.244886 
0.416996 0.596772 
1.00155 0.000591073 
0.481259 0.540481 
0.50059 0.510284 
0.41036 0.604377 
0.392865 0.619171 
0.770768 0.244533 
0.489426 0.540185 
0.523129 0.50017 
0.459189 0.545852 
0.417237 0.589319 
0.999971 0.0276405 
0.398626 0.613916 
0.84355 0.167178 
0.333316 0.671098 
0.413337 0.60265 
1.5827e-06 1.00297 
0.428503 0.579849 
2.68596e-08 1.03901 
0.850743 0.163283 
0.422558 0.58753 
0.384495 0.623971 
2.78711e-08 1.03211 
0.386838 0.620107 
0.496311 0.512887 
0.492199 0.515057 
0.42382 0.581841 
0.99998 0.00734973 
0.789111 0.217009 
0.335855 0.668157 
0.857804 0.162853 
1.69369e-08 1.09188 
0.457391 0.551022 
0.813755 0.209431 
0.845698 0.163367 
0.788741 0.224751 
0.397301 0.615939 
0.776849 0.243121 
0.793371 0.215863 
0.449351 0.574215 
