132.472 138.503 
207.116 47.113 
132.25 79.7909 
248.427 23.4485 
187.691 50.2538 
31.715 271.471 
191.827 17.3841 
77.8293 15.4166 
103.047 7.33777 
47.5429 167.49 
43.5732 120.054 
1.46183 78.4751 
209.173 85.9291 
218.932 166.712 
219.724 42.3797 
197.425 22.2731 
29.8227 207.144 
126.883 219.961 
184.216 161.208 
41.2879 254.769 
175.147 100.708 
46.1792 147.821 
8.2468 231.475 
181.243 78.1015 
91.8936 256.591 
167.304 21.1407 
127.647 257.506 
160.329 96.3512 
152.541 228.052 
114.355 163.396 
249.499 71.1018 
144.313 207.862 
98.2877 231.48 
261.707 45.4697 
31.9387 259.494 
211.32 17.966 
119.888 92.6906 
192.625 163.707 
101.658 103.022 
10.7067 197.731 
250.642 45.6929 
166.363 53.2655 
115.469 209.516 
10.3651 167.651 
19.3969 236.374 
209.379 160.318 
35.9084 140.618 
29.6864 148.886 
38.4039 108.87 
65.8727 169.847 
121.847 98.0702 
36.7837 157.774 
147.5 37.4621 
198.552 50.7649 
149.445 54.5873 
233.072 99.6989 
214.645 58.2339 
107.589 177.123 
181.664 150.448 
319.969 54.8512 
97.3955 144.599 
120.339 166.474 
19.2632 57.9787 
87.2579 247.002 
35.7556 227.017 
54.8757 236.625 
249.618 73.3963 
90.3033 225.5 
177.243 69.7546 
75.9848 278.726 
230.469 125.855 
319.401 12.1204 
27.4947 362.851 
368.366 54.3695 
33.4866 188.859 
106.46 120.548 
40.7531 148.347 
295.309 53.6723 
22.8312 336.094 
53.4553 247.149 
138.023 46.5172 
238 44.2629 
35.1262 232.182 
82.0766 162.279 
359.808 48.4865 
107.781 181.699 
223.353 89.1182 
240.249 89.8902 
48.2712 114.488 
53.5638 89.0434 
146.841 98.885 
41.3179 191.75 
262.957 46.7064 
303.606 7.55565 
194.149 56.4486 
86.4221 74.3581 
102.649 14.1901 
49.6283 105.044 
202.121 134.266 
165.297 56.8676 
2.99873 0 
2.99873 0 
0 2.99873 
0.467721 2.53194 
0.386512 2.61271 
0.730486 2.26895 
1.14523 1.85442 
1.10149 1.89812 
0.657392 2.3434 
2.8078 0.191651 
1.30754 1.69151 
1.99063 1.00861 
2.03008 0.969021 
2.74701 0.251844 
1.23071 1.76809 
2.28103 0.717955 
0.956564 2.04278 
2.89118 0.109167 
0.558105 2.44126 
1.28583 1.7153 
1.48312 1.51725 
1.85759 1.14185 
1.72004 1.27891 
0.577166 2.42198 
2.86081 0.138435 
1.43148 1.56813 
1.24757 1.75152 
1.6846 1.3147 
1.83017 1.16875 
2.9641 0.0370261 
2.25597 0.742995 
2.4102 0.588847 
0.17838 2.82096 
0.355606 2.64322 
0.512437 2.48702 
2.17672 0.822445 
0.929155 2.07156 
1.18315 1.81581 
1.35224 1.64669 
2.05515 0.943726 
2.60481 0.394049 
2.31706 0.681786 
2.1308 0.86801 
0.612255 2.38686 
2.51045 0.48844 
2.92283 0.0799089 
1.3831 1.61665 
1.4018 1.59788 
0.516913 2.48203 
1.59701 1.40217 
1.79198 1.20679 
0.0888506 2.91058 
1.92092 1.07797 
1.75424 1.24533 
0.623683 2.37581 
2.53121 0.469428 
0.150853 2.84831 
2.64634 0.35382 
0.321138 2.67987 
1.07001 1.9292 
1.63687 1.36499 
1.9417 1.05759 
1.88824 1.11245 
0.86983 2.12902 
0.835941 2.16538 
0.205272 2.80151 
2.66017 0.339445 
0.289708 2.7091 
2.56724 0.431585 
1.49102 1.50833 
1.03213 1.96801 
1.05978 1.93947 
0.905491 2.09494 
1.18027 1.81904 
2.07882 0.922174 
0.988971 2.01027 
2.69282 0.305982 
0.0149348 2.98401 
2.55411 0.445253 
1.52157 1.47756 
1.89772 1.10128 
0.138558 2.86678 
2.22964 0.770329 
0.0364967 2.96249 
0.656117 2.34363 
2.68527 0.314066 
1.58986 1.40896 
2.36796 0.632162 
2.34805 0.6508 
1.80397 1.19599 
0.249892 2.74915 
2.48412 0.51489 
2.72172 0.277089 
0.237893 2.76179 
2.61842 0.381539 
1.35591 1.64403 
0.314423 2.68525 
1.429 1.57106 
2.38302 0.616805 
0.786307 2.21347 
