1.68347 2.28159 
1.85634 2.17105 
1.33679 2.94723 
1.39978 2.60062 
1.92801 1.68119 
1.82092 2.12364 
1.29974 3.16402 
1.7835 2.23813 
1.61902 2.54554 
1.52206 2.6305 
1.62138 2.61107 
1.87692 1.87776 
1.14794 3.10062 
1.83325 2.24303 
1.74698 2.48618 
1.37841 2.72834 
1.83797 1.9936 
1.68232 2.17044 
1.3761 3.08838 
1.16641 3.37661 
1.59106 2.40986 
1.14953 3.27465 
1.82138 2.08678 
1.74775 2.05384 
1.88486 2.08789 
1.0808 3.68624 
1.62868 2.62462 
1.43983 2.86507 
1.86423 2.07174 
1.94691 1.55002 
2.37883 1.0389 
2.01985 1.73396 
1.41477 3.07951 
1.0585 3.42255 
1.6842 2.59921 
0.956987 3.33384 
1.09817 3.11707 
1.26458 3.1156 
1.55572 2.41991 
1.11434 3.45925 
1.7212 1.86321 
1.61964 2.36105 
1.49687 2.71892 
1.87605 1.94304 
1.9571 1.6354 
1.3954 2.62563 
1.40945 2.96988 
1.63633 2.3745 
1.67232 2.3296 
1.86638 1.86628 
1.55315 2.55398 
1.56451 2.5022 
0.976111 3.36873 
1.74736 1.84558 
1.83031 2.22712 
1.83352 2.12651 
1.92452 1.88773 
1.3385 3.2289 
1.77952 1.93116 
1.70921 2.01376 
1.77453 2.31193 
1.59177 2.40314 
1.476 2.53261 
1.74039 2.37418 
1.34655 2.69681 
1.53635 2.62833 
2.12053 1.5835 
1.34328 2.9173 
1.80477 2.04014 
1.84927 1.83072 
1.42118 3.09227 
1.32754 2.8343 
1.07037 3.61304 
1.5459 2.91323 
1.67458 2.40983 
1.43026 2.91049 
1.25984 2.90083 
1.59076 2.35831 
2.01224 1.6973 
1.75078 2.1357 
2.16672 1.62388 
1.17614 3.39548 
1.23976 3.33777 
1.42308 2.7651 
1.71363 2.14255 
1.5389 2.68893 
1.3067 3.10309 
1.73846 1.96886 
1.11748 3.12159 
1.30772 3.20992 
1.77882 2.21753 
2.14891 1.32658 
1.49607 2.9246 
2.00994 1.79503 
1.53842 2.2633 
1.37153 3.11858 
2.08733 1.43018 
1.3787 2.97355 
1.65686 2.51671 
1.64634 2.51709 
0.000352156 4.00035 
2.00027 0.000271277 
0.321111 3.37248 
1.95775 0.107708 
1.5459 0.933175 
0.36744 3.28644 
1.24876 1.52109 
0.787971 2.44503 
1.99064 0.0509944 
1.79709 0.432393 
1.30328 1.40888 
0.224026 3.56964 
0.761479 2.5128 
0.452958 3.12087 
1.52125 0.983956 
1.20954 1.60187 
1.77496 0.467568 
1.92471 0.167691 
1.27964 1.45877 
1.58209 0.8587 
1.63863 0.73953 
0.959712 2.10377 
1.34386 1.33892 
0.418087 3.1833 
0.0624307 3.89343 
0.259012 3.50311 
1.07907 1.86801 
1.82453 0.374798 
1.42476 1.16511 
0.646656 2.72453 
0.982173 2.06322 
0.616074 2.79277 
1.13137 1.76465 
1.36907 1.28747 
0.573683 2.87793 
1.06284 1.90151 
0.851705 2.31811 
0.887904 2.24647 
0.940288 2.13453 
0.0796014 3.85432 
1.8488 0.326843 
1.7536 0.516884 
1.89679 0.227218 
1.15079 1.72873 
1.26673 1.50572 
0.904177 2.20355 
1.71987 0.584688 
0.993185 2.03048 
1.69413 0.641679 
1.04683 1.93438 
1.50274 1.02521 
1.01157 2.00027 
0.742719 2.53562 
0.0922257 3.82425 
1.91842 0.199573 
0.49455 3.02891 
1.66194 0.692135 
0.275163 3.46054 
0.808528 2.41032 
0.688853 2.67195 
0.716291 2.59007 
0.47438 3.06866 
0.378979 3.25781 
1.87342 0.27042 
1.69964 0.608815 
1.18618 1.64287 
0.199393 3.6176 
1.11598 1.79338 
0.833481 2.34901 
1.32933 1.36759 
1.09735 1.82469 
1.40502 1.21303 
0.304207 3.41779 
0.670347 2.70283 
0.184369 3.64486 
0.14838 3.71888 
0.212229 3.59446 
0.590285 2.83511 
1.15967 1.69702 
0.0443186 3.9318 
1.67403 0.677222 
0.930194 2.17416 
0.700397 2.62783 
1.60326 0.822118 
1.20657 1.61352 
1.43918 1.13922 
0.595477 2.82518 
0.109939 3.79906 
1.88315 0.254954 
0.0209755 3.98564 
1.03566 1.96555 
0.867007 2.28555 
1.02284 1.97276 
1.40301 1.22288 
1.45513 1.12286 
0.920045 2.18703 
1.46968 1.08635 
1.60707 0.80315 
1.58401 0.847145 
0.294384 3.42865 
