0.900452 10.9964 
0.265929 11.9219 
0.409397 12.2907 
0.892227 11.4098 
0.011488 11.853 
0.191624 12.3308 
0.627816 12.1744 
0.15732 13.1519 
0.313909 11.2695 
0.770534 11.4528 
0.171912 13.8669 
0.0737718 12.4457 
0.828629 11.1293 
0.0622188 13.3552 
0.102856 13.5724 
0.368966 13.7817 
0.673404 11.2387 
0.282502 12.9686 
0.996946 10.9786 
0.0652118 12.3941 
0.167867 14.6512 
0.281306 13.1413 
0.314107 11.0307 
0.956498 10.0051 
0.277098 12.9464 
0.0688086 13.7531 
0.112837 11.6272 
0.473031 12.9028 
0.485427 13.4514 
0.0312108 15.0533 
0.131831 11.6918 
0.750305 11.6823 
0.566678 11.3927 
0.556896 11.6449 
0.141811 13.8133 
0.110987 13.6251 
0.489732 14.8178 
0.646617 13.0462 
0.24519 12.9429 
0.563093 13.3927 
0.335776 11.8671 
0.579433 11.032 
0.534315 11.8966 
0.532519 12.3571 
0.767756 13.1372 
0.515667 12.7784 
0.088516 12.5361 
0.447167 11.3471 
0.726813 12.6956 
0.497548 14.3761 
0.244815 11.0414 
0.96181 13.3877 
0.936019 13.6549 
0.809618 11.0074 
0.206922 11.9404 
0.300862 12.7344 
0.480445 15.1173 
0.308137 10.6691 
0.705924 12.2539 
0.370076 13.3523 
0.233708 12.2548 
0.424829 10.7703 
0.221004 11.1732 
0.0613559 14.0785 
0.158643 12.9775 
0.966869 11.1584 
0.0185346 11.9491 
0.789771 9.16467 
0.883864 11.6536 
0.228493 12.0348 
0.368074 11.9379 
0.450063 11.4331 
0.514106 13.6612 
0.302794 12.0254 
0.749669 13.2723 
0.049062 15.486 
0.619617 15.3751 
0.376483 14.1558 
0.995118 11.1681 
0.334888 13.6803 
0.450117 11.1934 
0.186768 12.383 
0.370291 13.5928 
0.527379 11.9036 
0.959169 12.7022 
0.405947 13.1675 
0.288342 12.2245 
0.701662 10.8796 
0.732516 11.7439 
0.581217 13.1883 
0.527258 13.7275 
0.211314 15.3438 
0.594067 10.7785 
0.990257 10.7191 
0.39125 12.3579 
0.235239 13.4981 
0.269358 13.2275 
0.555591 12.0661 
0.309309 12.2373 
0.385369 11.6631 
0 4 
0.859401 2.307 
0.859401 2.307 
0.631627 3.57319 
0.251412 3.57319 
0.209781 3.59752 
0.693264 3.13476 
0.68366 3.20731 
0.791563 2.47743 
0.239051 3.5754 
0.125866 3.75746 
0.0977364 3.82444 
0.165841 3.66832 
0.753316 2.69763 
0.702758 3.06278 
0.783759 2.51649 
0.777641 2.5494 
0.707509 3.02682 
0.107548 3.80117 
0.061007 3.90582 
0.14943 3.70311 
0.808991 2.40322 
0.174137 3.65216 
0.0874333 3.8484 
0.195343 3.6164 
0.663724 3.35468 
0.744243 2.75881 
0.644333 3.49029 
0.709428 3.01234 
0.771544 2.58409 
0.0242279 3.97029 
0.649396 3.45584 
0.132236 3.74243 
0.0406358 3.94418 
0.700389 3.08074 
0.677084 3.25655 
0.748123 2.73232 
0.712947 2.98585 
0.83043 2.33945 
0.842511 2.31813 
0.646525 3.47547 
0.714208 2.97638 
0.190623 3.62359 
0.766251 2.61561 
0.0522972 3.92296 
0.112179 3.79011 
0.822532 2.3592 
0.800922 2.43523 
0.659304 3.38641 
0.796786 2.45323 
0.0831304 3.8582 
0.765439 2.62055 
0.635563 3.54809 
0.640176 3.518 
0.670067 3.30846 
0.03046 3.96092 
0.112179 3.79011 
0.696913 3.1071 
0.141811 3.72025 
0.739041 2.79504 
0.640176 3.518 
0.18087 3.63988 
0.825424 2.35145 
0.015001 3.98289 
0.693931 3.12971 
0.0503414 3.92666 
0.156043 3.6887 
0.667516 3.32714 
0.156043 3.6887 
0.697877 3.09979 
0.761421 2.64545 
0.739041 2.79504 
0.635563 3.54809 
0.72108 2.92512 
0.717594 2.95105 
0.816863 2.37609 
0.717594 2.95105 
0.659304 3.38641 
0.655843 3.41094 
0.682433 3.21654 
0.756464 2.67706 
0.721892 2.91911 
0.735406 2.8208 
0.847186 2.31284 
0.814569 2.38357 
0.653887 3.42468 
0.671677 3.29662 
0.772734 2.57718 
0.729764 2.86139 
0.136869 3.73162 
0.729764 2.86139 
0.068051 3.89123 
0.068051 3.89123 
0.0749519 3.8764 
0.726474 2.88538 
0.732862 2.83901 
0.781201 2.53001 
0.652221 3.43631 
0.679502 3.2385 
0.0104741 3.98849 
