5.5379 5.42422 7.2529 
3.06902 2.37049 3.99341 
4.07633 6.08011 3.60473 
4.37696 3.4503 2.92695 
3.54721 2.30622 3.24625 
1.86531 2.26651 2.58863 
1.04698 3.91006 4.4616 
2.59208 3.28846 5.13724 
4.9215 5.74305 8.24346 
4.75476 2.97197 4.11538 
3.65859 2.86239 3.18203 
5.38051 8.49421 5.20694 
4.0664 4.84469 5.37698 
5.89904 5.59525 3.56049 
5.09109 7.92063 3.60894 
3.02449 2.85466 3.49169 
2.47532 3.92102 1.29962 
4.34836 2.06317 3.91528 
4.7664 4.82426 6.75286 
3.66049 4.97272 3.52035 
2.37261 2.27544 3.32548 
4.02194 4.09449 4.84029 
6.41419 3.91499 6.23368 
5.2753 4.50358 4.1466 
7.48362 8.81264 5.9609 
3.42945 3.42116 3.14871 
3.35338 3.45572 4.42282 
3.29582 1.54605 2.30862 
9.32905 8.20768 6.01587 
6.69937 10.1158 5.60775 
1.91956 3.3144 5.65374 
4.53272 3.13679 3.06631 
4.92658 3.49993 4.61337 
8.18222 3.37812 7.50739 
2.54928 2.87929 4.27082 
8.20105 4.36659 6.29558 
6.22367 8.98357 3.21171 
5.01383 7.96531 3.13723 
4.56725 2.83763 5.05621 
8.23024 8.33857 4.42995 
5.68012 3.28347 5.09207 
7.49172 4.60172 4.60064 
7.82412 2.05622 5.42204 
4.03037 4.61476 3.34043 
3.55688 1.94484 4.39384 
2.76501 3.02225 2.904 
3.71831 3.2874 4.69196 
2.95173 3.06982 4.57625 
3.29366 4.33477 5.24798 
11.0067 7.40977 6.4704 
2.67637 1.77985 4.26887 
2.54163 1.81539 4.03584 
2.31114 3.45545 4.21791 
7.40501 2.56332 1.94755 
3.95638 3.43965 4.85518 
3.41214 1.5889 4.20157 
3.89621 2.64248 3.99477 
2.50372 3.08705 4.18253 
5.60292 2.79157 2.96491 
4.4251 3.6987 3.01318 
2.53549 1.9671 2.44485 
2.28085 2.83872 2.54431 
2.74428 2.0507 2.98229 
4.60727 2.26387 4.23923 
8.20903 2.77491 6.87882 
3.6008 2.15953 3.58995 
7.0724 7.87027 4.96054 
1.66763 2.82325 2.94657 
1.8721 3.34211 3.31386 
4.82668 3.43586 4.39635 
2.62821 6.21554 2.20285 
3.19739 5.21091 3.99939 
3.77896 4.08227 4.78964 
8.04959 4.61045 5.54527 
4.67699 2.72574 4.90182 
4.34984 3.67627 4.45917 
3.86393 2.5941 3.97266 
1.20606 3.03622 5.00975 
3.1251 3.49644 3.23501 
3.90387 4.67125 7.46017 
3.42739 1.96868 4.02763 
3.60267 2.66791 4.28067 
2.35519 1.14195 3.87753 
1.79211 1.95444 4.49381 
13.7309 11.0135 6.29124 
6.79666 7.4519 6.32477 
6.45036 4.5003 4.54558 
6.16675 6.43666 4.50018 
1.5248 5.52854 2.59135 
4.41062 8.1299 5.07932 
3.71188 1.4174 5.8085 
3.98724 3.28815 3.02696 
3.28441 2.66163 3.68527 
2.98103 4.01716 3.2881 
3.16923 5.02304 4.34325 
1.9837 4.70735 5.81131 
7.4891 6.20086 9.00191 
4.43459 4.31992 5.27869 
5.76147 7.67148 4.64934 
5.39742 4.29076 3.86211 
3.30965 0.910576 1.18993e-06 
1.49587e-10 0.0959891 2.19701 
11.8509 0.7228 0.0789629 
0.000125953 4.21292e-08 2.4719 
0.0426517 10.6803 0.0246801 
6.57102e-07 9.42362e-05 2.91128 
11.6965 0.726541 0.0501533 
0.00200807 8.0997 0.113788 
10.3261 0.723523 0.0609836 
9.69961 0.747518 0.0449882 
0.277919 8.95469 0.00892912 
0.00321784 5.15764 1.06977 
0.0430633 9.8237 0.0246633 
0.167079 5.527 0.111275 
3.40157e-08 0.000808359 2.69787 
0.0492018 0.158848 1.70637 
1.1691 0.241983 1.31324 
0.00286884 10.0991 0.0965797 
0.0076172 9.07299 0.104224 
0.132303 7.23503 0.0180378 
6.55344 0.461525 0.486374 
4.58362e-08 0.000511889 1.90006 
0.927876 0.0174847 1.85094 
4.5836 0.699317 0.301014 
1.78776 2.62812 0.116806 
0.669004 4.21292e-08 2.07747 
3.04277e-08 0.00183815 2.65683 
2.16348 0.923652 0.860252 
0.060136 6.04042 0.0953367 
0.86737 0.346165 1.43235 
1.54251 2.18916 0.129768 
8.73865 0.612341 0.220365 
0.749956 3.99291 0.16409 
0.0280364 6.75288 0.102471 
3.04277e-08 0.0027612 2.48063 
0.956814 1.27981 0.461321 
9.14112 0.723523 0.0671089 
6.94477 0.49833 0.400788 
0.00723135 3.35743 0.741799 
0.046996 7.65496 0.0935525 
5.64229 0.284464 0.943354 
2.96827 0.206425 1.03124 
1.09118 2.42985 0.209788 
0.0324738 1.94355 1.21619 
10.3261 0.724703 0.0538634 
0.307285 0.401112 1.13084 
8.05863 0.620065 0.240162 
1.3412 3.72746 0.155109 
4.33469 0.865535 0.379641 
4.00841 0.470707 0.634724 
0.459465 2.84784 0.241899 
0.0738349 6.23711 0.0627118 
0.57287 4.2453 0.194281 
6.15845 0.580221 0.377978 
2.72024 0.486165 0.806715 
0.021464 6.56968 0.189909 
0.214529 1.39625 1.48139 
0.0978411 3.13296 0.712588 
0.447068 3.54023 0.499365 
0.636345 1.87165 0.593468 
1.45371 0.109805 1.24787 
0.840188 0.228708 1.55738 
7.75208 0.726866 0.0580237 
0.456392 4.69925 0.125098 
0.228908 4.82521 0.0223745 
5.87621 0.236199 0.992586 
4.98578 0.815124 0.104459 
5.99208 0.673793 0.26079 
3.39616 0.654919 0.54879 
2.40629 0.764668 0.925098 
8.37345 0.581616 0.352509 
3.04343 1.02015 0.344718 
0.0301964 4.34833 0.193711 
5.27209 0.461525 0.533136 
5.47056 0.38062 0.684129 
1.35478 0.223783 1.62639 
3.70318 0.414411 0.674554 
2.62686 2.03973 0.185302 
3.8291 0.565344 0.419322 
2.71393 1.58569 0.365857 
0.0076172 7.5074 0.11379 
0.394268 0.325887 1.59671 
3.57512 0.370519 0.858504 
3.04277e-08 0.0408591 2.18425 
5.06736 0.49833 0.431806 
0.708678 2.72501 0.522638 
9.02782 0.788983 0.0222297 
7.51008 0.584944 0.315693 
0.000690904 4.21292e-08 2.10231 
7.15275 0.726729 0.135392 
0.321031 1.78648 0.703194 
3.0737 0.449003 0.71727 
8.27538 0.795306 0.028121 
0.0934871 1.66282 0.8989 
7.43291 0.706694 0.0937807 
1.30433 0.970911 0.739246 
4.12601 0.373382 0.712541 
0.296205 1.35603 1.48139 
7.10017 0.593292 0.330893 
2.58747 0.806257 0.826305 
