1.34402 4.22946 
1.85112 3.49752 
2.06554 3.06985 
1.06507 4.54148 
1.95669 2.97767 
0.805864 4.51724 
1.81464 3.20578 
1.60238 3.90654 
2.24861 2.3698 
2.26448 2.37151 
2.10727 2.66554 
1.92676 3.45998 
2.01644 2.75578 
0.51188 4.49941 
1.60325 3.74029 
1.82715 3.78746 
2.29947 2.66971 
0.779527 4.40089 
1.21575 4.1604 
1.79585 3.72634 
1.15249 4.21577 
1.89781 3.22103 
0.645807 4.57789 
0.754526 4.51031 
2.36061 2.02237 
1.96964 3.48841 
0.734455 4.56878 
0.491835 4.4783 
2.03272 3.07247 
2.45664 1.82941 
2.01316 3.10174 
2.11144 2.89784 
2.04108 3.05561 
0.770399 4.57705 
1.94093 3.20372 
1.11129 4.36424 
0.863987 4.46516 
1.71923 3.55513 
0.60552 4.5913 
1.68205 3.60327 
1.244 4.28846 
2.10482 2.63678 
2.0011 2.8857 
1.50321 3.8097 
1.45549 3.87677 
0.765025 4.57211 
1.57302 3.79598 
0.935113 4.47743 
1.34869 4.21238 
1.29847 4.13191 
2.40174 2.33681 
2.13269 2.76405 
0.690787 4.67246 
2.22819 2.47948 
1.40084 4.2012 
1.84322 3.50371 
2.23021 2.85835 
1.77775 3.61771 
0.796032 4.40704 
0.989281 4.294 
2.07032 2.76218 
0.858443 4.52265 
2.03177 2.94178 
2.11148 3.12082 
0.773072 4.54453 
1.89504 3.26469 
1.30408 4.04916 
1.37904 3.86534 
2.00667 3.26094 
1.8785 3.30521 
1.93649 3.08311 
1.91883 3.55005 
0.941933 4.61032 
1.50058 3.82268 
1.44804 4.18888 
0.842011 4.48415 
2.22561 2.70217 
1.62299 3.65946 
0.635681 4.54069 
2.02092 3.0909 
1.80744 3.66348 
1.69655 3.53255 
1.77972 3.52935 
2.17418 2.75754 
1.34411 4.12617 
0.726947 4.58296 
0.927023 4.49405 
1.62069 3.98556 
2.16975 2.59832 
0.425937 4.41947 
0.805367 4.54722 
1.58884 3.73852 
1.59481 3.78552 
1.90745 3.47667 
1.34807 4.27264 
1.96772 3.19429 
1.95593 3.09313 
1.22541 4.28969 
1.5292 3.92637 
1.62887 3.95239 
3.00429e-05 4.00003 
2.00004 3.69219e-05 
1.99702 0.255143 
1.35252 2.95413 
0.482747 3.88924 
1.31005 3.03117 
0.822045 3.65528 
0.166486 3.99188 
1.78453 1.81959 
1.91859 1.16025 
1.99917 0.144198 
0.105733 3.99587 
0.783875 3.68428 
1.99404 0.38878 
1.24827 3.13054 
0.0478734 3.99976 
0.427629 3.91114 
1.76066 1.91356 
1.19583 3.2146 
0.222021 3.97875 
1.99019 0.465595 
1.94047 0.980228 
0.26569 3.96725 
1.93147 1.07658 
1.62866 2.32982 
1.99981 0.0828966 
0.944723 3.53206 
1.64393 2.29179 
1.03484 3.42805 
0.548173 3.85014 
1.36954 2.92031 
1.61095 2.37494 
0.760373 3.70461 
0.671032 3.7759 
0.518082 3.86575 
1.98394 0.551617 
1.96689 0.779583 
1.55594 2.52668 
1.83462 1.59791 
1.47775 2.70692 
0.195678 3.98558 
1.87974 1.40468 
1.70169 2.12745 
0.0812908 3.99828 
1.94925 0.917882 
1.93434 1.04259 
1.01204 3.45684 
0.587619 3.82937 
1.57158 2.48674 
0.288422 3.96068 
0.638653 3.79416 
1.26637 3.10072 
0.31385 3.95323 
1.05439 3.40382 
0.974379 3.49679 
0.882785 3.59717 
1.88656 1.3389 
1.08437 3.36671 
0.688479 3.76069 
1.95609 0.838767 
1.22054 3.17564 
0.415948 3.91748 
1.4298 2.80191 
1.00067 3.47272 
1.84853 1.53151 
1.90982 1.21778 
1.44388 2.7736 
0.618645 3.80935 
1.57977 2.46368 
1.67367 2.20475 
0.852084 3.62451 
1.45913 2.74685 
1.10814 3.33595 
1.86049 1.48131 
1.89986 1.26334 
0.852696 3.62112 
1.21924 3.17684 
1.97017 0.740384 
1.74164 1.98618 
1.38717 2.88914 
1.27913 3.08289 
0.384988 3.93022 
1.80996 1.7245 
1.74977 1.94032 
1.52985 2.59124 
1.99127 0.410603 
1.4147 2.83948 
0.918172 3.56479 
0.737739 3.72519 
1.39854 2.8694 
0.592254 3.82618 
1.79292 1.79097 
1.70946 2.09213 
0.890972 3.58525 
1.5454 2.56055 
1.17319 3.24569 
1.1574 3.27061 
1.68658 2.16606 
1.97361 0.68164 
1.29087 3.06262 
