2.157 5.66915e-41 1.89298e-26 
2.2041 7.31171e-22 1.92273e-54 
1.67914 9.26134e-12 9.69956e-41 
1.51534 0.0383794 7.48941e-35 
1.70188 1.31402e-58 5.40403e-18 
1.94831 7.23968e-26 2.00582e-59 
1.97829 6.27005e-05 1.48748e-28 
1.66162 4.27491e-07 5.14651e-13 
1.51846 7.81334e-39 1.24467e-05 
1.83861 7.00368e-12 2.43896e-55 
1.9443 1.84119e-54 4.63899e-25 
2.0055 1.08971e-52 0.281419 
1.61534 6.982e-68 0.00020789 
1.5425 5.28308e-05 8.27955e-37 
1.8298 8.18815e-05 1.77492e-26 
1.71049 2.30257e-30 2.18467e-37 
1.47238 6.05838e-11 7.21236e-36 
2.008 2.33159e-17 6.38824e-87 
1.81362 9.62216e-16 2.98691e-09 
1.94383 6.51666e-40 9.72724e-15 
2.18858 1.81155e-49 6.44099e-25 
1.643 1.04915e-57 8.40151e-10 
1.75661 7.24058e-26 1.52157e-31 
1.84369 9.30538e-10 1.43446e-21 
0.975652 1.5563e-27 1.22682 
1.57836 1.98123e-50 0.0150083 
1.38673 1.20065e-71 3.79054e-23 
1.84202 5.54235e-30 1.86443e-42 
1.8817 3.28767e-23 2.05055e-10 
1.46416 2.25256e-67 4.72627e-31 
1.68774 5.05732e-31 4.7839e-157 
1.57237 6.84149e-21 8.42952e-92 
2.13379 1.18028e-43 1.7032e-143 
1.88506 1.02784e-09 1.97605e-27 
1.6573 4.12257e-34 6.11925e-42 
1.57971 4.0145e-95 6.21886e-05 
1.39204 1.27608 1.16348e-103 
1.98482 4.22402e-46 4.68166e-12 
1.61699 1.7009e-117 2.02529e-07 
1.8252 1.39151e-53 4.72805e-41 
1.75039 9.15541e-31 2.51003e-48 
1.8446 4.43025e-15 6.26201e-99 
1.83345 2.50252e-22 1.70025e-32 
1.7236 0.000686749 1.22566e-05 
0.498184 1.81161 8.70709e-35 
1.53414 3.23886e-10 4.51903e-27 
2.30161 2.31363e-38 9.17003e-79 
1.97152 9.71874e-05 2.09933e-07 
2.19759 3.12419e-89 1.39364e-118 
1.57952 4.23123e-05 1.11629e-102 
1.51895 2.48671e-15 6.26162e-37 
1.66969 2.39719e-22 5.90292e-11 
1.79811 6.45576e-33 3.88142e-05 
1.45441 4.34226e-37 0.989812 
1.68444 3.31914e-118 2.04202e-05 
1.6059 4.02978e-52 1.25557e-15 
1.76624 1.29508e-14 1.37118e-22 
1.64607 2.85405e-26 4.01528e-64 
2.17503 7.14542e-41 4.19243e-204 
1.88963 8.59253e-11 6.67265e-157 
2.08327 2.45852e-236 1.57201e-55 
1.67631 1.36693e-88 4.17584e-54 
1.39221 1.48994e-69 2.14151e-141 
1.59121 2.38126e-16 8.98498e-08 
1.8835 1.68326e-36 9.83201e-54 
1.65173 2.37728e-66 5.72495e-11 
1.484 1.27885e-107 1.00254e-35 
1.85632 3.1868e-58 2.58515e-22 
2.0157 4.34648e-46 1.67213e-37 
1.8528 4.41376e-23 1.87417e-27 
1.72152 1.04748e-66 5.59474e-45 
2.23801 0.000148084 2.78113e-15 
1.81164 4.71311e-66 1.38047e-121 
1.54511 2.85816e-65 2.71986e-05 
1.86191 2.10329e-137 1.35918e-35 
1.93499 2.67394e-05 1.71233e-12 
1.50782 0.0336222 8.65242e-19 
1.81242 6.51471e-40 5.22311e-38 
1.82784 2.90603e-15 2.88643e-24 
1.93411 6.93285e-55 2.04965e-20 
1.57335 6.167e-11 9.78958e-23 
2.13315 1.30279e-33 4.41136e-104 
1.7682 4.55868e-08 3.2057e-21 
1.78275 1.06705e-136 0.253405 
1.61785 1.03816e-22 1.22159e-13 
1.56173 3.26014e-39 8.68806e-22 
1.98225 1.23745e-32 3.18469e-41 
1.95826 1.45828e-08 8.47483e-15 
1.73748 6.99378e-249 5.65203e-60 
1.85769 3.51373e-77 2.75835e-12 
1.84287 1.46162e-19 1.10501e-21 
1.99748 1.09817e-18 9.41862e-35 
1.91141 1.98309e-82 1.18514e-12 
2.3889 3.93438e-74 4.94424e-18 
1.41511 1.47605e-33 8.55575e-31 
1.64887 8.94014e-77 2.38359e-43 
1.91084 2.43517e-10 4.0047e-20 
1.94499 7.8098e-06 1.38183e-48 
2.0149 2.05204e-54 1.82865e-157 
1.77181 5.6994e-42 5.25295e-17 
3.7494e-33 6.12323e-17 1 
1 0 0 
6.12323e-17 0 1 
1 0 0 
6.12323e-17 1 0 
4.18233e-17 4.91348e-17 1.05376 
0.822761 0.0249602 0.579878 
0.924068 0.267315 0.321045 
0.181532 0.253692 0.962138 
0.124231 0.941281 0.395144 
0.0756518 0.329917 0.948694 
0.416412 0.911942 0.168469 
0.943115 0.178898 0.297234 
0.579856 0.378433 0.738713 
0.0523298 0.599315 0.820465 
0.507182 0.444976 0.756733 
0.558185 0.614936 0.568469 
0.0932974 0.974047 0.28897 
0.543564 0.741678 0.489675 
0.462749 0.923747 0.0782255 
0.221598 0.924055 0.364984 
0.533494 0.0576442 0.865652 
0.230492 0.713914 0.712188 
0.683101 0.130307 0.779956 
0.358523 0.95115 0.0136217 
0.356277 0.291185 0.919941 
0.884719 0.142636 0.454861 
0.304235 0.964651 0.0861009 
0.163388 0.0468998 0.993321 
0.0111763 0.633934 0.798964 
0.206659 0.7602 0.63511 
0.691359 0.0840708 0.74705 
0.137285 0.667654 0.764482 
0.737531 0.696122 0.0649429 
0.869008 0.557081 0.0308918 
0.764013 0.532891 0.441931 
0.490738 0.685809 0.548104 
0.997689 0.113544 0.192285 
0.585367 0.804079 0.258905 
0.860886 0.517222 0.133935 
0.234938 0.984898 0.0330769 
0.940902 0.355635 0.163682 
0.953618 0.0410665 0.412989 
0.659507 0.396233 0.66034 
0.346104 0.773131 0.585962 
0.28121 0.72552 0.651092 
0.452053 0.415103 0.801697 
0.84656 0.225838 0.550663 
0.949437 0.340332 0.123965 
0.267755 0.305638 0.935737 
0.492709 0.848844 0.35074 
0.253326 0.938865 0.24172 
0.891279 0.238064 0.42102 
0.775075 0.637216 0.184863 
0.595396 0 0.846172 
0.0329517 0.745107 0.708045 
0.377664 0.829756 0.459067 
0.148943 0.577117 0.835924 
0.720936 0.192325 0.689411 
0.976371 0.0302068 0.408641 
0.0571561 0.857685 0.540244 
0.675225 0.48246 0.591677 
0.0959904 0.214424 0.98093 
0.523584 0.699758 0.502554 
0.704961 0.22945 0.703442 
0.444426 0.210245 0.901573 
0.392188 0.566244 0.734851 
0.285873 0.492504 0.826929 
0.216066 0.794806 0.594747 
0.907312 0.156761 0.428813 
0.649625 0.390296 0.678388 
0.750097 0.681487 0.0970045 
0.772155 0.65641 0.0506048 
0.641896 0.733766 0.27104 
0.425216 0.58409 0.728523 
0.559093 0.841897 1.5715e-37 
0.798781 0.0686281 0.622225 
0.320074 0.890375 0.35244 
0.505816 0.871424 0.117495 
0.700496 0.425158 0.62177 
0.619668 0.796397 0.161564 
0.848361 0.511546 0.2003 
0.459531 0.887051 0.149935 
0.394868 0.404799 0.82707 
0.95266 0.0597045 0.466309 
0.172579 0.47651 0.881868 
0.204763 0.677055 0.756891 
0.115962 0.903397 0.462291 
0.320814 0.932702 0.199427 
0.00197983 0.281909 0.970593 
0.857489 0.161241 0.531369 
0.856557 0.538926 0.109623 
0.725623 0.271726 0.663293 
0.290986 0.885694 0.407706 
0.295204 0.821191 0.520711 
0.102658 0.595338 0.87714 
0.518897 0.6571 0.600325 
0.272096 0.899692 0.437681 
0.592419 0.836668 0.0179542 
3.37509e-17 5.21801e-17 1.01489 
