0.825216 4.1927 
1.0121 3.18114 
1.27659 4.46683 
1.34152 2.6995 
1.12107 4.47711 
1.63467 3.75505 
1.06683 4.25903 
0.838591 3.87701 
1.72613 4.50105 
1.55913 4.07466 
1.42652 2.18515 
1.00292 3.50868 
1.10351 4.44828 
0.679605 4.4474 
1.20202 4.36369 
0.999521 3.26826 
1.60096 3.10327 
0.543869 4.43063 
1.41997 2.37999 
1.03727 3.06567 
0.578217 3.85986 
1.24957 3.34321 
1.13831 4.2886 
0.781601 4.53075 
1.68056 4.11652 
1.11708 4.37197 
1.32607 2.66258 
0.791023 4.56039 
1.16076 4.10859 
1.82771 2.87739 
1.92104 1.52559 
1.53394 2.38626 
1.08692 4.50287 
0.947847 3.76469 
1.21114 4.44595 
0.665459 4.03678 
1.57137 3.34001 
0.916083 2.98408 
0.796825 4.08609 
1.04057 3.7896 
0.838225 4.00943 
1.18193 4.43249 
1.21609 3.25529 
0.787117 3.15503 
0.648327 4.42493 
0.966218 4.00565 
0.844968 4.01659 
1.38264 2.9115 
1.22017 3.34897 
0.781168 4.32841 
1.70229 4.60019 
1.37622 2.19851 
1.07318 3.90516 
1.52223 3.41523 
1.84169 3.00911 
1.19721 4.08671 
1.45286 2.21935 
1.53745 4.3662 
1.52842 4.03961 
0.59555 4.55362 
1.28249 2.71827 
1.46043 2.31628 
1.24339 4.21428 
1.31713 3.48117 
1.47883 2.43607 
0.931569 2.9635 
1.30438 2.22447 
0.712951 4.49575 
2.30239 4.37808 
1.00086 3.78322 
1.04944 4.4443 
1.13315 3.96396 
1.75632 4.48182 
0.795806 4.51024 
1.36489 2.36054 
1.11816 4.46836 
1.31127 2.87716 
0.803645 3.08661 
1.09069 3.90205 
1.21876 4.15788 
1.57819 4.04793 
0.891373 3.00646 
1.08211 4.38066 
1.42809 2.2568 
1.61589 4.45681 
1.80463 4.65558 
1.25807 4.63464 
0.776329 4.55989 
1.44082 2.70279 
0.762702 4.27764 
0.967968 2.99553 
0.82845 4.22664 
0.893631 3.83992 
1.3084 2.56674 
0.718677 3.91044 
1.00322 3.01683 
1.13181 3.60218 
1.6466 4.34288 
0.839266 4.61188 
0.990683 3.21148 
1.70804e-17 4 
2 1.70804e-17 
2 1.70804e-17 
1.91344 0.794947 
1.38951 0.794947 
1.2904 1.59328 
0.832974 1.59328 
0.734982 2.38997 
0.391236 2.38997 
0.302871 3.18052 
0.107417 3.18052 
0.346708 2.61653 
1.92454 0.626206 
1.94409 0.370339 
0.0559144 3.68979 
1.97149 0.116317 
0.771779 1.92623 
0.357787 2.51954 
1.92034 0.688191 
0.0413587 3.8951 
0.0737999 3.41968 
1.30369 1.40732 
1.98328 0.0490103 
0.805751 1.66124 
1.91654 0.746252 
0.313748 3.02322 
0.794553 1.72773 
0.0895417 3.2496 
0.0614353 3.60299 
1.30832 1.34684 
1.93044 0.543109 
1.95045 0.299854 
0.754147 2.13028 
0.0533013 3.7303 
0.31046 3.0702 
1.29761 1.4901 
0.0686549 3.49251 
0.74087 2.3068 
0.00426611 3.8951 
0.0829106 3.31 
0.0770485 3.3774 
1.37026 0.827767 
0.317919 2.96469 
1.34253 0.987215 
0.737965 2.3475 
1.93425 0.492037 
1.36318 0.856158 
0.762203 2.03225 
1.96595 0.156968 
1.29332 1.55092 
0.335796 2.73434 
1.35119 0.923741 
0.367988 2.45299 
1.3141 1.27508 
0.750533 2.17662 
0.35967 2.50555 
0.000504637 3.94563 
0.0626327 3.58425 
1.9391 0.430219 
1.98938 0.024735 
0.339583 2.69117 
0.322305 2.90475 
0.814395 1.62503 
1.35119 0.923741 
0.325108 2.86747 
0.0454392 3.84414 
1.31439 1.27151 
0.0807107 3.33385 
1.32599 1.14071 
0.327596 2.83514 
0.0662524 3.52847 
1.3199 1.20717 
1.3199 1.20717 
1.33215 1.07883 
0.778492 1.85946 
0.744515 2.25669 
0.784126 1.80859 
0.306365 3.12949 
1.96183 0.190799 
0.788581 1.77188 
0.0496406 3.78526 
1.30595 1.37755 
1.33639 1.0394 
0.83161 1.59345 
0.319784 2.93899 
0.0948716 3.21442 
0.307161 3.11791 
1.95918 0.214204 
1.95297 0.273792 
0.765168 1.99814 
0.781658 1.83028 
0.767141 1.97606 
0.758316 2.07861 
1.29613 1.51095 
0.332791 2.77018 
0.0467573 3.82627 
0.0980914 3.19917 
1.93183 0.524252 
0.00135257 3.91845 
0.330411 2.79948 
