2.98989 2.74202 4.06217 
7.98132 7.99639 6.84715 
2.61192 5.18651 7.02235 
9.29705 4.26068 8.58354 
7.54966 5.4884 6.03504 
0.727774 4.65082 4.34591 
5.06753 6.15678 8.16617 
3.89614 5.35156 4.51759 
3.21049 7.45235 3.94838 
5.40389 5.35378 6.05998 
5.84713 4.43031 5.67967 
7.57758 7.92174 4.73416 
6.94739 9.68768 9.33052 
5.63756 4.89548 3.86316 
3.45185 1.75595 4.11744 
4.449 6.70358 7.35603 
3.31775 3.0927 3.48406 
3.43274 6.38218 2.98569 
4.16193 1.89529 5.20836 
7.83218 4.35574 5.5341 
6.41652 6.45243 5.49447 
9.89098 2.38826 6.60912 
3.87978 7.47011 3.6602 
10.5408 8.78379 7.21778 
11.6683 4.51626 7.01548 
5.59666 2.95778 3.24455 
4.2308 3.68347 4.705 
2.15451 3.40631 3.38397 
4.10186 2.33764 3.7066 
3.71286 3.06266 3.257 
3.50336 9.05469 2.8391 
3.29584 2.81822 4.75285 
3.0208 2.93009 3.05282 
2.98805 3.55712 2.63521 
5.9609 5.64566 4.26711 
5.3731 1.75547 3.08571 
2.46124 4.97708 4.21563 
3.19287 5.6482 5.14867 
5.07409 6.35567 6.62758 
2.55282 1.78488 3.81939 
7.15922 8.1683 3.15539 
2.68674 4.48958 5.82129 
4.98857 3.5646 8.00461 
3.23719 3.15299 3.79268 
10.4472 4.08854 5.09728 
8.33414 2.83695 3.49247 
3.92231 5.42598 3.61891 
2.97239 3.39516 4.29286 
3.5167 1.85884 3.3492 
3.97697 3.60664 4.65406 
2.08085 3.82762 4.59785 
3.62479 7.36542 5.33873 
3.54953 2.47304 3.84072 
4.70463 7.62076 1.3241 
3.51356 4.69421 6.00126 
3.68086 5.51986 2.06656 
6.16079 7.53636 9.89918 
3.44587 7.33222 5.5622 
7.00905 6.84147 10.4882 
5.79617 7.16576 5.33183 
2.74584 4.44915 3.18874 
5.11167 1.67172 3.65964 
5.63867 3.25892 7.35226 
1.31966 5.02791 4.16429 
2.43421 2.06395 4.4189 
3.27237 2.82723 1.59635 
1.71217 3.51346 3.42676 
2.89401 3.99628 5.2329 
6.20089 3.19926 3.72875 
3.87346 3.12737 4.65564 
3.23329 3.14903 3.91097 
2.20303 4.5131 3.74452 
3.08856 3.93681 2.42079 
2.453 7.51265 4.93267 
5.21013 2.39824 7.15365 
4.41252 6.00774 4.09472 
5.10512 4.9585 5.5272 
3.23539 1.21005 6.45978 
1.93882 3.4789 4.75621 
9.59538 7.84294 4.45894 
5.69814 3.15856 3.17543 
6.32144 2.21887 3.98519 
7.0206 4.82809 4.20336 
6.61277 2.75604 4.46424 
2.11396 6.11973 3.23832 
7.1134 5.06719 2.7607 
9.83212 4.80401 5.99215 
2.44436 4.04532 4.62238 
8.61914 3.96355 4.11621 
3.79818 3.12797 3.78597 
2.56403 2.95452 3.50104 
0.874405 2.28395 3.24465 
7.05092 4.96441 3.47534 
3.3146 2.90834 3.86473 
3.22584 3.34115 4.96919 
4.91571 4.69978 8.17543 
3.06151 3.33593 4.08545 
2.45695 8.48567 4.70503 
4.46615 6.3453 4.59866 
4.26143 4.35978 5.1398 
2.34993e-11 0.11805 1.17979 
0.00333086 3.18225e-10 1.55746 
0.000327074 0.00137517 3.98209 
0.789326 6.99873 7.0716e-05 
1.0647 3.27651 4.46111e-08 
4.15014 0.0199267 0.0208824 
0.727492 5.06952 0.0018594 
0.000225536 0.00312419 3.24076 
0.674834 6.23436 0.00283977 
0.00064242 0.00125138 3.90664 
1.00705 3.68391 4.46111e-08 
0.0232936 2.79167 0.205661 
2.76231 0.0238858 0.0489068 
3.70601 0.94305 0.0186346 
2.49355 0.00822241 0.823179 
0.501533 3.81317 0.00472806 
0.000255175 0.00333721 2.0282 
0.649722 6.67428 0.000610387 
0.0128378 1.99706 0.398688 
3.04476 1.04458 0.0108609 
3.4971 1.03583 0.0365038 
3.11644 0.00681506 0.43215 
2.2717 0.00822946 0.519318 
3.30691 1.17381 0.00147532 
1.03763e-05 0.106597 2.23806 
0.00132133 0.000788125 1.76916 
0.750352 6.30828 0.00139583 
0.000296902 0.00268708 2.42185 
2.61654 0.00532037 0.948184 
4.05379 0.406511 0.0307073 
0.0993293 4.2554 0.0227105 
0.210788 0.923388 0.797093 
0.0383203 2.48829 0.194617 
0.692207 0.726365 0.543464 
1.98308 1.54166 0.000620337 
0.818729 1.71261 3.75202e-05 
0.264767 3.15619 0.022661 
0.737207 4.54955 0.00292532 
3.86575 1.09959 2.32173e-05 
1.80579 1.31256 0.00118629 
1.67951 0.0684543 0.291199 
3.92836 0.966345 0.00118629 
1.21919 0.266739 0.841952 
0.896904 0.610496 0.502916 
0.395093 2.28705 0.0164809 
0.00113997 0.000537286 2.13567 
1.56111 0.495729 0.0928892 
6.7255e-06 0.00470564 3.15389 
0.509878 0.000967065 1.30978 
0.0824356 1.48175 0.316714 
5.00519e-05 0.0420816 1.6447 
0.443768 0.33803 1.04924 
0.797719 6.85573 5.62931e-05 
0.603178 1.0505 0.724268 
1.17833 1.20456 0.00625444 
0.778602 4.28021 0.0018594 
3.41326 1.1705 2.32173e-05 
1.32299 0.184886 0.23586 
2.07734 0.0250561 0.106418 
6.7255e-06 0.116393 2.52702 
0.000642341 0.00125156 2.70471 
1.43108 0.0950305 0.115129 
2.20557 0.00996456 0.164626 
0.0167214 4.91214 0.298837 
0.000225547 0.00287363 3.03465 
0.101963 0.0902454 1.42552 
8.30536e-07 0.00566287 2.60718 
0.255521 1.25007 0.633108 
1.41787 0.0206011 0.641602 
0.856886 1.28445 0.357275 
0.401695 0.464725 1.11547 
0.32762 0.00122437 1.33786 
0.551107 3.16707 0.00341917 
0.0227167 4.66956 0.228895 
1.5405 0.0684543 0.302553 
1.34894 0.306533 0.210227 
2.65714 0.00973462 0.102813 
0.0991869 0.0653698 1.48749 
0.778602 4.77985 0.00185824 
0.000225536 0.00390306 2.92569 
0.0201544 1.62965 0.258717 
0.231492 2.32 0.053975 
0.294463 0.692605 0.744453 
2.16862 0.0653227 0.0490815 
0.442148 1.09328 0.488748 
1.76361 1.15373 0.018329 
0.619399 0.609086 0.917335 
1.00871e-05 0.00453169 2.82445 
0.723223 2.42789 0.00765856 
0.155204 1.14291 0.855852 
7.68711e-07 0.111707 2.79221 
0.00083217 0.00434457 1.73933 
0.468187 1.33726 0.377689 
1.99221 0.00967933 0.246871 
0.132783 2.48829 0.0714769 
0.699597 1.37965 0.034496 
1.82094e-05 0.0041034 2.97169 
0.372043 0.598787 1.07014 
0.323266 0.590498 1.08218 
1.04655 0.443607 0.746817 
