2.0499 0.774708 
1.3569 1.01306 
0.196516 1.89634 
1.73864 0.27552 
0.671159 1.83795 
0.390942 1.87647 
1.57701 0.70331 
1.63504 0.326951 
1.7172 0.097357 
1.504 0.252087 
1.36581 1.06209 
1.73417 0.0611001 
0.213542 1.71708 
1.8037 0.212656 
1.50662 0.603167 
1.5294 0.474912 
1.38145 1.40226 
1.87586 0.313671 
1.1365 1.6044 
0.73277 1.80659 
1.64066 1.14945 
0.519084 2.05268 
1.11787 0.707687 
0.975671 1.34087 
1.29815 1.08196 
1.59763 0.731485 
1.23768 1.55955 
1.32738 1.7322 
1.31724 0.714128 
0.456614 1.98376 
0.863423 1.50569 
1.71955 0.658783 
0.588105 1.85394 
1.98302 0.00390454 
1.62716 0.343692 
0.19114 1.95144 
0.770065 1.08621 
1.46636 0.704784 
1.2905 0.632331 
0.786181 1.41165 
1.66183 0.664913 
1.80263 0.608256 
1.3341 0.106736 
0.771397 1.18914 
1.50786 0.62059 
1.63873 0.143519 
1.45002 0.798069 
0.0829381 1.69847 
1.02952 1.07272 
0.422436 1.55419 
0.667202 1.94997 
0.658623 1.65048 
1.0361 1.05099 
1.64707 0.400273 
1.15152 1.99467 
1.07756 1.60533 
1.47524 0.539128 
1.35538 1.39631 
1.3217 0.513333 
0.391688 1.9248 
1.15504 1.30654 
1.35889 0.785085 
0.570956 1.44611 
0.62791 1.6737 
1.25687 0.922822 
1.91129 0.229491 
1.73816 0.593848 
1.34447 1.25714 
0.10064 1.51212 
0.870331 1.46542 
1.78882 0.294554 
2.18112 0.183772 
0.205117 1.79551 
0.0957512 1.68317 
1.33311 1.56856 
1.01904 0.994538 
1.02963 1.52622 
0.0455559 2.22056 
0.414203 1.61023 
2.13323 0.258072 
1.93402 0.498254 
0.352382 1.8539 
0.279164 1.78963 
1.58966 1.91249 
1.11778 1.70389 
0.665927 1.49632 
0.731972 1.83252 
0.381535 1.88596 
1.04627 1.06695 
1.63679 1.57161 
1.31288 1.0218 
1.67534 0.705458 
1.42914 1.22808 
1.41576 0.0597353 
1.8068 0.836459 
0.170185 1.95468 
1.54939 0.734222 
1.44521 1.65688 
1.61207 1.28923 
2.14065 0.101716 
6.12323e-17 1 
1 0 
1 0 
0.363651 0.9326 
0.33133 0.943619 
0.168377 0.985956 
0.918046 0.39658 
0.74379 0.668714 
0.994682 0.103249 
0.725827 0.687976 
0.383235 0.923805 
0.884453 0.46729 
0.112767 0.993699 
0.427238 0.904541 
0.192331 0.981436 
0.997279 0.0783852 
0.408808 0.912778 
0.258497 0.966164 
0.498338 0.867109 
0.999847 0.0215997 
0.92872 0.371186 
0.520718 0.854093 
0.982944 0.184349 
0.955054 0.298032 
0.911873 0.410889 
0.895751 0.445046 
0.810039 0.586437 
0.646407 0.763818 
0.964962 0.26306 
0.318179 0.948134 
0.937114 0.349324 
0.78259 0.622604 
0.764461 0.644689 
0.39689 0.918346 
0.554358 0.832387 
0.512638 0.858638 
0.537249 0.843638 
0.206157 0.978571 
0.992538 0.123064 
0.439762 0.898174 
0.623587 0.782103 
0.656448 0.75439 
0.079106 0.996916 
0.857383 0.514945 
0.950236 0.312309 
0.460099 0.88852 
0.140577 0.990278 
0.890684 0.454861 
0.968166 0.250765 
0.142645 0.989913 
0.999356 0.0399359 
0.278279 0.960592 
0.991053 0.134569 
0.867684 0.497398 
0.0557104 0.998565 
0.874622 0.485287 
0.303209 0.953111 
0.975284 0.221994 
0.221176 0.97533 
0.0150522 0.999962 
0.752726 0.658913 
0.720491 0.693776 
0.930687 0.369142 
0.450347 0.892953 
0.711051 0.703595 
0.773911 0.633399 
0.676886 0.736272 
0.691403 0.72301 
0.486325 0.874062 
0.0991551 0.99524 
0.612336 0.790713 
0.834158 0.551709 
0.472499 0.881387 
0.903323 0.429044 
0.635882 0.771839 
0.824542 0.565932 
0.980049 0.199372 
0.9862 0.166705 
0.960189 0.280486 
0.906216 0.423262 
0.665879 0.74623 
0.294711 0.955699 
0.697903 0.716226 
0.0306074 0.999805 
0.84002 0.542755 
0.959542 0.282813 
0.631764 0.775474 
0.579126 0.815314 
0.800751 0.599301 
0.0876348 0.996481 
0.588559 0.808653 
0.564455 0.825582 
0.998137 0.0624115 
0.769594 0.638701 
0.988751 0.151121 
0.790558 0.61285 
0.79833 0.602345 
0.816799 0.577237 
0.0376208 0.9994 
0.683351 0.730191 
