2.92636 2.86735 
4.60098 2.95307 
3.06259 4.53417 
4.0646 3.96673 
3.18304 3.04984 
4.26614 4.32315 
4.90582 2.31221 
4.097 3.27202 
6.17569 2.87329 
6.7762 3.91397 
5.66829 3.8182 
4.31062 3.41305 
3.95214 2.25854 
4.73811 4.63341 
6.14579 4.72466 
5.53149 3.92583 
5.39271 3.93551 
3.65101 3.0829 
5.18631 5.63402 
4.42645 4.0901 
5.30528 2.67702 
4.05257 4.43918 
3.36238 3.2444 
4.98147 3.97603 
4.39566 2.81795 
3.46268 5.51257 
3.99996 5.09031 
3.8527 2.3904 
4.00812 2.5535 
5.65962 2.69605 
4.76759 2.47335 
3.91986 4.71799 
4.17449 6.91549 
4.74362 4.83565 
4.67594 4.49683 
5.71536 6.91725 
6.5251 4.28053 
4.1489 3.71109 
3.83411 3.0337 
7.49572 3.23207 
4.40491 4.07765 
3.35085 1.9562 
4.98572 4.97639 
4.08777 2.54655 
5.04138 3.77217 
2.34358 2.5931 
4.99522 3.41541 
5.37051 2.18265 
4.33786 5.46828 
5.17257 3.66222 
3.54825 3.37111 
4.09526 3.35706 
6.43614 3.21526 
3.94684 6.05228 
3.784 4.35699 
6.00435 4.89008 
5.33029 2.96524 
4.85486 3.62308 
5.15012 3.96578 
4.08802 4.03736 
3.60957 4.72899 
6.12003 4.61279 
4.10598 3.59343 
4.26521 4.90154 
4.05349 5.52817 
3.44577 3.98187 
3.92294 4.75681 
5.53728 3.34111 
3.90429 3.59249 
5.54462 3.03305 
4.95905 6.09956 
4.90979 2.44627 
3.73323 4.5568 
6.04096 3.13852 
3.48152 4.40637 
4.01561 2.53578 
3.4879 2.40095 
6.22553 2.99403 
5.53902 4.021 
7.45983 4.23767 
4.8 4.54498 
5.24712 2.68603 
3.75751 4.43375 
4.62736 3.70798 
2.58193 4.75643 
6.55856 5.83765 
5.15584 3.10703 
3.55653 3.89681 
3.79287 3.64447 
4.40596 2.83861 
4.03156 3.54413 
6.08166 4.75272 
5.03005 3.85343 
5.14378 3.06209 
2.59579 4.55148 
4.56168 3.15956 
4.19665 3.20821 
5.93605 3.08219 
4.102 4.69723 
3.74582 4.05535 
1.00442 2.70751e-07 
3.34091e-06 1.00713 
0.872275 0.134456 
0.954749 0.0538335 
0.940552 0.0736504 
0.898265 0.113724 
0.983051 0.0231308 
0.85665 0.179763 
0.555367 0.460081 
0.0707593 0.936583 
0.0514339 0.951944 
0.469652 0.544117 
0.0260253 0.982199 
0.580045 0.446409 
0.449328 0.557504 
0.0104098 0.997692 
0.732797 0.287699 
0.757874 0.252866 
0.689385 0.318318 
0.633744 0.385774 
0.784912 0.232239 
0.492689 0.520785 
0.769459 0.240772 
0.799162 0.222009 
0.0905627 0.914057 
0.827355 0.182746 
0.305282 0.697794 
0.477347 0.533259 
0.244048 0.768933 
0.229452 0.776632 
0.216615 0.787752 
0.152657 0.852587 
0.253298 0.754151 
0.996749 0.0157741 
0.624578 0.403774 
0.373573 0.632135 
0.273068 0.730656 
0.292898 0.71888 
0.598381 0.415547 
0.432004 0.576413 
0.100938 0.902016 
0.263617 0.743573 
0.199627 0.809898 
0.516591 0.496432 
0.655213 0.365256 
0.0794484 0.927438 
0.682088 0.339816 
0.649201 0.379826 
0.365002 0.641776 
0.164577 0.840645 
0.116015 0.896217 
0.862149 0.160255 
0.703371 0.311681 
0.21056 0.803663 
0.670506 0.35859 
0.0361036 0.97138 
0.615256 0.411748 
0.387549 0.620163 
0.549272 0.468565 
0.531299 0.48201 
0.826346 0.195951 
0.143305 0.864742 
0.442306 0.568251 
0.587151 0.426994 
0.745445 0.266585 
0.966398 0.0390765 
0.499789 0.507829 
0.322472 0.686908 
0.0445862 0.962754 
0.713509 0.294117 
0.341152 0.672167 
0.124101 0.885216 
0.353205 0.652229 
0.737808 0.268083 
0.331278 0.676022 
0.422127 0.591424 
0.173544 0.833316 
0.411633 0.604634 
0.188812 0.824894 
0.898496 0.106655 
0.350052 0.660629 
0.285353 0.721428 
0.534882 0.477276 
0.680201 0.351252 
0.803882 0.203553 
0.809733 0.202264 
0.50767 0.500954 
0.315332 0.694848 
0.400052 0.610619 
0.713411 0.302836 
0.585027 0.437765 
0.965226 0.0405249 
0.91766 0.10077 
0.924659 0.0832387 
0.924694 0.0806432 
0.860494 0.162587 
0.136674 0.873474 
0.91844 0.100317 
0.130396 0.876632 
0.417765 0.595488 
