2.18529 3.03643 
2.13636 2.62202 
1.88299 3.48898 
1.65866 3.90827 
1.53247 4.01616 
2.58443 2.90979 
2.33592 3.24587 
1.85748 4.07315 
1.64836 3.9048 
2.68856 2.24134 
2.06523 3.24488 
2.31422 3.42144 
2.39386 3.22359 
1.63912 3.66975 
2.33309 2.55748 
2.07329 3.57188 
1.8393 3.78201 
1.60309 3.63639 
1.67861 3.64767 
1.28728 4.04723 
1.89553 3.89889 
1.97743 3.71184 
1.60104 3.85633 
2.72055 2.72602 
2.01418 3.16386 
1.87584 3.37361 
1.6557 3.44022 
2.68949 2.30871 
1.18904 4.11348 
2.69022 2.70547 
1.61794 3.87142 
0.968746 4.42608 
2.02019 3.47358 
2.28455 2.87742 
2.1775 2.94183 
1.61073 3.90614 
2.73115 2.26776 
2.77875 2.27183 
1.60153 3.69782 
1.00888 4.46467 
1.61427 4.26312 
1.73321 3.54585 
2.025 3.65691 
2.29257 3.28796 
2.30485 3.10779 
2.45741 2.93929 
2.23922 3.61169 
2.03973 3.4357 
1.59008 3.87767 
2.10324 3.28452 
2.45033 2.93677 
2.59547 2.74762 
2.58758 2.73567 
1.50224 4.34702 
1.50007 3.85986 
1.70656 3.64461 
1.17235 4.21772 
1.51818 3.77458 
2.3753 3.24583 
1.79025 3.32858 
1.53265 3.81407 
1.99683 3.06307 
2.45752 2.69514 
2.27661 2.71316 
2.37701 2.90495 
2.33193 3.14513 
2.03188 3.24806 
2.26015 2.71855 
2.1973 3.3635 
2.21552 3.46408 
2.14713 3.29313 
2.23 3.75833 
1.54227 3.9581 
2.41004 3.22679 
1.32366 4.48786 
2.20127 3.52469 
2.10688 3.32223 
2.83897 1.77309 
2.7619 2.62039 
2.23916 3.3715 
1.62864 3.83287 
2.33608 3.20179 
1.61399 3.96269 
1.98874 3.7585 
2.0425 3.55925 
1.78121 3.86006 
1.4974 3.93167 
2.00998 3.05056 
1.9761 3.21885 
1.07029 4.32975 
2.32902 3.28703 
1.65356 3.87949 
2.17604 3.22404 
1.98718 3.20818 
2.28028 3.26889 
2.62793 2.36494 
1.67652 3.75465 
2.22453 3.39149 
2.61981 2.50442 
1.72947 3.33624 
2.20084 0.200873 
0.0903796 4.09037 
0.483651 3.97405 
0.403919 4.00266 
1.95874 1.6175 
1.8189 2.17378 
0.14317 4.0865 
0.239895 4.0798 
1.31384 3.05975 
1.94915 1.73367 
2.19706 0.463896 
2.19905 0.379259 
0.191339 4.08501 
0.744875 3.81178 
1.78547 2.22245 
1.45967 2.81407 
2.19466 0.558185 
1.33569 3.0345 
2.20073 0.283701 
0.799254 3.73542 
0.701791 3.83727 
2.08247 1.32508 
2.17734 0.76602 
0.580988 3.91666 
0.777105 3.79271 
1.27521 3.11077 
1.42027 2.84842 
0.281704 4.06216 
1.72589 2.27124 
0.995343 3.50125 
1.83621 2.11675 
1.24004 3.18079 
2.0384 1.48289 
2.14506 0.869878 
0.677278 3.86822 
0.516654 3.94822 
1.37054 2.98203 
1.88996 1.9169 
1.91124 1.87049 
2.16722 0.833036 
1.21393 3.21706 
2.06584 1.38754 
1.09344 3.39501 
1.61531 2.57972 
1.57722 2.65875 
1.52421 2.78199 
1.76583 2.25902 
1.85551 2.073 
2.10973 1.03066 
0.830513 3.70999 
2.18782 0.692709 
0.96655 3.52786 
1.99088 1.58714 
1.19359 3.2581 
1.92579 1.81943 
0.316713 4.04806 
1.49361 2.80083 
0.553841 3.93851 
1.59983 2.62203 
0.943935 3.5612 
0.348066 4.03247 
0.871201 3.64312 
2.19063 0.634586 
2.0578 1.44222 
2.08285 1.23957 
1.06053 3.42421 
1.02764 3.4712 
1.40524 2.88797 
0.896593 3.61095 
1.65789 2.46757 
1.16944 3.28843 
0.859807 3.69088 
1.86808 2.01794 
2.1255 0.922007 
1.88408 1.98417 
1.63392 2.52354 
1.54839 2.74092 
2.1168 0.959244 
0.918207 3.58749 
1.70764 2.32116 
1.56373 2.71682 
1.26865 3.15115 
0.385954 4.02699 
2.09082 1.19485 
1.14476 3.31027 
1.93666 1.76422 
0.632426 3.90588 
2.02733 1.55276 
2.10234 1.14362 
2.10341 1.09136 
1.67618 2.41025 
1.69506 2.34993 
1.11458 3.36219 
1.3863 2.92827 
1.04904 3.45699 
1.13853 3.36192 
2.01608 1.56905 
1.65728 2.51767 
0.635729 3.88057 
1.68645 2.39872 
