1.16659 1.04661 
1.67708 1.42947 
1.36401 1.27304 
0.478228 1.65622 
1.68714 0.616709 
1.77688 0.443882 
1.32723 1.57466 
0.0943333 1.7836 
1.417 0.727528 
0.904512 1.46784 
0.382223 1.828 
1.63354 0.195769 
0.988621 2.12899 
0.260296 2.2133 
1.68471 1.21285 
1.91849 0.118732 
0.999349 1.50892 
2.07584 0.0931818 
1.72702 0.0385115 
2.13821 0.747089 
0.64213 1.8652 
0.460809 2.10998 
1.47798 0.435341 
0.44485 1.67143 
1.36949 0.0242413 
1.86357 0.241496 
1.63031 0.599108 
0.0572166 1.8871 
0.405388 1.58447 
1.41624 1.13473 
1.64939 0.371034 
1.31598 1.34637 
1.54369 0.106648 
0.836167 1.20618 
1.55003 1.46421 
1.94062 0.605652 
1.72765 1.00139 
0.307362 2.00737 
0.423703 1.34096 
1.4538 1.43879 
1.47825 1.07754 
1.47117 1.19237 
1.81883 0.450402 
1.24415 1.06135 
0.235408 1.57972 
2.21392 0.561925 
0.0715356 1.75929 
0.985655 1.44073 
1.41771 1.48739 
1.69573 1.301 
0.982637 1.56814 
0.727979 1.81886 
1.49229 1.06597 
1.32552 0.57244 
1.0927 0.993578 
1.76722 0.584707 
0.110848 1.53217 
1.42564 0.363288 
1.35809 0.875298 
1.58315 0.96512 
0.866689 1.56423 
1.18668 1.46144 
0.469108 1.96877 
1.6719 1.40597 
1.49743 0.600552 
0.956649 1.6781 
1.74053 0.535365 
1.1589 1.59206 
0.831349 1.85672 
2.07078 0.526236 
1.81881 1.1666 
1.77988 0.73467 
0.61522 1.6368 
1.15782 1.48257 
1.91378 0.536516 
0.972619 1.71186 
1.45589 0.887115 
0.671839 1.09445 
0.425785 1.46564 
0.522347 1.427 
0.298327 1.40317 
1.76675 1.32818 
1.77767 0.685971 
1.45141 0.467254 
1.05356 1.44513 
1.43729 1.14282 
0.845354 1.47997 
1.95838 0.476883 
1.65264 0.490578 
1.57557 0.0430436 
0.215706 1.61488 
1.99944 0.681129 
1.91237 0.0286727 
1.34047 1.10544 
1.4641 1.17831 
1.85032 0.421789 
0.214819 1.61715 
1.66535 0.321393 
0.61622 2.31315 
1.73997 0.0271019 
1 0 
6.12323e-17 1 
1 0 
0.371181 0.928854 
0.327421 0.945015 
0.996872 0.0799718 
0.863618 0.505546 
0.845706 0.534207 
0.739948 0.672792 
0.721762 0.692577 
0.911296 0.41226 
0.992805 0.122122 
0.518729 0.855101 
0.389903 0.920993 
0.894405 0.447828 
0.414999 0.910218 
0.965679 0.261343 
0.701783 0.712609 
0.92084 0.390571 
0.13056 0.991672 
0.183133 0.983235 
0.799043 0.601539 
0.672941 0.740228 
0.971486 0.239973 
0.784731 0.6205 
0.224839 0.974578 
0.108608 0.994233 
0.165451 0.986327 
0.613337 0.790004 
0.840325 0.542769 
0.147215 0.989255 
0.239258 0.9711 
0.714238 0.700426 
0.748527 0.663302 
0.978107 0.209282 
0.973909 0.227252 
0.690136 0.724585 
0.957664 0.289828 
0.0927597 0.996017 
0.454463 0.890907 
0.0164178 0.999915 
0.281689 0.959678 
0.829658 0.558708 
0.595261 0.803697 
0.256932 0.966575 
0.870361 0.493167 
0.440451 0.898547 
0.265318 0.96459 
0.875105 0.484593 
0.557119 0.830876 
0.903439 0.428964 
0.938117 0.3468 
0.58981 0.807753 
0.982614 0.186202 
0.50289 0.864769 
0.470837 0.882261 
0.758923 0.652212 
0.952563 0.305184 
0.9445 0.330279 
0.888073 0.460528 
0.881393 0.472767 
0.204925 0.979049 
0.998321 0.0617616 
0.985408 0.170439 
0.813492 0.582328 
0.632686 0.774855 
0.980904 0.196051 
0.382155 0.924538 
0.500369 0.866017 
0.548176 0.836791 
0.20206 0.979745 
0.924641 0.381825 
0.999943 0.0189189 
0.48603 0.874263 
0.904456 0.42692 
0.291547 0.956935 
0.805882 0.592586 
0.577117 0.816849 
0.533595 0.846009 
0.533586 0.846291 
0.691863 0.722577 
0.300474 0.953971 
0.945789 0.326331 
0.65463 0.75637 
0.484527 0.875038 
0.568171 0.823157 
0.0605234 0.998745 
0.99934 0.0404568 
0.667923 0.744767 
0.998714 0.0538784 
0.771742 0.636251 
0.930353 0.367588 
0.0336006 0.999639 
0.432901 0.901708 
0.642859 0.766331 
0.644904 0.765319 
0.961554 0.275387 
0.992072 0.127102 
0.618858 0.785765 
0.934573 0.356413 
