1.20983 0.419386 1.41069 
0.207363 0.499554 2.22798 
0.53804 0.83842 1.66307 
1.00199 1.13851 0.557604 
1.10102 1.30561 0.428171 
0.331447 1.46654 1.09033 
1.36528 0.847709 0.565062 
1.2183 0.285094 1.00417 
0.400684 2.02821 0.180687 
1.19856 0.621296 0.916241 
0.488682 0.313841 1.35954 
0.565107 0.2828 1.53151 
0.33767 0.0806135 1.58223 
0.873736 1.47084 0.788798 
0.191064 0.620309 1.48461 
0.611524 0.911159 1.52214 
0.0587745 0.458726 1.4714 
1.20666 1.50179 0.599455 
0.207261 0.518211 1.2469 
0.0593168 0.0323681 2.27431 
1.54452 0.729365 1.11377 
1.01435 1.03051 0.82844 
0.466012 0.274845 1.73204 
1.64306 0.0983701 1.23401 
0.624288 0.724069 1.52232 
0.986115 0.761674 1.17751 
0.182416 0.980145 1.23167 
0.290084 0.239534 1.64195 
0.320086 0.843887 1.57285 
0.317847 1.37794 0.54946 
1.40191 0.771397 0.283571 
1.43191 0.436735 1.40042 
0.000384433 0.000171858 1.93888 
1.69294 0.909641 1.44486 
1.55465 0.903323 0.467818 
0.87463 0.653776 1.30958 
0.185483 0.0856226 1.59285 
0.453078 1.14612 1.3855 
0.606747 1.79746 0.189102 
1.01148 0.428067 1.66438 
1.13849 0.643815 1.05967 
0.04427 0.713804 1.58246 
0.118779 0.0343161 2.08886 
0.943788 1.15079 1.26153 
1.07331 0.942511 0.742439 
0.519363 0.0905426 1.961 
1.36796 0.32535 1.1656 
0.408016 0.285567 1.87747 
1.20508 0.803642 0.705762 
0.130785 0.108284 1.55651 
0.442476 0.231402 1.85117 
0.836861 0.209453 1.64864 
0.770177 1.12262 1.01766 
0.63766 1.24015 1.3042 
0.987195 1.49715 0.884317 
0.235058 0.231 1.87443 
0.952387 0.0479852 1.47396 
0.495908 0.00391495 1.63564 
0.750745 1.79072 1.27685 
0.241252 1.3721 0.788162 
1.75052 0.276487 0.474368 
0.451064 0.476679 1.57104 
0.959622 1.01312 1.00863 
1.01402 0.895734 0.880578 
0.511261 0.667718 2.0758 
1.23401 0.649517 0.954907 
0.438542 0.180632 1.35345 
0.789298 1.38262 0.626064 
0.607839 1.22284 0.556357 
0.134266 1.06744 1.14034 
1.26864 1.32551 0.0194915 
0.838445 0.540257 1.89551 
0.850741 0.431818 1.46781 
0.802796 1.05128 0.221897 
0.831504 0.591688 1.41463 
1.34664 1.25288 0.62782 
0.803691 1.04729 0.962824 
0.00315941 0.825268 1.66721 
0.0282674 0.137526 2.13461 
1.66243 0.203201 0.305734 
1.8073 0.43484 0.578093 
1.10656 1.03262 1.4242 
0.174174 0.0868608 1.87739 
1.052 0.375724 1.36516 
1.60103 1.18879 0.61559 
0.30425 0.530576 1.82075 
0.521191 1.02664 1.58297 
1.8298 0.231655 1.35216 
0.521312 0.945105 1.11034 
0.186476 0.553415 1.23073 
0.194923 1.57191 1.23464 
0.989478 1.15189 0.679552 
1.52538 0.390218 0.102296 
0.0276199 0.405627 1.84293 
1.28198 1.02113 0.801572 
1.7559 0.755377 0.421089 
1.05697 1.1439 1.08324 
1.16529 0.71421 0.633243 
0.564937 1.00891 1.21588 
0.0323376 1.40876 1.25327 
3.7494e-33 6.12323e-17 1 
1 0 0 
6.12323e-17 1 0 
6.12323e-17 0 1 
4.7117e-17 4.27379e-17 1.03887 
0.785455 0.412538 0.492142 
0.422342 0.869537 0.298594 
0.734855 0.0914524 0.72525 
0.758978 0.602423 0.270838 
0.474993 0.0702894 0.901041 
0.0645507 0.985858 0.281145 
0.327502 0.114617 0.950201 
0.300683 0.970805 0.0369061 
0.979624 0.174092 0.178843 
0.706687 0.611321 0.420898 
0.0798866 0.977106 0.236115 
0.367545 0.473264 0.847214 
0.517645 0.654293 0.58766 
0.107174 0.1565 0.987672 
0.700744 0.241972 0.681518 
0.343173 0.493485 0.816322 
0.999877 0.219465 0.108583 
0.00317201 0.957576 0.345847 
0.218249 0.725444 0.660936 
0.568895 0.567939 0.60328 
0.629018 0.297662 0.746326 
0.319689 0.658189 0.702953 
0.602158 0.255274 0.784063 
0.885888 0.516616 0.0173657 
0.594856 0.81909 0.0935071 
0.344289 0.585438 0.760805 
0.753414 0.542586 0.396315 
0.45077 0.389722 0.828381 
0.265054 0.85577 0.461392 
0.512138 0.803776 0.32277 
0.857637 0.181486 0.551441 
0.111926 0.525247 0.882402 
0.679485 0.633037 0.409644 
0.151314 0.973315 0.194813 
0.613993 0.211633 0.802828 
0.895353 0.132494 0.438259 
0.497771 0.857397 0.215973 
0.951329 0.332939 0.0747016 
0.79895 0.141662 0.596801 
0.532998 0.595115 0.631157 
0.0958718 0.935647 0.362269 
0.178335 0.836891 0.553738 
0.382242 0.938281 0.0513162 
0.623541 0.677163 0.405787 
0.829912 0.348174 0.447374 
0.186472 0.202508 0.971981 
0.128201 0.81834 0.597043 
0.913879 0.0438161 0.458306 
0.46696 0.900767 0.0431388 
0.848048 0.286954 0.513549 
0.971505 0.233564 0.128718 
0.67515 0.715988 0.18995 
0.19883 0.990645 0.0829499 
0.69419 0.646736 0.375388 
0.656219 0.747133 0.1568 
0.814304 0.214366 0.569439 
0.956375 0.248195 0.221166 
0.58259 0.438935 0.709307 
0.969005 0.279909 0 
0.720567 0.754427 0.142683 
0.281272 0.927427 0.340049 
0.154594 0.318285 0.962854 
0.138052 0.888004 0.459735 
0.289681 0.955152 0.17718 
0.483037 0.625393 0.625888 
0.259067 0.302906 0.935864 
0.275586 0.565043 0.854106 
0.349644 0.94393 0.0099237 
0.206334 0.463982 0.869255 
0.819087 0.285632 0.533423 
0.901679 0.0417409 0.503746 
0.0446148 0.877978 0.517724 
0.395606 0.528501 0.770363 
0.461116 0.593293 0.728075 
0.397467 0.402696 0.84635 
0.260429 0.358452 0.929255 
0.852128 0.549066 0.0525363 
0.651897 0.0191015 0.781468 
0.164834 0.773529 0.650541 
0.30995 0.369043 0.891298 
0.45269 0.0245823 0.915594 
0.547213 0.140165 0.864004 
0.559413 0.772011 0.327431 
0.588758 0.786537 0.255094 
0.503384 0.344094 0.81172 
0.429485 0.100926 0.9253 
0.227752 0.313604 0.958707 
0.467575 0.507785 0.778912 
0.727284 0.703065 0.000909109 
0.000796532 0.682409 0.789368 
0.955894 0.0525949 0.323837 
0.0215072 0.433041 0.908483 
0.274337 0.740625 0.642793 
0.867109 0.128315 0.516217 
0.0480021 0.785739 0.640679 
