0.789704 0.88951 0.83982 
1.04522 0.999999 0.26061 
0.389481 0.427291 1.20607 
0.203503 0.254769 2.02698 
1.31372 1.17782 0.505944 
0.94003 0.526403 1.7237 
0.834565 1.24462 0.642426 
0.620876 0.431457 1.46175 
0.89635 1.29578 0.926503 
0.511126 0.30813 1.98194 
0.573001 0.438593 2.06708 
0.200905 0.156634 1.29987 
0.905857 0.669892 1.41878 
0.545044 0.98127 1.59923 
0.420065 0.731525 1.80426 
1.58276 0.891746 1.12043 
0.0721107 0.081531 1.93152 
0.546331 0.491297 1.96065 
0.255906 0.421042 1.64449 
0.449254 0.538554 1.63132 
0.518073 0.603868 1.37847 
0.532093 0.753174 1.52787 
0.887948 1.33489 1.42347 
0.781872 0.821111 1.54454 
1.49906 1.13333 0.770222 
1.79573 0.929246 0.0755029 
0.739763 1.17306 1.5718 
0.82077 1.55115 0.157922 
0.264774 0.241451 1.76186 
0.981053 0.661064 0.978639 
0.956099 1.46826 0.387526 
0.776373 0.776177 1.18802 
0.901753 0.815257 1.4892 
1.70139 1.54487 0.361908 
0.939536 1.37055 0.252643 
0.256974 0.383946 1.81217 
1.25267 0.891818 0.106605 
0.137787 0.242381 1.61032 
0.58055 0.855765 1.2578 
0.675444 0.945477 1.54383 
0.923102 1.17858 0.940743 
0.943826 1.69716 0.591194 
0.156837 0.0912859 1.70667 
1.8448 0.8332 0.00626548 
1.54854 0.893806 0.906386 
1.73154 1.13774 0.342366 
0.835097 0.990991 1.10785 
0.788162 1.27994 0.789376 
1.14434 0.686124 1.42714 
0.580589 0.771061 1.50633 
1.20423 1.08064 0.51669 
0.464293 0.874553 1.71582 
0.898042 1.16573 1.17248 
0.736482 1.32886 0.666016 
1.28397 1.00778 0.956186 
0.668114 0.706151 1.72074 
0.0521025 0.099725 1.69719 
1.10867 1.30197 0.641424 
1.0432 0.945758 0.970401 
0.611841 1.21986 1.11445 
0.272844 0.320835 1.72257 
0.12576 0.0731995 1.6442 
1.34886 0.994223 0.38391 
1.62521 1.0011 0.619613 
0.721549 0.706549 1.049 
1.11434 0.650581 1.19413 
0.106963 0.16489 1.85702 
0.734879 1.57517 0.668086 
0.801252 0.653458 0.706995 
0.339438 0.313874 1.20777 
1.21949 0.667147 0.98486 
0.522291 0.673231 1.29329 
0.124139 0.329531 2.16917 
0.40625 0.841654 1.64206 
0.866936 0.594559 1.54307 
0.276283 0.246994 1.73484 
1.36282 1.33872 0.294901 
0.739832 0.484439 1.18162 
1.14205 0.699242 1.53529 
0.274904 0.502495 1.69055 
0.908908 1.08778 0.120825 
0.0278021 0.0452719 1.61023 
1.78925 0.887479 0.261241 
0.69582 0.355579 1.87796 
0.846159 1.25443 0.0213273 
0.745435 0.632898 1.44155 
0.370753 0.399992 1.52398 
0.476879 0.671256 1.49136 
1.16149 1.43442 1.20953 
1.2289 1.25077 0.957559 
1.52692 1.42359 0.577953 
0.846665 0.836721 0.610755 
0.275295 0.44196 1.46899 
0.132871 0.206247 1.46173 
0.326734 0.169124 1.9675 
1.34241 0.600464 1.30514 
0.765194 0.921314 1.43081 
0.805143 1.04474 1.44091 
1.07442 1.03237 0.229007 
0.44955 0.237673 1.6394 
4.32978e-17 4.32978e-17 1 
4.32978e-17 4.32978e-17 1 
0.707107 0.707107 0 
0.70808 0.70699 0.0274451 
0.132924 0.132916 0.982228 
0.501759 0.501215 0.706513 
0.598241 0.598327 0.533402 
0.33574 0.335812 0.880267 
0.544337 0.544052 0.63904 
0.0767826 0.0767747 0.994643 
0.609173 0.608884 0.508835 
0.699534 0.699333 0.149305 
0.0894553 0.0893836 0.993018 
0.475355 0.475517 0.740687 
0.436817 0.436812 0.786966 
0.643631 0.643005 0.416569 
0.351263 0.351116 0.868494 
0.387464 0.387462 0.836926 
0.292362 0.292549 0.91168 
0.671139 0.670992 0.317539 
0.675496 0.675243 0.297034 
0.526142 0.526034 0.668785 
0.368133 0.368094 0.853885 
0.447283 0.447146 0.774849 
0.228289 0.228354 0.946807 
0.694233 0.694432 0.191116 
0.553021 0.553106 0.623398 
0.588557 0.588747 0.55465 
0.563 0.563037 0.605704 
0.299716 0.299651 0.905903 
0.0240258 0.0240239 0.999757 
0.401911 0.401796 0.823224 
0.687996 0.687305 0.235715 
0.109282 0.109428 0.98956 
0.393827 0.393797 0.830721 
0.408415 0.408528 0.816563 
0.70221 0.702233 0.119958 
0.428956 0.428957 0.795148 
0.0409692 0.0409532 0.998569 
0.691052 0.691752 0.214001 
0.705785 0.706371 0.0629627 
0.684848 0.684582 0.250661 
0.483866 0.483888 0.732069 
0.241828 0.241828 0.939814 
0.520218 0.520292 0.67745 
0.582332 0.581965 0.568889 
0.176734 0.176713 0.968399 
0.0310834 0.031073 0.999397 
0.0489129 0.0489264 0.99798 
0.36081 0.36082 0.860352 
0.593431 0.593638 0.544477 
0.118294 0.118327 0.986102 
0.534784 0.533994 0.656308 
0.213649 0.213561 0.953555 
0.514301 0.514999 0.687166 
0.557129 0.556684 0.617797 
0.308424 0.308203 0.900445 
0.5372 0.536691 0.65161 
0.151797 0.151726 0.977019 
0.679311 0.679053 0.279139 
0.163764 0.163548 0.973716 
0.416126 0.415897 0.809073 
0.681143 0.681207 0.268663 
0.0643498 0.0643541 0.995914 
0.451967 0.451796 0.770352 
0.271819 0.271913 0.923663 
0.623395 0.623111 0.472961 
0.251372 0.251377 0.934872 
0.174901 0.17484 0.969331 
0.15172 0.151762 0.976885 
0.467518 0.467521 0.751019 
0.261828 0.261928 0.929271 
0.493278 0.492872 0.717498 
0.635306 0.635117 0.439764 
0.281995 0.281973 0.91741 
0.652151 0.652036 0.387009 
0.618336 0.618224 0.485512 
0.705707 0.705212 0.0744985 
0.514347 0.514307 0.686734 
0.576244 0.576638 0.580742 
0.658168 0.657989 0.369136 
0.415947 0.416628 0.809704 
0.160839 0.160817 0.974106 
0.377413 0.377292 0.845942 
0.568762 0.568567 0.594708 
0.220401 0.220818 0.951504 
0.570695 0.570688 0.591228 
0.377319 0.377421 0.845982 
0.256351 0.256018 0.932965 
0.280818 0.28083 0.918061 
0.613728 0.613533 0.497312 
0.633144 0.632978 0.446011 
0.487838 0.487443 0.724877 
0.329778 0.329638 0.884948 
0.011488 0.0114871 0.999929 
0.011487 0.0114881 0.999929 
0.268211 0.268469 0.926018 
0.204175 0.20413 0.958394 
0.666817 0.666854 0.334339 
0.243402 0.243472 0.939225 
