582.414 448.433 659.45 
139.654 929.118 455.605 
247.059 20.8825 952.234 
580.349 23.138 879.778 
303.95 82.9446 1397.15 
481.513 476.262 916.566 
136.393 41.5245 1030.11 
857 1210.5 571.765 
363.103 418.633 1088.43 
147.11 496.05 1268.21 
1459.95 174.966 20.7986 
445.573 57.2679 967.433 
803.958 359.231 90.7517 
616.796 190.157 1087.18 
17.107 20.167 1046.31 
697.446 493.585 730.459 
1.86981 0.611535 1139.96 
424.863 523.101 956.327 
416.228 41.9492 1279.22 
761.31 245.09 764.034 
8.28674 148.925 1250.67 
180.14 676.836 766.69 
718.654 230.03 13.3566 
1056.84 683.224 233.575 
1045.75 934.851 202.481 
9.63502 147.309 1353.51 
381.683 983.334 397.558 
384.138 658.891 803.531 
280.588 548.628 601.815 
99.7708 16.3183 954.486 
236.185 109.753 721.652 
551.517 310.937 960.65 
220.784 68.905 1065.6 
311.664 887.492 545.213 
99.2731 39.4896 915.512 
323.985 667.721 285.52 
151.458 152.394 847.663 
444.655 791.982 432.031 
971.939 1485.06 21.94 
389.757 300.485 494.921 
240.686 293.486 1010.83 
721.017 761.492 650.329 
59.0677 613.231 788.861 
186.57 272.709 1023.24 
719.112 425.186 876.468 
1077.09 137.088 151.977 
309.383 493.255 998.483 
869.347 159.819 306.945 
292.035 47.6548 1109.2 
770.155 319.923 356.602 
238.628 266.285 362.16 
63.6391 70.6139 1544.76 
546.674 72.4824 1041.7 
259.305 565.945 371.962 
599.459 365.442 486.629 
155.399 564.595 1056.9 
998.71 128.562 632.704 
398.735 50.6818 978.006 
481.113 1107.55 304.186 
177.075 876.882 935.057 
171.124 1003.42 742.349 
654.855 395.009 990.408 
369.38 117.931 1202.84 
307.847 94.8352 1119.47 
559.833 1229.23 955.496 
932.749 385.006 659.076 
132.386 242.978 736.172 
311.621 24.7442 428.55 
472.004 990.252 854.615 
1235.33 1034.01 129.437 
804.377 843.856 103.392 
257.487 500.064 914.456 
1046.85 417.065 132.129 
610.008 566.806 986.539 
292.699 152.281 658.967 
55.9792 15.5858 1100.41 
1173.96 377.933 226.304 
64.7822 485.486 671.825 
879.998 707.61 689.741 
446.271 380.781 1089.39 
421.559 57.4244 1038.68 
968.166 251.288 431.669 
56.4617 49.8619 960.721 
187.573 260.739 729.776 
10.1644 38.5184 1258.25 
271.885 997.696 712.468 
326.019 455.154 504.518 
899.539 205.054 123.684 
32.0225 115.633 903.243 
197.201 381.187 1046.34 
1.78878 0.501092 1249.01 
86.5678 770.654 592.561 
85.7779 79.8046 822.559 
510.001 740.456 775.359 
403.351 799.86 1100.89 
709.92 315.153 405.165 
769.959 971.611 408.147 
357.905 167.693 740.075 
357.492 386.674 843.171 
1317.46 674.396 417.89 
7.4969e-33 1.22434e-16 1.99949 
1.22434e-16 0 1.99949 
1.99949 0 0 
1.22434e-16 1.99949 0 
1.99949 0 0 
1.10834e-16 6.13542e-17 2.06889 
0.510391 1.50762 1.247 
1.19396 0.519561 1.53429 
1.44511 0.876276 1.08659 
0.850632 1.84184 0.00593801 
1.87865 0.67465 0.317591 
1.70345 1.03512 0.387515 
0.339729 1.16786 1.61637 
1.08164 1.10124 1.28897 
0.446875 1.65247 1.11859 
0.415056 1.98977 0.0798136 
0.687004 0.36831 1.85944 
1.68171 0.738144 0.811616 
1.07119 1.70922 0.0564393 
1.0287 1.59339 0.661677 
0.289021 0.314634 1.96598 
0.902082 0.27628 1.79838 
1.64221 0.909349 0.737026 
0.644909 1.45379 1.22739 
1.33435 0.897189 1.20534 
1.54032 1.28731 0.361729 
1.12556 1.66166 0.211642 
0.551922 1.94142 0.199295 
0.836142 1.6623 0.775935 
1.36561 0.396011 1.42905 
0.584118 1.42642 1.36896 
1.95717 0.109244 0.45571 
0.814582 0.182655 1.83425 
0.604889 1.93434 0.137642 
0.175707 1.92364 0.694806 
1.20791 1.32974 0.903495 
1.92043 0.257529 0.552597 
0.947183 0.0596273 1.81808 
1.57844 1.14615 0.55632 
1.22696 1.59724 0.148266 
1.76112 0.632442 0.744284 
1.3012 0.153703 1.55338 
1.67244 0.486155 1.04271 
0.986843 1.78201 0.0524897 
0.0602432 1.89005 0.902216 
1.26953 0.0262509 1.63422 
1.33361 1.52237 0.105347 
1.78272 0.210581 0.932296 
0.254153 1.25586 1.56015 
0.427735 1.86246 0.6207 
1.60621 0.358542 1.15882 
1.11303 1.53345 0.713711 
0.758729 0.772481 1.72663 
1.65777 0.761065 0.882505 
1.40074 0.602897 1.32268 
1.5742 1.29143 0.245697 
0.539305 0.13098 1.9329 
0.659284 0.19392 1.89828 
0.675395 1.82775 0.524678 
1.71746 0.0830706 1.12358 
1.27353 0.490929 1.49357 
0.397817 0.895313 1.7736 
0.218081 1.34478 1.49172 
0.934042 1.74729 0.431788 
0.739028 1.81089 0.478565 
0.918019 1.46482 1.03748 
1.0528 0.452772 1.65547 
0.934522 1.09183 1.41291 
0.967269 1.73683 0.27292 
0.15291 0.993782 1.7477 
1.42554 0.598546 1.30783 
1.47813 0.565789 1.29523 
1.27253 0.830312 1.34801 
1.29832 1.42927 0.608416 
1.24836 1.37427 0.792658 
0.707494 0.43805 1.82836 
1.84906 0.5588 0.568388 
1.7988 0.239221 0.877917 
0.978431 1.75688 0.0907729 
0.132814 0.311431 1.98698 
0.142391 1.16068 1.69665 
1.7931 0.325433 0.872553 
1.05098 1.39563 1.02146 
1.43719 1.17903 0.853652 
0.260085 1.22278 1.59264 
0.092163 1.2026 1.61428 
1.72255 0.4657 0.95011 
0.768907 1.193 1.46686 
1.51446 0.290684 1.35566 
0.108668 0.549364 1.95071 
1.48682 0.894272 1.01194 
1.0975 0.950731 1.4295 
1.87511 0.705282 0 
0.78895 1.80987 0.483082 
0.10122 1.265 1.58344 
0.482151 1.81071 0.752323 
0.0457593 1.3708 1.48103 
0.755169 0.415908 1.82417 
1.83507 0.805348 0.451141 
1.18044e-16 3.42314e-17 2.00723 
