0.11259 15.1958 
0.974969 11.446 
0.0641221 11.7089 
0.759368 13.9936 
0.60293 13.466 
0.959187 13.2962 
0.721609 11.5853 
0.576678 12.621 
0.851958 10.074 
0.00866034 14.4623 
0.00303514 12.9384 
0.404829 13.0559 
0.851627 10.447 
0.33802 11.2401 
0.363041 11.3341 
0.0519626 14.3987 
0.74521 10.7451 
0.910004 10.2276 
0.276968 11.5084 
0.689011 10.4524 
0.150672 12.7445 
0.390819 11.7704 
0.0706769 11.8607 
0.863983 9.42549 
0.0470739 11.1889 
0.23946 14.1449 
0.18776 12.7545 
0.159182 11.4169 
0.293927 12.3923 
0.848763 12.693 
0.187695 12.8433 
0.243142 13.504 
0.518502 12.2609 
0.450618 11.5496 
0.341952 11.9751 
0.245098 13.2019 
0.994595 13.0557 
0.0231292 14.2589 
0.314652 12.7469 
0.449064 13.4552 
0.165842 13.0189 
0.668782 11.307 
0.346541 12.6158 
0.856972 9.64957 
0.308446 12.2401 
0.844061 11.1864 
0.194265 11.084 
0.683567 11.9724 
0.222014 11.9349 
0.485146 13.6095 
0.185152 12.9231 
0.360235 10.5513 
0.1242 12.8403 
0.299841 13.2646 
0.579865 13.6232 
0.396746 12.2961 
0.285425 11.3515 
0.0216963 14.8862 
0.52153 14.3764 
0.687049 13.2961 
0.899275 11.7242 
0.185822 12.2839 
0.379204 11.3146 
0.734881 10.7143 
0.667996 13.7915 
0.875465 12.1299 
0.241675 11.318 
0.0939151 10.6739 
0.411043 11.7064 
0.223909 13.5988 
0.686116 11.1245 
0.585464 12.6583 
0.344296 13.7355 
0.332693 11.9159 
0.980025 12.3051 
0.704869 12.3421 
0.61354 13.9701 
0.037421 14.3336 
0.850904 10.191 
0.60725 11.814 
0.138657 15.4386 
0.99222 11.0062 
0.783974 11.2785 
0.380871 13.2839 
0.589942 12.4737 
0.806414 11.2421 
0.0739042 13.2954 
0.426098 12.6989 
0.55308 14.7604 
0.990699 11.8301 
0.694961 12.5663 
0.0128848 15.5699 
0.978537 10.7133 
0.113143 12.1811 
0.471491 12.0391 
0.900533 10.4191 
0.978669 13.5025 
0.859637 11.2731 
0.56923 12.3041 
0.17972 13.4439 
0 4 
0.859401 2.307 
0.859401 2.307 
0 4 
0.631627 3.57319 
0.251412 3.57319 
0.704786 3.04742 
0.783913 2.51568 
0.756655 2.67582 
0.769835 2.59413 
0.831947 2.33618 
0.183686 3.63499 
0.647898 3.46611 
0.711171 2.99921 
0.76189 2.6425 
0.0193849 3.97709 
0.633941 3.5585 
0.652679 3.43311 
0.817453 2.37423 
0.681948 3.22017 
0.677736 3.25168 
0.657902 3.39638 
0.773764 2.57125 
0.0606045 3.90663 
0.725786 2.89042 
0.752247 2.70469 
0.222406 3.58518 
0.711851 2.99409 
0.690248 3.1576 
0.663633 3.35534 
0.661657 3.36957 
0.13974 3.72499 
0.118267 3.77556 
0.793736 2.46716 
0.127897 3.75265 
0.720156 2.93198 
0.655014 3.41677 
0.728316 2.87192 
0.77967 2.53827 
0.844917 2.3152 
0.733363 2.83541 
0.813553 2.38699 
0.69836 3.09612 
0.0483681 3.93034 
0.136347 3.73283 
0.00809644 3.99129 
0.777576 2.54976 
0.716848 2.95662 
0.0712944 3.88432 
0.688282 3.17247 
0.741018 2.78119 
0.69739 3.10349 
0.791728 2.47663 
0.670368 3.30625 
0.0712944 3.88432 
0.147828 3.70667 
0.0815625 3.86173 
0.214889 3.59204 
0.0815625 3.86173 
0.645034 3.48557 
0.639421 3.52297 
0.685682 3.19209 
0.104336 3.80882 
0.0401485 3.94502 
0.160627 3.67901 
0.234721 3.57721 
0.0521218 3.92329 
0.129233 3.74949 
0.764759 2.62472 
0.826386 2.349 
0.166564 3.66687 
0.702134 3.06751 
0.0346048 3.95431 
0.200135 3.6096 
0.115174 3.78295 
0.806406 2.41302 
0.236522 3.57639 
0.66739 3.32806 
0.641203 3.51121 
0.716848 2.95662 
0.799064 2.44319 
0.693832 3.13046 
0.737235 2.8078 
0.693832 3.13046 
0.156239 3.68828 
0.736863 2.81043 
0.099733 3.81973 
0.174825 3.65087 
0.0577534 3.91234 
0.643427 3.49638 
0.250451 3.57321 
0.174788 3.65094 
0.0900733 3.84232 
0.0900733 3.84232 
0.733363 2.83541 
0.826386 2.349 
0.799064 2.44319 
0.0281154 3.96452 
0.193886 3.61857 
0.204507 3.60385 
