2.79224 0.981754 1.04716 
2.81589 0.982962 1.04441 
2.91676 0.982897 0.982017 
2.8587 0.98527 0.981062 
2.85655 0.980788 0.982736 
2.84579 0.989789 0.9838 
2.87307 0.980436 0.990532 
2.9003 0.990081 0.988289 
2.76915 0.98941 1.03334 
2.82056 0.995847 1.00132 
2.91958 0.986498 0.988731 
2.88017 0.978774 0.988957 
2.79501 0.978178 1.01222 
2.85993 0.988262 1.00859 
2.64927 0.993089 1.16284 
2.78773 0.991494 0.988762 
2.94046 0.982076 0.983541 
2.89147 0.990004 0.999772 
2.74427 0.990286 1.00699 
2.91882 0.984762 0.986044 
2.72208 1.00328 1.00187 
2.78842 0.989923 1.00058 
2.89115 0.98454 0.982815 
2.85643 0.982461 0.990703 
2.88176 0.993526 0.988497 
2.74009 0.983404 1.05766 
2.86281 0.98766 0.98857 
2.89582 0.986275 0.992185 
2.84489 0.980716 1.00556 
2.79432 0.985127 1.01159 
2.88736 0.985759 1.00525 
2.76274 0.99008 1.09157 
2.78516 0.98962 1.0507 
2.94731 0.978559 0.978464 
2.82063 0.983363 1.00191 
2.74077 0.988363 0.990977 
2.86829 0.980127 0.984849 
2.80841 0.984132 0.984519 
2.89552 0.985172 0.982381 
2.88298 0.981291 0.981484 
2.8867 0.987723 0.984185 
2.93584 0.981336 0.98069 
2.89245 0.9748 0.973557 
2.78496 0.983936 1.09474 
2.8392 0.989229 1.00448 
2.92107 0.979882 0.980392 
2.82495 0.986286 0.999886 
2.88165 0.981626 0.983205 
2.7332 0.974879 1.08627 
2.88769 0.979522 0.978407 
2.91743 0.982165 0.98356 
2.81739 0.979311 1.05936 
2.84052 0.981007 0.982853 
2.80988 0.99084 0.986261 
2.89602 0.982945 0.981499 
2.84961 0.985106 0.979577 
2.83544 0.991104 0.994434 
2.89598 0.971221 0.976573 
2.92039 0.986451 0.987221 
2.82408 0.983856 0.980145 
2.82115 0.979965 0.992112 
2.90394 0.982443 0.988643 
2.83009 0.989094 0.983541 
2.89248 0.980546 0.98001 
2.92561 0.986712 0.987542 
2.9182 0.985302 0.983731 
2.9788 0.98851 0.988481 
2.83631 0.98831 0.986332 
2.85587 0.986976 0.983317 
2.84658 0.986041 1.03155 
2.77819 0.982511 1.06253 
2.89614 0.986788 0.984719 
2.91458 0.981107 0.981401 
2.91534 0.981671 0.980116 
2.8589 0.981107 1.00803 
2.81333 0.979198 1.01769 
2.92399 0.987896 0.987513 
2.86862 0.984137 0.997896 
2.92677 0.983734 0.982496 
2.90107 0.98814 0.996703 
2.84628 0.987053 1.0198 
2.8636 0.988073 1.02034 
2.88045 0.983251 0.98237 
2.87775 0.981512 0.984237 
2.91534 0.982917 0.982769 
2.90636 0.979859 0.981002 
2.83901 0.990484 0.995487 
2.78141 0.981644 1.04664 
2.92173 0.981904 0.981731 
2.68134 0.990117 1.29052 
2.86731 0.982065 0.997825 
2.90415 0.979129 0.986557 
2.72112 0.992449 0.999634 
2.8064 0.991661 1.04483 
2.8605 0.992303 0.986983 
2.88354 0.979263 0.980697 
2.82144 0.97133 0.995594 
2.90535 0.988267 0.985495 
2.65863 1.01709 0.990986 
2.82804 0.989648 0.98121 
0.114332 0.114332 6.11433 
0.114332 0.114332 6.11433 
0.114332 4.11433 0.114332 
2.11433 0.114332 0.114332 
2.11433 0.114332 0.114332 
0.136005 1.53266 2.65213 
0.13527 2.24201 2.09927 
0.147611 0.95489 3.43303 
0.118491 0.129987 6.01953 
0.300534 1.91962 1.06049 
0.649744 0.145397 3.21612 
0.140729 3.34749 1.04688 
1.12966 0.162073 1.67286 
0.434149 1.39574 1.23426 
1.07234 0.145333 2.23554 
0.116116 4.03686 0.118081 
0.118746 2.11875 2.28414 
0.176009 2.88399 0.360429 
0.166448 1.72243 2.19845 
0.245907 0.520839 3.59173 
0.775385 0.916465 0.566907 
0.614252 0.147455 3.3242 
0.541096 0.760614 1.48141 
0.908853 0.230708 1.99727 
0.134893 3.50234 0.748069 
0.417797 1.49089 1.14269 
0.142961 0.35239 4.94264 
0.210299 0.406114 3.74004 
0.195315 2.50773 1.0125 
0.255974 0.61754 3.03678 
1.66594 0.161065 0.59471 
1.20863 0.149243 1.61156 
0.124341 3.87644 0.180568 
0.471352 1.79095 0.16923 
1.57115 0.14425 1.264 
1.2578 0.141983 1.61117 
0.125598 2.04526 2.40547 
0.324839 0.139971 4.44494 
0.526565 1.64951 0.13697 
0.130644 0.114332 5.73171 
0.195062 0.783284 3.10118 
1.03358 0.581757 0.519254 
0.351393 0.479185 2.8349 
1.39509 0.138803 1.36154 
0.124341 3.68629 0.388477 
0.140872 3.78091 0.299177 
0.125598 0.181215 5.45041 
0.842625 0.209245 2.40992 
0.131772 2.34299 1.87373 
0.129794 0.114426 5.72068 
1.84055 0.155222 0.216567 
0.218141 0.569087 3.62514 
0.190575 2.58584 0.958968 
0.155498 3.02828 0.84431 
0.127031 0.14911 5.20115 
0.241168 0.184759 4.61106 
0.445589 1.30168 1.29882 
0.668622 1.09647 0.593283 
0.128927 0.134773 5.17194 
0.741168 1.23085 0.14625 
0.271574 0.117919 4.77684 
0.135115 3.28267 1.13004 
0.142961 0.648823 4.07192 
0.135003 0.116196 5.43915 
0.137496 2.41433 1.74422 
0.118542 3.6068 0.504554 
0.276366 0.713206 2.60632 
0.691986 0.148607 2.9536 
0.873846 0.136196 2.57104 
1.896 0.141767 0.373666 
0.134647 2.31364 1.94546 
0.605285 0.886567 1.33864 
1.31196 0.290749 0.794789 
0.954452 0.842668 0.152661 
0.138466 2.62933 1.42648 
1.95628 0.149072 0.149991 
1.00906 0.141191 2.39425 
0.355261 1.18581 1.45515 
0.574775 1.64454 0.138455 
0.278921 0.160512 4.44574 
1.44019 0.170403 1.27007 
0.462613 1.29418 1.16721 
0.532305 1.63182 0.175995 
0.184826 0.322941 4.29368 
0.817361 1.01292 0.118972 
0.293428 0.124332 4.68944 
0.186957 3.10167 0.161526 
1.73934 0.176764 0.242685 
0.203356 0.380961 3.77654 
0.155124 3.16068 0.551447 
0.129695 3.5411 0.658133 
0.162414 0.390512 4.21913 
1.68583 0.16526 0.45541 
0.162336 0.243766 4.93236 
1.17277 0.144903 1.77364 
0.182953 2.80064 0.62542 
1.35021 0.273923 0.783505 
0.730024 1.2106 0.16191 
0.973063 0.149781 2.47403 
0.203339 2.72404 0.513041 
