2.19284 2.93949 
2.34272 2.7236 
2.13142 3.76642 
2.49399 2.12341 
1.49117 4.12 
2.48542 1.74049 
2.09056 3.15549 
1.60703 4.19892 
2.18528 3.21427 
2.25382 3.08254 
2.48182 2.42136 
2.05693 2.91676 
2.51452 1.95063 
2.06296 3.54739 
2.52047 1.58605 
2.29252 3.25917 
2.44977 2.59406 
2.31948 3.06676 
1.45505 4.33402 
2.57833 1.89377 
2.23878 2.95739 
2.17007 3.29298 
2.49327 2.73621 
2.24059 3.04915 
2.48782 1.21469 
2.37252 2.39383 
1.73375 3.91423 
2.42266 2.50072 
2.18391 3.4105 
2.5688 1.80086 
2.34645 2.40111 
2.41351 2.36425 
1.71162 4.21141 
2.21946 3.07608 
2.19631 2.87098 
2.44038 2.67976 
1.94398 3.76699 
2.51926 2.27132 
2.30241 3.0665 
2.21854 2.749 
2.12145 3.30848 
2.61682 1.80504 
2.28015 2.82325 
1.85735 3.94279 
2.42693 2.61061 
2.72869 1.55323 
2.08498 3.66224 
2.14048 3.53631 
2.3353 3.31568 
2.38638 2.92454 
2.19827 2.88536 
2.65889 1.82294 
2.55238 2.11333 
2.37063 2.53587 
2.43005 1.85364 
1.9554 3.839 
2.1571 3.37741 
2.42029 2.34833 
2.00628 3.60428 
1.91009 3.65269 
1.66479 4.20299 
2.07191 3.00337 
1.99443 3.70262 
2.05706 3.60329 
1.83889 3.76623 
2.09286 3.31857 
2.59542 2.24338 
2.40962 2.55462 
2.44827 2.1136 
2.47243 2.51989 
2.62298 2.22182 
2.07623 3.49116 
1.97961 3.75979 
2.49801 1.97779 
2.35544 2.68404 
1.67074 4.10971 
2.39365 2.65082 
1.34791 4.34259 
2.36115 2.70696 
2.10087 3.7382 
2.15447 2.75365 
2.42203 2.44376 
2.43625 2.26467 
2.59006 1.86854 
2.58867 2.24374 
2.49128 2.69615 
2.43294 2.36971 
2.17065 2.93422 
2.1441 3.34094 
2.59412 2.04775 
2.05745 3.43084 
2.11095 3.00188 
2.24392 3.21675 
1.98056 3.78013 
2.38624 2.6693 
2.0066 3.21304 
2.36515 2.68177 
2.54069 1.90153 
1.97683 3.89095 
2.5229 2.29201 
0.0179229 4.01792 
2.01792 0.0179217 
0.720675 3.76862 
1.69363 2.22026 
1.95024 1.0801 
1.25928 3.16271 
2.01661 0.184568 
1.23167 3.204 
1.20477 3.24361 
0.0736998 4.01756 
1.72619 2.10895 
1.97172 0.894755 
0.589035 3.85736 
0.35233 3.96567 
0.309743 3.97845 
1.99813 0.612722 
0.38656 3.9538 
2.01745 0.11833 
0.951369 3.56247 
2.01579 0.309117 
0.276134 3.98677 
1.36296 2.9865 
1.01315 3.49398 
0.764836 3.73529 
1.17838 3.28126 
1.88545 1.46878 
1.28607 3.11799 
0.673975 3.79967 
1.11528 3.36633 
0.108054 4.01629 
2.00872 0.436709 
1.34424 3.02233 
1.98419 0.766143 
0.198531 4.00285 
0.425223 3.94092 
1.38775 2.95035 
1.89829 1.40029 
1.05585 3.44775 
2.00529 0.517212 
1.65607 2.32253 
1.5322 2.64013 
0.85487 3.65493 
1.32688 3.05533 
0.522864 3.89234 
1.50893 2.69117 
1.93899 1.15789 
1.95956 1.00233 
0.162062 4.00818 
1.08516 3.4099 
0.932491 3.58138 
1.99038 0.699827 
0.143101 4.01192 
0.827889 3.67988 
0.468168 3.91917 
0.98622 3.52662 
0.793051 3.71013 
0.239504 3.9973 
0.872437 3.64151 
0.627699 3.83566 
1.96332 0.972746 
0.443579 3.93096 
1.55944 2.56938 
2.01151 0.363803 
1.73936 2.06281 
1.44728 2.82847 
1.99284 0.66424 
1.57614 2.52846 
1.81146 1.81605 
1.91856 1.29373 
1.66766 2.28796 
0.815921 3.69251 
0.644293 3.82193 
1.081 3.41726 
1.42559 2.87232 
1.81656 1.77222 
0.557517 3.87409 
1.97982 0.826798 
1.39809 2.92013 
1.76778 1.96771 
1.64121 2.36531 
1.45134 2.8189 
1.49488 2.72031 
0.553495 3.87799 
2.00591 0.496959 
1.77263 1.95388 
1.48341 2.753 
1.78636 1.89722 
0.489414 3.90887 
1.61228 2.44844 
0.986374 3.52219 
1.13793 3.34308 
1.75397 2.01455 
1.62145 2.4198 
1.40898 2.90179 
1.79876 1.85507 
1.78408 1.91297 
1.60109 2.48602 
0.503461 3.90254 
0.666715 3.80701 
0.77763 3.72556 
