2.93064 0.987537 
2.89017 0.982825 
2.94277 0.975812 
2.9501 0.985803 
2.93926 0.98192 
2.9705 0.983852 
2.94232 0.984376 
2.91681 0.990687 
2.91996 0.998411 
2.9346 0.981324 
2.94352 0.982607 
2.93777 0.98951 
2.9049 1.00127 
2.95491 0.987098 
2.7724 1.15523 
2.95252 0.98617 
2.93112 0.981886 
2.93892 0.980848 
2.9517 0.983661 
2.90053 0.99576 
2.93294 0.98356 
2.92914 0.987187 
2.90961 0.994424 
2.95106 0.983263 
2.94503 0.987046 
2.89682 0.999396 
2.89559 0.997402 
2.91749 0.982149 
2.91474 0.97914 
2.9205 0.990457 
2.90231 0.994891 
2.92924 0.984139 
2.89209 0.975587 
2.89797 0.994966 
2.92648 0.989196 
2.93467 0.982899 
2.95366 0.980121 
2.96037 0.985439 
2.91543 0.989059 
2.91234 0.989351 
2.93359 0.987666 
2.9722 0.981111 
2.92997 0.986242 
2.92535 0.990789 
2.90415 0.977017 
2.93165 0.981398 
2.9333 0.984652 
2.96009 0.981046 
2.95931 0.978755 
2.90648 0.997945 
2.95412 0.975051 
2.91235 0.991742 
2.86772 0.993407 
2.90934 0.985905 
2.89849 1.00154 
2.96061 0.984597 
2.87772 1.00319 
2.92908 0.985349 
2.91633 0.991088 
2.92832 0.979919 
2.93501 0.987703 
2.90345 0.98936 
2.93308 0.980677 
2.95699 0.984572 
2.93872 0.979774 
2.95163 0.985253 
2.92907 0.977896 
2.88367 0.999598 
2.89142 0.993489 
2.91418 0.980443 
2.92108 0.982774 
2.92735 0.988167 
2.95633 0.985611 
2.93435 0.985184 
2.95607 0.983308 
2.95049 0.979233 
2.79866 1.09322 
2.95961 0.988477 
2.87478 1.01029 
2.9176 0.990362 
2.91486 0.990515 
2.94835 0.983011 
2.95172 0.988026 
2.91384 0.983571 
2.86817 0.992405 
2.91027 0.983543 
2.92682 0.985375 
2.93063 0.976671 
2.91884 0.988646 
2.93468 0.981314 
2.94946 0.983879 
2.89607 0.983911 
2.86947 1.0049 
2.94776 0.975087 
2.9511 0.988182 
2.96038 0.971295 
2.94831 0.977361 
2.9365 0.970619 
2.94106 0.986229 
2.92128 0.993233 
0.152428 4.15243 
2.15243 0.152428 
2.15243 0.152428 
0.723364 2.20891 
0.993945 1.75223 
0.809149 1.93232 
0.748681 2.11938 
0.167781 3.91496 
1.26547 1.29597 
0.774212 2.03273 
2.04159 0.181196 
1.13167 1.64103 
0.205399 3.44432 
1.27853 1.26213 
1.40379 1.00787 
1.94613 0.311407 
1.16384 1.57703 
1.04256 1.74494 
1.32429 1.14741 
1.09544 1.70088 
0.381712 2.8984 
0.185613 3.63499 
1.76244 0.742032 
0.597725 2.53257 
1.81218 0.624872 
0.228441 3.36459 
0.180922 3.6998 
1.97194 0.264265 
1.23967 1.37066 
1.48121 0.957976 
0.407491 2.77542 
0.201978 3.47722 
0.707387 2.26877 
0.162229 4.03634 
0.938751 1.75468 
0.16223 4.03418 
2.10743 0.154846 
1.90564 0.397848 
0.170979 3.85672 
0.368417 2.96913 
1.58166 0.950782 
0.759324 2.08175 
0.643157 2.46371 
0.479368 2.57163 
0.434355 2.66619 
1.46149 0.962767 
1.35491 1.08054 
1.59481 0.94825 
1.78771 0.685473 
0.38892 2.85729 
1.37592 1.04645 
0.815536 1.90533 
0.191966 3.55605 
0.278416 3.34111 
0.330227 3.17713 
1.52869 0.953111 
2.00833 0.212872 
1.74545 0.780523 
1.69576 0.868355 
1.53428 0.952966 
1.19041 1.50798 
0.517945 2.55566 
1.19637 1.49036 
0.656419 2.42677 
0.676763 2.36821 
1.29969 1.20463 
1.84843 0.532352 
1.03944 1.74572 
0.561745 2.55191 
0.449449 2.62249 
0.618881 2.50379 
0.244628 3.35398 
1.3022 1.19694 
0.3072 3.27626 
1.72164 0.829173 
1.2258 1.41321 
2.03745 0.183781 
0.175022 3.79909 
0.353198 3.05777 
1.64929 0.92176 
0.834008 1.86735 
1.78488 0.695121 
0.191029 3.56725 
0.349031 3.0788 
1.93117 0.3399 
1.88837 0.43369 
0.698337 2.29742 
0.420017 2.71405 
0.838649 1.85756 
0.319228 3.22895 
1.63267 0.933471 
1.72164 0.829173 
0.363547 2.99596 
0.410407 2.75635 
1.21323 1.44625 
1.1731 1.55146 
1.83136 0.579284 
1.43212 0.980629 
1.98441 0.243815 
0.339331 3.13497 
