2.52028 3.29897 
2.30802 3.21908 
2.1121 3.18911 
2.24707 2.72756 
1.81493 3.4899 
1.80623 3.38577 
1.5811 3.98981 
2.01699 3.63435 
1.98821 3.58104 
2.3349 3.07493 
1.14673 4.13095 
2.10823 2.99985 
1.44148 3.83909 
1.58007 3.87957 
2.15681 2.95797 
2.30448 3.50891 
1.4523 3.96958 
2.44486 3.20477 
2.52549 2.47358 
2.04092 3.45417 
1.25252 3.89103 
2.04241 3.75779 
1.02801 4.30185 
1.79365 3.70915 
1.28999 4.12694 
1.51237 4.34259 
2.05177 2.98126 
2.65671 2.15093 
2.51704 2.77932 
1.7839 3.68771 
2.50076 2.87097 
2.5082 2.83996 
1.82967 3.75048 
1.95702 3.43097 
2.51613 2.92741 
1.95235 3.21407 
2.02742 3.07973 
1.3307 4.07723 
1.9666 3.3776 
1.75037 3.53831 
1.54201 3.99683 
2.36972 3.26488 
2.26511 3.47734 
1.91355 3.3376 
1.67097 3.42898 
2.50943 2.92165 
2.58744 2.62152 
1.58864 4.08666 
2.4563 3.16162 
2.00657 3.62913 
1.72298 3.87293 
2.5901 2.48447 
2.03401 3.2665 
1.86144 3.90676 
2.22817 3.50143 
2.13358 3.19781 
1.35515 4.11791 
2.67703 2.80553 
2.04408 3.45711 
1.78044 3.8316 
1.92557 3.52873 
1.58526 4.17211 
2.54663 2.35525 
2.46573 3.26337 
2.15716 3.28703 
1.42493 4.06378 
2.24216 3.57461 
1.35607 4.08143 
1.14955 4.31571 
2.49417 3.25613 
1.83723 3.61222 
2.51579 2.53334 
2.76831 1.70351 
2.31388 3.30017 
2.24981 3.34037 
2.13306 3.69209 
1.23919 4.14236 
1.25656 4.11346 
1.70104 4.30169 
2.46249 3.13701 
1.38028 4.39183 
1.61193 3.94179 
1.76657 3.65428 
2.59953 2.72594 
1.74502 3.38247 
1.83082 3.44458 
1.85877 3.56009 
1.87486 3.46562 
2.05686 3.64277 
2.78459 2.24286 
2.27588 3.01672 
1.60881 3.85449 
2.29447 3.10133 
2.38233 3.26988 
1.09148 4.31523 
2.59327 2.30997 
2.18297 2.67333 
1.99263 3.67814 
2.33234 3.1615 
2.50343 3.05442 
0.0712619 4.07075 
2.20141 0.20141 
2.20059 0.280161 
2.19921 0.44765 
1.37526 2.94912 
1.41101 2.86525 
2.08241 1.29377 
2.19665 0.517745 
2.10781 1.03147 
0.668415 3.82572 
1.55467 2.72346 
0.354874 4.00747 
2.09105 1.18955 
2.10217 1.14074 
1.5757 2.65807 
0.630785 3.85539 
2.12684 0.905066 
1.16164 3.30357 
0.405105 3.99471 
0.915845 3.61467 
2.06707 1.36725 
1.34537 2.98643 
0.697749 3.78637 
0.237287 4.04272 
2.19531 0.654806 
2.18348 0.750321 
0.475332 3.95435 
2.16063 0.860714 
2.0478 1.48765 
0.436238 3.9739 
1.52517 2.7562 
0.316835 4.02351 
1.32902 3.0436 
1.24564 3.17161 
0.277363 4.0331 
0.946309 3.57256 
1.75577 2.27684 
1.8035 2.2078 
2.11456 0.961474 
1.42963 2.81408 
0.189151 4.04824 
1.49909 2.79039 
1.79548 2.26633 
2.06304 1.43921 
0.130407 4.06534 
1.82567 2.15983 
0.601295 3.89016 
1.19236 3.26856 
1.09014 3.40616 
2.17195 0.817581 
0.99057 3.51236 
1.0198 3.4898 
1.46634 2.80614 
1.98083 1.64961 
1.99562 1.5925 
1.70414 2.32774 
1.13795 3.3512 
0.569502 3.89813 
1.91969 1.81487 
0.727328 3.7569 
0.539013 3.92496 
0.511104 3.93911 
1.71828 2.28802 
1.89929 1.91009 
1.05002 3.46933 
1.11288 3.36347 
0.775364 3.70887 
0.968406 3.54788 
1.94319 1.71917 
1.93188 1.76492 
1.95394 1.6663 
1.65441 2.50564 
1.07261 3.44301 
1.68704 2.38034 
1.2685 3.13637 
0.756635 3.74578 
0.831916 3.67833 
2.03467 1.55609 
1.88402 1.97006 
0.812868 3.70654 
1.66579 2.46916 
1.90814 1.86952 
1.22278 3.21784 
1.86153 2.03566 
1.59572 2.61128 
1.67766 2.41498 
0.870656 3.67628 
0.162075 4.06498 
1.85022 2.0839 
1.61231 2.5962 
1.84151 2.12276 
2.18728 0.673239 
1.30592 3.08019 
0.0795444 4.06936 
2.02003 1.5714 
1.87793 2.00491 
1.215 3.24723 
0.893336 3.65746 
1.62864 2.53834 
1.29546 3.1268 
