1.71488 3.58093 
1.85204 3.21903 
1.23605 4.10675 
1.56359 3.85094 
0.684531 4.50038 
1.48737 4.20397 
0.60621 4.48747 
0.73864 4.52507 
1.95627 3.68915 
2.07345 2.88016 
1.95588 3.29588 
0.917774 4.23637 
1.99524 2.96124 
1.80672 3.43877 
2.08319 3.31676 
2.15477 2.85696 
2.05608 3.06139 
2.20053 2.43967 
0.83549 4.42563 
1.37711 4.13592 
1.04344 4.40872 
1.56876 3.74315 
0.997966 4.39952 
2.17367 3.05083 
1.38122 4.08514 
1.70184 3.60369 
1.65247 3.65005 
2.24347 2.62852 
1.63753 3.95967 
2.00972 2.89812 
2.02449 2.99079 
2.07729 2.96946 
1.87093 3.7666 
2.183 2.80535 
1.50626 3.77175 
2.06536 3.17203 
1.05975 4.27235 
1.21713 4.14757 
2.38818 1.5026 
1.97493 3.51279 
2.28764 2.52602 
1.12129 4.40812 
0.993631 4.29879 
1.67881 3.81376 
2.05157 2.99767 
1.83713 3.50437 
0.922963 4.49291 
1.93927 3.21164 
1.12837 4.40564 
2.06978 2.86542 
0.707017 4.54891 
2.12167 2.90666 
2.04759 2.95943 
2.09224 2.81904 
2.17719 2.2981 
1.05864 4.32132 
1.49736 4.1787 
1.95161 3.47042 
1.70507 3.60598 
1.5416 3.72517 
2.2111 2.65994 
1.12749 4.48681 
1.46061 4.0388 
1.79487 3.56468 
1.76152 3.15659 
0.841356 4.43764 
0.854168 4.31075 
0.703317 4.59893 
1.92774 2.92018 
1.78426 3.71531 
2.09057 2.58711 
1.23087 4.30412 
1.61705 3.81298 
1.2539 4.18525 
1.26148 3.97149 
1.88694 3.48129 
0.914538 4.44441 
0.490038 4.49002 
1.6063 4.00027 
0.859499 4.4414 
1.86634 3.42096 
1.11507 4.33313 
1.77158 3.78518 
2.04565 3.13985 
2.07273 2.78762 
0.621395 4.52405 
2.01824 3.13655 
1.96596 2.63096 
1.48102 3.74815 
2.1363 2.78354 
1.29015 4.46793 
1.5999 3.83488 
1.78754 3.53902 
2.4117 1.44541 
2.07071 3.15698 
1.53998 3.86992 
1.39627 4.00478 
2.02199 3.31679 
2.11161 2.84233 
1.17279 4.21661 
2.06437e-05 4.00002 
2.00002 1.60354e-05 
1.8504 1.53334 
1.99577 0.271569 
1.17546 3.24028 
1.95493 0.851739 
1.09433 3.3533 
0.72514 3.73869 
1.5745 2.47285 
0.192518 3.98429 
1.76098 1.90802 
1.96556 0.7528 
0.29579 3.95929 
0.119499 3.99494 
1.88735 1.33688 
1.99874 0.168465 
0.152479 3.99138 
1.89668 1.28547 
1.82954 1.62648 
0.0497565 3.99925 
1.55 2.54205 
1.97768 0.62333 
1.9944 0.3557 
0.0759167 3.99741 
0.332533 3.94812 
1.74995 1.9477 
0.568648 3.84288 
1.73409 1.99588 
1.29903 3.0469 
1.49483 2.66379 
0.766148 3.69999 
1.27003 3.09793 
1.98224 0.562374 
1.8754 1.4011 
1.43269 2.79755 
1.77908 1.84318 
1.94967 0.910146 
0.699043 3.74947 
0.6148 3.81124 
0.228988 3.97555 
1.79119 1.7898 
1.90919 1.19936 
1.9345 1.04051 
1.51244 2.62494 
1.99978 0.071259 
1.41375 2.83913 
1.2297 3.16494 
1.12069 3.32021 
1.06334 3.39218 
1.34918 2.95817 
1.20319 3.20287 
1.24201 3.1397 
1.97362 0.695561 
1.92193 1.12588 
1.90852 1.22352 
1.33173 2.98997 
1.92337 1.1147 
1.38841 2.88417 
0.262437 3.96847 
1.61346 2.37335 
1.1479 3.28224 
0.459337 3.89674 
0.965187 3.51471 
1.72323 2.03392 
0.846701 3.62844 
1.01734 3.45328 
1.99952 0.12124 
1.63177 2.32263 
0.8235 3.65519 
0.396308 3.92446 
1.58976 2.44438 
0.910317 3.56571 
0.940524 3.53343 
1.71602 2.06216 
1.45234 2.75697 
1.00303 3.46859 
1.82555 1.63859 
1.81512 1.69052 
0.932529 3.54392 
0.64383 3.79183 
0.789442 3.68201 
1.21023 3.19568 
0.426679 3.91149 
1.64603 2.2779 
1.80388 1.73924 
1.98569 0.504229 
1.47091 2.72061 
1.85906 1.4872 
1.59732 2.42224 
1.12986 3.30563 
1.67774 2.18282 
1.37103 2.91363 
1.98934 0.454815 
0.880775 3.59596 
1.41957 2.8252 
1.78284 1.82194 
0.61529 3.81041 
1.93663 1.01733 
0.676438 3.76784 
0.651878 3.79114 
