3.92128 1.89217 3.63864 
4.8095 3.50803 4.39005 
8.56362 5.04946 5.44084 
6.85148 3.44221 4.52245 
6.20683 3.5487 3.28225 
4.6634 3.38454 3.16639 
3.50496 2.41009 3.54167 
2.32071 3.75523 2.83142 
9.21987 2.64453 5.45344 
6.02663 2.45883 1.57337 
4.00188 3.29724 4.11625 
8.97828 4.13995 3.50838 
3.1731 3.94589 4.562 
3.5837 4.02097 4.35806 
6.64065 9.86066 3.58289 
3.283 3.03621 3.52299 
8.67854 6.77883 4.78947 
4.79369 3.57437 2.98466 
6.77552 3.34708 3.54684 
6.157 11.3452 7.4123 
2.28031 3.07455 4.54502 
4.3607 5.24372 6.95958 
3.79318 8.87619 4.07119 
3.1666 3.33896 5.4345 
3.67091 3.06637 4.6645 
4.27751 3.7307 3.55363 
4.76944 2.38044 4.04853 
5.98404 7.26604 8.86782 
1.87343 4.33428 4.29489 
3.51197 2.40416 3.0875 
5.43443 4.15194 3.05277 
5.38491 4.32492 3.66612 
2.74089 2.00226 2.30103 
3.58751 4.32412 3.95518 
1.98139 2.43711 5.13187 
4.93294 4.07242 4.86642 
2.02393 3.5113 4.28719 
8.16593 2.93377 7.23415 
6.02457 6.31075 7.54121 
4.00119 3.42714 3.81199 
3.71366 2.87125 3.07258 
2.89281 3.01696 2.48847 
2.42258 3.76969 6.77649 
2.22503 3.05968 3.31278 
8.82683 7.82855 3.13173 
5.4613 4.34958 7.20749 
3.36214 2.38233 4.52531 
5.0741 3.77011 2.83462 
3.1192 1.57797 3.66978 
3.53739 3.7184 3.83434 
4.83722 9.35271 4.36634 
1.7102 3.01376 4.40653 
6.31318 7.08949 3.31309 
4.9542 7.74956 7.62442 
3.86106 3.81485 2.82573 
2.91147 1.88745 3.96803 
2.6497 3.69921 4.18069 
2.5981 2.21052 3.41908 
1.64003 6.08321 4.40245 
6.12307 4.25226 3.53461 
3.72576 1.24107 4.05369 
2.95422 1.36639 2.16746 
2.59801 5.10374 3.98785 
3.37285 3.32545 6.49867 
9.29582 5.05204 9.53018 
3.17245 2.49924 3.41264 
5.67852 6.66693 6.50877 
5.14223 4.59046 3.94816 
3.61139 5.85478 4.06163 
2.30389 3.75161 2.98511 
0.891234 2.99987 3.41848 
4.09857 3.33164 4.80656 
3.37798 5.83219 3.92342 
5.14084 6.14791 6.76354 
5.10543 7.36251 8.25737 
3.86439 5.05476 3.56988 
9.81117 4.67503 2.29427 
3.15181 1.83387 4.20327 
3.84551 4.43558 4.71455 
5.21173 5.29609 4.48581 
6.78212 4.44734 4.73266 
3.76824 3.3081 3.92657 
4.62714 3.93916 3.31093 
4.17224 4.12163 4.33901 
2.94513 3.25528 2.81627 
4.43062 4.98978 5.81112 
3.07296 2.18903 3.24056 
6.05401 3.52103 4.35233 
6.28468 3.13984 2.59431 
3.483 3.46033 3.94649 
2.94016 2.12385 4.08609 
8.76072 8.63377 6.94281 
2.26063 2.99641 3.93847 
4.9427 1.89721 4.09222 
3.33815 4.5516 4.99913 
4.38532 4.00459 4.03565 
2.72329 3.28335 2.21377 
4.36172 4.12532 4.10178 
3.67315 2.96379 3.20953 
4.0235 3.26729 5.33268 
0.950874 6.77859e-08 0.0734254 
1.82609e-08 1.0075 0.0047505 
0.00191056 1.13459 1.61568e-11 
4.73161 0.00219296 0.000479566 
0.0952174 1.02061 1.32065e-12 
0.000445716 0.0788682 3.66303 
2.99244 0.00027445 0.0332157 
3.72848 8.92744e-05 0.0496875 
0.903311 0.00892233 3.30548 
1.21496 0.0401327 0.00044369 
1.62375 0.00454839 0.00019639 
1.931 0.00096647 0.000646699 
4.70751 0.000480332 0.000567378 
0.00139458 0.0789863 2.86731 
0.000704263 0.400976 1.84457 
4.29108 0.000165621 0.0158666 
0.00121008 0.144211 2.42662 
0.10348 0.680683 0.606389 
0.00378558 0.335319 1.54055 
0.000704263 0.282877 1.98984 
0.40885 0.378834 0.740023 
0.210913 0.016561 2.59213 
0.335981 0.723086 0.349928 
0.0080178 1.09344 1.61568e-11 
0.0190592 0.445334 1.05135 
2.13106 0.000456247 0.0366665 
0.066006 0.914026 0.112913 
2.439 0.000468378 0.000699152 
2.26728 0.0115713 0.000195711 
0.733983 0.631912 0.489057 
2.87396 0.000105142 0.0390552 
1.68582 0.000965577 0.00111242 
0.00515224 0.176744 2.08545 
0.00187362 0.0498529 3.14705 
4.02937 0.00270075 0.00064507 
0.158455 0.883215 0.139999 
0.258415 0.650699 0.471795 
0.354681 0.0996503 1.12595 
2.59097 0.0271925 0.000156222 
0.00879942 1.04795 0.00452876 
0.464378 0.606807 0.52614 
3.80446 0.000105142 0.0365702 
2.69654 0.0148345 0.000156222 
0.25099 0.469056 0.915564 
0.0119131 0.0118779 2.69322 
0.154086 0.813768 0.285881 
0.349605 0.319719 1.17436 
0.333814 0.427304 0.968967 
0.00963355 0.120653 2.28599 
0.521392 0.00916443 3.2519 
0.0102665 0.234556 1.78178 
0.172858 0.793245 0.397135 
0.0040099 0.140568 2.19657 
0.000782448 0.29237 1.61668 
0.830745 0.22598 0.369302 
4.10492 0.000555627 0.000646699 
0.870061 0.204397 0.215896 
0.00181058 0.0707212 3.02928 
0.422739 0.055602 0.85503 
0.857637 0.252531 0.252522 
0.0293182 0.146788 1.22616 
0.0138504 0.0842778 1.44343 
0.485028 0.514998 0.624706 
0.240936 0.556952 0.640227 
0.874446 0.942562 0.0948268 
0.00414558 0.0505357 3.01358 
1.00216 0.13494 0.000109031 
0.0758329 0.770783 0.422397 
0.234266 0.572287 0.542769 
0.054107 0.387208 0.999122 
0.581591 0.586335 0.531479 
0.0127673 0.26878 1.68877 
0.663251 0.952778 0.0606272 
0.33666 0.105891 1.32564 
0.0359655 0.753351 0.941613 
0.130687 0.829968 0.230701 
0.546771 0.0404592 1.71816 
0.717349 0.166679 0.789079 
0.0784705 0.855575 0.174971 
0.128784 0.987839 0.0193491 
0.308658 0.496881 0.670979 
0.781169 0.0749297 0.438704 
0.291484 0.530719 0.828344 
4.2891 0.000320661 0.0137869 
0.0325708 0.183173 1.21912 
0.30049 0.485956 0.672105 
0.629761 0.0449126 1.42265 
0.00670121 1.13296 0.00317557 
0.109396 0.533067 0.711189 
0.140393 0.116313 1.32564 
1.11264 0.0335039 0.00547536 
0.0915372 0.019425 2.64874 
0.00507324 0.968303 0.0733421 
0.895492 0.0162783 1.39372 
0.715842 0.0214426 2.26848 
0.000732994 0.579589 1.59542 
0.932215 0.27265 0.167176 
1.09822 0.0380473 0.0126176 
0.119599 0.861222 0.174888 
0.0463871 0.74051 0.795969 
