2.7816 0.983188 1.01063 
2.83458 0.985197 0.984752 
2.8827 0.981184 0.983194 
2.94992 0.987069 0.987054 
2.86685 0.978945 0.983821 
2.88988 0.988357 0.988516 
2.92779 0.989807 0.99279 
2.84116 0.980888 0.983263 
2.87353 0.976616 0.977008 
2.90158 0.988031 0.985941 
2.71901 1.00616 0.989431 
2.87266 0.97461 0.982487 
2.90936 0.989087 0.990813 
2.91761 0.98388 0.983461 
2.94478 0.982523 0.982667 
2.83893 0.972831 0.998802 
2.95386 0.985392 0.985268 
2.86444 0.982119 0.981196 
2.84125 0.991537 1.00092 
2.72633 1.01418 0.989474 
2.75061 0.990002 0.998993 
2.80865 0.973715 0.986302 
2.80353 0.997322 0.98169 
2.82832 0.983407 1.0232 
2.68747 0.979055 1.15977 
2.86635 0.987342 0.985754 
2.94572 0.988633 0.988297 
2.90927 0.980878 0.981755 
2.85349 0.978272 1.00774 
2.80696 0.979675 0.9963 
2.76842 0.988488 1.04925 
2.85861 0.989391 0.986379 
2.87227 0.990687 0.988196 
2.84064 0.975005 0.968575 
2.91963 0.982403 0.981422 
2.72449 1.00969 0.992713 
2.91528 0.971868 0.97115 
2.82065 0.97993 1.03278 
2.92642 0.987968 0.98825 
2.8569 0.972295 0.979459 
2.74919 0.992446 0.996481 
2.94343 0.9824 0.983105 
2.88341 0.984709 0.992273 
2.94054 0.986726 0.986412 
2.87021 0.975938 0.972326 
2.85597 0.985942 0.994462 
2.86306 0.985224 0.99705 
2.62987 0.987799 1.21513 
2.91111 0.983395 0.986365 
2.82686 0.982635 0.990361 
2.79769 0.982889 1.00252 
2.91136 0.987987 0.992835 
2.88776 0.979375 0.98234 
2.89113 0.982788 0.996374 
2.95334 0.98425 0.983855 
2.8903 0.976537 0.984667 
2.77388 0.9846 1.07278 
2.89903 0.977317 0.986185 
2.92056 0.985214 0.985243 
2.78328 0.985852 1.00725 
2.84748 0.971434 0.970582 
2.94038 0.983425 0.983428 
2.92398 0.981151 0.983108 
2.9143 0.981341 0.982176 
2.59574 0.987867 1.60029 
2.80817 0.986697 1.10361 
2.85132 0.989903 1.02996 
2.92793 0.980109 0.980213 
2.89629 0.987424 0.992225 
2.89673 0.988494 0.995665 
2.84049 0.990668 0.983724 
2.8448 0.985436 0.983882 
2.88252 0.976608 0.980704 
2.90576 0.979976 0.984219 
2.90843 0.981704 0.986225 
2.87979 0.983212 0.987456 
2.81306 0.982866 1.00046 
2.80852 0.989555 0.992736 
2.90514 0.98324 0.989734 
2.89779 0.98701 0.989973 
2.87855 0.984665 0.986811 
2.91524 0.983707 0.983316 
2.80009 0.993756 1.00128 
2.82575 0.984094 1.0251 
2.91543 0.982596 0.981644 
2.88133 0.98372 0.981128 
2.82328 0.994829 0.983083 
2.94507 0.983045 0.98322 
2.73103 0.985038 1.12829 
2.87497 0.977619 0.976534 
2.84107 0.983918 0.996012 
2.83398 0.992351 0.99002 
2.82269 0.982348 1.00557 
2.89364 0.98565 0.983882 
2.80494 0.986541 1.06666 
2.889 0.982594 0.987419 
2.91554 0.9795 0.978714 
2.76676 1.00387 0.98817 
2.73892 0.980015 1.05568 
2.62857 1.04526 0.985008 
0.117353 0.117353 6.11735 
0.117353 4.11735 0.117353 
0.117353 0.117353 6.11735 
2.11735 0.117353 0.117353 
2.11735 0.117353 0.117353 
0.283373 0.661634 2.76101 
0.177122 3.0556 0.759348 
0.263738 2.22757 0.829995 
0.622717 0.15349 3.21502 
0.37447 0.157528 4.07586 
0.285696 2.3725 0.525714 
0.122715 3.21706 1.18405 
0.89654 0.807278 0.373708 
1.06746 0.134098 2.39309 
1.23755 0.146874 1.8371 
0.195393 0.190869 4.63465 
1.53195 0.281709 0.173239 
1.13299 0.459467 0.583975 
0.248678 0.534039 3.55671 
1.28557 0.163699 1.68147 
0.143497 2.02614 2.46271 
0.155989 2.89943 1.03027 
0.662029 0.144386 3.40148 
0.128053 0.559055 4.34899 
0.312909 0.137287 4.46176 
0.16579 0.232136 4.94329 
0.14795 0.185405 5.38513 
0.117353 2.53447 1.48798 
0.156082 2.78983 1.20919 
0.451623 1.40132 1.19659 
1.4231 0.381578 0.149655 
0.849361 1.05083 0.179526 
0.132148 0.123182 5.89572 
0.198829 1.11101 2.55098 
0.843018 0.320928 1.74767 
0.137888 0.117359 5.61191 
0.150907 0.169543 5.32187 
0.350126 0.9328 2.21044 
0.463862 1.29133 1.18763 
0.170351 0.196409 5.13177 
1.18366 0.336842 1.11407 
1.33178 0.142796 1.52502 
0.961648 0.210617 1.97974 
0.687488 0.142155 3.21642 
0.13064 3.65657 0.451955 
1.01911 0.194491 2.18535 
0.365962 1.96284 0.641512 
0.737176 1.24973 0.140954 
1.0088 0.626987 0.48723 
1.46799 0.184299 1.31198 
1.82193 0.162287 0.179511 
0.312718 1.82755 1.20716 
0.141676 2.46351 1.66291 
0.505008 1.75182 0.220524 
1.6741 0.230255 0.144599 
0.144117 3.98845 0.158688 
0.539285 1.72657 0.13602 
0.189726 0.140581 5.1001 
0.480977 1.64803 0.35383 
0.410147 1.0739 1.61539 
1.78053 0.158546 0.927377 
0.296851 0.141872 4.81877 
0.965774 0.625867 0.678978 
0.133645 0.122968 5.89572 
0.125562 3.90476 0.165915 
1.17666 0.144823 2.10448 
0.137888 0.117359 5.61191 
0.389676 1.07955 1.45367 
0.25697 2.65379 0.174003 
0.635548 0.964919 1.31198 
0.256322 0.561096 3.40188 
0.137718 3.57224 0.62213 
0.816373 0.733217 1.21209 
1.74871 0.171159 0.295976 
1.70861 0.146412 0.962625 
2.06219 0.117353 0.122618 
0.330318 1.88446 0.989064 
0.930048 0.853777 0.15629 
1.10693 0.681619 0.149315 
0.780616 0.893946 0.622525 
0.691553 1.16014 0.360141 
0.142137 3.52836 0.719019 
0.258854 2.68531 0.158146 
0.146763 0.597682 4.00295 
1.61795 0.143711 1.25045 
0.14497 3.71883 0.391182 
0.156625 2.8843 1.0609 
0.290479 0.704775 2.62973 
1.92848 0.147156 0.260197 
0.803476 0.978718 0.299228 
1.37184 0.350377 0.274173 
0.345553 1.88624 0.860313 
0.13064 3.84517 0.21437 
0.145485 1.52743 2.68172 
0.130682 4.06763 0.131672 
0.136196 3.7777 0.292716 
1.4935 0.179573 1.08553 
0.94253 0.310239 1.41091 
1.23056 0.31138 1.08835 
0.144901 3.33281 1.08079 
