1.0609 4.05098 
1.85814 3.0879 
0.920713 4.13312 
1.90661 2.92255 
1.7408 3.35349 
1.96624 2.90836 
0.968321 4.12328 
1.56642 3.48253 
1.36923 3.69709 
1.75471 3.2626 
1.03985 4.00634 
1.51542 3.62576 
1.51571 3.45414 
0.830819 4.12652 
1.19284 3.95229 
2.07869 2.7304 
0.735028 4.27193 
1.7805 2.94676 
1.41577 3.9014 
1.00573 4.22898 
1.38002 3.88259 
1.00795 4.30279 
0.987291 4.09651 
1.88042 2.85639 
2.16545 2.781 
1.5759 3.56519 
1.82585 3.1739 
1.00126 4.03165 
1.51263 3.77275 
1.3795 3.86431 
1.43788 3.80221 
1.69289 3.32198 
1.81821 3.42257 
1.59948 3.40156 
1.16215 3.90415 
1.09603 4.11675 
0.716753 4.12773 
1.49427 3.52518 
1.60696 3.44514 
1.63843 3.48601 
1.80752 3.27238 
1.1659 3.94169 
1.71234 3.47036 
1.91715 3.19863 
1.55137 3.5597 
2.28056 1.78463 
1.81987 3.27547 
1.14026 4.16141 
1.75399 3.42025 
1.55875 3.45207 
1.51682 3.74476 
1.22185 3.86173 
0.977892 4.16401 
1.35375 3.85542 
1.50041 3.71485 
1.2829 3.81727 
1.25692 3.77511 
1.69026 3.17822 
1.02732 4.19606 
1.4798 3.6175 
1.16421 3.85939 
1.6514 3.45227 
1.61802 3.67291 
1.98759 2.73145 
1.25949 4.0193 
1.15718 4.11127 
1.60408 3.61271 
1.35223 3.89831 
1.49325 3.4042 
1.27017 3.98084 
1.21028 3.87163 
1.45852 3.6203 
1.25814 4.17324 
1.77533 3.5051 
1.22052 4.00685 
1.22603 3.95189 
1.17955 3.98712 
1.8759 3.15004 
1.57212 3.62606 
0.914093 4.07407 
1.24292 3.77518 
1.72272 3.53201 
0.97354 3.97626 
2.08227 2.5253 
1.80188 3.07714 
1.11076 4.07373 
1.37412 3.72687 
1.44534 3.83383 
1.55846 3.40549 
1.54679 3.76365 
1.85986 3.25575 
1.60364 3.42701 
1.03631 4.05491 
1.88157 3.33019 
1.56946 3.37566 
1.49387 3.46226 
1.76009 2.99706 
1.32809 3.97891 
1.78846 3.14155 
1.57274 3.43242 
2.00096 0.00096037 
0.00106262 4.00096 
2.00096 0.00096037 
1.86098 1.47389 
0.21886 3.97723 
0.686901 3.76202 
0.451359 3.90144 
1.9993 0.177189 
1.8801 1.37427 
0.645902 3.78856 
1.56067 2.50718 
1.99561 0.313298 
0.496149 3.87721 
0.866608 3.6124 
1.75759 1.91655 
2.00082 0.0623056 
1.96896 0.751759 
1.58777 2.43874 
1.26795 3.09699 
0.524245 3.86383 
1.83269 1.60953 
1.97501 0.650616 
1.95193 0.889205 
0.0408072 4.00017 
1.50464 2.64583 
1.9443 0.967885 
0.27269 3.9642 
0.105387 3.99553 
1.93595 1.01758 
1.36583 2.92738 
0.153861 3.9902 
1.20656 3.19921 
1.99747 0.247456 
0.175698 3.98681 
1.18355 3.22833 
0.954808 3.51868 
1.98377 0.539562 
0.917788 3.55725 
1.711 2.07668 
1.73548 1.9946 
0.3157 3.95167 
0.0812585 3.99782 
1.15932 3.26251 
0.889775 3.58633 
1.92844 1.08852 
0.616277 3.81048 
1.6677 2.21231 
1.97869 0.606934 
1.77422 1.86533 
1.99165 0.42018 
1.98968 0.489126 
0.774901 3.68962 
0.562932 3.84066 
1.0393 3.42284 
0.827859 3.64531 
1.07172 3.38445 
0.988253 3.47998 
0.418678 3.91434 
1.12539 3.31117 
1.23641 3.14831 
1.64367 2.29392 
0.724439 3.73054 
1.74253 1.98434 
1.48478 2.68582 
1.82388 1.66534 
1.54582 2.54412 
1.92217 1.12008 
1.91038 1.19183 
0.801644 3.66954 
0.963403 3.50817 
1.47263 2.71115 
1.52494 2.60295 
1.90132 1.25784 
1.34803 2.95892 
0.346127 3.94154 
1.95834 0.832018 
1.84948 1.54386 
0.288106 3.9621 
1.45174 2.76009 
1.59944 2.40815 
1.84629 1.54565 
1.22527 3.16828 
1.8024 1.74129 
1.78007 1.83298 
1.38767 2.88758 
1.68048 2.17478 
1.79307 1.77925 
1.70024 2.12811 
1.31669 3.01586 
1.41252 2.8431 
0.361842 3.93569 
1.03396 3.43086 
0.909081 3.56588 
1.3325 2.98902 
0.395248 3.92401 
1.81733 1.69384 
1.16385 3.25583 
0.74952 3.71366 
1.53536 2.56874 
1.78764 1.8009 
