9.44771 1.72025 
0.75743 9.48319 
0.77621 9.43152 
2.99063 8.55662 
8.89514 3.5334 
8.53442 3.35041 
7.93838 5.30166 
7.68221 5.80051 
9.81442 0.531566 
8.51335 4.54702 
4.99004 7.73457 
7.08485 6.87481 
1.7544 9.59288 
9.29233 1.17407 
5.28574 8.11748 
3.31148 9.37245 
7.98818 5.08829 
9.31871 1.81523 
3.56927 8.7531 
8.21321 4.73064 
3.0417 8.76623 
8.8414 3.02827 
9.7599 0.203002 
7.50124 6.17937 
8.87477 3.92051 
7.9453 5.40377 
3.47891 9.03458 
8.8394 3.53012 
3.46342 8.49387 
9.09155 0.856475 
0.0932623 9.6538 
0.00529005 9.59623 
0.918014 9.64569 
7.60398 5.65599 
2.50878 9.08 
2.54496 9.17847 
4.17137 8.5466 
3.95914 8.81005 
1.17661 9.66706 
0.83843 9.74475 
4.02097 8.81404 
9.16808 2.72325 
1.95239 9.54482 
0.139128 9.85699 
9.31396 1.7167 
1.30161 9.30785 
1.81056 9.37211 
2.34181 8.91267 
0.718181 9.5675 
8.68451 3.68548 
7.23275 6.18842 
5.54994 7.4535 
5.93884 7.4783 
5.29479 8.06839 
7.49768 5.95322 
7.68341 5.93138 
9.06695 3.08633 
3.99221 8.94042 
0.0686363 9.43148 
6.13245 6.48592 
9.20349 1.22774 
9.59472 1.23582 
3.33801 9.11888 
7.48491 5.22212 
4.82471 8.29167 
8.10831 4.87208 
8.64023 1.69469 
3.15787 8.71768 
5.42915 8.13518 
6.20745 7.23552 
2.1774 9.23568 
7.8643 5.55033 
3.10165 8.22241 
8.05046 4.79129 
6.12301 7.245 
5.64053 7.88995 
5.1736 7.92328 
5.39058 8.27328 
9.20614 1.32163 
3.94146 8.2581 
7.71499 5.8001 
0.909079 9.33257 
8.29383 4.53222 
6.82052 7.03394 
3.79834 8.94519 
3.92622 8.71552 
7.6983 5.82664 
7.2211 5.89137 
8.77668 3.84878 
7.90701 5.26842 
3.3144 8.70811 
5.14404 7.80599 
8.16001 5.07594 
8.09565 5.46991 
4.51105 8.26995 
8.64078 3.77731 
4.69876 8.21397 
0.0694755 9.62656 
8.04765 4.82097 
2.75007 8.42137 
6.12323e-17 1 
1 0 
1 0 
6.12323e-17 1 
0.532503 0.846428 
0.771071 0.63675 
0.564744 0.825266 
0.838305 0.545201 
0.0227332 0.999742 
0.992177 0.12484 
0.568022 0.823013 
0.876838 0.480786 
0.170085 0.985429 
0.79075 0.612139 
0.744769 0.667322 
0.592833 0.805326 
0.481413 0.876494 
0.921537 0.38829 
0.060929 0.998142 
0.999978 0.0066888 
0.982093 0.188398 
0.907771 0.419465 
0.265563 0.964094 
0.999275 0.0380758 
0.242817 0.970072 
0.849066 0.528287 
0.406094 0.913831 
0.996575 0.0826938 
0.75748 0.652858 
0.283129 0.959082 
0.995064 0.0992321 
0.508092 0.861303 
0.359045 0.93332 
0.359045 0.93332 
0.0838082 0.996482 
0.196976 0.980408 
0.90087 0.434089 
0.709168 0.705039 
0.997961 0.0638321 
0.829357 0.55872 
0.818509 0.574494 
0.49231 0.87042 
0.803148 0.59578 
0.942058 0.335451 
0.870825 0.491593 
0.914454 0.404689 
0.945938 0.324348 
0.0908634 0.995863 
0.795123 0.606448 
0.971546 0.236852 
0.89088 0.454238 
0.988577 0.150715 
0.985991 0.166799 
0.826166 0.563427 
0.199156 0.979968 
0.697959 0.716138 
0.465215 0.885198 
0.427862 0.903844 
0.410267 0.911965 
0.954829 0.297156 
0.303466 0.952842 
0.630851 0.775904 
0.383027 0.923737 
0.675221 0.737615 
0.961514 0.274755 
0.968172 0.250286 
0.060929 0.998142 
0.926785 0.375592 
0.861409 0.507912 
0.675221 0.737615 
0.218906 0.975746 
0.887673 0.460475 
0.736174 0.676792 
0.761074 0.648666 
0.979327 0.202282 
0.99853 0.0541986 
0.440017 0.897989 
0.336225 0.941782 
0.695793 0.718243 
0.0134499 0.99991 
0.975834 0.218513 
0.612575 0.790413 
0.236086 0.971732 
0.303466 0.952842 
0.157271 0.987555 
0.726719 0.686934 
0.72306 0.690785 
0.695793 0.718243 
0.319439 0.947607 
0.913048 0.407851 
0.319439 0.947607 
0.386313 0.922368 
0.931741 0.363124 
0.951654 0.307172 
0.96565 0.259848 
0.716167 0.697929 
0.520732 0.85372 
0.896741 0.442555 
0.138035 0.990427 
0.654214 0.75631 
