2.08926 1.83353e-26 
1.8858 1.92552e-66 
1.80422 7.86263e-112 
1.54376 1.01553e-07 
1.58374 4.87584e-84 
1.57145 1.41791e-15 
1.8366 0.282029 
2.30647 9.28401e-17 
1.42597 4.37972e-71 
1.33087 4.46494e-128 
1.74378 1.70355e-73 
1.9443 1.84119e-54 
2.00663 0.281578 
1.8435 7.37545e-16 
1.46334 6.70313e-19 
1.68222 1.29526e-25 
1.37703 6.96275e-147 
1.68385 2.12981e-166 
1.74959 1.08564e-28 
2.01723 6.99984e-99 
1.53357 3.99757e-14 
1.76147 0.0171176 
2.15927 3.32075e-82 
1.643 1.04915e-57 
1.54951 1.34218e-31 
1.79747 0.0402164 
1.72043 4.60662e-08 
1.82971 4.0109e-27 
1.26505 1.3496e-50 
1.48167 4.18621e-08 
1.78868 7.31768e-28 
1.86799 1.23145e-110 
1.61695 1.58119e-34 
1.69879 1.49298e-25 
1.78607 7.78403e-33 
2.13379 1.18028e-43 
1.96994 2.06503e-27 
1.54992 2.0209e-23 
1.72687 5.10779e-08 
2.18367 9.96049e-49 
1.79288 3.36337e-27 
1.97947 3.13345e-29 
1.31055 0.615662 
1.79467 5.3417e-09 
1.8671 2.92958e-09 
1.64399 1.476e-22 
1.92549 4.77771e-58 
1.7236 0.000686749 
2.12399 9.84304e-35 
1.59544 1.77227e-35 
1.99961 7.39655e-27 
2.08281 2.79809e-82 
2.42057 7.11723e-17 
1.97338 1.28634e-150 
1.41238 1.10699e-44 
1.6119 3.33966e-25 
1.84311 1.29106e-63 
1.83995 1.51086e-33 
1.68117 0.151348 
1.68444 3.31914e-118 
1.62604 1.27132e-15 
1.60362 3.21743e-44 
1.56491 5.41091e-81 
2.14161 1.92057e-08 
2.04719 9.11279e-62 
1.89911 1.5612e-150 
2.09818 1.25393e-20 
1.82867 4.18995e-25 
1.59148 9.76931e-29 
1.56083 7.39876e-45 
0.119116 1.70957 
1.65173 2.37728e-66 
1.58577 1.0713e-35 
1.7347 2.2371e-63 
2.13108 3.70253e-31 
1.63955 2.50676e-36 
1.43089 0.00376447 
2.05675 2.14889e-94 
2.08821 2.22642e-101 
1.80985 1.75955e-54 
1.70697 1.61998e-20 
1.913 0.000159663 
1.82161 5.6525e-89 
1.50782 0.0336222 
1.62388 4.67978e-38 
1.73052 1.84248e-126 
1.78659 1.03991e-20 
1.54155 8.64666e-13 
2.16606 0.000847507 
1.4494 1.06427e-09 
2.459 6.6524e-91 
1.46378 5.63806e-17 
1.75186 2.72976e-21 
1.35484 4.34669e-24 
2.01812 2.93872e-22 
1.95826 1.45828e-08 
1.98042 6.44231e-60 
1.95047 2.73708e-25 
1.7951 3.43429e-51 
1.73493 2.75199e-28 
6.12323e-17 1 
1 0 
0.863442 0.50514 
0.531529 0.84726 
0.569241 0.822303 
0.764253 0.645081 
0.587479 0.8094 
0.139423 0.990851 
0.944028 0.330835 
0.385954 0.922851 
0.204301 0.979112 
0.506618 0.862496 
0.849973 0.527129 
0.557108 0.830989 
0.219746 0.976148 
0.872547 0.489621 
0.991735 0.131605 
0.921245 0.391392 
0.978621 0.20694 
0.999904 0.023854 
0.370332 0.929354 
0.542761 0.840322 
0.404002 0.914915 
0.961722 0.276006 
0.928113 0.374974 
0.968534 0.250071 
0.488587 0.873016 
0.598482 0.801271 
0.808287 0.589459 
0.113839 0.993542 
0.180306 0.984061 
0.0223636 0.999831 
0.1581 0.987636 
0.622291 0.783244 
0.985068 0.176383 
0.98921 0.151518 
0.972844 0.235373 
0.294429 0.955797 
0.879326 0.476877 
0.914846 0.404509 
0.437099 0.899622 
0.948727 0.318099 
0.0870058 0.996571 
0.42085 0.907201 
0.477494 0.879093 
0.796338 0.605226 
0.453186 0.891802 
0.998337 0.0732731 
0.332536 0.944016 
0.935596 0.354277 
0.349933 0.937728 
0.999306 0.0417307 
0.0379678 0.99975 
0.649088 0.760942 
0.256966 0.966553 
0.708271 0.70627 
0.104908 0.994778 
0.747651 0.664702 
0.275431 0.962204 
0.831643 0.555726 
0.846205 0.533784 
0.987468 0.162557 
0.355888 0.93485 
0.502486 0.864615 
0.981754 0.193591 
0.993989 0.112588 
0.893396 0.449653 
0.240306 0.970943 
0.751855 0.660167 
0.78174 0.624334 
0.325858 0.946309 
0.670982 0.741981 
0.932636 0.36204 
0.0524159 0.998933 
0.695841 0.720078 
0.697798 0.716488 
0.910824 0.414805 
0.172237 0.985475 
0.682971 0.731251 
0.775474 0.632061 
0.280479 0.960311 
0.311461 0.950534 
0.737382 0.675957 
0.414816 0.910448 
0.890032 0.457299 
0.660058 0.751571 
0.817987 0.575472 
0.684181 0.729695 
0.443699 0.896345 
0.813372 0.583092 
0.63181 0.775591 
0.716933 0.697581 
0.952733 0.306022 
0.899093 0.437971 
0.735814 0.677554 
0.788322 0.615915 
0.30673 0.951923 
0.954187 0.300526 
0.0744914 0.997627 
0.610725 0.792212 
