1.47856 1.25637e-70 2.78619e-114 
1.90439 1.14561e-23 8.0062e-13 
2.25393 1.56509e-60 8.75709e-65 
1.44527 3.73565e-45 0.0326798 
1.59574 1.98097e-67 1.33016e-32 
1.68925 3.637e-122 8.69037e-87 
1.99649 1.36461e-95 1.72103e-38 
2.04959 5.64032e-18 0.00507317 
1.71403 1.56409e-36 1.88109e-06 
1.5084 2.6866e-122 6.86385e-17 
1.82041 5.84242e-09 1.12937e-11 
2.16266 2.01373e-08 3.21231e-71 
1.36132 7.00544e-53 0.560936 
1.97182 1.67336e-30 9.38195e-40 
1.84568 0.00127714 1.69536e-14 
1.82267 1.5171e-31 3.94093e-23 
2.00273 5.30768e-84 1.2832e-70 
2.21818 1.55251e-73 1.05263e-72 
1.76231 1.16156e-18 2.40294e-33 
1.64228 2.85006e-91 0.00028663 
2.00137 2.03265e-73 5.34341e-94 
1.49779 9.86498e-249 0.198734 
2.00048 8.35823e-33 1.96167e-15 
2.15318 4.30957e-05 4.74821e-23 
2.14387 8.67682e-68 7.3393e-34 
2.28972 0.0110211 1.53276e-189 
1.92039 6.89451e-26 3.12918e-10 
2.11792 0.0492009 1.4555e-16 
2.19683 1.16613e-102 8.04787e-23 
2.14546 5.44358e-98 6.3651e-10 
2.02749 0.000220743 2.36646e-63 
1.88871 4.36839e-52 5.82805e-38 
2.12098 3.12803e-98 5.14542e-17 
1.57131 3.00568e-287 7.03451e-13 
1.96362 2.48382e-06 5.8288e-13 
1.01658 2.34725e-27 1.038 
1.60613 0.00426013 1.00358e-07 
1.91384 9.20116e-35 3.97081e-29 
1.72161 1.13552e-34 1.2897e-61 
2.08098 3.22898e-44 7.32077e-18 
1.95356 4.39356e-34 2.80636e-105 
1.77336 1.77554e-56 2.82204e-30 
1.13986 1.26517 1.71939e-42 
2.16359 1.71936e-50 3.69253e-42 
1.62768 2.87177e-113 2.99115e-11 
2.04051 3.07539e-08 0.00731134 
1.72736 5.08859e-22 3.18064e-43 
1.93569 1.60475e-12 1.81073e-132 
1.8018 0.000215226 1.86004e-07 
1.88869 2.11714e-92 5.7837e-128 
1.5465 2.31412e-16 2.43104e-112 
2.29734 3.18696e-34 1.31064e-41 
1.77964 1.35608e-43 7.28576e-50 
2.11281 5.191e-52 2.15125e-05 
1.55341 2.24594e-143 1.97283e-29 
1.29592 0.643085 2.18439e-51 
1.66977 1.83166e-128 1.14042e-18 
1.45451 1.08302e-48 0.00109422 
1.84428 0.320016 5.7609e-64 
1.90573 0.146988 7.87681e-37 
1.85853 5.51809e-86 1.13218e-42 
2.00663 1.53937e-51 4.13605e-89 
1.88201 1.33076e-27 6.35479e-81 
1.63249 4.4004e-63 0.00143233 
1.83252 6.82914e-46 2.26576e-98 
1.35561 4.00844e-27 3.87572e-31 
1.74451 1.29046e-46 1.22891e-73 
1.87919 3.35604e-18 4.21469e-50 
1.7158 3.11557e-22 6.86106e-41 
2.05112 1.24094e-11 3.36326e-29 
0.0119329 0.087439 1.6094 
1.84948 1.90802e-17 3.32452e-33 
1.44247 5.87031e-13 5.06408e-49 
1.5121 1.70841e-64 0.875073 
1.85596 0.000183345 9.01877e-08 
2.17494 4.54876e-51 1.69737e-27 
1.98785 2.63833e-101 2.83279e-51 
1.69217 0.703337 1.15243e-26 
1.54623 4.60733e-08 4.80879e-39 
1.69605 1.03685e-52 1.94376e-22 
1.87134 1.07655e-69 3.47558e-26 
1.65156 1.12306e-39 2.70716e-13 
1.8639 1.47322e-05 6.926e-13 
1.83482 2.09976e-43 2.49537e-123 
1.71471 9.69634e-124 4.32579e-08 
1.70419 0.0213957 5.02326e-35 
1.62578 1.59148e-62 7.44798e-27 
2.16576 9.69266e-24 1.88572e-87 
1.5394 7.99678e-43 2.24817e-34 
1.70319 2.15275e-07 1.58503e-48 
1.65449 7.28391e-64 9.35104e-13 
1.95283 5.81796e-39 3.00818e-33 
1.78324 1.9066e-40 1.7038e-74 
2.02317 0.000262682 2.37021e-129 
2.01829 0.00184932 1.58589e-47 
1.83217 5.48059e-90 8.15224e-51 
1.81821 0.000189353 9.03182e-06 
1.55364 5.27691e-24 0.000721605 
1.863 5.17013e-34 1.04939e-19 
1.77294 1.99401e-12 1.35215e-33 
3.7494e-33 6.12323e-17 1 
1 0 0 
6.12323e-17 0 1 
6.12323e-17 1 0 
1 0 0 
3.45053e-17 5.43465e-17 1.05133 
0.670581 0.763041 0.067373 
0.860765 0.340684 0.426726 
0.100671 0.81456 0.592237 
0.914417 0.316217 0.35515 
0.974106 0.192093 0.254282 
0.136656 0.899298 0.466615 
0.125619 0.942742 0.334651 
0.703271 0.352512 0.662121 
0.892343 0.448517 0.100519 
0.804401 0.608039 0.269329 
0.0652459 0.840133 0.55757 
0.325186 0.95383 0.15846 
0.222325 0.82826 0.535516 
0.62419 0.805523 0.0348212 
0.539039 0.107343 0.857568 
0.595889 0.513297 0.639845 
0.302092 0.910117 0.34904 
0.481036 0.525041 0.728214 
0.938472 0.0884278 0.379974 
0.983014 0.212482 0.181867 
0.253367 0.01618 0.983967 
0.517295 0.166257 0.848268 
0.686217 0.548011 0.53331 
0.746562 0.249642 0.650364 
0.420483 0.69176 0.61379 
0.459888 0.563916 0.73209 
0.693828 0.723792 0.124842 
0.0762995 0.57261 0.828516 
0.430168 0.134037 0.912188 
0.179637 0.615902 0.780045 
0.0506821 0.407996 0.920039 
0.823598 0.590902 0.0778243 
0.115461 0.963972 0.287301 
0.907567 0.154611 0.408725 
0.678714 0.748219 0.111029 
5.44907e-17 3.07475e-17 1.0218 
0.164064 0.931795 0.362381 
0.573744 0.805688 0.220112 
0.735849 0.2255 0.675524 
0.00787243 0.301073 0.966722 
0.78818 0.629438 0.0151373 
0.579742 0.741818 0.390451 
0.315545 0.889992 0.374175 
0.865682 0.367214 0.403818 
0.649634 0.236204 0.742345 
0.557883 0.634804 0.566849 
0.342626 0.0722439 0.955929 
0.642562 0.0501753 0.793834 
0.417567 0.500294 0.792213 
0.609036 0.0770506 0.813005 
0.44196 0.0414336 0.898688 
0.498968 0.769437 0.451558 
0.289309 0.269192 0.937978 
0.74767 0.390362 0.558085 
0.969405 0.2616 0.196243 
0.386301 0.785887 0.517074 
0.850709 0.48003 0.31855 
0.983373 0.181668 0.293431 
0.212858 0.833452 0.569176 
0.397588 0.30806 0.874443 
0.506502 0.645142 0.621891 
0.461472 0.582144 0.708516 
0.427415 0.919188 1.01516e-24 
0.637104 0.387876 0.699242 
0.692755 0.679224 0.372899 
0.772337 0.604531 0.303909 
0.484892 0.465472 0.764138 
0.0360076 0.987643 0.219788 
0.381724 0.232908 0.925798 
0.0347249 0.958684 0.309727 
0.81637 0.126957 0.633164 
0.863768 0.10485 0.501494 
0.0163663 0.654471 0.774596 
0.0214567 0.372677 0.95696 
0.232974 0.777885 0.618721 
0.554234 0.699163 0.486367 
0.760652 0.656551 0.138922 
0.190201 0.709939 0.696193 
0.775264 0.622386 0.238243 
0.876152 0.477022 0.194975 
0.54674 0.456297 0.755818 
0.321956 0.855498 0.433977 
0.346408 0.74394 0.62339 
0.473772 0.0575096 0.893768 
0.0831918 0.145278 0.994777 
0.678353 0.0260066 0.765894 
0.902734 0.169894 0.452307 
0.718881 0.507001 0.519426 
0.964209 4.43303e-23 0.358751 
0.364915 0.937485 0.144798 
0.387925 0.0342583 0.948303 
0.467281 0.772599 0.47742 
0.278055 0.971618 0.13725 
0.811202 0.612742 0.0208798 
