1.56988 0.963583 
0.699866 1.25703 
1.81979 1.23747 
0.870472 1.17693 
1.38904 0.880974 
0.955951 1.3805 
1.04345 0.751787 
1.09984 1.28203 
0.704946 1.30441 
1.23762 1.07192 
0.9687 0.912706 
0.749648 0.813586 
0.706361 1.33773 
1.11057 1.32831 
1.35882 0.965447 
0.690575 1.34003 
0.466158 1.36972 
1.76161 1.50978 
1.06197 0.958055 
2.13648 0.76837 
0.910036 1.32083 
1.09913 1.4879 
2.17432 1.20312 
1.87715 0.921927 
1.82029 0.725061 
1.26012 0.631153 
0.926814 1.66427 
1.77855 1.15222 
0.530679 1.4373 
0.881368 1.05259 
0.947896 1.0528 
0.669496 1.40185 
1.41674 0.977213 
1.18839 0.841318 
0.837239 1.09391 
1.56136 0.903937 
1.71753 1.1932 
1.60871 0.782147 
1.01299 1.10126 
0.451702 1.41891 
1.44047 1.47925 
1.02732 1.24512 
1.1432 1.03306 
1.336 0.971162 
1.81687 1.14323 
1.1551 1.06971 
1.02622 1.07823 
2.21246 0.93361 
1.64814 0.691006 
1.92969 1.08 
0.831629 1.3761 
1.15403 1.38737 
0.728586 1.10348 
1.42151 0.827452 
1.06437 1.19944 
2.11516 1.17758 
2.0247 1.21421 
1.81626 1.40245 
0.901054 1.31163 
1.20822 1.10109 
1.1251 1.11173 
1.56885 1.47756 
2.4354 0.658953 
1.50118 0.897662 
0.911858 1.35565 
1.74648 1.23442 
0.811993 1.49213 
0.555495 1.41868 
0.891085 1.20329 
0.67158 1.04062 
1.43624 1.19829 
1.34872 0.953786 
1.70311 0.615911 
1.80467 0.963207 
1.3113 0.748398 
0.787074 1.59257 
2.30603 0.823985 
0.711251 1.20586 
1.78019 1.48981 
0.979093 1.21215 
0.869156 1.09016 
1.1694 0.875062 
1.02601 0.891108 
1.20026 1.39755 
1.91374 1.15855 
1.26383 0.984143 
0.896803 1.11704 
0.90184 1.17455 
0.797536 1.44377 
1.78841 1.14056 
1.32869 1.18517 
1.02819 0.959529 
1.38145 0.85224 
1.61273 0.433734 
0.690477 1.25238 
1.46209 0.995439 
1.30767 1.03189 
2.53321 0.943636 
0.510653 1.44065 
0.843999 1.3611 
1.02304 7.10854e-06 
5.88703e-07 1.00297 
0.956365 0.0445241 
0.920016 0.0484447 
0.484031 0.329466 
0.455235 0.339877 
0.440221 0.345209 
0.585077 0.244489 
0.00612697 0.945251 
0.611448 0.237741 
0.22622 0.537973 
0.073882 0.737775 
0.103164 0.699546 
0.0630478 0.761373 
0.214561 0.555381 
0.643064 0.21221 
0.380919 0.394068 
0.364317 0.407806 
0.203272 0.566166 
0.188729 0.578221 
0.698049 0.181855 
0.0880117 0.712239 
0.523519 0.288944 
0.578594 0.26247 
0.882673 0.0783889 
0.108195 0.679155 
0.126116 0.651901 
0.662793 0.20893 
0.00968998 0.912324 
0.425725 0.368184 
0.833527 0.109427 
0.116606 0.665692 
0.904372 0.0755804 
0.283765 0.482511 
0.494938 0.318053 
0.13729 0.639635 
0.0242918 0.856363 
0.871353 0.0907037 
0.916642 0.0669703 
0.341996 0.425752 
0.777527 0.145073 
0.00160681 0.966912 
0.0388639 0.815399 
0.559302 0.266735 
0.716476 0.177407 
0.738812 0.163268 
0.997973 0.0266555 
0.155053 0.618097 
0.290893 0.471057 
0.795583 0.127508 
0.357528 0.420878 
0.0813374 0.725815 
0.278138 0.503155 
0.0334215 0.830077 
0.0593389 0.775241 
0.150287 0.632519 
0.54005 0.278536 
0.396479 0.389351 
0.0512647 0.789083 
0.0443903 0.799072 
0.679473 0.189001 
0.00153235 1.002 
1.00933 0.00975826 
0.851626 0.0907352 
0.0242756 0.883183 
0.1791 0.590485 
0.840001 0.0972356 
0.170098 0.611206 
0.67144 0.193753 
0.50745 0.308969 
0.724631 0.166407 
0.512332 0.299008 
0.784718 0.132444 
0.0293983 0.845403 
0.625327 0.222365 
0.0152447 0.884193 
0.75822 0.157979 
0.332451 0.438668 
0.0106637 0.903595 
0.265855 0.504269 
0.764749 0.154954 
0.315973 0.450395 
0.237003 0.523372 
0.97029 0.0279415 
0.815576 0.118585 
0.548619 0.274831 
0.312008 0.470228 
0.174435 0.600806 
0.624431 0.228479 
0.81131 0.118643 
0.970578 0.0272394 
1.00396 0.0186121 
0.325672 0.443414 
0.243023 0.522895 
0.404019 0.378082 
0.00485998 0.963408 
0.312976 0.462546 
0.424295 0.37553 
0.411455 0.377112 
0.250631 0.509168 
