0.109748 0.272113 2.25004 
1.30444 0.521155 0.178223 
0.899998 0.117623 1.50299 
0.287481 0.612535 1.3773 
0.618565 0.200908 1.75677 
1.21804 1.05347 1.42772 
1.31493 0.547106 1.02138 
1.20055 0.309018 0.42618 
1.72184 0.612435 0.376264 
0.160675 1.85584 0.424759 
0.526472 1.42679 1.08401 
0.345342 1.6416 0.569363 
0.0757463 0.904286 1.80391 
1.27693 1.35513 0.653684 
0.547941 0.134762 1.67558 
1.0148 0.603249 1.14495 
0.98146 0.227997 1.81649 
0.801205 0.908095 1.84268 
0.795282 0.304688 1.66225 
0.00998114 0.0814131 1.95237 
0.915952 0.51266 1.81264 
1.55238 0.185793 0.554528 
0.958352 1.49093 0.529083 
0.518206 0.22963 1.20062 
0.0176114 0.357079 2.10297 
0.630798 1.77895 0.495226 
1.94339 0.672386 0.696695 
0.316693 0.225989 1.8336 
0.229263 0.8558 1.14418 
0.454007 1.54476 0.383842 
0.194821 0.330106 1.53139 
1.01143 1.41861 0.0542375 
1.21077 0.0958663 1.49034 
0.0182042 0.426211 1.95741 
1.16 1.06918 1.0484 
0.156799 0.302258 1.71861 
0.178414 0.292703 1.63504 
1.74064 1.41462 0.79564 
0.137868 0.0298479 1.4447 
0.535156 0.603109 1.67571 
0.934329 1.71686 0.902229 
1.66076 0.84466 0.159341 
0.632507 0.983997 0.748088 
0.826589 0.0717357 1.81339 
0.842737 1.22634 1.34679 
0.826181 0.811134 1.01649 
0.930462 0.771578 0.733691 
0.0828091 0.0251817 1.59841 
0.186009 1.8922 1.39601 
0.0931245 0.307336 1.76621 
0.233162 0.700416 1.69368 
1.41477 0.140984 1.65882 
0.553012 1.80861 1.01108 
0.935012 0.0493455 1.12401 
1.16054 1.32945 0.114035 
0.15627 1.75785 0.625777 
1.09966 1.1942 0.185187 
0.110467 0.139505 1.75734 
0.809407 0.287296 1.68434 
0.223533 0.978012 1.62297 
0.826059 1.00427 1.72286 
0.212123 1.47696 1.2497 
0.433663 1.53907 0.421035 
0.351118 1.43963 0.959276 
1.31243 1.35928 0.0143616 
0.449145 1.4095 1.19137 
0.482 1.82887 0.302374 
0.451707 1.15252 1.12925 
0.710835 0.911742 1.03376 
0.783914 1.59593 0.770688 
0.33318 0.697769 1.4011 
0.0992269 0.296783 1.65386 
0.537318 1.458 0.967468 
0.0950441 0.904153 1.82899 
1.6664 1.05588 0.0191232 
0.134549 0.258305 1.72769 
1.98269 0.887304 0.35783 
0.633434 1.32915 0.335395 
0.608721 1.47973 1.03333 
0.189862 0.819671 1.64817 
0.242183 0.181722 1.62823 
0.0314645 0.200874 1.77673 
2.17935 0.120378 0.470514 
1.32209 1.52303 1.01231 
1.47685 1.0146 0.624622 
1.23924 0.57608 1.78585 
1.20905 0.377905 0.751911 
1.80501 0.00925202 0.801795 
0.34243 0.960257 1.57479 
1.47862 1.02599 0.209257 
1.37738 1.45143 0.549917 
0.44787 1.39477 0.928195 
1.94919 0.779379 0.583983 
1.71153 0.353228 0.300116 
1.83391 0.849125 0.216569 
0.106972 1.54569 0.728188 
1.27882 0.4678 1.24634 
0.0290121 0.140803 1.66839 
0.254971 0.250807 1.53119 
1.09509 0.442247 1.08643 
3.7494e-33 6.12323e-17 1 
6.12323e-17 1 0 
1 0 0 
6.12323e-17 0 1 
5.593e-17 3.07684e-17 1.0425 
0.101045 0.439062 0.908497 
0.533046 0.570502 0.637206 
0.403044 0.356721 0.881771 
0.161115 0.273731 0.952999 
0.810701 0.0660346 0.606541 
0.0173368 0.707401 0.750553 
0.809396 0.336441 0.516817 
0.890338 0.379747 0.315727 
0.0499421 0.531935 0.861666 
0.792601 0.293167 0.569751 
0.911584 0.0316984 0.421311 
0.599865 0.603698 0.577711 
0.316763 0.814181 0.530648 
0.706725 0.684552 0.263105 
0.562136 0.470801 0.688228 
0.862517 0.0922325 0.547129 
0.9417 0.0505316 0.373302 
0.499342 0.875095 0.153671 
0.82737 0.388874 0.450252 
0.60781 0.795134 0.197823 
0.975978 0.212527 0.12983 
0.721692 0.169219 0.781496 
0.958736 0.147012 0.294873 
0.479462 0.472314 0.762595 
0.229846 0.983604 0.0241238 
0.14373 0.61508 0.787549 
0.985352 0.122916 0.166927 
0.680396 0.7479 0.307381 
0.410613 0.321374 0.871874 
0.212025 0.518265 0.844385 
0.924696 0.232027 0.402273 
0.0707022 0.411392 0.928063 
0.1882 0.131545 0.980096 
0.252778 0.305693 0.936922 
0.955056 0.104871 0.350421 
0.36248 0.225675 0.920646 
0.30658 0.954756 0.21031 
0.969229 0.108791 0.283829 
0.140086 0.614267 0.812348 
0.330768 0.931892 0.220264 
0.176434 0.907424 0.432338 
0.247708 0.97359 0.0392105 
0.562885 0.830659 0.359658 
0.128814 0.964132 0.335523 
0.745446 0.655037 0.227502 
0.293164 0.460009 0.857754 
0.143609 0.995891 0.0856073 
0.994586 0.14947 0.101775 
0.134286 0.264322 0.973751 
0.442563 0.871117 0.274896 
0.429825 0.939405 0.117868 
0.733497 0.573934 0.385817 
0.037851 0.733659 0.70667 
0.0650173 0.452647 0.941931 
0.389511 0.912658 0.247432 
0.750106 0.364007 0.615463 
0.473285 0.638524 0.655027 
0.085731 0.593506 0.817049 
0.503048 0.858986 0.235743 
0.375564 0.948767 0.0766701 
0.652312 0.761053 0.274347 
0.665486 0.196031 0.73141 
0.458273 0.90204 0.138292 
0.770621 0.550903 0.353834 
0.592278 0.774534 0.271444 
0.39064 0.789577 0.498926 
0.687726 0.180184 0.738547 
0.569322 0.744514 0.395473 
0.524746 0.845482 0.209585 
0.473115 0.248207 0.86166 
0.62383 0.489597 0.656603 
0.277524 0.858692 0.4653 
0.224012 0.509734 0.852025 
0.855049 0.00430557 0.555868 
5.64873e-17 0.922507 0.407889 
0.341601 0.455657 0.835716 
0.107158 0.892842 0.463858 
0.937264 0.010141 0.378829 
0.510817 0.931673 0.053796 
0.281885 0.49553 0.872392 
0.93211 0.364098 0.181277 
1.18887e-17 6.11452e-17 1.01728 
0.833085 0.582297 0.106828 
0.699975 0.547591 0.487479 
0.668621 0.500252 0.562215 
0.391063 0.489025 0.829047 
0.340886 0.630269 0.717834 
0.583544 0.624548 0.539124 
0.78823 0.66324 0.0673913 
0.0845004 0.177685 0.986259 
0.065846 0.723567 0.730199 
0.707137 0.740609 0.0459366 
0.416648 0.0044901 0.936644 
0.640854 0.801389 0.0644145 
0.926186 0.251481 0.328849 
