2.2753 3.16329 
2.40446 2.97109 
2.04713 3.49158 
1.95474 3.3373 
1.62005 3.76998 
1.88855 4.00126 
1.74426 3.49915 
1.88871 3.21529 
1.38652 4.26689 
1.93601 3.47962 
2.50689 2.43813 
1.76059 3.84056 
2.20293 3.57568 
1.46366 4.01356 
1.76559 3.38693 
1.66703 3.95595 
2.56586 2.71819 
1.42601 4.00698 
2.46025 3.23309 
1.43927 4.37843 
2.31137 2.659 
1.50603 3.74294 
2.06146 2.98998 
1.78383 3.56732 
1.90743 3.26449 
2.6754 2.56404 
1.72087 4.02721 
2.73043 2.66074 
1.95425 3.75205 
1.63155 3.52288 
2.06489 3.2795 
2.41274 3.36455 
1.92174 3.80009 
1.60035 3.82476 
2.35073 2.51853 
1.57094 3.77177 
1.71523 3.63242 
2.40654 3.10035 
2.15486 2.78532 
1.5537 3.88871 
2.40263 3.23398 
1.53587 3.97434 
2.49908 3.26353 
2.60296 2.76426 
1.74007 3.85214 
2.3126 3.10672 
1.30156 4.43043 
2.33176 2.98661 
2.42506 2.61819 
2.17392 3.31763 
2.12303 3.53332 
1.82178 4.08527 
1.90059 3.47586 
1.7699 3.94548 
2.33073 2.99354 
2.24112 3.35351 
2.11196 2.90974 
1.77873 3.80966 
2.45817 3.2949 
2.36025 3.45657 
2.06089 3.54828 
2.4613 3.32066 
1.63439 3.62092 
2.0344 3.10194 
1.2239 4.10462 
1.8 3.94512 
2.81186 2.06687 
1.89328 3.52724 
1.21094 4.15396 
2.00206 3.54449 
1.5967 4.17363 
1.20954 4.17354 
2.59048 2.98229 
2.62207 2.46778 
1.82677 3.70177 
2.70255 2.26952 
2.24817 3.32772 
2.04322 3.35117 
2.04104 3.4805 
1.65304 4.06255 
2.3143 3.14248 
2.12624 3.78668 
2.35005 3.24842 
2.56368 1.96443 
1.87815 3.36038 
2.22123 3.4302 
2.38378 2.57742 
1.81552 3.63796 
2.33518 3.26602 
1.55143 4.17208 
2.5097 2.5741 
1.72491 3.46116 
2.15848 3.29591 
2.67447 2.77588 
2.49008 3.15488 
1.94931 3.24471 
2.69824 2.40162 
1.40265 4.06141 
1.41828 3.94234 
2.57973 2.91547 
0.0844179 4.08435 
2.2007 0.200707 
0.467686 3.98017 
0.405473 4.00156 
2.17631 0.770966 
2.19495 0.675547 
1.91596 1.80082 
0.320904 4.02974 
2.19823 0.41782 
0.272458 4.04942 
0.511001 3.95356 
1.8818 1.95307 
0.365643 4.027 
1.11666 3.37076 
1.14263 3.32461 
1.35961 2.97892 
2.1966 0.511954 
1.17238 3.29059 
0.813088 3.71226 
1.26906 3.13446 
1.95679 1.61266 
1.20032 3.25164 
0.969678 3.5407 
2.04911 1.47654 
0.611122 3.88642 
0.139104 4.08288 
1.33147 3.02796 
1.93917 1.72151 
1.68948 2.38599 
1.82938 2.16837 
2.195 0.590827 
1.02348 3.48063 
0.780844 3.7414 
1.70441 2.33452 
0.6467 3.86178 
2.10439 1.09618 
0.755399 3.77221 
1.24391 3.17597 
1.37702 2.93021 
0.83831 3.66846 
0.72197 3.79644 
2.1665 0.840482 
1.00032 3.51482 
2.12053 0.907182 
1.40151 2.89502 
2.08291 1.25665 
1.79414 2.20567 
1.59359 2.62741 
1.05874 3.45608 
1.22292 3.21099 
2.03817 1.5447 
2.05857 1.41036 
1.63038 2.54911 
1.72287 2.28202 
1.57834 2.68041 
1.7439 2.25295 
1.28754 3.08159 
2.14306 0.868979 
0.889277 3.61295 
1.99348 1.60135 
1.5401 2.75117 
0.862791 3.64351 
1.84111 2.12474 
0.932128 3.56174 
0.236099 4.06141 
1.85242 2.06211 
1.60942 2.58152 
0.580132 3.90967 
1.51374 2.78315 
1.94535 1.68561 
1.55783 2.71487 
2.11296 1.0321 
1.77568 2.22595 
2.11863 0.982021 
2.01394 1.56749 
1.41998 2.85238 
1.31654 3.06952 
1.66026 2.5204 
0.203373 4.07056 
0.173707 4.07844 
0.909773 3.57893 
0.679332 3.84639 
1.8964 1.88802 
2.20017 0.299655 
0.704708 3.8385 
2.0811 1.32876 
1.0875 3.40616 
1.49375 2.80761 
1.9026 1.86271 
2.07614 1.37136 
2.19962 0.326983 
1.46181 2.8123 
2.09585 1.16551 
1.43483 2.81995 
2.0904 1.18953 
0.550175 3.94707 
1.07945 3.42752 
1.68168 2.46138 
1.8647 2.01358 
0.564382 3.94549 
