1.5073 0.679401 
0.826587 1.58082 
1.08876 1.11435 
1.01801 1.29229 
0.781179 1.94801 
0.490681 1.99547 
1.89601 0.212599 
1.27358 0.917458 
1.89735 0.419675 
1.20783 0.986423 
0.806818 1.8304 
2.02225 0.0713891 
0.904827 1.68864 
0.238218 1.66065 
0.686825 1.71939 
0.944412 1.33987 
1.59084 0.177397 
1.42141 1.46347 
0.0283909 2.20717 
1.88197 0.503446 
1.76321 0.704599 
0.561662 1.76813 
2.14042 0.522164 
0.817732 1.35839 
1.50077 0.622814 
1.0064 0.921964 
1.17247 1.39241 
1.17129 1.1853 
0.726083 1.33037 
1.56016 0.385738 
0.655585 2.18841 
2.17744 0.503341 
0.00572065 1.78062 
1.77869 0.635404 
1.85295 1.1369 
0.600484 1.57704 
1.52917 1.39062 
1.76926 0.358879 
1.83122 0.175562 
1.24587 1.21994 
0.0921698 1.60026 
1.07398 1.81246 
0.878 1.61641 
1.85773 0.426347 
0.688186 1.82056 
1.44722 1.16067 
1.43655 1.52842 
0.937326 1.14699 
0.698932 1.76699 
0.81419 1.99027 
1.45442 0.752384 
0.183375 2.23821 
2.14744 0.706619 
0.408768 1.65035 
1.30185 1.04373 
1.1112 1.38278 
1.66416 0.519979 
1.35894 1.26057 
0.182812 1.4516 
1.66345 0.907048 
0.97911 1.7566 
1.85011 0.558801 
1.02301 1.4557 
0.929833 2.17874 
1.33573 1.10179 
1.5568 0.552027 
0.546715 1.61234 
1.22295 1.67139 
0.919107 1.34639 
0.490876 1.87369 
1.6945 1.31611 
2.11579 0.130636 
0.697612 1.55566 
1.78566 0.440227 
2.15228 0.0357917 
0.971632 1.2015 
1.36185 0.470764 
2.00675 0.512101 
0.482929 1.80627 
1.18311 1.33855 
0.441968 1.68194 
1.88871 0.329932 
1.67008 0.715829 
1.47283 1.60178 
0.838555 1.49207 
1.14764 1.6407 
1.38209 1.67771 
0.620524 1.44981 
1.99182 0.934007 
2.01759 0.775785 
1.7784 1.3316 
1.11455 1.3298 
1.46547 1.01696 
0.620564 1.49451 
1.11818 1.04 
2.20725 0.173983 
0.351485 1.81505 
1.47704 1.12738 
0.497336 1.88292 
1.66365 1.19624 
1 0 
1 0 
6.12323e-17 1 
0.849411 0.528773 
0.554417 0.833148 
0.898296 0.441283 
0.708929 0.705803 
0.690027 0.724288 
0.624947 0.780817 
0.865479 0.501641 
0.0827189 0.996776 
0.90961 0.416034 
0.0498952 0.998927 
0.985801 0.169643 
0.504538 0.863447 
0.48762 0.874027 
0.262741 0.965776 
0.890089 0.456176 
0.242168 0.970357 
0.578864 0.815506 
0.15674 0.987873 
0.184083 0.983143 
0.605639 0.796206 
0.543082 0.839981 
0.9994 0.0361221 
0.951542 0.308336 
0.101864 0.995165 
0.980824 0.19653 
0.998332 0.059706 
0.317762 0.948564 
0.933744 0.358249 
0.803413 0.596129 
0.988771 0.151659 
0.525648 0.850969 
0.916213 0.403531 
0.999985 0.0163348 
0.281724 0.959763 
0.119581 0.993365 
0.35805 0.933797 
0.454644 0.890885 
0.991098 0.136847 
0.997363 0.0741696 
0.880926 0.473956 
0.433915 0.901791 
0.841207 0.540745 
0.94747 0.320536 
0.520112 0.854378 
0.776221 0.630805 
0.758901 0.651377 
0.784483 0.620743 
0.0316788 0.99973 
0.0184728 0.99989 
0.718693 0.695562 
0.656396 0.754561 
0.472059 0.881917 
0.825017 0.56574 
0.598414 0.801848 
0.992869 0.120791 
0.425586 0.905271 
0.942992 0.333578 
0.637392 0.770694 
0.957497 0.289372 
0.751095 0.660456 
0.332338 0.94353 
0.39997 0.916944 
0.832741 0.554062 
0.344111 0.939196 
0.22216 0.975145 
0.197768 0.980452 
0.290422 0.9571 
0.994279 0.110082 
0.820117 0.572671 
0.133956 0.991128 
0.971042 0.240054 
0.142342 0.989973 
0.962145 0.272828 
0.587822 0.809165 
0.730688 0.682885 
0.811544 0.584529 
0.74594 0.666483 
0.996003 0.0923119 
0.411651 0.911491 
0.724653 0.689734 
0.920886 0.390428 
0.795608 0.606941 
0.680048 0.734298 
0.766264 0.642744 
0.977535 0.211687 
0.467088 0.884905 
0.974489 0.224622 
0.938641 0.345014 
0.928048 0.372968 
0.769755 0.6391 
0.836015 0.549189 
0.969563 0.245785 
0.369933 0.929382 
0.378646 0.92583 
0.876604 0.481734 
0.665339 0.746824 
0.303267 0.95301 
