1.368 4.05221 
2.02925 3.11021 
1.6981 3.71275 
1.84197 3.16342 
2.45235 2.12486 
1.993 3.0898 
2.21302 3.06724 
2.1808 2.65709 
1.89037 3.49223 
2.00594 3.22386 
2.20579 2.90625 
2.1888 2.53941 
2.17515 3.13896 
2.19114 2.74326 
1.82374 3.67254 
1.85976 3.19638 
1.34928 4.00196 
1.56955 4.03361 
2.23545 2.76631 
1.83034 3.37669 
2.05637 3.22179 
2.21372 2.84839 
1.82264 3.35843 
2.07708 2.93483 
1.82444 3.54443 
1.87738 3.21968 
1.53664 3.80631 
2.08569 3.10056 
2.36067 2.11447 
1.66952 3.66808 
1.60121 3.90772 
1.67576 3.78142 
2.05889 3.0897 
1.81176 3.34359 
2.14692 2.94902 
1.89295 3.35047 
2.04739 3.04668 
2.04863 3.25852 
2.00509 2.92648 
2.06556 3.23447 
1.94219 3.226 
2.04568 3.32651 
2.31797 2.63837 
2.44461 2.09155 
1.82858 3.72304 
2.16869 2.46225 
1.97269 3.38851 
2.16485 2.62168 
1.76971 3.53957 
2.33227 2.33446 
1.73822 3.45779 
2.17755 2.82623 
2.16173 2.10461 
2.05267 3.13412 
1.64151 3.61929 
1.24098 4.23726 
1.37076 3.99131 
1.94415 3.30216 
2.03941 3.25583 
1.62531 3.98638 
1.86317 3.65312 
2.0848 2.80494 
2.35485 2.33436 
1.67679 3.63121 
2.17582 2.52856 
2.4673 1.75204 
1.80462 3.74793 
2.57886 1.53278 
1.17601 4.24306 
2.18408 2.87935 
1.57403 4.06426 
1.2751 4.09427 
1.80323 3.19303 
2.11939 3.15687 
2.16411 2.49885 
2.03217 3.05395 
2.22863 2.44771 
2.2098 2.91893 
2.14331 2.71425 
2.11536 2.96103 
1.0041 4.33609 
2.44506 2.08528 
2.21077 2.7461 
2.19844 2.65235 
1.33825 4.18113 
1.80397 3.36058 
1.9588 3.13263 
2.03752 2.89831 
2.13624 2.98592 
2.17265 3.07987 
1.7796 3.45309 
2.2398 2.78527 
2.14228 2.97515 
2.07976 2.88057 
1.09601 4.23587 
2.36596 2.13293 
1.36322 4.24259 
1.6384 3.7703 
2.3188 2.30632 
2.00068 3.02394 
0.0667289 4.04986 
2.05 0.0500232 
2.05 0.0500232 
0.0667289 4.04986 
1.16694 3.3681 
1.75211 2.15031 
0.717436 3.82069 
0.788343 3.76745 
0.210458 4.03711 
0.114824 4.0479 
1.7841 2.04288 
0.840045 3.72469 
1.65735 2.43029 
0.532794 3.93171 
1.59371 2.59319 
0.886434 3.68339 
2.03161 0.591242 
1.62675 2.51078 
1.11467 3.43613 
1.38783 3.02335 
1.22139 3.29213 
1.41444 2.9746 
0.67468 3.84988 
2.04743 0.252855 
1.07463 3.48519 
1.98632 1.0513 
1.4287 2.94772 
1.83448 1.85623 
2.03668 0.510894 
1.96281 1.21817 
0.561237 3.91711 
2.04966 0.124059 
0.42 3.98095 
1.73863 2.19339 
0.591615 3.90053 
1.09736 3.45766 
0.25336 4.02927 
2.0129 0.816886 
2.04383 0.364045 
2.02551 0.674005 
0.485292 3.95411 
2.01736 0.769698 
1.47846 2.84965 
1.9981 0.95534 
0.368183 3.99906 
2.04684 0.274712 
0.959988 3.61198 
1.19753 3.32609 
1.69148 2.3352 
1.54384 2.70965 
2.00705 0.874551 
1.67818 2.37295 
1.45524 2.89626 
0.161779 4.04375 
1.45162 2.9034 
1.88741 1.62977 
1.6376 2.48272 
1.91095 1.51541 
1.18762 3.33987 
1.94748 1.31424 
1.35353 3.08368 
0.305812 4.01715 
1.70324 2.30103 
0.987548 3.58327 
0.637848 3.87332 
1.24338 3.25988 
0.160576 4.04388 
2.00348 0.907697 
0.648016 3.867 
1.52071 2.76072 
1.02195 3.5459 
1.25387 3.24418 
1.87591 1.68223 
1.97159 1.15904 
0.706797 3.82816 
1.04739 3.51711 
1.90037 1.56809 
1.8608 1.74822 
0.92238 3.64942 
1.05081 3.51316 
0.334382 4.00936 
1.85083 1.79013 
1.97343 1.14619 
0.961444 3.61049 
1.56191 2.66849 
0.289651 4.02118 
1.81748 1.92193 
1.9824 1.08115 
1.27608 3.21021 
2.02225 0.714048 
0.268585 4.02604 
0.45323 3.96786 
0.795871 3.76143 
0.450418 3.96901 
0.343429 4.00672 
0.483421 3.95494 
0.587022 3.90311 
1.31907 3.14158 
2.04969 0.12015 
1.72652 2.23108 
