1.83718 0.267781 
2.0057 0.00183254 
1.61887 0.361225 
1.96563 0.130308 
1.07094 1.42011 
1.25176 1.17782 
0.463444 1.48781 
0.287136 1.71957 
0.293793 2.04585 
1.1325 1.71635 
1.13357 1.19724 
1.39413 0.68342 
1.02967 1.45187 
0.0164295 1.76622 
0.157965 1.76418 
0.820796 1.5965 
0.65675 1.93992 
1.60069 0.539333 
1.48248 1.15572 
2.0426 1.10091 
1.83253 0.0529942 
0.0438105 1.6416 
1.25278 0.971634 
0.559577 2.29322 
1.88742 0.0430462 
1.7216 1.19177 
0.453118 2.19261 
1.0894 1.32376 
1.46493 0.654543 
1.19307 2.04198 
0.716332 1.69336 
0.19011 2.10315 
2.01702 0.0945039 
1.11744 0.985322 
1.91277 0.875303 
2.33629 0.268733 
1.6967 0.527999 
0.588188 1.6558 
1.8089 0.470699 
0.441295 2.30937 
1.93253 0.694078 
1.76451 0.530391 
1.30489 1.1098 
0.719341 1.59072 
1.26332 1.46656 
0.610246 1.94271 
1.51119 0.614837 
1.08805 1.29932 
1.66627 0.593093 
0.625233 1.93663 
0.356141 1.6485 
0.140999 1.64269 
1.19225 1.31792 
1.1461 1.27245 
1.56565 0.495679 
1.28013 1.65961 
0.800234 1.64264 
0.394363 2.02592 
1.19097 1.51426 
1.71051 1.05313 
1.05826 1.66014 
1.27631 1.74511 
1.16085 1.52908 
1.64441 1.21954 
1.35444 0.938531 
0.723057 1.78714 
0.480384 1.97907 
2.15764 0.0354698 
0.725258 1.64119 
0.0798745 2.04973 
0.956884 0.930035 
2.26866 0.294528 
1.61436 0.590031 
0.449242 1.56126 
0.694362 1.4555 
0.0677666 1.64291 
0.542588 1.89664 
1.79448 0.0746494 
1.48922 0.797861 
1.12848 1.04645 
1.79401 0.685697 
1.42907 0.977661 
0.0262109 1.71331 
1.96803 0.0585028 
0.189367 1.82206 
1.62413 0.17675 
1.66523 0.767106 
0.369877 1.74216 
1.86011 0.0193682 
1.39837 1.46936 
1.50748 0.439769 
0.242598 2.08033 
1.27863 0.860027 
1.58138 1.81921 
1.77986 1.27176 
0.596588 1.64071 
1.49523 0.267523 
1.20246 1.25385 
1.84284 0.133284 
2.04808 0.781675 
6.12323e-17 1 
1 0 
1 0 
0.974484 0.228289 
0.984695 0.175206 
0.685902 0.727861 
0.708488 0.707236 
0.796493 0.605014 
0.270745 0.963526 
0.430344 0.903026 
0.452902 0.891846 
0.521479 0.853982 
0.999235 0.041983 
0.845538 0.534158 
0.903132 0.430051 
0.997168 0.0805832 
0.966257 0.25829 
0.811459 0.584917 
0.896177 0.444466 
0.999933 0.0164127 
0.29741 0.954941 
0.998328 0.0615124 
0.238557 0.971151 
0.714658 0.699748 
0.761054 0.649479 
0.138587 0.990526 
0.787175 0.617383 
0.853409 0.521525 
0.949642 0.313709 
0.97103 0.241424 
0.504639 0.863477 
0.954133 0.299821 
0.927286 0.375569 
0.994776 0.104415 
0.597282 0.80239 
0.879624 0.478109 
0.87258 0.489098 
0.752757 0.658748 
0.329835 0.94471 
0.960949 0.277745 
0.676762 0.736447 
0.0543012 0.998719 
0.923271 0.384995 
0.910982 0.412581 
0.156923 0.987918 
0.917164 0.398967 
0.888878 0.459336 
0.651415 0.758868 
0.0772222 0.99763 
0.497587 0.867792 
0.587433 0.809672 
0.415435 0.909784 
0.835825 0.550634 
0.989725 0.144826 
0.815357 0.579339 
0.385312 0.923269 
0.0171651 0.999932 
0.958794 0.285494 
0.0285742 0.999607 
0.860309 0.510037 
0.316789 0.948946 
0.88514 0.465799 
0.740492 0.672527 
0.352774 0.9359 
0.39747 0.917902 
0.662472 0.749416 
0.945135 0.329185 
0.106814 0.994825 
0.727793 0.686624 
0.0452435 0.999238 
0.731217 0.682407 
0.834177 0.552352 
0.573757 0.819496 
0.409668 0.912349 
0.744527 0.668023 
0.771184 0.637343 
0.825011 0.566205 
0.12209 0.992881 
0.369903 0.929278 
0.175 0.985018 
0.934015 0.358433 
0.0919377 0.996286 
0.208777 0.978251 
0.463086 0.886493 
0.533922 0.845849 
0.991929 0.129074 
0.36706 0.93066 
0.345058 0.93941 
0.937055 0.349719 
0.551076 0.83534 
0.779338 0.626882 
0.823856 0.567845 
0.485056 0.874583 
0.193124 0.981708 
0.608214 0.794288 
0.941041 0.340617 
0.866087 0.500192 
0.994075 0.114073 
0.668312 0.744035 
0.641168 0.768034 
