1.76161 3.61427 
2.20447 3.05191 
1.10794 4.36102 
1.59324 3.77868 
2.03369 2.87358 
1.27274 4.18728 
1.65539 3.78279 
2.07428 2.82032 
2.00897 3.12886 
1.73311 3.86361 
2.33552 2.15305 
2.30037 2.65907 
1.40051 3.78116 
2.42206 2.23599 
1.38497 4.23678 
1.69266 3.4924 
2.17951 2.78251 
2.40148 2.40314 
1.91814 3.50997 
1.47087 4.17754 
2.2193 2.69491 
1.89623 3.41823 
2.0757 3.09996 
1.67521 4.01576 
2.07381 3.54013 
2.37864 2.63187 
2.30159 2.7998 
1.25873 3.94172 
2.22839 2.86347 
1.91375 3.42594 
1.70145 3.78394 
1.82743 3.65235 
2.13717 2.87325 
1.84699 3.34666 
1.55454 3.93471 
2.11571 3.16333 
1.73348 3.88489 
1.66503 3.87241 
2.01471 3.36297 
1.74316 3.56204 
1.61083 3.73438 
2.0798 3.02822 
1.8849 3.30768 
1.93051 3.03801 
2.16696 2.54967 
2.06257 2.91549 
1.89514 3.32956 
2.1197 2.66182 
1.9394 3.1173 
2.30903 2.39729 
2.01129 3.00181 
1.95734 3.27944 
1.91723 3.24501 
2.34973 2.39092 
1.83541 3.75243 
2.30071 2.48885 
2.11587 2.91863 
2.53073 1.36439 
2.03807 2.86252 
2.21206 2.97566 
2.3077 2.70347 
1.96726 3.45832 
2.04012 3.24209 
2.02274 2.94104 
2.10947 3.16295 
1.50783 3.84737 
2.0371 3.32048 
1.82175 3.57493 
1.60522 3.76165 
2.24787 2.5501 
2.20443 2.62908 
1.73688 3.53894 
1.63699 3.76488 
2.32507 2.6873 
2.17954 2.86748 
1.67081 3.66002 
2.3684 2.13174 
1.30052 4.18905 
1.63461 3.98602 
1.83944 3.78824 
2.25351 2.43293 
1.85397 3.57872 
1.70113 3.61182 
1.80547 3.1928 
2.05572 2.79893 
2.00227 2.7921 
2.25272 2.34087 
2.07584 3.13968 
1.69525 3.81628 
2.05545 3.10886 
2.08054 3.10222 
1.59777 3.77867 
2.25879 2.79833 
1.93119 3.52121 
1.37806 4.00266 
1.83386 3.72275 
2.20881 2.3275 
2.23788 2.37715 
1.66583 3.66967 
2.40477 2.4286 
0.0660338 4.04987 
2.05 0.0500352 
2.05 0.0500352 
0.244554 4.03103 
0.846276 3.7193 
0.79498 3.76214 
0.190125 4.04017 
1.82377 1.89798 
1.59501 2.59004 
2.04956 0.133588 
2.04667 0.280761 
1.21009 3.30833 
0.425779 3.97876 
1.61546 2.53944 
0.662571 3.85776 
0.521021 3.93749 
1.74089 2.18624 
1.80163 1.98059 
1.56636 2.65818 
0.343314 4.00675 
2.04799 0.229247 
1.41592 2.97183 
0.297008 4.01938 
1.76239 2.11662 
1.49551 2.81443 
1.19185 3.33401 
1.46323 2.88038 
1.96014 1.2355 
2.01129 0.833132 
1.70709 2.2897 
1.24242 3.26132 
2.02963 0.619486 
1.64438 2.46492 
2.0346 0.54544 
1.08667 3.47071 
0.55293 3.92147 
1.97359 1.14509 
1.38661 3.02554 
2.04258 0.394211 
1.98939 1.02728 
1.16799 3.36669 
2.04258 0.394211 
2.03724 0.501058 
1.84374 1.81919 
1.89034 1.61608 
2.01402 0.805341 
1.99849 0.951939 
0.382637 3.99429 
0.901278 3.66957 
1.72502 2.23569 
2.02635 0.663359 
0.145781 4.04541 
0.489663 3.95215 
2.02016 0.738395 
0.311994 4.01553 
1.87991 1.66422 
1.95207 1.28631 
1.10597 3.44702 
1.77714 2.06693 
1.04548 3.5193 
0.633592 3.87592 
2.00241 0.917423 
0.571729 3.9115 
0.964836 3.60701 
1.01405 3.55463 
1.87154 1.70165 
1.02402 3.54359 
1.94482 1.33007 
1.85719 1.76356 
0.155606 4.04442 
1.6079 2.55833 
0.37909 3.99548 
1.69795 2.31651 
0.916395 3.6552 
1.44299 2.92025 
0.868102 3.70005 
0.104389 4.04852 
1.53464 2.73018 
0.694086 3.8369 
1.11847 3.43135 
0.477863 3.95739 
0.623727 3.88189 
1.49938 2.80629 
1.90248 1.55771 
1.06592 3.49552 
0.104389 4.04852 
1.93985 1.35912 
0.601909 3.89468 
0.753423 3.79443 
1.76955 2.0927 
0.9358 3.63628 
0.718621 3.81985 
0.991941 3.5786 
1.67171 2.39098 
0.592831 3.89985 
1.68514 2.35331 
1.85511 1.7723 
0.878963 3.69023 
0.776798 3.77653 
1.15631 3.38231 
