2.16711 3.50776e-07 3.30617e-16 
2.19449 3.36338e-66 1.04903e-23 
2.15981 1.36407e-43 1.27949e-14 
2.09082 3.11655e-09 4.8037e-40 
2.39231 8.74056e-31 5.06009e-06 
1.90006 0.000756993 6.17599e-57 
1.86746 1.23815e-105 2.92133e-25 
1.69944 1.50599e-65 8.16894e-28 
1.57878 7.53785e-30 9.13679e-34 
1.53537 1.30398e-20 4.9093e-49 
1.35171 2.58417e-126 2.7907e-32 
1.88441 9.4198e-12 1.13361e-07 
2.02203 5.67411e-34 0.00307543 
1.77689 3.65071e-48 9.51529e-07 
1.64839 1.6121e-46 4.21102e-53 
1.79612 4.00792e-54 1.3582e-88 
2.37903 3.08741e-52 3.16974e-32 
1.70556 0.0862528 2.22481e-06 
1.73439 7.94147e-08 1.51544e-42 
2.05163 1.90453e-10 4.84744e-59 
1.67795 9.84295e-38 8.79412e-11 
2.17432 1.96286e-51 8.09603e-35 
1.35154 2.42527e-19 0.000220615 
1.64578 2.45359e-106 2.73506e-05 
1.97912 8.26372e-62 2.20429e-38 
1.89043 0.00480466 1.75915e-41 
1.91066 7.96341e-07 6.30596e-41 
2.42503 2.56029e-19 2.67814e-38 
1.84244 6.39275e-56 5.24767e-53 
1.65466 1.83035e-73 5.01338e-177 
0.632166 4.73981e-31 1.6233 
1.83794 3.57444e-20 9.9289e-34 
1.83579 5.58406e-18 4.36079e-21 
1.50961 7.53937e-14 0.0692018 
1.86223 0.00954142 6.89952e-19 
2.06938 0.000116822 2.35869e-08 
1.65778 1.18736e-28 8.85812e-07 
1.86515 7.66732e-09 2.9259e-12 
2.02411 0.00865042 7.02444e-46 
2.24622 0.000310794 4.99685e-24 
2.01404 9.38664e-65 0.000106727 
1.63537 4.71078e-50 0.246312 
1.85969 3.94306e-24 1.12723e-24 
2.01976 6.95064e-23 1.23308e-10 
1.657 9.30882e-22 9.02525e-34 
2.15525 6.15175e-65 5.45682e-45 
1.65604 8.05455e-141 0.0478281 
2.09639 2.48184e-06 7.21453e-137 
1.75077 2.36697e-111 1.78145e-134 
1.87257 4.41803e-58 5.14993e-34 
1.65078 3.92145e-78 5.70351e-11 
1.74838 4.18948e-63 2.06412e-76 
1.99205 5.80368e-17 3.1823e-84 
1.8288 0.40071 3.30769e-07 
1.39817 3.09776e-10 1.63639e-08 
2.0709 4.19813e-61 7.29223e-12 
2.04651 9.07002e-47 1.85967e-15 
1.97301 7.73356e-97 2.42566e-27 
1.71308 5.83591e-11 1.25569e-65 
1.86169 1.38634e-103 9.63178e-50 
2.00759 1.83812e-20 1.10588e-57 
1.20546 4.06316e-07 1.22977e-40 
1.47566 2.00743e-63 2.37564e-27 
2.13805 6.96873e-14 3.14269e-167 
1.17446 9.06535e-53 6.42885e-18 
1.4526 1.75387e-67 7.36351e-10 
2.27676 2.16456e-84 0.0881781 
1.97924 1.42804e-20 6.75211e-23 
1.90772 6.47621e-06 9.09372e-14 
1.94181 8.23583e-27 7.02096e-10 
1.81517 4.44164e-54 1.20668e-10 
1.74285 3.90496e-60 2.83707e-51 
1.94928 2.31345e-21 4.33136e-25 
1.92553 5.64799e-24 7.76494e-21 
1.88198 5.05309e-42 1.1576e-41 
1.90159 0.00187388 2.38867e-33 
1.88749 4.9502e-61 4.8426e-59 
1.77654 6.93081e-05 3.33987e-53 
1.86241 0.000127557 0.00124031 
1.78241 2.68491e-12 1.40857e-57 
2.00723 7.73537e-52 1.26148e-67 
1.83287 4.8964e-36 3.95084e-83 
2.04741 3.93187e-19 1.15291e-96 
1.56734 2.06428e-65 1.97106e-48 
2.02779 5.1159e-06 0.0110269 
1.70266 1.48013e-44 4.62111e-35 
1.92532 1.34134e-34 6.79748e-05 
1.80939 2.20826e-39 0.379669 
1.53346 1.59157e-60 7.06499e-23 
1.51947 0.679394 2.55643e-05 
1.75395 5.1391e-91 2.37205e-71 
1.70216 4.38005e-112 4.59037e-14 
1.70278 6.14366e-32 2.32428e-16 
2.09248 3.43288e-32 3.3516e-30 
2.16377 9.33395e-57 4.15745e-06 
1.72351 1.38262e-102 1.29866e-06 
1.72872 1.26911e-116 0.0232982 
1.67396 7.12972e-79 1.63386e-41 
1.76099 2.13859e-99 4.96832e-15 
1.44645 6.7182e-104 1.3505e-11 
3.7494e-33 6.12323e-17 1 
6.12323e-17 1 0 
6.12323e-17 0 1 
1 0 0 
4.35182e-17 4.6049e-17 1.03473 
0.964852 0.310097 0.060102 
0.879671 0.135129 0.482739 
0.0547648 0.656073 0.771887 
0.743264 0.551066 0.411148 
0.516665 0.876458 0.024645 
0.106853 0.920078 0.421351 
0.572309 0.790661 0.318042 
0.937218 0.32891 0.249419 
0.0839961 0.847418 0.543815 
0.658833 0.563492 0.527342 
0.337821 0.789805 0.5606 
0.598131 0.224439 0.812169 
0.85281 0.491996 0.213946 
0.690844 0.751862 9.05852e-10 
0.33419 0.471884 0.827199 
0.741117 0.318846 0.618135 
0.148341 0.715728 0.693307 
0.16665 0.98368 0.17272 
0.72462 0.211069 0.665921 
0.49646 0.00727877 0.882408 
0.262582 0.815115 0.542931 
0.865723 0.399287 0.365624 
0.728829 0.591789 0.36005 
0.872948 0.426351 0.33317 
0.458911 0.216301 0.87121 
0.26873 0.689602 0.71086 
0.665 0.492131 0.586818 
0.440099 0.24256 0.868383 
0.545175 0.856753 0.11185 
0.905322 0.0593793 0.467442 
0.613918 0.26508 0.805813 
0.376533 0.538209 0.763629 
0.654748 0.675105 0.368739 
0.319235 0.456308 0.839263 
0.580942 0.743163 0.343702 
0.566988 0.441539 0.705695 
0.984136 0.0312602 0.261255 
0.00439635 0.96355 0.303632 
0.232058 0.166496 0.960474 
0.431193 0.0282816 0.915618 
0.349977 0.257194 0.923558 
0.532899 0.56389 0.652608 
0.828261 0.290673 0.49326 
0.287032 0.957221 0.140304 
0.479512 0.774497 0.44691 
0.901721 0.0947832 0.438266 
0.654233 0.360579 0.669721 
0.180119 0.889593 0.445302 
0.417874 0.899546 0.196924 
0.398782 0.570011 0.740656 
0.772201 0.651311 0.0969689 
0.103279 0.498307 0.867006 
0.276788 0.193614 0.948167 
0.320703 0.108342 0.950202 
0.830996 0.0659354 0.56994 
0.632197 0.464594 0.637864 
0.0397605 0.830188 0.586315 
0.552848 0.821271 0.222099 
0.0713047 0.617252 0.806221 
0.217294 0.972764 0.153014 
0.820208 0.611882 0.031958 
0.199101 0.960637 0.213185 
0.760463 0.383233 0.543815 
0.986254 0.0782543 0.198523 
0.631449 0.807773 1.40837e-245 
0.364401 0.872687 0.376418 
0.308342 0.942955 0.209586 
0.650081 0.729897 0.244294 
0.176227 0.172401 0.979217 
0.243919 0.369892 0.929468 
0.120879 0.583226 0.812079 
0.714771 0.509504 0.505666 
0.50873 0.538316 0.725816 
0.469606 0.42761 0.788923 
0.390269 0.881077 0.285622 
0.652629 0.245674 0.744401 
0.586083 0.276242 0.773728 
0.537475 0.841718 0.159655 
0.399582 0.934201 0.0770108 
0.755813 0.452542 0.507486 
0.105872 0.409844 0.908725 
0.789759 0.435274 0.456697 
0.705194 0.187026 0.692011 
0.823614 0.0514333 0.573229 
0.0188093 0.282765 0.967819 
0.0232712 0.851028 0.600569 
0.223313 0.765948 0.646182 
0.869828 0.479337 0.187463 
0.378613 0.160572 0.940231 
0.162274 0.702663 0.708175 
0.801727 0.58918 0.176072 
0.950145 0.280524 0.304679 
0.50316 0.149686 0.859493 
0.297867 0.123596 0.969718 
0.464079 0.914131 0.135576 
