8.0812 7.208 
7.79516 8.08098 
10.0194 6.58393 
10.4841 7.10133 
10.1825 6.77697 
6.10355 6.06475 
8.50495 7.22765 
7.36349 7.55933 
5.56683 7.19494 
8.42488 4.71114 
7.08125 7.3768 
10.6241 5.79711 
10.4188 8.31506 
9.52957 5.75585 
7.87465 6.76243 
7.22803 9.84854 
6.89961 6.62825 
6.53973 7.13727 
6.29214 6.09802 
5.78275 8.68086 
8.56174 8.16078 
10.3849 6.33468 
7.47956 6.23115 
7.3232 8.15064 
6.70579 4.86476 
9.10907 6.16057 
5.07325 6.92416 
5.22622 5.75526 
6.70735 7.33637 
5.63056 6.86396 
6.82624 6.53117 
7.66242 8.15007 
6.74228 4.34329 
5.79396 3.41409 
6.1147 6.60847 
3.08968 12.7409 
5.03777 5.0413 
5.23042 6.99269 
7.30356 9.00045 
6.10283 8.08487 
5.06981 9.32147 
4.36512 7.07391 
10.8304 8.31725 
12.0147 7.22618 
8.01954 8.95042 
9.53645 7.12313 
6.60829 5.2147 
5.80132 4.72648 
8.08264 8.35984 
7.76486 4.93772 
10.269 7.3485 
6.50699 5.81864 
8.4712 7.88368 
6.65469 7.76709 
4.98014 6.2553 
4.00389 9.068 
7.54664 10.5379 
10.2448 8.0188 
8.91991 10.5633 
8.26772 7.76108 
6.43554 7.97087 
9.30529 8.29371 
9.95526 6.48312 
9.08514 7.46581 
9.21219 4.42555 
6.5596 5.46168 
8.89284 7.51005 
6.20671 5.52814 
9.30936 8.11117 
9.72052 5.29501 
9.18867 4.62263 
9.89044 10.0894 
7.23843 10.262 
5.21705 7.28325 
3.98584 4.15354 
8.4317 6.43755 
6.32264 5.03237 
7.01739 7.9102 
8.47094 4.87612 
5.69309 8.28561 
10.9531 8.50287 
9.85058 7.17555 
5.61382 7.63871 
6.99393 10.4276 
9.36952 8.07083 
7.43952 5.94546 
9.18311 10.383 
8.18858 7.13049 
3.48228 7.27141 
7.31219 7.92049 
5.47804 7.63912 
6.75202 9.07555 
10.1375 7.45713 
6.3307 4.93767 
10.0763 8.21555 
3.85271 9.30574 
9.34369 4.03555 
7.12781 7.12356 
8.4394 8.62165 
6.79857 8.2235 
1.00764 1.38519e-08 
2.95047e-11 1.34233 
0.672831 0.630409 
0.906353 0.41509 
0.00484688 1 
0.250047 0.927478 
0.529499 0.630736 
2.95259e-11 1.23556 
0.595799 0.630423 
2.95122e-11 1.28148 
2.95351e-11 1.10062 
0.250047 0.837545 
0.49017 0.631007 
0.250047 0.923478 
2.95265e-11 1.16934 
0.595676 0.63062 
0.459368 0.631248 
0.907374 0.319875 
0.907385 0.246294 
2.95269e-11 1.14597 
2.95537e-11 1.05128 
2.95094e-11 1.33615 
0.908941 0.215229 
0.907374 0.32925 
0.427761 0.631402 
0.250118 0.805759 
0.909364 0.171234 
0.968022 0.040438 
0.404519 0.632264 
0.289506 0.715846 
0.425063 0.632164 
0.908722 0.228709 
0.910613 0.125243 
0.914525 0.116041 
0.909915 0.152918 
0.947432 0.0607747 
0.910377 0.141267 
0.250562 0.778846 
0.261838 0.756652 
0.284415 0.724686 
0.352819 0.660681 
0.309029 0.707745 
0.975752 0.0366552 
0.320164 0.687479 
0.906353 0.407954 
3.20235e-11 1.01583 
0.980071 0.0289241 
0.343496 0.661876 
0.358298 0.653644 
0.253226 0.759596 
0.96031 0.0551203 
0.262885 0.744091 
0.36263 0.647233 
0.31332 0.694076 
0.268422 0.740026 
0.273716 0.734323 
0.276906 0.727316 
0.250083 0.82453 
0.368104 0.642209 
0.333888 0.672559 
0.96031 0.0556916 
0.929427 0.0837834 
0.391437 0.63327 
0.99631 0.0152629 
0.9915 0.0180912 
0.386233 0.636004 
1 0.00704931 
0.329585 0.680145 
0.251033 0.768053 
0.918691 0.105289 
0.938169 0.0762256 
0.94076 0.0685787 
0.919656 0.101267 
0.324628 0.681943 
0.309828 0.698084 
0.907385 0.244688 
0.377842 0.637304 
0.93084 0.0766945 
0.909727 0.170265 
2.96419e-11 1.03278 
2.95896e-11 1.03448 
0.400416 0.6325 
0.373591 0.638489 
0.300463 0.71343 
0.300153 0.713483 
0.92793 0.0975728 
0.943818 0.06344 
0.928365 0.0959761 
1.00359 0.00290625 
3.56765e-08 1.00597 
0.337369 0.666655 
0.98472 0.0220301 
0.25008 0.829493 
0.984742 0.0220263 
0.000948354 1.00318 
0.250729 0.777972 
0.337269 0.667441 
0.906489 0.35975 
2.95132e-11 1.41656 
1.008 0.0102433 
