4.04219 4.89731 
3.80321 2.70622 
4.59005 2.93103 
4.21396 4.65673 
3.42836 4.15234 
3.56693 4.54673 
3.96521 5.62017 
5.35527 2.93362 
3.0694 2.85367 
3.72414 4.23752 
6.37852 4.01739 
4.82364 2.30508 
5.80464 2.67631 
3.9617 3.15976 
4.36802 3.4407 
2.19123 2.29251 
5.84013 3.0806 
3.97195 2.72251 
3.81622 3.09931 
2.50183 4.52597 
4.91447 3.41454 
2.77408 3.0286 
5.27235 3.8854 
5.96484 3.75131 
4.37128 4.85536 
4.15651 3.3545 
5.1807 4.5419 
5.37621 3.4671 
5.46351 6.09634 
4.70808 4.8522 
4.10945 4.90128 
4.42052 4.67226 
3.42384 6.18722 
3.54597 6.40734 
5.42052 4.73925 
4.52352 4.02875 
7.21782 5.64646 
2.46143 3.63415 
4.89185 3.31555 
4.35963 2.75189 
4.27487 6.36859 
2.92017 4.14404 
6.34311 4.38608 
5.26647 5.66011 
2.51794 2.82459 
5.58682 1.90069 
4.45885 2.89737 
5.15206 4.29397 
5.18165 2.4986 
5.83314 3.79059 
4.7767 3.14134 
5.95846 3.7427 
5.23516 4.18443 
4.88372 2.43229 
5.01663 5.04074 
5.92927 3.80286 
4.48041 2.29371 
6.12528 3.26412 
4.23926 2.27901 
4.77424 2.41506 
2.6772 2.40176 
3.3389 3.38119 
3.06299 4.83829 
6.03484 3.52453 
3.34669 5.35819 
3.64107 3.751 
4.53379 5.0532 
4.80657 1.57923 
3.03403 2.92242 
6.88386 4.50535 
5.57902 5.74427 
3.89967 2.00822 
3.74484 4.07023 
3.91579 5.13194 
4.30067 3.08402 
2.61497 3.35435 
5.84855 5.22872 
4.76624 3.92728 
3.05043 2.20649 
2.782 3.18934 
2.99076 5.90894 
6.31887 4.68528 
4.8091 2.64072 
3.35519 2.93882 
6.47088 6.36501 
3.98738 3.32106 
5.51275 2.94294 
2.61249 4.01873 
5.94657 2.78791 
3.8043 2.95603 
5.59141 2.94892 
4.53314 2.67096 
5.9541 4.87116 
5.86387 4.28198 
4.61272 5.13579 
4.87537 4.16366 
3.62826 3.07839 
2.75787 4.82498 
5.28267 3.02452 
5.73233 3.68929 
2.12373e-06 1.00607 
1.00701 6.00762e-07 
0.733567 0.274961 
0.30862 0.701602 
0.371881 0.63407 
0.999048 0.0183318 
0.357285 0.650553 
0.515325 0.510095 
0.76046 0.251609 
0.38495 0.620902 
0.979379 0.0274154 
0.352451 0.669612 
0.7495 0.266089 
0.811304 0.196095 
0.203114 0.807173 
0.492356 0.518089 
0.243131 0.763095 
0.113579 0.893384 
0.584005 0.431631 
0.955808 0.067206 
0.87654 0.129659 
0.940587 0.0757075 
0.925287 0.084018 
0.153357 0.851454 
0.572833 0.444953 
0.652562 0.385146 
0.440749 0.570586 
0.657485 0.365307 
0.852115 0.160843 
0.562984 0.457315 
0.474193 0.540064 
0.55143 0.468917 
0.908672 0.109723 
0.124719 0.882507 
0.714593 0.294095 
0.702515 0.317891 
0.338667 0.682227 
0.788022 0.222884 
0.100074 0.905881 
0.231212 0.775017 
0.668 0.354858 
0.915767 0.098048 
0.462155 0.550809 
0.0823572 0.927161 
0.605703 0.413616 
0.9655 0.0529967 
0.193065 0.81692 
0.218815 0.793944 
0.4508 0.558345 
0.62387 0.406841 
0.48802 0.531373 
0.0346695 0.979396 
0.846486 0.175499 
0.60131 0.425675 
0.977212 0.0472405 
0.692778 0.322063 
0.518431 0.492402 
0.0911997 0.91409 
0.0583159 0.952549 
0.401249 0.612673 
0.16592 0.83959 
0.540727 0.479444 
0.142066 0.862865 
0.289116 0.718733 
0.136057 0.871711 
0.27908 0.72612 
0.184024 0.829352 
0.710778 0.296128 
0.426797 0.5804 
0.68342 0.33812 
0.527754 0.483261 
0.774198 0.239757 
0.260475 0.755832 
0.823298 0.184728 
0.635336 0.389558 
0.0243983 0.999378 
0.320725 0.691853 
0.68014 0.345125 
0.417439 0.597488 
0.0727279 0.937164 
0.405598 0.602971 
0.220569 0.783371 
0.00452067 1.00178 
0.777888 0.234249 
0.868637 0.147494 
0.0491955 0.964282 
0.0270704 0.991417 
0.890393 0.116952 
0.867253 0.150712 
0.0682635 0.944735 
0.042726 0.967266 
0.628431 0.395234 
0.173325 0.833078 
0.804698 0.215433 
0.322186 0.68294 
0.26048 0.745723 
0.889492 0.120743 
0.424916 0.590493 
0.804531 0.217428 
0.835387 0.183862 
