1.90516 1.57744e-67 9.28634e-28 
2.29269 1.08345e-12 2.60387e-07 
1.93862 7.63414e-20 1.59103e-18 
1.61589 4.87424e-27 3.06265e-65 
1.76073 6.19432e-26 7.24018e-81 
1.85726 6.90073e-07 4.06601e-40 
1.70349 1.97513e-45 5.26919e-67 
1.60433 8.67525e-84 6.35663e-37 
2.07529 5.69167e-06 8.72714e-126 
1.63158 5.76634e-52 2.19622e-42 
1.4784 2.56344e-44 2.90903e-13 
1.65676 2.85046e-53 9.37325e-13 
1.61987 6.02275e-83 9.58042e-07 
1.88388 2.20626e-18 2.5704e-56 
1.62029 1.74797e-09 1.54361e-13 
1.87646 9.26025e-21 2.8455e-22 
1.54237 0.000512789 1.05866e-09 
2.01761 1.04645e-24 6.94499e-72 
1.36611 1.93324e-12 6.1227e-14 
2.21393 6.09256e-50 0.524979 
2.03912 2.26759e-55 1.18315e-43 
1.66648 5.6198e-30 2.68699e-48 
1.81457 3.2004e-47 1.43246e-09 
2.05721 3.6866e-142 5.4894e-39 
1.79763 1.78458e-26 1.87235e-19 
1.71438 4.16764e-38 5.44133e-32 
1.58461 9.66356e-06 5.47922e-25 
1.6845 5.13601e-36 5.0249e-07 
1.81341 1.14478e-11 9.01485e-18 
1.51712 4.05573e-07 4.52458e-63 
1.62506 9.006e-50 1.57457e-95 
2.04995 1.07357e-72 3.32345e-32 
0.0418197 3.72386e-59 1.93843 
2.4044 1.79615e-50 7.90799e-39 
1.85789 9.59437e-48 2.68391e-79 
1.70511 3.64791e-39 1.13372e-25 
1.60589 2.43139e-56 0.000529187 
1.85431 3.67252e-12 2.99503e-27 
1.9065 2.45434e-10 3.81613e-120 
1.99412 1.3437e-59 2.17407e-20 
1.68332 9.175e-49 1.31903e-36 
1.73588 0.0488135 5.68653e-14 
2.09131 6.5123e-75 0.0708943 
1.95102 3.27272e-25 3.77634e-35 
1.60983 3.63426e-34 7.16336e-52 
2.03063 3.94174e-96 3.61437e-08 
1.82641 4.72153e-83 7.33756e-36 
1.9424 2.8306e-41 4.46131e-08 
1.61126 5.49707e-43 2.74721e-54 
1.56574 5.77484e-36 0.00189548 
1.91734 1.44028e-51 3.20125e-08 
1.8607 6.5175e-81 3.50783e-16 
1.69973 2.94378e-21 3.64121e-39 
1.90932 6.93288e-16 3.04937e-32 
1.99951 2.26132e-20 9.62485e-54 
1.90318 7.73413e-31 2.37452e-05 
1.75554 1.05015e-149 4.77461e-20 
1.70917 3.5361e-230 2.60516e-09 
2.32393 8.13339e-13 2.62675e-43 
1.60064 1.99631e-05 9.04652e-49 
1.83461 2.19386e-100 3.99107e-78 
1.7026 6.67438e-29 6.64985e-13 
1.72181 6.35466e-29 2.93781e-40 
1.61431 5.47373e-34 8.07349e-44 
2.23968 1.53812e-23 2.17854e-12 
1.69012 2.1955e-51 4.54949e-42 
1.43414 8.44994e-61 7.29618e-11 
1.71072 1.05133e-17 1.52089e-62 
1.47456 1.84212e-15 3.24046e-61 
1.56774 0.000611378 7.37948e-29 
1.83488 3.56563e-29 2.96669e-217 
2.14193 4.83818e-44 3.2666e-16 
1.75063 1.02006e-52 3.84347e-20 
1.34124 1.0606e-23 5.9757e-98 
1.74433 9.05637e-41 2.55649e-22 
1.94353 2.19285e-32 3.82938e-68 
1.63394 9.97464e-24 5.51535e-40 
0.620585 1.75372 2.69855e-15 
2.13871 3.35223e-06 0.046924 
1.70248 2.0825e-111 3.00365e-94 
1.94669 1.53333e-82 6.36092e-72 
2.07825 2.8645e-32 4.97304e-32 
1.88745 2.40586e-53 0.00329331 
1.76396 2.3117e-66 3.35206e-25 
2.08698 2.70987e-39 3.40357e-72 
1.92073 9.82393e-18 2.78361e-10 
1.9574 1.13743e-15 1.90017e-22 
2.28695 9.05411e-110 1.13929e-39 
1.5485 3.79795e-17 1.14464e-29 
1.36226 1.83172e-10 8.70579e-15 
2.00829 0.000884045 9.5301e-38 
1.66364 2.04379e-26 1.62424e-57 
1.57782 4.50374e-80 9.83256e-139 
1.88691 0.0355079 1.02588e-06 
1.82447 4.19145e-37 4.30383e-54 
1.95732 5.70543e-59 3.07473e-86 
1.89713 3.17088e-28 1.70601e-41 
1.50632 6.12102e-46 3.15315e-56 
1.67792 2.25804e-17 4.83573e-29 
1.76461 0.665199 1.01974e-33 
3.7494e-33 6.12323e-17 1 
6.12323e-17 1 0 
6.12323e-17 0 1 
1 0 0 
1 0 0 
4.05496e-17 4.86834e-17 1.03473 
0.394972 0.717178 0.606404 
0.837653 0.327653 0.474357 
0.647371 0.236652 0.754859 
0.236371 0.930061 0.349392 
0.738158 0.0335948 0.682252 
0.985218 0.205246 0.188321 
0.810109 0.563319 0.282669 
0.959623 0.0915291 0.417992 
0.821193 0.133126 0.593323 
0.423948 0.0459444 0.946175 
0.315496 0.911151 0.312541 
0.456144 0.890892 0.0330661 
0.327366 0.416044 0.861598 
0.360507 0.294611 0.903569 
0.110413 0.259804 0.976663 
0.964673 0.310373 0.0864596 
0.416695 0.192755 0.917339 
0.670957 0.733187 0.163231 
0.538247 0.47227 0.72137 
0.528944 0.854233 0.0593294 
0.352564 0.950615 0.0157371 
0.338328 0.684867 0.66207 
0.0925808 0.993469 0.218627 
0.0627614 0.581502 0.843544 
0.295642 0.959592 0.115211 
0.116816 0.657196 0.767487 
0.379332 0.807493 0.496003 
0.0271081 0.645031 0.801907 
0.93318 0.365018 0.173406 
0.268777 0.82849 0.531373 
0.500296 0.670216 0.571053 
0.29888 0.199255 0.962164 
0.148817 0.483027 0.883262 
0.932271 0.105844 0.366835 
0.625207 0.520719 0.635424 
0.90535 0.010049 0.471184 
0.20861 0.378789 0.936054 
0.284732 0.790212 0.580465 
0.604664 0.276877 0.776518 
0.771186 0.410519 0.565837 
0.0993493 0.492103 0.882748 
0.988969 0.0581852 0.284933 
0.78188 0.621521 0.0950404 
0.597576 0.800537 0.14841 
0.568009 0.824719 0.051054 
0.151839 0.703514 0.707046 
0.22014 0 0.981275 
0.448689 0.564214 0.708186 
0.865143 0.106489 0.511469 
0.159767 0.898833 0.436035 
0.691493 0.334825 0.672627 
0.623596 0.0693936 0.798218 
0.0171009 0.592002 0.825628 
0.370268 0.756683 0.548483 
0.591664 0.507116 0.648768 
0.255474 0.943715 0.253676 
0.592133 0.453164 0.726287 
0.753457 0.388368 0.600442 
0.87616 0.524329 0.07166 
0.777449 0.601477 0.298757 
0.478489 0.876893 0.212501 
0.192097 0.780885 0.642051 
0.472473 0.835704 0.336359 
0.0658551 0.28736 0.996234 
0.579086 0.768135 0.401278 
0.705971 0.690884 0.192569 
0.0408664 0.799871 0.686357 
0.912287 0.238055 0.36077 
0.337997 0.603353 0.736584 
0.610514 0.154167 0.824542 
0.506944 0.766738 0.453178 
0.501729 0.430033 0.760723 
0.719052 0.620951 0.39534 
0.618204 0.114126 0.817947 
0.309229 0.893051 0.385946 
0.128829 0.690466 0.760767 
0.9223 0.349735 0.235638 
0.43595 0.783725 0.491418 
0.0643361 0.543895 0.841979 
0.816789 0.574921 0.270242 
0.0715757 0.521263 0.87712 
0.949715 0.371188 1.38709e-26 
0.888889 0.344708 0.327067 
0.0265353 0.974741 0.256245 
0.758367 0.481206 0.449219 
0.175193 0.985621 0.100768 
0.685212 0.351774 0.696937 
0.434202 0.16224 0.899584 
0.551226 0.874948 5.08398e-41 
0.920336 0.423033 0.201704 
0.168371 0.843285 0.58653 
0.853613 0.42429 0.436878 
0.970489 0.010772 0.34429 
0.894526 0.337385 0.350186 
