1.27089 1.18918 
1.12953 1.46575 
1.30579 0.631379 
1.51436 0.654258 
0.897083 1.09903 
0.624736 1.51433 
0.540092 1.37917 
2.07644 1.23151 
1.3452 0.893584 
0.830281 1.01277 
1.88984 0.758425 
0.828031 1.42329 
1.80143 1.11425 
1.6785 1.02142 
1.60797 1.05774 
1.62522 0.875682 
1.10099 0.808042 
1.81828 0.822878 
1.43458 0.754453 
1.30162 0.81449 
1.18103 1.39153 
1.13436 1.31939 
1.51699 0.849617 
1.7339 1.32681 
0.768674 1.45 
0.82906 1.4244 
1.14836 1.13619 
1.39935 1.3673 
1.70874 0.978722 
1.53058 0.949315 
0.87675 1.51721 
1.1447 1.28463 
0.495212 1.20185 
1.22233 0.698823 
1.10406 1.07327 
1.20781 1.24069 
1.25834 1.03625 
1.53067 1.14824 
1.95447 1.62364 
0.684742 1.47582 
1.95325 1.23557 
0.510072 1.32332 
0.654044 1.31229 
0.853453 1.42983 
1.63179 1.03813 
0.87326 1.3069 
1.5294 0.880392 
1.60455 0.819988 
1.49058 0.859063 
0.774813 1.34504 
1.31177 0.796208 
1.22956 0.95186 
1.42674 1.12568 
1.20134 0.908569 
1.42129 1.06908 
2.48543 0.990403 
0.760742 1.04313 
0.373074 1.42281 
2.4484 1.16741 
1.35981 0.604928 
1.30898 1.07453 
1.16186 0.988859 
1.4184 0.735869 
1.39161 0.966015 
0.895174 1.38433 
1.13175 1.10694 
1.21226 1.32358 
1.55118 1.42204 
1.0929 0.930033 
1.1942 0.860627 
0.899091 1.27783 
1.47128 1.04903 
0.618983 1.52256 
2.10942 0.81641 
2.01902 0.801339 
0.74839 1.17212 
1.53247 1.20002 
1.13263 1.05487 
1.47634 1.0771 
0.996406 1.0819 
2.02631 0.699899 
0.725318 1.44619 
0.40193 1.22745 
2.13431 0.850209 
1.48877 0.799196 
1.37474 1.15077 
2.20649 1.01121 
0.986325 1.38508 
1.85542 1.0962 
0.512203 1.40265 
1.2027 1.3775 
2.27741 0.963996 
0.766594 1.06554 
2.24626 1.6243 
0.89349 1.13555 
0.995179 1.07487 
1.9595 1.01867 
1.18653 1.22152 
1.45603 0.865817 
1.62967 0.757028 
1.00226 0.00741634 
9.08495e-07 1.00322 
0.20369 0.561298 
0.520474 0.2914 
0.18289 0.586207 
0.32194 0.454786 
0.911522 0.0514152 
0.296361 0.467533 
0.00271643 0.983772 
0.00399374 0.949128 
0.943998 0.0476274 
0.737182 0.16143 
0.037796 0.815984 
0.539132 0.276578 
0.226629 0.538009 
0.242797 0.522206 
0.691979 0.180758 
0.499186 0.30627 
0.0327824 0.842953 
0.859901 0.0871811 
0.475179 0.323145 
0.641822 0.213256 
0.217566 0.550176 
0.62944 0.226285 
0.135732 0.640699 
0.0741166 0.74054 
0.74779 0.14715 
0.462094 0.333223 
0.0100423 0.913765 
0.653315 0.202711 
0.101861 0.692738 
0.612166 0.229778 
0.872346 0.0715519 
0.112148 0.68087 
0.428247 0.358483 
0.276472 0.493805 
0.0150601 0.894756 
0.552575 0.269922 
0.561408 0.255978 
0.716112 0.171161 
0.253292 0.512126 
0.129395 0.657176 
0.419785 0.371876 
0.00897977 0.934001 
0.265939 0.50317 
0.332004 0.441303 
0.0970174 0.71012 
0.0646627 0.76058 
0.122428 0.669422 
0.490107 0.313047 
0.961051 0.0301871 
0.76757 0.146201 
0.782093 0.140921 
0.579619 0.254082 
0.0194881 0.880116 
0.0439078 0.79913 
0.34358 0.435062 
0.837275 0.096968 
0.674286 0.193247 
0.0893312 0.72138 
0.450534 0.343961 
0.606203 0.247468 
0.369608 0.405793 
0.439606 0.347946 
0.16017 0.619014 
0.90108 0.0658718 
0.357014 0.416935 
0.954252 0.0379836 
0.0792374 0.729622 
0.705459 0.172226 
0.385846 0.391055 
0.821272 0.110649 
0.401201 0.381849 
0.593941 0.248546 
0.0545361 0.781728 
0.177047 0.599549 
0.996745 0.0159355 
0.980363 0.0235855 
0.0212194 0.861367 
0.804107 0.119457 
0.354147 0.425359 
0.0588005 0.766212 
0.67387 0.200495 
0.0262616 0.855156 
0.832417 0.0977157 
0.406308 0.378246 
0.792709 0.131327 
0.872034 0.0809255 
0.048065 0.787694 
0.150035 0.63191 
0.819291 0.117987 
0.285251 0.479005 
0.902218 0.0652727 
0.985783 0.0229527 
0.166633 0.60743 
0.800888 0.131191 
0.150462 0.627933 
0.286531 0.478325 
0.376351 0.3993 
0.167285 0.60281 
