5.27806 7.1009 
5.9641 8.05773 
6.29068 5.85966 
6.67223 6.53061 
5.72274 5.33529 
3.84646 8.13579 
6.55632 5.51068 
7.10141 6.85802 
5.33806 7.77619 
4.05269 6.16155 
5.1212 5.7625 
5.71484 6.08352 
7.6333 5.15295 
5.22427 6.09275 
4.7174 7.13871 
8.11638 6.06946 
5.78638 4.92132 
7.16085 6.936 
6.11553 6.7225 
8.21577 4.18517 
5.01505 5.82269 
5.88313 5.25358 
4.59649 6.09137 
7.00033 6.82786 
6.59476 6.40065 
5.74712 6.63068 
5.64268 8.24228 
6.7271 4.95391 
7.94423 6.50521 
6.32284 5.10939 
5.93545 5.27661 
5.57109 8.28023 
5.14815 4.47848 
5.06166 4.31866 
4.36094 6.74273 
3.25399 4.65386 
5.57909 8.76318 
6.76877 7.53724 
5.82057 6.44868 
5.19575 6.88169 
5.24284 7.00664 
6.55166 7.57998 
6.3394 6.546 
5.88441 5.96598 
6.27043 6.84714 
5.40266 4.80449 
5.24093 5.92338 
4.36088 6.93131 
6.97639 5.67829 
4.65894 5.97416 
6.2789 4.94167 
5.63532 6.0437 
6.32995 4.65197 
4.70376 5.367 
5.63652 5.22432 
5.26257 6.70325 
6.01645 6.06074 
5.52875 5.60219 
6.3764 6.32257 
6.915 5.15557 
6.16935 6.10069 
6.43659 6.37528 
4.15548 5.60669 
5.41327 5.53014 
4.76338 4.1382 
4.35562 5.39003 
5.80233 4.66028 
7.4731 6.49605 
6.14814 5.25065 
5.2992 5.29897 
3.95795 6.51851 
5.58824 6.04139 
6.36399 4.84531 
7.33611 5.90505 
4.96119 5.49007 
4.7422 7.74373 
6.14249 4.87253 
6.84218 4.20597 
3.74881 5.57756 
5.64449 5.31725 
5.95362 3.95557 
5.26894 5.53739 
6.23064 7.04645 
8.12898 5.47286 
8.59677 6.20636 
6.27799 6.66363 
5.01348 5.39915 
5.16217 6.46708 
4.60342 6.36265 
6.21852 7.27063 
4.52631 7.31172 
7.03017 5.20615 
6.0636 7.55925 
5.83438 4.28664 
6.81195 5.29469 
4.68221 5.5682 
5.01624 5.23287 
5.20478 6.37748 
6.23007 6.39673 
6.19886 4.96435 
1 3.67394e-16 
1 3.67394e-16 
1 3.67394e-16 
1 3.67394e-16 
1 3.67394e-16 
1 3.67394e-16 
1 3.67394e-16 
1 3.67394e-16 
1 3.67394e-16 
1 3.67394e-16 
1 3.67394e-16 
1 3.67394e-16 
1 3.67394e-16 
1 3.67394e-16 
1 3.67394e-16 
1 3.67394e-16 
1 3.67394e-16 
1 3.67394e-16 
1 3.67394e-16 
1 3.67394e-16 
1 3.67394e-16 
1 3.67394e-16 
1 3.67394e-16 
1 3.67394e-16 
1 3.67394e-16 
1 3.67394e-16 
1 3.67394e-16 
1 3.67394e-16 
1 3.67394e-16 
1 3.67394e-16 
1 3.67394e-16 
1 3.67394e-16 
1 3.67394e-16 
1 3.67394e-16 
1 3.67394e-16 
1 3.67394e-16 
1 3.67394e-16 
1 3.67394e-16 
1 3.67394e-16 
1 3.67394e-16 
1 3.67394e-16 
1 3.67394e-16 
1 3.67394e-16 
1 3.67394e-16 
1 3.67394e-16 
1 3.67394e-16 
1 3.67394e-16 
1 3.67394e-16 
1 3.67394e-16 
1 3.67394e-16 
1 3.67394e-16 
1 3.67394e-16 
1 3.67394e-16 
1 3.67394e-16 
1 3.67394e-16 
1 3.67394e-16 
1 3.67394e-16 
1 3.67394e-16 
1 3.67394e-16 
1 3.67394e-16 
1 3.67394e-16 
1 3.67394e-16 
1 3.67394e-16 
1 3.67394e-16 
1 3.67394e-16 
1 3.67394e-16 
1 3.67394e-16 
1 3.67394e-16 
1 3.67394e-16 
1 3.67394e-16 
1 3.67394e-16 
1 3.67394e-16 
1 3.67394e-16 
1 3.67394e-16 
1 3.67394e-16 
1 3.67394e-16 
1 3.67394e-16 
1 3.67394e-16 
1 3.67394e-16 
1 3.67394e-16 
1 3.67394e-16 
1 3.67394e-16 
1 3.67394e-16 
1 3.67394e-16 
1 3.67394e-16 
1 3.67394e-16 
1 3.67394e-16 
1 3.67394e-16 
1 3.67394e-16 
1 3.67394e-16 
1 3.67394e-16 
1 3.67394e-16 
1 3.67394e-16 
1 3.67394e-16 
1 3.67394e-16 
1 3.67394e-16 
1 3.67394e-16 
1 3.67394e-16 
1 3.67394e-16 
1 3.67394e-16 
