9.37794 7.41354 
7.90942 6.0845 
8.07136 10.2313 
6.95072 5.9262 
6.85881 7.17803 
8.95765 8.35314 
3.59648 7.5165 
6.0076 7.21973 
7.02702 5.36517 
5.75817 5.73806 
6.86645 6.40012 
8.83732 7.0852 
6.52716 6.10251 
5.76536 8.49246 
6.15546 6.7066 
6.6796 7.32707 
10.5898 5.89869 
7.03434 8.1072 
8.47014 8.36321 
11.765 10.843 
7.39445 5.63755 
6.91238 8.76552 
6.91407 7.91403 
9.99716 9.92738 
10.459 5.95102 
5.91784 9.10735 
6.65142 4.8162 
5.45338 7.04778 
4.30982 6.31169 
7.54847 7.96229 
8.35366 6.19754 
5.05109 8.46304 
7.55162 5.79908 
6.71721 7.56169 
6.68319 8.57885 
9.29552 7.34373 
8.07985 9.74301 
6.98963 8.26214 
5.38104 8.58675 
7.7521 7.23218 
7.37866 7.28218 
5.1605 7.08533 
9.74196 6.62055 
11.3132 6.0744 
8.97772 10.8867 
10.0578 4.78656 
5.52874 11.8981 
6.57028 7.53687 
8.0981 4.42375 
10.0061 9.8524 
6.85873 7.89841 
10.369 9.24821 
8.59292 10.7489 
10.6256 4.50858 
7.32888 4.4311 
5.08313 9.64436 
5.87654 6.95819 
7.98979 6.92458 
8.31193 9.26857 
7.26447 9.47696 
7.22356 6.5847 
6.14504 4.96148 
4.8766 7.53151 
5.42832 6.76019 
10.7187 5.93777 
6.71128 5.21214 
6.6319 5.67795 
6.20854 4.04167 
5.31558 7.64964 
10.7785 8.63988 
6.89959 9.86692 
6.31919 7.63715 
6.69365 7.28354 
8.46633 5.7771 
7.50861 7.15766 
7.7225 9.17622 
6.99274 5.85142 
9.75613 8.14549 
10.9291 9.24098 
7.82278 6.65332 
10.0224 4.97481 
10.8876 11.8125 
7.11605 8.03482 
9.28867 9.51673 
5.1067 8.26582 
8.2025 4.61142 
6.22155 8.73452 
7.22756 8.15425 
8.10646 6.88602 
6.86725 5.02113 
9.79564 9.6324 
5.16051 5.35334 
6.27319 8.16277 
8.12269 7.41232 
6.25103 6.01895 
9.31667 13.0932 
5.29919 10.0857 
7.14272 5.32641 
8.26411 12.5223 
10.6023 9.9287 
1.00052 1.07759e-08 
1.34611e-08 1.30938 
0.250082 0.809611 
0.000191023 1 
0.681097 0.62767 
0.903452 0.496253 
0.903469 0.431316 
1.34658e-08 1.19568 
1.34637e-08 1.27767 
1.34669e-08 1.09729 
1.35812e-08 1.01485 
1.34655e-08 1.20727 
1.35673e-08 1.08564 
0.905105 0.216726 
0.903937 0.382734 
0.905099 0.284636 
0.585629 0.628606 
0.903452 0.494236 
0.655601 0.628006 
0.626672 0.628118 
0.551932 0.62876 
0.514529 0.629156 
0.427764 0.630123 
0.545828 0.629136 
0.904319 0.304507 
0.904134 0.355458 
0.250082 0.783225 
0.90858 0.161009 
0.606642 0.628427 
0.408451 0.630165 
0.296406 0.714927 
0.499686 0.629478 
0.464408 0.629698 
0.348252 0.662987 
0.904319 0.337154 
0.25196 0.751482 
0.334289 0.66684 
0.282512 0.734057 
0.908926 0.150111 
0.263017 0.747309 
0.477648 0.629636 
0.920545 0.0837602 
0.908206 0.188721 
0.447598 0.629937 
0.304856 0.704537 
0.995742 0.0122083 
0.383231 0.631107 
0.930496 0.0812414 
0.613979 0.628271 
0.912281 0.107723 
0.959955 0.0469904 
0.271796 0.740343 
0.910994 0.119128 
0.670022 0.627818 
0.952698 0.0530278 
0.375341 0.636767 
0.327739 0.680248 
0.312466 0.69798 
0.94918 0.0580762 
0.944953 0.0671688 
0.288184 0.71901 
0.316616 0.688981 
0.935186 0.0755193 
0.365869 0.653436 
0.322992 0.688262 
0.970656 0.0388513 
0.283932 0.722606 
0.449184 0.629742 
0.963761 0.0412439 
0.39948 0.630446 
0.332487 0.676035 
0.392214 0.630996 
0.918096 0.0954972 
0.354622 0.65851 
0.942187 0.0731382 
0.90493 0.292601 
0.993074 0.0181895 
0.910184 0.131598 
0.906281 0.198889 
0.98996 0.0254148 
0.368797 0.645208 
0.91689 0.100367 
0.360109 0.657203 
0.977766 0.0364811 
0.906163 0.20752 
0.984802 0.0276557 
0.250092 0.767522 
0.904222 0.339025 
0.251375 0.765967 
0.268844 0.742308 
0.978913 0.0300425 
0.476149 0.62964 
0.371095 0.640239 
0.307484 0.70139 
0.00018178 1.00372 
0.674915 0.627727 
0.910499 0.131508 
0.506241 0.629297 
0.907991 0.189504 
1.35654e-08 1.09565 
