0.298468 1.71919 
2.12154 0.902752 
2.01812 0.739153 
1.16848 1.0133 
0.329605 1.71733 
0.726192 1.73178 
1.26525 0.834041 
0.57576 1.67145 
1.29978 0.684634 
0.0729198 1.50344 
2.02348 0.890063 
0.161558 1.51274 
1.6405 0.306902 
0.391588 1.70852 
0.0119168 2.11304 
1.21508 1.60588 
0.119983 1.89914 
0.0210739 1.45487 
0.268417 1.40903 
1.63903 0.221808 
1.27768 1.51146 
1.53132 0.222647 
1.29608 0.378145 
2.08677 0.155841 
1.01978 1.68197 
1.11437 1.07346 
1.28243 0.98369 
1.61253 1.46804 
1.09298 1.31686 
0.339843 1.88828 
1.61553 0.911464 
0.388845 1.62458 
0.596944 2.07922 
1.0482 0.893301 
0.909638 1.66846 
0.608334 1.6496 
2.06583 0.266668 
0.587186 1.29364 
1.77943 0.972492 
0.848122 2.1435 
1.05374 1.858 
1.35812 1.12125 
0.753025 1.7584 
1.29746 1.14796 
1.21723 1.52157 
0.453895 1.73978 
1.96521 0.133005 
1.65282 0.918355 
0.639464 1.92706 
1.0884 1.15266 
0.064195 1.61911 
0.414567 1.79006 
0.713554 1.44638 
0.169441 2.15678 
2.00215 0.408515 
1.88878 0.12439 
1.60675 0.925145 
1.3827 1.20461 
0.912409 1.7071 
1.45463 0.486519 
0.375352 1.59353 
1.88582 0.159666 
1.54056 0.898385 
0.486413 1.53752 
1.44305 0.430011 
1.97411 0.857596 
1.88417 0.558864 
1.98837 0.0118739 
0.673443 1.49806 
0.292534 1.7744 
1.29239 1.45183 
1.73544 0.605085 
1.5493 0.189722 
0.106305 2.05662 
1.36761 1.75733 
1.65748 1.10982 
1.95435 0.295053 
1.14586 0.966326 
1.80502 0.123441 
0.786794 1.29757 
0.678882 1.40249 
1.46548 0.34989 
1.50839 2.0098 
1.16795 1.03755 
1.07999 1.05123 
0.726457 1.59623 
1.19079 1.8812 
1.6333 0.718223 
0.254439 1.7864 
0.682034 1.69552 
0.842296 1.42314 
1.6016 0.37442 
0.719688 1.60788 
1.64767 1.02584 
2.19832 0.993417 
0.0612566 1.72372 
1.35828 1.2073 
1.45209 1.30464 
1.56776 0.755198 
1.45627 0.130044 
1 0 
6.12323e-17 1 
1 0 
0.886898 0.462637 
0.453966 0.891137 
0.801468 0.598099 
0.244928 0.969767 
0.0653279 0.998521 
0.0210176 0.99979 
0.964926 0.262782 
0.275144 0.961684 
0.47301 0.88118 
0.0504116 0.998822 
0.99037 0.139398 
0.90064 0.437105 
0.996807 0.0821208 
0.961552 0.275239 
0.434297 0.900876 
0.83445 0.551525 
0.145585 0.989633 
0.979036 0.206026 
0.948494 0.317768 
0.999857 0.020572 
0.674332 0.738686 
0.785401 0.619842 
0.943115 0.333262 
0.99268 0.121039 
0.684851 0.729004 
0.739978 0.672924 
0.905817 0.424843 
0.627185 0.78033 
0.925599 0.379317 
0.0988718 0.995635 
0.972273 0.235175 
0.297633 0.954784 
0.91421 0.406076 
0.357666 0.934243 
0.955449 0.295604 
0.998559 0.0627533 
0.869563 0.494918 
0.164698 0.986544 
0.975411 0.221647 
0.368596 0.929677 
0.333297 0.942982 
0.705496 0.709014 
0.586851 0.810335 
0.342563 0.939625 
0.768321 0.640252 
0.930952 0.365404 
0.713634 0.700633 
0.664334 0.748037 
0.509413 0.861084 
0.545348 0.838416 
0.600239 0.800208 
0.938134 0.346564 
0.554037 0.832616 
0.40534 0.914322 
0.500344 0.866082 
0.878389 0.478701 
0.648675 0.761587 
0.999455 0.0394459 
0.953458 0.303067 
0.72913 0.684573 
0.817381 0.577058 
0.842904 0.538667 
0.921024 0.392188 
0.128426 0.991841 
0.519991 0.854306 
0.982402 0.187276 
0.722063 0.693196 
0.934717 0.355995 
0.810489 0.587153 
0.826434 0.563857 
0.876937 0.482205 
0.637736 0.770798 
0.563894 0.825983 
0.310143 0.950954 
0.115814 0.99381 
0.183671 0.983409 
0.777376 0.629551 
0.998928 0.0488333 
0.987422 0.159336 
0.616877 0.787295 
0.694098 0.720257 
0.396778 0.9182 
0.580962 0.814066 
0.317717 0.9484 
0.60464 0.796829 
0.696991 0.717243 
0.526349 0.850791 
0.823884 0.566902 
0.425765 0.90507 
0.175806 0.984673 
0.196424 0.980819 
0.28286 0.959821 
0.613598 0.790912 
0.995099 0.101684 
0.762356 0.647628 
0.994676 0.104858 
0.857414 0.514918 
