695.883 491.321 
421.961 627.486 
995.435 338.77 
1211.22 200.071 
756.116 649.277 
1641.09 637.568 
630.878 714.531 
796.853 570.159 
1238.84 637.93 
828.244 282.009 
930.523 143.404 
999.683 602.297 
150.841 769.673 
846.262 932.675 
783.479 546.022 
843.404 660.285 
1314.07 109.267 
984.133 970.526 
628.98 450.679 
997.65 83.5192 
482.062 1052.05 
849.081 664.19 
298.302 1063.77 
288.355 685.956 
999.586 887.504 
145.695 981.404 
1296.17 37.8645 
129.35 627.141 
680.579 1084.64 
669.575 1086.51 
902.471 579.788 
1069.71 311.257 
694.893 502.902 
112.093 1198.79 
1131.72 199.675 
919.984 744.71 
1187.92 187.075 
1027.09 67.8584 
105.997 941.787 
100.132 846.774 
757.858 629.995 
819.106 804.585 
892.533 274.739 
453.297 1270.05 
813.717 944.151 
1014.25 21.7564 
250.231 627.293 
913.265 65.4988 
1294.17 656.057 
626.235 792.638 
1438.37 697.492 
665.573 193.378 
507.318 987.759 
292.043 1067.26 
648.94 12.877 
836.45 308.11 
879.777 151.554 
1018.94 826.131 
716.689 708.209 
1193.59 700.87 
711.534 1259.47 
1144.47 447.881 
463.556 684.255 
676.787 1024.96 
1198.74 883.3 
767.25 463.879 
527.328 942.229 
677.905 1477.17 
458.032 775.447 
960.665 233.045 
827.871 750.907 
601.3 115.33 
114.761 1084.3 
1072.89 692.125 
871.25 162.364 
1043.33 633.853 
854.003 284.107 
980.25 649.258 
546.799 1146.94 
1297.47 312.181 
988.29 427.368 
476.204 1174.89 
70.2191 1138.39 
652.487 628.796 
289.176 386.391 
673.439 361.429 
1115.85 280.925 
1055.26 338.878 
424.369 1197.65 
531.134 1162.59 
1292.24 116.171 
268.598 1362.25 
724.192 781.849 
883.358 126.995 
247.17 1145.27 
454.995 1141.4 
774.347 507.447 
1091.08 290.864 
1051.92 791.807 
200.091 1062.84 
7.34447e-16 11.9944 
11.9944 0 
1.7646 11.8649 
5.94444 10.425 
6.24405 10.2446 
2.27426 11.7821 
7.28216 9.54116 
11.982 0.776578 
6.60522 10.0183 
6.37218 10.179 
7.44248 9.41028 
11.9925 0.273606 
9.04697 7.88334 
7.10006 9.67204 
2.61204 11.7101 
9.24602 7.65661 
4.06154 11.2877 
10.3588 6.06375 
5.53677 10.6434 
8.42224 8.54314 
3.51015 11.474 
8.84423 8.10411 
3.31527 11.5301 
8.04526 8.91013 
10.7798 5.26301 
7.60542 9.28498 
11.4544 3.57093 
7.83371 9.10086 
3.15123 11.5746 
11.6817 2.73666 
11.9251 1.29688 
5.37536 10.731 
4.87492 10.9673 
11.0349 4.71271 
9.56729 7.24121 
9.10125 7.8175 
6.97137 9.76537 
6.85227 9.847 
6.72484 9.93982 
11.3626 3.84511 
7.68615 9.21054 
9.68622 7.08168 
11.8051 2.1748 
2.32102 11.7736 
9.34238 7.52812 
1.23959 11.9345 
7.93182 9.0171 
5.71804 10.5637 
0.148433 11.9937 
3.85877 11.3619 
8.16899 8.80038 
0.391541 11.9896 
10.8947 5.03553 
2.75538 11.6764 
5.26228 10.7986 
4.7359 11.0225 
11.3922 3.76211 
11.8822 1.65921 
5.80824 10.5141 
4.24377 11.2214 
8.53594 8.42895 
8.29384 8.67379 
1.5982 11.8932 
11.7306 2.51958 
10.7158 5.39683 
9.4289 7.43022 
10.8648 5.09338 
11.841 1.93512 
11.289 4.07725 
11.7812 2.28709 
10.9823 4.82792 
1.0099 11.9535 
10.1068 6.46845 
11.4995 3.42974 
8.71707 8.24704 
10.2472 6.24689 
9.82712 6.89135 
11.5864 3.12242 
11.1233 4.49979 
5.12839 10.854 
11.97 0.844547 
2.97351 11.6251 
0.766042 11.977 
10.0308 6.58774 
11.1993 4.319 
10.437 5.9218 
11.7496 2.45649 
11.9505 1.04808 
11.9934 0.230818 
11.9457 1.10089 
0.52574 11.9856 
4.61486 11.0736 
11.6149 2.99871 
8.83372 8.13237 
2.91299 11.637 
0.947301 11.9731 
11.9044 1.49076 
9.93356 6.73558 
11.1243 4.49453 
4.45816 11.1387 
