0.0184572 1.14995 1.71003 
0.300653 0.339781 1.39306 
0.284359 0.00970718 2.20117 
0.171803 1.06577 2.24272 
1.21719 0.610712 1.54758 
0.960882 0.147471 1.83344 
1.35743 0.925295 0.147194 
0.00215163 0.826411 1.60642 
0.138719 0.155175 1.63629 
0.660316 0.697799 1.05394 
0.983854 0.757819 0.754192 
0.356416 0.20476 1.85171 
0.0658999 1.20934 1.15137 
1.4565 0.264931 0.723164 
0.986699 1.14009 0.89522 
1.15839 0.62243 1.29789 
0.769475 2.13186 0.178275 
0.333672 0.368155 1.64495 
1.53169 0.353236 1.23774 
0.0310034 0.0907617 2.10754 
1.17149 1.15038 0.626822 
1.17852 1.18933 0.0277437 
0.0356436 1.2485 0.90835 
0.831777 0.314932 1.02443 
1.35091 1.30733 0.112215 
1.57491 0.3486 1.41033 
0.675669 0.0164603 1.6725 
0.0716305 0.189497 1.54249 
1.12914 0.52049 1.0635 
0.141786 1.76989 0.767568 
1.78443 0.0226656 0.265704 
0.0964576 0.0517892 1.92889 
1.04706 0.208582 0.449505 
0.139519 1.44708 1.28767 
0.121597 0.103786 1.74709 
1.63854 0.0606902 1.73993 
0.265792 0.0321718 1.56443 
0.978555 0.556379 1.00672 
1.85519 0.652021 0.0796623 
0.108566 1.79855 0.407139 
0.575627 1.83699 0.0612747 
1.75357 0.808886 0.00403719 
1.15351 0.0266187 1.77436 
0.0126978 0.065298 1.89217 
0.606498 1.10087 1.06093 
0.39626 0.241199 2.09846 
0.304841 1.81757 0.26519 
0.566592 1.25719 1.0873 
0.137903 1.41919 0.671197 
0.00656966 1.82325 0.960402 
1.87746 0.322183 0.721352 
0.235921 0.137554 1.85799 
0.665287 1.08951 1.63717 
0.952558 0.567243 1.71355 
0.926793 1.38334 1.42798 
0.331495 1.62756 0.186217 
0.385647 0.0966274 1.94242 
0.256878 0.525896 1.76355 
1.52844 0.146676 0.278948 
0.0695378 0.133683 1.5151 
1.00125 0.297564 1.58464 
0.00290287 0.0165249 1.74188 
1.64518 0.866301 1.00525 
0.0811418 0.00755249 2.36295 
0.872436 1.53176 0.796132 
0.428784 1.51643 0.0645719 
0.12482 0.110912 2.01352 
1.59651 0.987621 0.249788 
2.02635 0.263906 1.21514 
1.54856 0.306923 0.247633 
0.137293 0.443678 1.91235 
0.758367 0.41487 2.23175 
0.353207 1.56976 0.750056 
1.35321 0.508591 1.48307 
0.867959 0.563678 1.76079 
0.947521 0.394454 1.47197 
0.495685 1.25326 1.27793 
0.797394 0.609529 1.42996 
1.04995 1.20271 0.552005 
0.400474 1.65888 1.14573 
0.102989 1.18959 1.54271 
1.11756 1.10812 0.414151 
1.22213 1.1151 0.195783 
1.18948 0.0821773 1.13702 
0.930857 0.497214 1.11455 
1.19943 0.338485 0.762331 
0.621015 1.18101 1.39824 
0.402908 0.200534 1.52938 
0.639755 1.71777 0.0988996 
0.69141 0.0668904 1.83797 
0.198033 0.0778746 1.82081 
0.0745006 0.868462 1.46435 
0.29625 0.343304 2.02845 
1.10413 0.893395 0.316528 
0.232045 0.922231 1.89259 
0.781159 0.178461 1.59233 
1.15757 0.515085 1.65961 
1.61678 0.409314 0.526984 
0.48378 0.524591 1.77857 
0.311665 1.31221 1.21659 
3.7494e-33 6.12323e-17 1 
6.12323e-17 1 0 
6.12323e-17 0 1 
1 0 0 
1 0 0 
4.65638e-17 4.39815e-17 1.04604 
0.274169 0.00834676 0.97904 
0.130112 0.418507 0.927635 
0.526069 0.825717 0.236459 
0.160961 0.324974 0.944421 
0.420192 0.860322 0.326718 
0.903992 0.119492 0.45017 
0.250953 0.271904 0.963589 
0.674926 0.563578 0.492399 
0.807305 0.0594026 0.61995 
0.678557 0.780064 0.123699 
0.853705 0.167114 0.548294 
0.224114 0.376329 0.918299 
0.689345 0.348892 0.648926 
0.465713 0.881235 0.144202 
0.494026 0.836328 0.276151 
0.325843 0.93247 0.210641 
0.979857 0.0248261 0.247439 
0.930048 0.0685116 0.419218 
0.0810463 0.451454 0.904634 
0.83513 0.11116 0.556236 
0.577839 0.707746 0.464004 
0.947267 0.308926 0.171786 
0.87264 0.476715 0.275426 
0.166262 0.14072 0.991752 
0.119478 0.505893 0.866162 
0.105482 0.979595 0.247108 
0.72029 0.667823 0.379152 
0.0108786 0.88933 0.500673 
0.0344517 0.401906 0.938271 
0.289123 0.797052 0.540591 
0.356512 0.436854 0.845595 
0.506117 0.682218 0.58506 
0.346052 0.60475 0.730913 
0.737215 0.0974469 0.68784 
0.558306 0.766556 0.366856 
0.642991 0.043779 0.792482 
0.31752 0.918237 0.30066 
0.513536 0.807409 0.356052 
0.376464 0.944991 0.0481096 
0.880729 0.145655 0.511607 
0.0592392 0.953976 0.373304 
0.568575 0.0803192 0.827557 
0.241113 0.60481 0.775498 
0.744556 0.208772 0.673431 
0.765037 0.672209 0.0170362 
0.615899 0.222229 0.764621 
0.782099 0.639088 0.051763 
0.821664 0.384365 0.450105 
0.680724 0.0493072 0.751676 
0.481973 0.190345 0.893204 
0.778637 0.628846 0.200311 
0.590059 0.750887 0.319759 
0.620521 0.0820221 0.80843 
0.471115 0.826148 0.35419 
0.556116 0.841141 0.1052 
0.793446 0.433351 0.479723 
0.302962 0.684434 0.681048 
0.655841 0.290803 0.712627 
0.465279 0.875198 0.254689 
0.360064 0.737212 0.594682 
0.399639 0.718203 0.605083 
0.448998 0.412406 0.81946 
0.966547 0.296324 0.034191 
0.705336 0.275948 0.697964 
0.463926 0.285586 0.857369 
0.446848 0.694465 0.611007 
0.0481788 0.775863 0.654396 
0.181085 0.490845 0.87244 
0.42921 0.935714 0.0763497 
0.821381 0.547133 0.181745 
0.701085 0.575531 0.438904 
0.201615 0.897297 0.405491 
0.53596 0.534378 0.666407 
0.367314 0.250206 0.941677 
0.435454 0.911773 0.0973417 
0.43455 0.931189 0.0837646 
0.113679 0.244636 0.975454 
0.204612 0.991372 0.0242185 
0.780955 0.517394 0.395556 
0.838572 0.588876 0.0364477 
0.887404 0.455488 0.193365 
0.309913 0.777388 0.570687 
0.21837 0.654234 0.758292 
0.85538 0.310401 0.440307 
0.192822 0.482239 0.880393 
0.735821 0.526114 0.459728 
0.800368 0.550256 0.322838 
0.545376 0.343929 0.80083 
0.727559 0.729949 0.0366586 
0.920647 0.366246 0.195179 
0.0650558 0.300405 0.962899 
0.6988 0.618336 0.413129 
0.0265784 0.864758 0.522826 
0.633154 0.300348 0.73594 
