9.77795 0.0950512 
7.90964 5.81667 
5.97594 7.66479 
5.36211 7.96132 
3.98775 8.60993 
9.21465 0.192978 
2.69884 9.05011 
1.65918 9.02669 
9.64886 0.0152131 
6.79272 6.69205 
9.12816 1.78187 
9.52082 0.687966 
5.35329 7.54641 
1.81679 9.63646 
9.10352 2.30788 
0.280901 9.6403 
8.55345 4.06506 
9.16543 2.43555 
5.3208 8.14068 
4.80743 8.22372 
4.99079 8.19998 
7.1302 5.4753 
8.85691 2.04074 
9.09114 1.7841 
3.44652 9.06857 
4.868 8.26729 
8.12041 4.87187 
9.65562 0.604617 
8.92739 3.82515 
7.02544 6.49278 
0.0284451 9.43888 
9.76306 0.0812102 
5.02917 8.5878 
4.83543 8.16158 
7.26243 6.28235 
3.10335 8.75819 
6.76122 6.89951 
0.512286 9.19855 
5.04412 7.52115 
4.93656 8.38284 
2.29673 9.31356 
3.79382 8.54411 
9.07981 2.60374 
3.6681 8.63275 
9.51439 0.857811 
8.01646 5.50208 
2.34615 9.22984 
5.5943 8.12924 
0.525551 9.62162 
9.43951 1.23857 
8.72115 4.47935 
1.17099 9.24679 
7.04762 5.87566 
8.51897 4.02325 
6.47562 7.00562 
8.19396 5.05012 
4.19495 8.54166 
5.32185 7.96197 
1.44924 9.50254 
2.60305 9.34579 
2.93418 8.59947 
8.7409 1.22183 
6.11056 7.36712 
8.47263 2.57171 
5.20409 7.91548 
4.15124 8.72108 
9.65104 0.369532 
0.853729 9.36594 
9.41608 0.438497 
9.09743 3.36547 
9.2319 1.02499 
5.68605 7.44407 
7.8092 5.2596 
9.31066 2.49382 
4.11951 8.85159 
2.60571 9.23644 
9.59961 1.48712 
1.38204 9.07964 
4.99111 7.66699 
1.35242 9.2805 
5.3797 7.78466 
6.29049 7.43942 
9.51821 0.0283039 
9.25031 2.09344 
9.04869 0.566502 
2.69757 9.48141 
8.23769 5.09262 
8.90736 2.90438 
7.29953 5.42702 
9.66198 1.60069 
9.21085 2.55568 
8.56826 5.23168 
9.62457 0.822316 
9.36565 2.29065 
8.09284 5.71147 
9.03914 2.06824 
1.54914 9.18595 
9.30238 1.68105 
8.93884 2.52848 
4.96639 8.16224 
6.12323e-17 1 
1 0 
1 0 
6.12323e-17 1 
0.967417 0.25319 
0.983417 0.181361 
0.817364 0.576122 
0.402333 0.915493 
0.79967 0.600439 
0.283796 0.958885 
0.936487 0.350702 
0.424814 0.90528 
0.736888 0.676015 
0.526975 0.849881 
0.71503 0.699094 
0.186461 0.982462 
0.306935 0.951731 
0.467747 0.883862 
0.998436 0.0559149 
0.629375 0.777102 
0.334206 0.9425 
0.110406 0.993887 
0.926483 0.376338 
0.256663 0.966501 
0.999765 0.021695 
0.687089 0.726574 
0.140626 0.990063 
0.268406 0.963306 
0.995213 0.0977342 
0.0831547 0.996537 
0.952846 0.303453 
0.945038 0.32696 
0.910195 0.41418 
0.485924 0.874001 
0.664942 0.746895 
0.945038 0.32696 
0.996446 0.084235 
0.225178 0.974318 
0.991118 0.132986 
0.680522 0.732727 
0.383149 0.923686 
0.141257 0.989973 
0.895699 0.444662 
0.165398 0.986227 
0.346656 0.937992 
0.44967 0.893195 
0.755682 0.654939 
0.239068 0.971003 
0.789545 0.613693 
0.542508 0.840051 
0.5782 0.815895 
0.20377 0.979019 
0.886056 0.463579 
0.208513 0.97802 
0.602518 0.798105 
0.537936 0.842986 
0.877254 0.480027 
0.772213 0.635364 
0.961807 0.273727 
0.956165 0.292829 
0.987096 0.160128 
0.997608 0.0691224 
0.827764 0.561076 
0.641741 0.766922 
0.866216 0.49967 
0.827764 0.561076 
0.0756607 0.997134 
0.641741 0.766922 
0.356455 0.934313 
0.106099 0.994356 
0.796135 0.605119 
0.497835 0.867272 
0.508909 0.86082 
0.698476 0.715634 
0.655144 0.755504 
0.916958 0.398983 
0.999765 0.021695 
0.593085 0.80514 
0.44967 0.893195 
0.435307 0.900282 
0.989264 0.146142 
0.655144 0.755504 
0.165398 0.986227 
0.993306 0.115515 
0.317947 0.948109 
0.851989 0.52356 
0.900897 0.434033 
0.993394 0.114754 
0.37144 0.928457 
0.0610369 0.998136 
0.554119 0.832438 
0.877254 0.480027 
0.870425 0.492301 
0.571058 0.82091 
0.0136264 0.999907 
0.844392 0.535726 
0.861729 0.50737 
0.747118 0.664692 
0.508909 0.86082 
0.747118 0.664692 
