1.01872 1.37328 6.48055 
1.85607 2.35559 4.72788 
0.930636 0.899593 6.56393 
1.879 3.35552 2.93317 
1.69058 1.54228 5.76364 
1.93978 2.22172 4.67712 
1.72756 1.17011 5.51957 
0.864561 3.90499 3.8417 
1.7972 3.53725 3.06307 
1.25458 2.54214 5.6455 
1.60844 4.27123 1.02053 
1.49366 2.28147 5.50838 
0.965496 3.97208 3.76255 
2.02563 1.66592 4.15538 
1.47206 3.18354 4.23947 
1.92842 3.37792 2.93944 
2.43058 1.40499 2.60828 
2.24113 1.97837 4.13295 
1.85938 2.38893 4.54672 
1.31959 1.88765 5.73605 
2.25766 2.4331 3.11861 
1.64053 3.12905 4.41006 
2.01602 3.19171 2.34056 
2.09243 2.3412 3.31942 
1.8824 1.29444 5.11169 
1.3379 4.25558 2.88443 
2.14719 2.49053 2.75544 
0.835587 2.82247 5.69169 
2.07968 1.85408 4.62573 
1.77356 1.30147 5.5283 
1.31256 2.97248 5.25179 
2.23988 1.72947 3.92128 
2.19158 3.1522 2.80317 
1.02451 1.82787 6.17494 
2.21818 1.7387 3.94708 
1.51927 1.3597 6.26025 
1.54997 2.68941 5.30641 
1.75839 2.91047 3.87083 
2.20095 2.48493 3.32499 
1.92603 3.15115 2.85255 
2.42158 1.5693 2.55475 
1.12464 1.11956 6.20734 
1.39888 4.39679 1.71783 
1.83581 2.99235 3.56286 
1.91525 3.34352 3.18622 
2.20467 2.05533 4.67533 
1.02657 1.69562 6.40333 
1.91447 2.45669 5.12578 
2.09705 1.62536 4.89053 
2.12502 3.18504 2.36458 
1.21236 4.1028 3.96719 
2.39341 1.48661 3.71244 
1.76889 2.12764 4.97693 
1.48975 2.92231 4.92815 
0.823224 1.03319 6.62726 
1.48919 1.98064 5.86742 
1.70857 3.66823 2.73073 
1.86571 1.83082 5.04182 
2.31057 1.99182 3.63871 
2.55379 1.60967 2.81585 
2.2645 2.42145 2.69244 
1.98013 2.42578 3.11748 
1.65817 3.37866 4.18534 
2.47098 1.61834 2.27493 
1.28684 1.37604 6.29947 
1.93407 1.23514 4.71455 
2.18853 2.51872 2.66878 
1.47885 0.972722 5.74608 
2.09373 2.62674 3.73938 
1.60981 4.03836 1.01794 
1.93537 3.04541 3.01194 
2.03008 3.13065 2.94442 
1.95146 1.09966 4.71018 
2.03689 3.67201 1.37514 
1.78431 3.63398 3.73237 
1.89098 2.34582 5.06438 
2.119 1.89026 4.4024 
1.44272 0.86088 6.00576 
2.33809 1.05171 3.78655 
1.52414 3.03232 5.12056 
2.17193 1.94303 3.95618 
2.14444 1.84493 4.7785 
2.1852 2.56393 3.92099 
1.6159 3.59511 3.06998 
1.069 3.01852 5.44741 
1.75106 3.57319 3.15279 
0.925116 3.26138 5.1819 
2.17399 1.00207 4.74266 
2.4036 1.22095 2.64061 
1.91004 3.28238 2.62008 
2.17189 1.07137 4.84098 
1.82549 3.06325 3.86525 
2.18371 1.89074 4.17622 
1.42908 3.40177 4.7966 
1.4642 2.91239 4.96324 
1.67929 1.83398 5.63809 
2.23256 2.48168 1.84911 
1.03902 1.12043 6.26247 
1.27412 1.94521 5.84577 
0.941293 3.69322 4.43415 
1.87292 1.62616 0.037439 
2.03744 0.0374393 0.0374393 
0.718102 0.0374367 5.67927 
0.0374406 4.03744 0.0374406 
0.0374388 0.0374388 6.03744 
0.037437 2.78476 4.39834 
0.913319 3.7314 0.571872 
1.72084 2.33556 0.950315 
1.13746 0.597391 5.23815 
1.6559 1.22576 3.29937 
0.97206 3.68842 0.797241 
1.33387 3.18602 1.11258 
0.43078 1.27179 5.77134 
1.79864 1.96196 1.57491 
1.17605 3.0344 2.68759 
0.887851 2.83929 3.82059 
0.0954143 3.84343 2.19135 
0.67444 3.44082 3.10672 
1.69895 0.0600099 3.49875 
0.203811 1.72073 5.61288 
0.623906 3.49503 2.9322 
0.293437 3.9822 1.48763 
0.654529 3.33941 3.35175 
1.57601 1.59608 3.58351 
1.42856 3.15868 0.125021 
0.073418 0.918635 5.93794 
0.996798 3.54965 1.36931 
1.32706 2.95306 2.33504 
1.09934 3.61044 0.326074 
0.463247 3.85905 1.86499 
1.45145 0.920659 4.43647 
0.958022 2.4437 4.3151 
0.704432 0.114118 5.84681 
0.994055 0.998994 5.40242 
1.92567 1.29424 1.74191 
0.729472 1.13677 5.65624 
1.61083 2.06045 2.86618 
0.764468 2.86036 4.14885 
0.238832 1.76983 5.50447 
1.22035 0.628503 5.0483 
0.379303 2.27254 5.1167 
0.856902 3.77413 1.2024 
1.78064 1.44024 2.77343 
0.323558 1.45209 5.74907 
1.73714 2.17287 1.66486 
1.97228 1.48473 0.456817 
0.160705 2.28849 5.15895 
1.79375 1.80447 1.77733 
1.08124 3.52054 1.23595 
0.634188 3.99851 0.22264 
1.25048 1.91794 4.24021 
1.40181 2.23263 3.52442 
1.63571 2.73769 0.413692 
0.750412 3.10951 3.6904 
0.495747 2.66976 4.55444 
0.836893 3.28888 3.0118 
1.63661 1.52619 3.3128 
0.339921 2.02985 5.34373 
1.59676 0.518143 4.03032 
1.03662 2.68988 3.73845 
0.497437 2.35698 4.94433 
0.0655682 3.70813 2.54476 
1.52879 1.38304 3.91656 
1.29503 2.62757 3.18544 
1.43013 2.54872 2.70503 
0.565794 3.20668 3.66694 
0.868193 1.35129 5.39423 
1.09668 3.24165 2.52588 
0.586478 2.11164 5.05559 
1.84194 1.85293 1.19241 
0.822546 2.10162 4.63513 
0.928488 0.479258 5.53709 
1.94678 0.205594 2.4437 
1.32206 0.257284 4.84374 
1.53792 2.45658 2.59538 
0.597992 3.66584 2.65175 
1.47805 1.63323 3.8855 
0.0988243 3.89487 1.99028 
1.51989 2.39329 2.72895 
2.02261 0.665709 1.92236 
1.8719 2.0807 0.27937 
0.180427 3.5094 3.35641 
1.26211 2.9925 2.62328 
0.934235 2.15542 4.48144 
1.57144 2.53681 1.93507 
1.87983 0.742566 2.72167 
0.841477 1.87298 5.00207 
1.9648 0.872876 1.50258 
0.754754 3.91806 0.821612 
0.260114 3.17071 3.93916 
0.881206 0.826517 5.57136 
1.91219 0.883114 2.40825 
1.47196 2.77194 2.00737 
1.27471 1.06378 4.75368 
0.535776 2.36459 4.90662 
1.85004 1.67096 1.97329 
1.09353 3.30616 2.17231 
1.05658 0.358817 5.35038 
0.131465 2.64457 4.76491 
0.249986 0.759317 6.01789 
