1.3414 2.91985 
1.05319 3.499 
1.60205 2.07214 
1.72187 2.09699 
1.69336 2.24314 
2.15276 1.34016 
1.79761 2.13878 
1.757 2.03961 
1.18936 3.40803 
1.56511 2.54145 
1.58488 2.40239 
1.69179 2.55014 
1.24505 3.49451 
1.99937 1.96775 
0.971641 3.84607 
1.77004 2.08508 
1.63036 2.47611 
1.88934 1.8927 
1.99639 1.81098 
1.25117 3.15673 
1.42318 2.8745 
1.61339 2.55476 
1.3626 2.93196 
1.75185 2.34491 
1.98343 2.01007 
1.25498 3.14384 
1.2626 3.15802 
1.46183 2.54937 
1.43301 2.41613 
1.52026 2.69167 
1.36047 3.08641 
1.43293 2.93665 
0.960823 3.19473 
1.19437 3.53966 
1.36349 2.81445 
1.92289 1.68496 
1.71226 1.91369 
2.02505 1.52145 
1.40404 3.0965 
1.44095 2.74805 
1.45097 2.74608 
2.28852 1.20386 
1.63244 2.24746 
1.44569 2.77917 
1.25552 2.90457 
1.53835 2.45578 
1.35578 2.87045 
2.04414 1.93644 
2.06371 1.34994 
1.39343 2.84172 
2.09748 1.52564 
1.33749 2.99811 
0.895723 3.39958 
1.82265 2.25992 
1.3006 3.40954 
1.8968 1.93026 
1.58838 2.33401 
1.75141 2.25572 
1.25294 3.03121 
1.44914 2.84484 
1.60062 2.76463 
1.59836 2.17625 
1.71567 2.45933 
1.98922 1.69746 
1.52736 2.491 
1.92427 1.86597 
1.47397 2.34186 
1.14297 3.24362 
1.3351 2.9595 
1.69169 2.44625 
1.79204 2.04436 
1.34741 2.73777 
2.00619 1.69131 
1.49869 2.74334 
1.96027 1.96529 
1.94839 1.6639 
0.958082 3.59946 
2.03968 1.53656 
1.214 3.15828 
1.36511 3.20006 
1.43443 2.7433 
1.71143 2.30985 
1.9057 1.91197 
1.52429 2.5849 
1.08446 3.0251 
1.65372 2.46171 
1.78017 2.41394 
1.72657 2.32721 
1.62784 2.44133 
1.53374 2.4132 
1.70685 2.41171 
1.44507 2.84274 
1.28866 3.23016 
1.93194 2.13063 
1.74167 2.30984 
2.18886 1.14737 
1.74464 2.17302 
1.74656 2.28889 
1.64008 2.54926 
1.70013 2.51576 
2.00017 0.000170771 
0.000170738 4.00017 
0.338957 3.33981 
0.576087 2.8715 
1.65944 0.700613 
0.307148 3.42093 
1.4941 1.02671 
1.91637 0.182803 
0.562034 2.90885 
1.25353 1.51991 
0.532426 2.96269 
0.104454 3.81161 
1.02732 1.97248 
1.28012 1.46538 
1.12134 1.77501 
1.67377 0.657484 
0.610284 2.80463 
1.87977 0.262317 
1.0642 1.89931 
0.866323 2.29797 
0.0248357 3.96793 
1.40724 1.21905 
0.917763 2.18033 
1.62673 0.761696 
1.89872 0.223065 
0.0473861 3.93021 
1.14314 1.73759 
1.94409 0.130716 
0.41018 3.20308 
0.517092 2.99616 
0.897944 2.2233 
0.430163 3.16396 
0.0619325 3.89123 
0.49694 3.03479 
0.884656 2.25568 
0.481029 3.06285 
1.59386 0.831325 
1.45631 1.12801 
0.363676 3.30055 
0.459844 3.09756 
0.134157 3.7564 
1.23085 1.56687 
1.20382 1.61836 
1.42383 1.17948 
1.74639 0.522857 
1.84184 0.333515 
1.78768 0.445888 
1.80429 0.414577 
1.72838 0.556325 
1.437 1.15544 
1.58225 0.851687 
0.83483 2.34523 
1.38288 1.25271 
0.667961 2.68735 
1.85754 0.306301 
0.843531 2.33882 
1.10018 1.81992 
1.56587 0.890796 
1.70164 0.617675 
1.47221 1.07689 
0.937811 2.14855 
1.616 0.7853 
0.202284 3.61658 
1.9811 0.0577518 
0.657234 2.70955 
0.0799719 3.85608 
0.261565 3.50234 
0.720684 2.57639 
0.813216 2.39152 
1.51936 0.98631 
1.82129 0.377361 
0.370306 3.27444 
1.71815 0.584257 
1.29471 1.43207 
0.185115 3.6352 
0.745211 2.52905 
1.95405 0.110821 
0.237566 3.5458 
1.38117 1.27988 
0.155067 3.71373 
1.96699 0.0784792 
0.973016 2.08454 
0.0884293 3.83828 
1.23533 1.55412 
0.29308 3.44555 
1.53376 0.956055 
0.392893 3.23504 
1.35994 1.3044 
0.218509 3.58854 
0.992046 2.04985 
0.389484 3.25018 
0.137241 3.74982 
0.179217 3.67044 
1.15899 1.69986 
1.77453 0.473306 
1.46713 1.08253 
1.30675 1.41824 
0.278244 3.46214 
0.753692 2.51227 
1.34502 1.33225 
