0.422723 11.8558 
0.337784 13.1802 
0.218758 11.5746 
0.368759 12.7724 
0.815463 9.50765 
0.392858 13.1635 
0.937412 11.8156 
0.235021 10.4139 
0.0456062 13.8039 
0.736231 10.0076 
0.523431 11.7677 
0.57403 13.1016 
0.551747 15.8474 
0.986702 12.3156 
0.615073 12.4129 
0.191446 11.4911 
0.00614596 14.3989 
0.817055 10.8946 
0.237836 13.1069 
0.242383 11.9336 
0.69883 12.4311 
0.442987 12.7911 
0.732907 11.1586 
0.178093 13.1467 
0.921637 10.5967 
0.862835 11.0368 
0.81554 11.1521 
0.566469 10.7498 
0.464275 14.0416 
0.673368 12.3706 
0.631905 11.7546 
0.833743 10.5569 
0.102152 13.9647 
0.967711 12.5392 
0.517543 14.2827 
0.868747 11.341 
0.0296742 12.7558 
0.169243 11.1756 
0.850233 11.8737 
0.454651 11.9197 
0.174937 13.6649 
0.436472 12.7158 
0.905089 11.6515 
0.964336 11.4111 
0.306935 12.1358 
0.585075 11.6304 
0.140409 14.554 
0.969189 11.0928 
0.516359 13.7737 
0.969264 11.3353 
0.390209 12.3399 
0.766691 12.2969 
0.118557 13.0979 
0.01479 14.6676 
0.0891371 14.0619 
0.121764 12.4822 
0.250546 12.4168 
0.66898 12.3448 
0.800624 9.47138 
0.10134 14.6809 
0.126859 12.1392 
0.938637 12.0377 
0.274619 11.6047 
0.781857 12.5232 
0.291849 11.6828 
0.123996 14.226 
0.928974 10.6507 
0.875907 11.5352 
0.474259 12.2027 
0.548092 14.273 
0.686055 13.445 
0.789135 12.0149 
0.728293 10.6351 
0.0387728 13.4834 
0.291354 11.8216 
0.346587 12.3881 
0.128251 11.8716 
0.711128 12.7326 
0.520528 12.7225 
0.433558 14.1577 
0.298351 12.8412 
0.0548347 12.5122 
0.713157 11.4935 
0.948035 12.2148 
0.745919 11.3394 
0.409624 11.8762 
0.461491 13.0469 
0.468746 12.8608 
0.484313 13.3908 
0.886887 12.2279 
0.380274 12.5387 
0.863157 10.1257 
0.198194 10.5835 
0.42836 14.5188 
0.229908 14.3131 
0.858452 8.99797 
0.179384 12.8985 
0.815144 11.9022 
0.0255329 14.6228 
0.7144 11.0061 
0 4 
0.859401 2.307 
0.859401 2.307 
0.251412 3.57319 
0.631627 3.57319 
0.0194844 3.97696 
0.0440596 3.93817 
0.0611726 3.90548 
0.750097 2.71902 
0.776297 2.55689 
0.718805 2.94202 
0.798518 2.44557 
0.0947062 3.83155 
0.0658306 3.8959 
0.0440596 3.93817 
0.186399 3.63042 
0.728631 2.86963 
0.644039 3.49227 
0.0776109 3.87055 
0.712427 2.98975 
0.637753 3.53389 
0.654955 3.41719 
0.0841628 3.85586 
0.743589 2.76333 
0.688099 3.17385 
0.115107 3.78311 
0.664205 3.3512 
0.230012 3.57976 
0.669361 3.31364 
0.781594 2.52791 
0.735471 2.82033 
0.652042 3.43755 
0.793004 2.47059 
0.15449 3.69204 
0.744702 2.75566 
0.14802 3.70624 
0.7383 2.80026 
0.196161 3.61521 
0.804993 2.41856 
0.763869 2.6302 
0.133545 3.73936 
0.105561 3.8059 
0.725684 2.89116 
0.816471 2.37735 
0.692035 3.14408 
0.00836689 3.99097 
0.684283 3.20263 
0.673481 3.28329 
0.7543 2.69115 
0.786426 2.50276 
0.690244 3.15764 
0.758585 2.66341 
0.684015 3.20464 
0.811416 2.39442 
0.211046 3.5961 
0.704882 3.04669 
0.694553 3.125 
0.680392 3.23184 
0.794231 2.46486 
0.70113 3.07512 
0.207422 3.60027 
0.641822 3.5071 
0.695827 3.11533 
0.680211 3.23319 
0.783622 2.5172 
0.771568 2.58395 
0.757592 2.66978 
0.824278 2.35444 
0.732383 2.84246 
0.178356 3.64437 
0.648922 3.4591 
0.178356 3.64437 
0.16177 3.67663 
0.676679 3.25957 
0.855072 2.30774 
0.16177 3.67663 
0.767974 2.60521 
0.76209 2.64126 
0.658634 3.39118 
0.809662 2.40074 
0.676679 3.25957 
0.771568 2.58395 
0.673494 3.2832 
0.0998734 3.8194 
0.160093 3.68012 
0.722552 2.91423 
0.732383 2.84246 
0.767974 2.60521 
0.724033 2.9033 
0.219575 3.58759 
0.667621 3.32637 
0.658634 3.39118 
0.121478 3.76789 
0.70113 3.07512 
0.698243 3.09701 
0.786426 2.50276 
0.826547 2.3486 
0.124908 3.75973 
0.661548 3.37036 
0.805864 2.41513 
