3.7898 4.31035 
4.9156 4.82624 
5.2233 4.65991 
4.08391 2.19343 
4.21457 3.86791 
5.52372 3.30003 
5.01032 3.57949 
5.07967 4.39757 
2.96895 2.86542 
3.55343 3.20211 
5.77557 2.27839 
4.2539 4.42099 
3.5669 4.26213 
5.91385 4.0984 
5.20703 3.98056 
4.78775 4.06832 
4.78649 5.97495 
5.54143 3.53045 
5.60444 1.64131 
3.26763 5.92278 
5.1286 3.50225 
4.87613 4.02698 
4.19024 5.5335 
3.28401 4.69675 
5.35076 3.57241 
5.01166 7.58462 
4.12621 3.03312 
4.86826 4.88654 
4.26371 4.28493 
6.78542 3.17161 
4.4567 1.9844 
4.75361 3.40281 
6.81038 2.67121 
3.23349 3.08666 
2.8203 4.39378 
5.19179 1.95264 
6.18684 2.43928 
3.81578 3.46768 
3.08639 4.42131 
3.8834 1.94657 
2.5014 5.87983 
3.44007 4.1392 
5.78123 5.55025 
4.31434 3.43848 
5.83128 3.13378 
2.96676 2.69482 
6.03811 4.50906 
5.295 5.38197 
3.93871 6.04445 
3.5021 3.62638 
5.87583 5.21556 
4.17673 3.89147 
5.7205 3.84225 
1.99669 4.17687 
3.63764 2.99765 
2.29051 2.68987 
5.72081 3.57081 
1.88886 2.3819 
3.0008 3.28012 
5.48651 2.68072 
2.989 2.50727 
4.25416 5.20142 
3.15415 3.07901 
3.04611 3.5777 
3.81398 4.73321 
4.62553 3.68446 
4.34103 3.4524 
3.32518 6.10783 
3.14145 2.89827 
4.86251 3.99374 
6.41743 4.96062 
5.42669 4.23938 
4.01768 3.33346 
4.17103 1.23609 
3.68059 4.22255 
2.53294 3.62675 
5.6058 4.24542 
3.26366 3.80386 
5.5521 3.47161 
4.60248 4.13442 
4.94604 5.47654 
2.6236 3.74556 
2.94995 4.48989 
5.72222 3.27485 
5.57093 1.89412 
3.32839 3.39037 
4.88895 3.37097 
4.27207 4.58334 
6.33324 4.58525 
5.02715 2.64479 
3.90539 1.81153 
4.14277 3.27513 
4.35981 3.99223 
3.0048 3.80138 
4.19904 4.3496 
6.24495 3.43634 
5.76445 3.08978 
5.34472 5.65496 
5.93649 3.1096 
2.95994 3.28016 
1.00214 8.34015e-07 
1.04119e-05 1.0297 
0.720599 0.285797 
0.657422 0.357941 
0.973134 0.0328689 
0.677889 0.338167 
0.733756 0.277031 
0.0277805 0.978801 
0.701935 0.314626 
0.800219 0.2244 
0.990434 0.0318814 
0.854553 0.165886 
0.822102 0.195182 
0.957829 0.0593546 
0.280136 0.728312 
0.874551 0.151393 
0.359846 0.648814 
0.164007 0.846922 
0.305116 0.707154 
0.0405255 0.972112 
0.346681 0.665985 
0.541317 0.470225 
0.0161321 1.00463 
0.28906 0.720489 
0.916082 0.106955 
0.648854 0.370142 
0.893032 0.128641 
0.394915 0.619635 
0.14955 0.857341 
0.896473 0.110606 
0.549922 0.45553 
0.431876 0.575975 
0.614361 0.400597 
0.749695 0.257947 
0.753531 0.252527 
0.260924 0.744555 
0.38242 0.629468 
0.113043 0.900287 
0.999962 0.00575877 
0.407106 0.608995 
0.778333 0.242949 
0.637203 0.38321 
0.836947 0.175315 
0.447026 0.568144 
0.0520362 0.954823 
0.367972 0.636294 
0.877805 0.137308 
0.202381 0.803727 
0.174006 0.832285 
0.191339 0.814505 
0.779085 0.235355 
0.628343 0.392305 
0.586969 0.425454 
0.142157 0.869982 
0.235631 0.77421 
0.922635 0.090953 
0.124251 0.890118 
0.938507 0.0683799 
0.687226 0.328957 
0.312543 0.695031 
0.566384 0.450685 
0.929551 0.08074 
0.130588 0.87845 
0.529343 0.481883 
0.424751 0.590409 
0.509659 0.510034 
0.415876 0.597584 
0.211588 0.793746 
0.4542 0.555735 
0.184914 0.827047 
0.467152 0.553192 
0.065022 0.940203 
0.0755673 0.930867 
0.515026 0.494535 
0.0998039 0.909214 
0.495074 0.52866 
0.498291 0.514067 
0.60486 0.413324 
0.81035 0.212784 
0.00837374 1.01874 
0.0968497 0.917618 
0.257832 0.74978 
0.603159 0.421754 
0.811983 0.20407 
0.701719 0.323251 
0.580538 0.439341 
0.950792 0.0631419 
0.224252 0.781542 
0.0606001 0.950085 
0.47967 0.546965 
0.842502 0.172952 
0.523996 0.490596 
0.323422 0.686688 
0.57975 0.447206 
0.24641 0.760754 
0.485294 0.534624 
0.221113 0.787309 
0.338404 0.674926 
0.245144 0.762452 
0.0147321 1.01271 
