4.29901 4.75092 
4.75554 2.72819 
5.06968 1.73504 
4.14108 3.08615 
4.07431 4.80269 
4.98141 3.00317 
3.67919 2.8605 
4.37757 4.67958 
3.7271 3.27875 
5.47631 4.18652 
5.09692 4.73826 
3.69825 3.2963 
6.07234 3.7054 
5.63096 3.08905 
5.35357 4.80005 
3.93109 2.45278 
4.69819 4.47679 
5.75086 2.3814 
5.50547 1.62516 
4.63581 5.05621 
4.15666 2.57056 
3.73948 3.19054 
6.22468 3.77483 
4.72348 3.15134 
4.44325 3.70803 
4.66684 4.26989 
5.65241 4.42781 
4.56658 5.17167 
3.90662 5.01524 
3.04297 2.6746 
3.83879 5.22532 
4.23081 3.13427 
5.99826 4.85528 
4.24672 3.92233 
5.92993 4.25045 
5.88882 4.81541 
4.02969 3.5868 
4.49368 5.52892 
5.24886 3.89094 
3.30762 4.17723 
5.28501 2.60351 
4.00801 2.79173 
4.73337 2.71218 
5.29819 4.87268 
2.75443 5.43506 
3.64904 2.32259 
7.26126 3.61672 
4.6488 4.21236 
5.13007 4.60873 
6.05439 3.22476 
3.31019 4.47569 
3.18814 3.55982 
6.0257 4.60818 
3.45128 2.26189 
3.88599 4.53678 
3.74919 2.89938 
3.34547 2.31295 
4.62084 3.51258 
3.61784 4.78236 
3.46686 4.17239 
5.27273 3.29813 
3.0607 4.54836 
4.27273 3.31041 
3.98747 2.0236 
6.54011 5.13358 
6.01306 6.21168 
3.71026 4.30492 
4.88747 2.41856 
4.69702 3.92488 
5.60219 5.17355 
3.62157 3.73999 
2.72662 3.3212 
4.89107 3.14304 
2.95867 5.64195 
3.84407 2.70219 
5.94568 2.92278 
4.9341 4.49834 
5.16665 3.28305 
6.04493 6.24778 
4.24222 2.81362 
4.36513 3.19828 
3.11561 3.52918 
5.81815 3.02438 
4.29878 3.18605 
5.86081 4.83037 
3.82687 4.01975 
5.06656 4.86083 
3.15792 1.82592 
4.86915 3.95943 
6.09574 2.90179 
5.75589 2.56917 
3.76761 4.876 
5.83308 3.72923 
5.27065 1.81185 
4.8988 3.44427 
5.33492 2.75117 
6.46274 5.48443 
4.33862 2.70677 
4.59006 3.28421 
4.97044 3.21126 
1.00339 9.31451e-07 
5.12793e-06 1.00267 
0.331249 0.676504 
0.349758 0.658715 
0.80635 0.219235 
0.918806 0.098801 
0.850081 0.167934 
0.176802 0.827967 
0.951675 0.0613119 
0.694334 0.323014 
0.18995 0.818294 
0.361042 0.646236 
0.861773 0.157342 
0.833058 0.184146 
0.964703 0.0498362 
0.818037 0.19938 
0.93761 0.0770522 
0.602796 0.411102 
0.793077 0.232298 
0.251977 0.753205 
0.508771 0.498992 
0.720761 0.296502 
0.973779 0.0357866 
0.680897 0.335883 
0.662427 0.36063 
0.0943191 0.912187 
0.98826 0.0272907 
0.617154 0.401489 
0.728115 0.278789 
0.586538 0.437575 
0.629194 0.392782 
0.203466 0.801915 
0.300749 0.70848 
0.765978 0.258671 
0.376841 0.634476 
0.674617 0.349392 
0.64017 0.380089 
0.521858 0.489762 
0.104696 0.901922 
0.221976 0.785868 
0.594466 0.425533 
0.998724 0.015779 
0.496817 0.511195 
0.395203 0.613441 
0.648268 0.36876 
0.116229 0.891194 
0.741819 0.273116 
0.31774 0.689129 
0.534061 0.481282 
0.048102 0.961036 
0.471147 0.539712 
0.233642 0.774718 
0.934748 0.0913709 
0.88822 0.126448 
0.424827 0.585368 
0.290178 0.720967 
0.546333 0.473381 
0.239905 0.763113 
0.38219 0.623202 
0.572819 0.448318 
0.415106 0.596662 
0.756721 0.265981 
0.283516 0.731143 
0.901222 0.114901 
0.0629854 0.940461 
0.124242 0.88005 
0.875748 0.143321 
0.552116 0.459456 
0.406292 0.6055 
0.0833698 0.925882 
0.310854 0.697303 
0.486153 0.532092 
0.162656 0.845547 
0.43884 0.579991 
0.0592047 0.951294 
0.0752439 0.929553 
0.212481 0.796429 
0.132901 0.870185 
0.0317056 0.989823 
0.148315 0.859781 
0.441075 0.565977 
0.774119 0.239052 
0.264618 0.741299 
0.707794 0.309896 
0.561979 0.451973 
0.490206 0.52249 
0.0178448 0.991953 
0.828973 0.194856 
0.467694 0.55443 
0.876024 0.134358 
0.271097 0.74029 
0.159945 0.847271 
0.0103921 0.999777 
0.452964 0.560367 
0.0363411 0.969232 
0.708298 0.305076 
0.140418 0.861816 
0.776204 0.235792 
0.0329812 0.972753 
0.901154 0.118974 
