17.4818 21.8441 13.5497 
26.0207 20.5798 13.5872 
24.7379 19.1725 24.1292 
14.2444 12.5993 13.534 
12.8688 10.8352 11.3102 
26.8692 21.1635 13.4674 
15.8159 15.753 15.5692 
20.5776 18.6972 13.8251 
14.9482 24.5381 9.36953 
13.5716 23.8245 22.0812 
29.1741 31.8403 37.3076 
18.5957 36.1978 12.0871 
13.9835 14.9166 14.0418 
27.7741 39.1399 22.5145 
19.8578 16.7468 31.8898 
17.6838 11.3772 12.6255 
28.3769 22.5676 24.5499 
29.3829 26.3502 18.2377 
11.3249 12.2328 10.0319 
9.44816 18.6439 16.9621 
28.6198 8.51621 27.2425 
23.755 32.8059 20.0699 
33.858 11.3021 34.367 
9.90878 10.9988 15.2936 
11.5308 21.0386 21.808 
20.2234 20.4455 25.4334 
6.47772 9.27151 10.1442 
6.1283 19.8876 12.6759 
29.6671 12.7664 40.2683 
37.3046 31.3468 13.2948 
15.9941 16.0385 16.573 
11.0301 11.4037 9.49416 
19.8747 17.7706 22.7398 
20.5048 21.6725 21.8016 
28.6597 36.2615 42.9014 
15.1825 19.9226 25.3857 
17.459 27.1915 13.7776 
23.7463 15.9969 14.5507 
12.4412 12.9959 10.9768 
14.4452 18.1468 6.28832 
16.598 8.55681 18.4903 
23.6298 12.2253 16.9636 
11.9815 14.6587 17.6046 
23.125 22.0645 31.7825 
22.1064 36.4788 15.8227 
9.91455 13.7437 17.2211 
26.9298 27.4322 24.7519 
29.3018 26.2002 22.4158 
35.9533 23.0594 16.0723 
24.3086 28.5888 22.8162 
15.826 8.09191 14.37 
17.5672 14.9204 23.8971 
13.0719 10.493 13.5702 
10.0394 8.54627 19.8075 
18.5049 14.6189 20.1099 
57.283 45.6368 41.8351 
12.9428 13.9044 16.7636 
16.1582 20.6003 14.3011 
15.4653 18.3437 12.7492 
11.9566 10.0237 17.0785 
16.805 16.4214 15.3141 
33.5791 48.6113 40.2465 
19.5267 6.22492 28.4039 
12.7403 13.4004 14.2461 
36.1873 29.8613 24.3857 
29.8416 34.1108 35.2788 
16.6778 10.835 17.7783 
13.4411 10.8328 9.54017 
16.3537 10.7974 10.0884 
28.6128 16.4569 16.5345 
27.9023 35.3026 19.3053 
14.1229 6.12405 13.804 
16.5105 20.5471 17.0825 
12.6356 18.291 24.8429 
15.5555 14.3098 21.7182 
10.7232 12.399 10.4205 
10.8864 8.35315 6.32769 
8.48691 23.1077 22.5405 
14.854 14.9942 19.33 
29.1223 21.4974 25.2326 
32.6101 40.2088 31.3572 
12.7152 18.7648 18.6256 
15.3942 20.4342 9.89149 
19.0505 32.6611 24.8224 
21.5435 12.7814 30.0945 
14.4446 36.6553 19.0795 
27.3809 10.2749 18.7826 
17.657 15.277 14.8992 
15.1886 10.8249 6.71863 
13.1328 12.0163 14.6545 
21.6239 23.3925 23.1799 
20.2953 32.799 21.8863 
15.2498 15.8795 11.6792 
15.3247 13.516 22.5236 
20.7447 18.0599 20.859 
22.2189 16.6132 21.6747 
14.2683 10.0628 12.379 
21.5224 21.9297 12.4567 
18.7368 16.4349 24.7813 
18.9922 33.2059 26.7689 
1.46915e-07 0.219648 1.05878 
0.018869 0.000360507 1.00693 
1.10327 0.153421 5.7295e-07 
0.00114618 0.179135 1.22141 
0.993584 28.3949 0.16661 
0.126997 26.4456 0.999018 
0.138055 27.1145 0.996469 
0.313616 24.9193 0.9611 
0.171452 19.402 0.993131 
0.715722 5.36714 0.816513 
0.92198 10.6281 0.412753 
0.938351 20.8891 0.37574 
1.0036 18.1213 0.0646329 
1.07044 0.59742 0.000930926 
0.269533 10.8072 0.97075 
0.472371 24.6653 0.898106 
1.06344 0.351485 0.226079 
0.468942 5.76288 0.915141 
0.0426312 4.02074 1.00306 
0.98269 22.2586 0.247132 
0.769946 23.5599 0.654065 
0.95034 12.498 0.348361 
0.990883 4.18136 0.183203 
1.03264 1.05714 0.131043 
0.0779321 15.8152 1.00051 
1.00493 6.31049 0.0179713 
0.329688 8.76318 0.955923 
1.02605 3.93392 0.0368416 
0.241036 8.89942 0.982837 
0.877434 21.5615 0.514901 
0.00323765 0.209661 1.11038 
1.03122 2.977 0.114031 
0.681232 17.4446 0.762441 
0.972578 18.1983 0.300212 
0.653261 19.1323 0.77907 
0.00970193 0.146834 1.12761 
0.734233 14.5954 0.714673 
0.423343 13.1072 0.92416 
0.572861 12.0052 0.827746 
0.823248 4.65569 0.605568 
0.899656 26.8836 0.461183 
1.04004 2.73624 0.0916535 
0.45164 15.5867 0.903871 
0.812427 12.6634 0.631108 
0.544246 7.95993 0.85647 
0.63047 11.7959 0.803975 
0.754865 1.42123 0.737418 
0.00210969 0.179135 1.18741 
0.690506 10.1565 0.744056 
0.796241 16.8444 0.619266 
0.00954248 0.169986 1.16192 
0.752096 26.8313 0.704049 
1.05442 0.360862 0.146485 
0.488292 14.9732 0.895953 
0.518782 26.8833 0.869925 
0.753177 22.6584 0.693284 
0.394923 19.8296 0.937402 
0.296715 16.3748 0.967337 
0.416982 11.3533 0.927401 
0.961279 13.1225 0.325073 
0.489729 12.5168 0.887085 
0.0828071 12.5089 0.99959 
0.774511 23.1843 0.644718 
0.587915 6.93252 0.84434 
0.595674 13.7013 0.825321 
0.783861 14.0216 0.673723 
0.761488 20.765 0.667159 
0.981196 17.4325 0.270841 
0.997855 4.86636 0.155429 
0.358479 7.58647 0.964565 
0.00955341 0.185418 1.06525 
0.449167 9.8145 0.93416 
0.614604 17.3017 0.813595 
1.01147 3.48601 0.261638 
0.880007 23.559 0.507839 
0.54658 7.95529 0.85718 
0.938377 10.0038 0.39181 
0.226849 16.2087 0.98485 
0.842626 14.6435 0.564926 
0.66886 6.51453 0.791372 
1.0381 3.4278 0.0339601 
0.87042 16.8088 0.533258 
0.974583 10.9818 0.311365 
0.349805 15.587 0.947692 
0.887477 1.86573 0.573866 
0.380018 20.4756 0.939764 
0.863226 2.5495 0.590254 
0.903373 21.8806 0.462566 
0.850634 9.45702 0.577579 
0.810692 4.12347 0.72219 
0.660816 18.7679 0.772495 
0.775779 9.15129 0.688089 
0.869457 14.2707 0.563023 
0.202403 16.3228 0.986957 
0.204459 16.5537 0.986275 
0.97334 7.25455 0.409783 
1.04004 1.77856 0.0965965 
0.84763 18.9595 0.545896 
0.529881 13.6799 0.878939 
0.89397 20.2132 0.480578 
