0.852413 4.62785 
1.35476 2.67917 
0.817153 3.12514 
0.796707 4.57646 
1.1876 3.74866 
1.04396 3.40267 
0.898728 2.96361 
1.0899 3.75851 
1.14365 4.56023 
1.88896 3.45724 
0.844696 4.08029 
1.16131 3.93271 
1.69227 3.39945 
1.10125 3.55994 
1.41281 3.15522 
1.04182 4.23592 
0.759436 3.84727 
1.39381 2.44131 
1.49384 2.7431 
0.930486 2.99582 
1.80683 3.59681 
0.936815 4.28756 
1.07035 3.8544 
1.69286 1.71507 
1.40054 2.28776 
1.34689 2.5637 
1.22546 4.63285 
1.25307 2.74896 
0.894218 3.97641 
0.899388 3.33512 
1.37275 4.25252 
1.28149 3.6663 
1.3449 2.13943 
1.15786 4.41894 
0.782804 4.40159 
1.17945 3.62572 
0.836998 2.95555 
0.717309 3.80902 
0.63116 3.71572 
1.71826 4.14733 
1.46196 2.21998 
1.28853 3.94141 
0.966884 3.20166 
0.870628 3.65497 
1.02299 3.74703 
1.41941 2.32966 
1.02948 3.03037 
2.0629 3.06103 
1.17429 4.2612 
1.41819 2.88883 
0.794015 4.48318 
1.72909 4.61531 
1.22326 4.57531 
1.26238 3.41902 
2.19665 4.0144 
1.33543 2.09778 
1.73051 4.48349 
0.965009 3.22419 
0.913456 3.26648 
1.13255 4.31581 
1.18057 4.52063 
0.860146 4.26915 
1.06485 3.5103 
0.919805 3.83772 
0.9756 3.03181 
0.946977 3.32673 
0.97209 3.04284 
1.62056 2.8977 
1.31286 3.48839 
1.46467 3.07718 
1.40739 2.48001 
1.25748 2.83503 
0.476944 4.13194 
0.924772 3.40093 
0.906038 3.74058 
0.867962 4.36264 
0.744019 4.04422 
1.33246 3.59172 
0.785542 4.07514 
1.4447 3.03161 
1.41043 2.27225 
0.913204 3.43 
1.26355 3.21475 
0.981203 3.05928 
1.10973 4.01048 
1.63579 3.40718 
0.929821 3.09745 
1.82517 4.112 
1.72137 4.63115 
0.92275 3.18948 
1.32696 2.1534 
1.18289 3.50888 
1.0198 3.04423 
0.670587 4.01161 
1.3609 2.37758 
0.849926 4.48309 
1.22829 3.3699 
1.92674 1.66508 
1.06263 3.0878 
1.69109 3.76704 
1.70804e-17 4 
2 1.70804e-17 
2 1.70804e-17 
1.91344 0.794947 
1.38951 0.794947 
1.2904 1.59328 
0.832974 1.59328 
0.734982 2.38997 
0.391236 2.38997 
0.302871 3.18052 
0.107417 3.18052 
0.338482 2.70349 
0.316265 2.98774 
0.360182 2.50188 
0.310123 3.07505 
0.37654 2.41519 
1.34868 0.940879 
0.767477 1.97235 
1.34071 1.0021 
1.32451 1.15643 
1.30129 1.43948 
0.737745 2.35061 
1.95695 0.234808 
1.37622 0.810618 
0.332733 2.77088 
0.00426611 3.8951 
0.774188 1.90152 
0.307124 3.11844 
0.356145 2.53234 
0.743014 2.27718 
0.34912 2.59336 
0.0413587 3.8951 
1.33218 1.07849 
1.91729 0.734583 
0.796677 1.71346 
0.0743424 3.4124 
1.31961 1.21047 
1.94341 0.378309 
0.345061 2.63297 
0.0495102 3.78716 
0.806797 1.65614 
1.92877 0.566172 
0.0686847 3.49207 
0.75944 2.06502 
1.29578 1.51588 
1.96412 0.171642 
1.30441 1.39779 
0.32997 2.805 
0.756071 2.1062 
0.0470302 3.82249 
1.35597 0.893876 
0.0714315 3.4524 
1.92511 0.617945 
0.819939 1.60892 
1.29616 1.51045 
1.31236 1.29625 
1.36209 0.861319 
0.326378 2.85087 
0.083839 3.30048 
0.04362 3.86774 
0.0527409 3.73887 
0.320078 2.93496 
0.000883862 3.93079 
0.748966 2.19713 
0.782609 1.82181 
0.0867334 3.273 
0.324292 2.87824 
0.0543986 3.71338 
0.0584581 3.64984 
0.07812 3.36418 
1.3086 1.34337 
1.97814 0.0751107 
0.0570097 3.67262 
0.753022 2.14457 
0.303144 3.17653 
0.78928 1.76641 
1.91939 0.702512 
0.786527 1.78841 
1.96576 0.158412 
0.793677 1.73384 
1.94735 0.333449 
1.94031 0.415359 
0.321471 2.916 
0.779442 1.85053 
1.32172 1.18685 
0.746147 2.23464 
1.93867 0.435561 
1.3074 1.35873 
0.763735 2.01448 
0.101921 3.18695 
0.776897 1.87473 
0.0641326 3.56095 
0.751249 2.16733 
1.94845 0.321361 
0.762802 2.02526 
0.0612088 3.60654 
0.065771 3.53579 
0.0798693 3.34344 
1.95263 0.277274 
1.97127 0.117798 
