1.32417 2.26288 
1.18161 3.84221 
0.864069 3.69612 
0.941515 3.32967 
1.37782 2.14105 
0.642832 3.81517 
1.36463 2.12397 
0.778237 4.32142 
1.16931 4.51869 
1.04642 3.90368 
1.0436 4.45963 
0.890181 2.90926 
1.6631 3.63132 
1.41739 2.34123 
1.01138 3.4512 
1.3316 2.86521 
1.20112 3.02197 
0.896093 2.90359 
1.09362 4.47508 
0.535176 4.1156 
0.883867 3.1189 
1.41352 2.19912 
1.30735 2.07296 
1.00185 3.14364 
0.881856 3.54605 
0.733826 4.33381 
0.800214 2.93943 
1.68838 4.49394 
1.72783 1.86814 
1.57229 4.27954 
1.45203 2.55189 
1.73016 3.60739 
0.885224 4.50815 
1.23706 3.52263 
0.919565 2.95492 
1.56685 3.81327 
0.962609 2.95943 
1.49698 2.28155 
1.49083 2.69719 
1.21625 3.99607 
0.763488 4.50811 
1.65611 3.95184 
1.25237 2.64728 
0.816431 4.41018 
1.05097 4.11235 
1.75496 4.02973 
1.30179 2.83353 
1.37671 2.95829 
1.14301 3.54888 
0.994261 3.67642 
0.73865 4.48309 
1.12306 4.366 
1.16806 4.57946 
1.1591 4.4616 
1.29202 3.77344 
1.15876 4.47661 
1.70886 2.70575 
0.708271 4.42194 
0.809058 4.3474 
1.13285 4.51229 
1.78252 3.187 
1.48274 2.69379 
1.21102 4.45842 
1.27637 2.80503 
0.816096 4.35781 
0.801433 4.50746 
1.16089 4.57489 
0.989762 3.3901 
0.680389 4.24089 
1.72117 4.32753 
0.930484 3.71936 
1.54575 3.06927 
0.715791 4.27938 
0.858813 2.88065 
1.32935 2.51372 
1.11788 4.24971 
1.0002 3.5326 
1.15569 2.97456 
0.834959 3.07834 
1.67625 4.36145 
1.62098 3.44094 
0.797465 3.76692 
1.03779 4.45448 
0.619884 4.11365 
0.769239 2.95196 
0.910604 3.42858 
1.23833 4.63241 
0.601773 4.574 
1.01347 3.10247 
0.968868 4.36636 
1.04793 3.40077 
0.792619 3.84186 
0.876047 4.15006 
0.981431 3.69469 
0.721361 4.37355 
0.961401 3.01131 
0.596419 3.67016 
1.13878 4.1722 
0.821879 3.38917 
0.992625 2.99406 
1.70804e-17 4 
2 1.70804e-17 
2 1.70804e-17 
1.91344 0.794942 
1.38951 0.794947 
0.832974 1.59328 
1.2904 1.59328 
0.391236 2.38997 
0.734982 2.38997 
0.107417 3.18052 
0.302871 3.18052 
0.319369 2.94468 
0.31184 3.05041 
0.0792079 3.35116 
0.0413587 3.8951 
0.0643299 3.5579 
0.0877025 3.26455 
0.068357 3.49691 
0.0601915 3.62253 
0.352073 2.56651 
0.765666 1.99252 
1.30381 1.40574 
0.307778 3.10895 
0.325038 2.86839 
1.33768 1.02798 
1.31645 1.24702 
0.752913 2.14595 
0.775291 1.89048 
1.96378 0.174359 
0.00426612 3.8951 
1.31155 1.30623 
0.808531 1.64813 
0.36091 2.49676 
1.30822 1.3482 
1.93261 0.513869 
0.0568052 3.67583 
0.79171 1.74801 
0.783991 1.80975 
1.94993 0.305362 
0.748479 2.20356 
0.0723686 3.43928 
1.92799 0.577075 
0.0748162 3.40611 
1.97878 0.0716019 
0.330923 2.79311 
0.800223 1.69135 
0.0538076 3.72251 
0.364167 2.47524 
1.34085 1.00091 
1.35705 0.887673 
0.781072 1.83556 
1.95719 0.232609 
0.37422 2.42378 
0.741557 2.29726 
1.37158 0.823426 
0.000812741 3.93314 
1.34758 0.948718 
1.32959 1.10387 
1.32377 1.1644 
0.756901 2.09592 
1.29596 1.51331 
1.92334 0.643618 
1.95504 0.253188 
1.91864 0.713879 
1.29366 1.54605 
1.9445 0.365592 
0.304163 3.16161 
0.336307 2.72838 
0.0463772 3.83148 
1.35081 0.926287 
0.348031 2.60368 
1.92076 0.68195 
0.760007 2.05821 
0.764837 2.00189 
0.340832 2.67745 
1.92607 0.604206 
0.334818 2.74586 
1.94048 0.413334 
1.93913 0.42985 
0.795351 1.72228 
0.345105 2.63254 
0.818674 1.6121 
1.94645 0.343462 
0.739153 2.33078 
1.3279 1.12095 
1.91574 0.758753 
0.0480292 3.80847 
5.38089e-05 3.98142 
1.96873 0.135821 
0.735201 2.38683 
0.745593 2.24209 
0.775291 1.89048 
0.0910632 3.23831 
1.97302 0.106058 
1.38487 0.796856 
1.29927 1.46713 
1.98756 0.0312287 
1.98719 0.0326247 
0.0968715 3.20441 
1.29965 1.46193 
