0.972773 1.25344 6.45122 
2.1035 0.996908 4.65823 
1.88696 3.18715 2.83783 
1.63933 2.16184 5.53627 
1.92786 3.3561 3.14483 
1.41996 4.22739 0.7892 
1.05472 3.87147 4.04067 
2.01969 3.20331 3.06249 
2.06947 2.66945 3.75766 
0.888764 3.04549 5.20212 
2.17 1.53883 4.49259 
1.75026 2.29144 4.67415 
1.97344 2.15171 4.42778 
1.99677 1.79172 5.12506 
1.80345 2.78546 4.87978 
2.37617 2.72413 0.97256 
1.6246 3.46798 3.64188 
2.12071 2.27561 3.13794 
1.25094 1.05597 6.50078 
2.62097 1.45024 1.82867 
2.28028 2.53997 2.39738 
1.71931 1.55418 5.21982 
2.56178 2.0814 2.86811 
0.86095 0.8379 6.57955 
1.85752 2.86807 3.91799 
0.990893 3.7841 4.40178 
1.45522 2.30054 5.7562 
1.26629 4.08891 2.91512 
1.38548 2.80998 4.82273 
1.42105 1.46615 5.39795 
1.58587 1.91204 5.91426 
1.89004 3.10389 3.64795 
0.8162 1.63595 6.58435 
2.38753 2.05137 2.30222 
2.09477 1.89232 4.1615 
0.773342 4.33858 2.5829 
1.14404 1.17683 6.3119 
1.20659 1.8217 6.03705 
1.82685 2.32413 4.71096 
2.33771 1.71374 3.59622 
2.24936 2.20592 3.84857 
1.17276 1.21096 6.23681 
1.99766 2.09681 4.45935 
0.930559 1.48087 6.50306 
1.64974 3.36637 4.28128 
1.32226 1.21567 6.25053 
1.41214 2.19607 5.82935 
2.35051 2.63218 2.1739 
1.58081 3.6409 2.88032 
2.04271 3.02643 3.29885 
0.979006 2.60948 5.51043 
1.96694 2.04784 4.60258 
0.958683 1.01638 6.49118 
1.81769 1.42106 4.85096 
1.57845 1.93901 5.17056 
0.699205 2.30542 5.84412 
2.08794 3.33334 2.29808 
1.18511 2.95628 5.14746 
2.26649 2.75669 2.74231 
2.23014 0.939033 4.42571 
1.72498 3.88359 1.45601 
1.22544 2.46078 5.85219 
1.86155 3.90617 2.61723 
2.12679 2.65191 3.71623 
0.963698 1.26193 6.61597 
2.55874 1.90101 2.13248 
2.28303 1.76076 3.50606 
0.951232 1.45496 6.3585 
2.30904 2.07951 2.55855 
1.26212 1.56108 6.31492 
1.10074 1.93114 6.17136 
1.57551 2.56887 4.98546 
1.79282 1.86685 4.85294 
1.92078 1.78311 5.28051 
2.33771 2.23197 2.23684 
2.23446 1.18142 4.22719 
1.2578 2.32825 5.83761 
1.72226 2.38804 5.02962 
1.90901 1.6664 5.17675 
2.54681 2.02725 1.78018 
2.05726 3.19033 2.53123 
1.18861 1.82151 6.07189 
2.25511 2.43183 2.15756 
1.5541 2.41041 5.8586 
1.85902 2.36702 5.27315 
1.67927 2.5707 5.17826 
1.94568 2.93 3.50931 
1.59142 2.19486 5.40716 
1.9969 0.907846 4.56236 
1.01971 2.55551 5.80385 
1.36097 4.03188 2.74781 
1.29817 1.46242 6.29894 
1.25075 2.53872 5.884 
2.49626 0.88711 3.07498 
2.43205 2.252 2.16092 
1.87631 1.61319 4.98953 
1.27514 2.40702 5.71818 
1.47697 1.44978 6.15162 
2.37326 1.79235 3.93509 
1.49902 1.68329 5.891 
0.604263 3.84335 0.0186599 
0.0186898 4.01869 0.0186898 
1.47322 0.0186489 4.13667 
2.01869 0.0186935 0.0186935 
0.0186629 0.0186629 6.01866 
1.6636 2.52157 0.617401 
1.28397 2.97607 1.59463 
1.88008 1.37897 1.84942 
1.42697 1.04134 4.17603 
0.175423 3.91844 2.16401 
1.04998 2.38451 4.30549 
1.54907 2.81787 0.744705 
1.33163 0.275974 4.80955 
0.0588257 1.60572 5.592 
0.231035 3.25008 3.84789 
0.432874 2.77048 4.38087 
1.72051 1.84922 2.52674 
1.62772 2.46678 2.00919 
1.75018 1.33305 3.16037 
1.59946 2.86034 0.31843 
1.95932 1.54282 0.0949385 
1.38164 1.92536 4.01836 
1.44246 0.738932 4.61268 
1.69927 2.41898 0.488935 
1.23788 0.401919 4.87682 
2.00024 1.11159 1.37176 
1.92048 0.787547 2.18117 
1.85268 0.88613 2.64612 
0.692796 3.34771 2.8695 
0.792137 0.183357 5.74154 
1.08902 0.979484 5.21534 
0.0334395 3.5658 2.84867 
0.842551 0.544284 5.69666 
1.40601 2.66636 2.5987 
0.155272 3.48056 3.34547 
1.5762 2.5859 1.50105 
1.16727 3.03506 2.72752 
0.549848 2.17937 5.16697 
1.70592 2.42614 0.42544 
0.393341 1.28535 5.85124 
0.732327 3.80391 0.847313 
0.736638 3.73594 1.98055 
0.676791 2.05176 4.96616 
0.945297 2.91269 3.80217 
0.992059 2.25682 4.51752 
1.50138 2.27858 3.19218 
0.634168 3.18742 3.49655 
1.51664 1.53375 3.92176 
0.452817 3.96718 1.21329 
0.926413 3.68809 0.911463 
1.01205 1.34866 5.24282 
1.15674 3.63659 0.663253 
1.12088 2.69956 3.58784 
1.14939 3.17424 2.29978 
0.882258 2.36115 4.51799 
1.64308 1.97819 2.97313 
2.0113 1.14364 0.203104 
1.59278 1.68817 3.66012 
0.206005 3.41862 3.7234 
1.81111 1.61956 2.40731 
0.492357 1.72807 5.43806 
1.5324 1.81978 3.67742 
1.9684 1.1208 0.305014 
1.57034 2.51293 1.78486 
1.39528 0.42776 4.67789 
0.559799 3.88678 1.67069 
1.22651 3.09952 2.33943 
0.75637 1.08483 5.63195 
0.137038 1.51805 5.7615 
1.79015 0.606737 2.86156 
0.311978 0.944467 5.91561 
0.974064 3.51366 1.67536 
0.512029 3.61018 2.73113 
1.77414 0.293757 3.42892 
0.330265 2.71285 4.66681 
0.625293 3.44431 3.21005 
0.100662 2.40293 5.00719 
0.349515 3.99147 1.17637 
1.20939 3.36437 0.931577 
0.145456 3.76451 2.54478 
0.426886 0.359496 5.92986 
0.960336 3.60355 1.30363 
1.19361 0.379069 5.04595 
0.287117 3.08593 4.08327 
0.196462 3.12841 4.00729 
1.3475 0.505603 4.74129 
1.63493 2.48302 1.12442 
0.865834 0.954508 5.48192 
0.895242 0.121961 5.65534 
1.83006 0.517497 3.0501 
1.14849 0.311337 5.30677 
1.59574 1.64822 3.57249 
1.23572 2.95137 2.78012 
1.57295 2.14 2.87999 
1.20592 2.98054 2.46914 
2.00811 0.0647078 1.48193 
0.368126 3.84685 1.80828 
0.921618 0.0898114 5.54626 
1.32179 2.48354 3.67823 
1.09843 3.49308 1.01899 
