8.21928 5.86014 
5.00506 6.07448 
8.63756 5.64536 
6.20379 5.70335 
7.54599 7.07662 
5.38445 9.08702 
4.85188 6.3991 
5.63284 4.19751 
6.89438 7.64871 
8.10275 5.71758 
6.9116 5.964 
6.53067 4.65432 
5.28114 5.94239 
7.31708 3.698 
7.27685 7.26127 
6.53999 6.25033 
3.78856 7.20994 
6.11508 7.08595 
5.17006 7.3755 
5.5866 4.85048 
5.55049 6.03023 
7.38871 5.42705 
6.97799 6.91314 
6.40396 6.44148 
7.06582 6.23082 
5.59189 4.5087 
5.54003 5.52292 
5.32254 6.05036 
5.22553 6.9093 
6.13872 5.84183 
5.14996 4.74198 
5.62396 4.05418 
3.84302 4.93335 
6.63595 6.10385 
5.93693 5.9777 
6.17641 7.14046 
4.40305 7.21179 
6.00012 7.26749 
5.33594 4.52745 
6.77804 4.63794 
6.35345 6.41512 
6.4054 6.19777 
6.3677 6.78644 
5.15101 7.45754 
4.08022 5.71697 
6.22292 5.16474 
7.01663 6.85434 
5.74105 8.34321 
6.85379 5.81359 
6.24284 5.31665 
5.44649 5.31296 
5.97971 5.61188 
6.54349 6.06791 
5.47342 6.47932 
5.90954 5.25221 
5.95198 6.39415 
7.00065 6.13256 
5.99867 5.96706 
5.81386 5.03744 
5.28796 8.23731 
4.0105 7.17901 
5.53244 6.0636 
6.60603 4.1614 
6.78648 7.55476 
5.55276 5.27492 
5.516 5.28092 
5.23367 7.30143 
5.71497 8.27003 
5.03411 7.29571 
5.3282 4.92628 
5.47515 4.88803 
6.9453 4.97131 
5.66247 4.39561 
5.27972 5.53641 
5.14969 6.31612 
6.07771 6.34064 
4.9918 6.24149 
6.70064 6.40005 
6.53337 5.51964 
7.48919 6.48823 
4.92399 6.0703 
4.96225 5.37588 
6.70598 7.73872 
6.17698 4.99465 
7.46638 4.00533 
5.30777 5.65814 
6.78693 5.10908 
3.87239 5.72191 
6.17139 6.04151 
4.09493 7.39984 
4.27789 6.74445 
5.56354 4.57321 
5.27427 4.27826 
5.01172 7.33916 
4.12325 5.81508 
8.39806 5.64751 
6.69507 4.25046 
6.67482 5.78163 
6.73837 5.17333 
5.66986 5.60308 
0.3 0.7 
0.65 0.35 
0.65 0.35 
0.3 0.7 
0.65 0.35 
0.65 0.35 
0.65 0.35 
0.65 0.35 
0.65 0.35 
0.65 0.35 
0.65 0.35 
0.65 0.35 
0.65 0.35 
0.65 0.35 
0.65 0.35 
0.65 0.35 
0.65 0.35 
0.65 0.35 
0.65 0.35 
0.65 0.35 
0.65 0.35 
0.65 0.35 
0.65 0.35 
0.65 0.35 
0.65 0.35 
0.65 0.35 
0.65 0.35 
0.65 0.35 
0.65 0.35 
0.65 0.35 
0.65 0.35 
0.65 0.35 
0.65 0.35 
0.65 0.35 
0.65 0.35 
0.65 0.35 
0.65 0.35 
0.65 0.35 
0.65 0.35 
0.65 0.35 
0.65 0.35 
0.65 0.35 
0.65 0.35 
0.65 0.35 
0.65 0.35 
0.65 0.35 
0.65 0.35 
0.65 0.35 
0.65 0.35 
0.65 0.35 
0.65 0.35 
0.65 0.35 
0.65 0.35 
0.65 0.35 
0.65 0.35 
0.65 0.35 
0.65 0.35 
0.65 0.35 
0.65 0.35 
0.65 0.35 
0.65 0.35 
0.65 0.35 
0.65 0.35 
0.65 0.35 
0.65 0.35 
0.65 0.35 
0.65 0.35 
0.65 0.35 
0.65 0.35 
0.65 0.35 
0.65 0.35 
0.65 0.35 
0.65 0.35 
0.65 0.35 
0.65 0.35 
0.65 0.35 
0.65 0.35 
0.65 0.35 
0.65 0.35 
0.65 0.35 
0.65 0.35 
0.65 0.35 
0.65 0.35 
0.65 0.35 
0.65 0.35 
0.65 0.35 
0.65 0.35 
0.65 0.35 
0.65 0.35 
0.65 0.35 
0.65 0.35 
0.65 0.35 
0.65 0.35 
0.65 0.35 
0.65 0.35 
0.65 0.35 
0.65 0.35 
0.65 0.35 
0.65 0.35 
0.65 0.35 
