311.361 1150.61 
524.538 1208.68 
1020.41 651.787 
932.159 662.769 
333.269 1116.2 
1035.45 626.15 
1003.96 148.649 
1128.19 435.539 
125.136 938.665 
180.398 843.461 
172.805 1190.05 
985.282 553.499 
210.272 1204.46 
523.425 833.231 
392.696 1051.3 
364.465 750.069 
607.433 841.056 
691.013 608.576 
670.945 1121.37 
923.183 392.345 
674.566 1041.04 
216.759 1188.68 
1029.71 157.797 
163.91 657.92 
390.042 846.645 
873.534 429.262 
1127.91 269.612 
1514.67 555.467 
1240.16 429.619 
605.285 919.369 
41.3556 981.222 
209.411 728.903 
805.677 555.903 
904.763 370.184 
387.814 1180.92 
1187.79 670.016 
277.515 855.399 
660.091 812.499 
731.798 395.297 
288.876 1240.6 
1258.87 1339.39 
1130.75 144.844 
1012.06 221.762 
800.003 661.244 
573.922 1336.74 
1015.06 177.036 
686.344 813.692 
1093.22 16.2879 
111.873 1259.24 
749.673 763.441 
532.873 1056.63 
565.212 1259.86 
335.893 1182.32 
819.218 424.805 
173.084 1015.44 
1388.07 58.4261 
1312.17 679.66 
948.262 589.859 
1105.99 371.762 
751.657 153.421 
381.825 1039.94 
1058.53 870.024 
656.171 1130.11 
371.553 804.41 
518.721 936.568 
244.439 845.377 
11.8346 1782.85 
219.341 1249.56 
1263.51 46.8222 
231.564 624.408 
805.317 933.238 
1150.43 30.9331 
519.11 1336.98 
89.1076 975.677 
1418.28 158.295 
483.548 1553.26 
793.634 839.164 
340.193 779.779 
1397.14 266.211 
1325.17 464.82 
851.401 29.3309 
827.614 1075.5 
451.251 972.574 
694.371 787.168 
559.974 616.965 
639.409 389.023 
782.273 714.891 
361.239 995.933 
849.359 314.097 
635.58 522.123 
102.431 1077.03 
942.979 366.528 
518.136 465.376 
790.667 722.806 
1255.01 258.796 
974.757 914.23 
619.1 466.877 
1222.13 69.3029 
820.696 908.814 
801.984 707.803 
9.79252e-16 15.9924 
15.9924 0 
15.9924 0 
4.93597 15.2214 
12.9594 9.37611 
7.53558 14.1074 
7.94144 13.8846 
5.49577 15.0253 
15.1293 5.18473 
15.4706 4.05812 
4.36116 15.3912 
15.3265 4.58484 
4.11043 15.4592 
4.71351 15.2833 
7.39537 14.1808 
12.4556 10.0356 
15.0111 5.52044 
11.9472 10.6344 
15.4256 4.22581 
13.7953 8.09388 
12.2112 10.33 
6.63625 14.5528 
15.9353 1.37194 
13.1806 9.05983 
15.6744 3.17937 
14.8431 5.95808 
15.9587 1.0774 
10.4398 12.1166 
15.9893 0.372528 
14.9437 5.70271 
11.7857 10.8114 
13.3924 8.74385 
9.95682 12.5184 
15.9067 1.6686 
2.04174 15.8684 
9.73705 12.6887 
14.1168 7.51727 
15.5831 3.60392 
5.7962 14.9056 
11.5444 11.071 
12.8179 9.56579 
3.26917 15.6561 
14.6956 6.31934 
7.04614 14.3613 
14.2522 7.2622 
11.2603 11.3588 
13.4816 8.60704 
15.8816 1.9172 
14.051 7.64711 
14.7647 6.15044 
15.9774 0.787316 
10.0727 12.425 
11.0951 11.5194 
11.6579 10.9506 
15.2161 4.92933 
2.64298 15.7754 
15.6069 3.49497 
6.95289 14.4049 
13.6665 8.3078 
3.7641 15.5449 
0.40973 15.9895 
12.1049 10.4566 
15.2523 4.81276 
6.44733 14.6371 
14.2975 7.16678 
10.8356 11.7643 
15.8527 2.13367 
15.9825 0.597032 
13.2434 8.96942 
9.33557 12.9889 
5.54535 15.0076 
2.36348 15.819 
6.19066 14.7483 
1.32538 15.943 
3.45821 15.6155 
3.01312 15.7116 
8.4979 13.5512 
1.51086 15.9236 
10.5747 12.0004 
0.5344 15.9855 
13.9107 7.89277 
13.9356 7.84683 
10.2428 12.2821 
1.75137 15.8984 
2.28074 15.83 
11.3887 11.2294 
8.78195 13.3691 
13.597 8.42807 
15.8295 2.30344 
14.5832 6.56737 
14.6016 6.52844 
9.16902 13.1055 
9.62009 12.7787 
8.14759 13.7629 
10.7027 11.8857 
3.60514 15.5825 
12.7282 9.68711 
0.828939 15.9717 
2.78438 15.7507 
14.3991 6.96283 
