1.74871 3.61039 
1.25219 4.15153 
1.83347 3.31123 
1.45544 4.09529 
0.574633 4.54808 
1.08668 4.22489 
1.56578 3.9111 
1.75483 3.51042 
0.589916 4.42487 
1.4271 4.00671 
2.11503 3.00358 
1.38842 4.20495 
2.02893 3.1271 
2.07993 3.1073 
1.4359 4.2088 
1.59178 3.59342 
2.05019 2.59126 
1.45664 4.07876 
0.874553 4.46101 
0.522595 4.49486 
0.874612 4.53854 
1.0881 4.12585 
1.8916 3.33321 
2.0163 3.40106 
1.35578 4.05008 
0.52157 4.51734 
2.13022 2.68369 
1.60713 4.0072 
1.25032 4.09724 
1.68375 3.88176 
1.53977 3.72475 
0.791102 4.51721 
0.808474 4.53928 
2.04503 2.90395 
1.95082 2.95739 
1.238 4.09596 
1.89679 3.05685 
1.65616 3.55063 
1.68657 4.04677 
1.93635 3.30504 
1.45504 3.82655 
1.79962 3.71599 
1.87931 2.81007 
0.851433 4.5721 
1.48517 3.86348 
1.83865 3.48146 
1.72299 3.70434 
2.07158 2.24717 
2.02816 2.97937 
1.48506 4.24241 
0.862177 4.38279 
1.30337 3.93998 
0.948789 4.30124 
1.1981 4.35624 
0.5612 4.56117 
0.932895 4.43825 
1.53057 3.79027 
1.57517 3.81345 
0.657945 4.42707 
1.79271 3.35818 
0.785811 4.45249 
1.54759 3.81733 
1.89188 3.2714 
1.71903 3.75837 
1.02699 4.24662 
1.37393 4.06211 
1.42239 4.11936 
1.89396 3.35417 
1.3197 4.084 
1.97665 3.35869 
2.31598 1.76297 
1.22833 4.19635 
1.67775 3.44516 
2.35517 2.18647 
2.20918 2.33652 
0.572456 4.45764 
0.579977 4.52031 
0.871129 4.40957 
1.977 3.15507 
1.2859 4.15546 
1.46239 3.99081 
0.935843 4.38219 
1.8856 3.19148 
1.68261 3.67185 
1.89197 3.24678 
0.87607 4.45085 
1.42498 4.06368 
1.42753 4.04416 
1.61631 3.68155 
2.06586 3.23753 
1.75043 3.67858 
0.75438 4.51662 
2.3131 2.54208 
1.79209 3.52706 
1.73547 3.55327 
1.13538 4.33796 
1.6455 3.89344 
2.03499 3.09344 
1.91339 3.39631 
0.745804 4.59185 
2.00003 3.38207e-05 
3.02631e-05 4.00003 
1.84229 1.55854 
0.492743 3.87985 
1.87124 1.42522 
0.250253 3.97168 
1.54433 2.55156 
0.319306 3.95164 
1.77635 1.84474 
1.02531 3.43994 
1.79932 1.76657 
0.398034 3.9228 
0.178685 3.98635 
1.82267 1.66659 
0.127581 3.9941 
1.26289 3.11249 
1.00227 3.46447 
1.29667 3.06411 
0.43174 3.90941 
1.99994 0.067969 
0.635892 3.80051 
0.765397 3.69897 
0.975848 3.50098 
1.63802 2.3073 
1.99005 0.42535 
1.06277 3.3916 
1.57519 2.47146 
0.0980114 3.99844 
1.99799 0.259784 
0.350013 3.94347 
1.61147 2.37835 
1.96281 0.793494 
0.606015 3.81287 
1.94316 0.985173 
1.98566 0.504005 
0.728181 3.7318 
1.9743 0.646806 
0.0594311 3.9986 
1.23742 3.15375 
1.36916 2.92688 
1.09229 3.35819 
1.90141 1.24667 
0.689699 3.75814 
1.75507 1.9277 
1.76427 1.89158 
1.62319 2.34938 
1.99983 0.153028 
1.91789 1.15826 
1.32458 3.00565 
1.99496 0.322402 
0.0339477 3.99968 
1.10833 3.33425 
0.877837 3.59987 
1.87931 1.38181 
1.41188 2.84167 
1.45054 2.76201 
1.27976 3.07521 
1.67758 2.18926 
1.99183 0.367843 
1.99801 0.187777 
1.67351 2.20697 
1.94718 0.932152 
0.921686 3.55567 
1.92997 1.09079 
0.849913 3.62323 
0.718581 3.73719 
1.93446 1.04206 
0.532902 3.85971 
1.9516 0.895738 
0.890942 3.58603 
1.96811 0.715808 
1.81042 1.71941 
1.20862 3.19198 
1.59359 2.42833 
1.34499 2.96903 
1.65655 2.25577 
1.52495 2.60193 
1.07168 3.38858 
1.69518 2.13445 
1.90984 1.20457 
0.795835 3.67541 
1.65202 2.25762 
1.39518 2.87832 
0.664384 3.77857 
1.50563 2.64251 
0.945861 3.53062 
1.733 2.01369 
0.2155 3.98124 
1.43347 2.79935 
0.582893 3.83019 
1.18867 3.22613 
1.97052 0.712615 
0.429476 3.91124 
1.52343 2.60309 
0.217016 3.97982 
0.955259 3.51993 
1.16664 3.25565 
1.89537 1.30206 
0.842398 3.63291 
1.15013 3.27802 
