1.23606 3.41883 
1.74366 2.30294 
1.23097 2.95966 
1.1751 3.41205 
1.59007 2.34753 
1.46498 2.8335 
1.31581 2.95058 
1.51063 2.79884 
1.55824 2.56872 
2.15962 1.69499 
1.24645 3.20235 
1.5818 2.84482 
1.9654 1.51748 
1.52225 2.86347 
1.80692 2.43653 
1.46044 2.60923 
1.08173 3.7583 
1.75308 1.98489 
1.88164 2.42667 
1.35083 2.82811 
2.08146 1.64373 
1.35381 2.43878 
1.49081 2.75072 
1.93453 1.28097 
1.76449 2.04227 
1.73419 2.27282 
1.6392 2.62665 
1.64427 2.23377 
1.29839 3.21656 
1.31171 3.076 
1.77846 2.59268 
1.68222 2.41119 
1.72175 2.13607 
1.56825 2.47578 
1.17582 3.25084 
1.58079 2.31955 
1.25324 2.91507 
1.02178 3.80796 
0.937612 3.71207 
2.00597 1.65876 
1.83403 2.19591 
1.69191 2.46485 
1.38782 2.79421 
1.27881 3.12767 
1.4436 2.71822 
1.78258 2.05258 
1.44892 2.98546 
2.22474 1.09611 
1.58233 2.44096 
1.80907 2.39427 
1.16266 3.49178 
2.04345 1.8919 
1.64023 2.72447 
1.66085 2.35435 
2.33862 1.09857 
1.70955 2.09355 
2.05223 1.958 
1.38597 2.7844 
1.32674 3.06849 
1.55124 2.70356 
1.59773 2.68843 
1.25865 3.26165 
1.48586 2.83059 
1.32627 3.20597 
1.39587 2.87864 
1.368 2.7306 
1.38907 3.0272 
1.97462 2.15696 
1.71152 2.40792 
1.81215 1.93433 
1.79221 2.29987 
1.64968 2.2528 
0.720608 3.82569 
1.33662 3.11141 
1.31359 3.17404 
1.26452 3.29395 
1.08864 3.61197 
1.73195 2.44128 
1.18636 3.15626 
1.79267 1.9192 
1.79014 2.23691 
1.32458 3.10965 
1.65992 2.32194 
1.40163 2.87178 
1.51567 2.33401 
1.98029 2.07592 
1.34538 3.02736 
2.10962 1.73946 
2.03195 1.85155 
1.33706 3.05314 
1.69333 1.99564 
1.58305 2.30276 
1.43975 2.94592 
1.01791 3.52116 
1.7446 2.23867 
1.24244 3.32366 
1.62662 2.31781 
2.16084 1.45972 
1.48259 2.9881 
1.97114 1.57057 
2.00033 0.000333615 
0.000245997 4.00025 
1.9519 0.121945 
1.86667 0.285635 
1.15079 1.72354 
1.18348 1.65122 
1.71429 0.599654 
0.883316 2.25415 
1.73235 0.554744 
0.0708031 3.87577 
0.838046 2.34227 
1.214 1.58834 
1.43939 1.13176 
1.52657 0.961203 
1.76837 0.491535 
1.11248 1.78995 
1.67131 0.675056 
0.738166 2.53889 
0.378549 3.25578 
0.169665 3.67917 
0.414139 3.19063 
1.49647 1.0392 
1.23254 1.55152 
1.30356 1.42305 
0.146207 3.72122 
1.36777 1.2858 
0.705167 2.60614 
1.97292 0.074783 
0.980717 2.06646 
0.18962 3.63415 
1.33064 1.35939 
0.204806 3.60371 
1.37712 1.25776 
1.80598 0.401841 
0.101661 3.80617 
1.60815 0.799802 
1.40163 1.2111 
1.99031 0.0501133 
1.59369 0.836257 
1.57019 0.883398 
1.34405 1.34214 
0.801827 2.42658 
1.4148 1.1953 
0.127923 3.74972 
1.46157 1.09439 
1.07521 1.87514 
0.952947 2.11111 
1.82635 0.366642 
0.225019 3.56162 
0.260633 3.50161 
0.296202 3.43183 
0.608096 2.8081 
1.08505 1.84274 
1.25684 1.50666 
1.62681 0.763301 
1.10666 1.82671 
0.620861 2.77989 
0.8166 2.37904 
0.665598 2.68687 
0.890508 2.23077 
0.923254 2.16174 
0.116369 3.78066 
1.54793 0.925533 
0.478155 3.06904 
0.363285 3.29243 
1.0205 1.98258 
0.0332045 3.94701 
1.57868 0.864377 
0.703755 2.62043 
1.6482 0.744291 
0.304612 3.40395 
0.278861 3.46524 
1.04229 1.92308 
0.434048 3.14948 
1.65814 0.698604 
1.05843 1.90623 
0.0505981 3.91131 
0.493279 3.02778 
1.79066 0.436674 
1.02414 1.95552 
0.347395 3.32879 
1.83693 0.348704 
0.243489 3.533 
0.772828 2.47667 
0.998751 2.01874 
0.444382 3.12352 
1.47073 1.07642 
1.28986 1.43832 
0.682448 2.65444 
0.423015 3.17241 
0.989614 2.03867 
1.27996 1.45804 
1.27124 1.48064 
1.7822 0.462033 
1.85275 0.324629 
0.316836 3.38007 
0.340464 3.33288 
0.270146 3.47261 
0.634584 2.75377 
0.907555 2.20008 
