1.79611 0.327037 
0.146448 1.83356 
0.157572 1.91462 
0.608162 1.74004 
1.66461 0.661231 
1.66423 0.653338 
1.37642 0.919242 
1.43241 1.08155 
2.19153 0.118697 
1.64794 0.880172 
0.907043 1.40592 
1.67849 1.62873 
0.346031 1.89206 
1.84484 0.233092 
1.17455 1.8038 
0.748377 2.11812 
1.41135 0.898995 
1.72507 0.336034 
0.607968 1.49095 
1.31362 0.756616 
0.583483 1.68161 
1.60761 0.550623 
1.88029 0.0391093 
1.4853 1.22356 
1.85645 0.820105 
1.56374 1.06353 
0.693197 1.8002 
1.83921 0.734511 
0.657481 1.61244 
1.55183 0.146191 
0.0198244 2.05207 
0.00106961 1.94029 
0.169199 1.77779 
1.46309 1.08827 
0.473632 1.71421 
0.470848 1.69813 
0.746516 1.52952 
0.81851 1.82138 
0.248084 2.03826 
0.173242 2.01353 
0.808965 1.77327 
1.82258 0.54137 
0.425218 2.0788 
0.0308335 2.1845 
1.66384 0.30667 
0.192018 1.37313 
0.31437 1.62729 
0.393483 1.49755 
0.167789 2.23526 
1.58341 0.671957 
1.25524 1.074 
0.918987 1.23419 
1.24557 1.56844 
1.0775 1.64194 
1.46922 1.16658 
1.58551 1.22397 
1.77319 0.603581 
0.860497 1.92705 
0.0126699 1.74101 
1.09277 1.15575 
1.73014 0.230799 
1.79146 0.230744 
0.680188 1.85816 
1.22716 0.856173 
0.918344 1.57825 
1.58412 0.951861 
1.38765 0.272172 
0.671902 1.85487 
1.27635 1.91252 
1.15962 1.35167 
0.425072 1.80299 
1.73003 1.22099 
0.524759 1.39113 
1.33304 0.793369 
1.07831 1.2759 
1.08794 1.52181 
1.07021 1.63902 
1.23852 1.90083 
1.78559 0.256339 
0.842424 1.76504 
1.3604 1.02274 
0.179252 1.8402 
1.52375 0.832665 
1.52478 1.57249 
0.781051 1.8394 
0.681216 1.51218 
1.4583 1.10375 
1.29163 1.05378 
1.67772 0.735718 
1.60046 1.06638 
0.554453 1.45675 
0.974733 1.47914 
1.90028 1.18207 
1.65152 1.11587 
0.766949 1.40602 
1.75197 0.765874 
0.819714 1.43295 
0.0127765 1.77032 
1.39148 0.833568 
0.465844 1.42653 
1 0 
6.12323e-17 1 
0.76062 0.650879 
0.790812 0.613313 
0.261628 0.966732 
0.736481 0.677274 
0.867375 0.498927 
0.70159 0.71304 
0.68288 0.730661 
0.854096 0.520352 
0.809887 0.587457 
0.912424 0.410243 
0.289513 0.957322 
0.172441 0.98529 
0.900264 0.435715 
0.999876 0.021509 
0.937581 0.34839 
0.581807 0.813418 
0.92242 0.386926 
0.999485 0.0431119 
0.892582 0.452374 
0.983109 0.186466 
0.192781 0.981342 
0.770921 0.637531 
0.29761 0.954999 
0.992573 0.122962 
0.232781 0.9728 
0.0209435 0.999838 
0.719463 0.695471 
0.398421 0.917354 
0.490249 0.871642 
0.990711 0.138494 
0.976782 0.214821 
0.81852 0.574971 
0.92973 0.369237 
0.212643 0.977935 
0.732568 0.680939 
0.605321 0.796753 
0.242196 0.970826 
0.988415 0.154837 
0.444463 0.896061 
0.152777 0.988802 
0.503978 0.86425 
0.565473 0.825284 
0.961111 0.279329 
0.658873 0.753144 
0.915861 0.403147 
0.839885 0.545275 
0.995949 0.0925026 
0.84656 0.533173 
0.630659 0.777086 
0.951553 0.308066 
0.883387 0.468926 
0.371281 0.928742 
0.997418 0.0734563 
0.0359841 0.999521 
0.64675 0.76291 
0.783459 0.622391 
0.875812 0.484095 
0.350537 0.937227 
0.966858 0.256935 
0.636299 0.771653 
0.359919 0.933167 
0.0883688 0.996431 
0.829035 0.560307 
0.106735 0.994395 
0.317557 0.948577 
0.776992 0.629956 
0.670894 0.741895 
0.941421 0.337684 
0.967474 0.255404 
0.986189 0.168183 
0.972217 0.234967 
0.711254 0.703178 
0.618569 0.785985 
0.338274 0.941914 
0.480684 0.877109 
0.0808056 0.997667 
0.591311 0.806695 
0.956762 0.293118 
0.408384 0.913069 
0.827386 0.561967 
0.0645496 0.998384 
0.512015 0.859439 
0.456458 0.890441 
0.114392 0.993601 
0.544736 0.839367 
0.203891 0.979309 
0.430492 0.902934 
0.673223 0.739979 
0.416139 0.9098 
0.976626 0.21588 
0.382959 0.923869 
0.948776 0.316841 
0.99467 0.10578 
0.972886 0.233718 
0.521372 0.853471 
0.653032 0.75762 
0.998603 0.0591538 
0.533024 0.846313 
