1.4791 3.7818 
1.15735 3.93283 
1.24188 4.11295 
0.834654 4.19918 
1.7359 3.07863 
1.57896 3.48436 
1.18083 3.90573 
0.895266 4.27865 
0.938986 4.21335 
1.50332 3.71548 
1.45278 3.49059 
0.869284 4.16416 
1.73197 3.38729 
1.27061 3.8565 
1.34731 3.86523 
2.05738 2.49849 
1.76069 3.08013 
0.794225 4.18165 
0.945516 4.1869 
1.66729 3.1014 
0.54203 4.23669 
1.35195 3.82305 
1.33594 3.76528 
1.12626 4.10365 
1.11601 3.99955 
1.8905 2.71528 
0.761966 4.13323 
1.67116 3.3895 
1.5893 3.29322 
1.22177 3.85492 
1.5321 3.42284 
1.63103 3.2901 
1.1078 4.21499 
1.33889 3.86391 
2.05763 2.20092 
1.75442 3.32516 
1.54954 3.67657 
1.8435 3.15132 
1.90437 3.07389 
1.27502 3.95841 
1.18301 3.95345 
1.85721 2.92343 
1.46069 3.61794 
1.02779 4.3012 
0.920091 4.26507 
1.80367 3.10463 
1.37824 3.75194 
1.17305 3.87507 
1.83712 3.12118 
1.23635 3.9752 
1.2846 3.98668 
1.30614 3.88182 
1.37937 3.77182 
1.34775 3.88293 
1.79942 3.34206 
1.59923 3.4415 
1.52738 3.5329 
0.918894 4.17817 
0.651622 4.32266 
1.54279 3.70655 
1.78842 3.16361 
2.12105 2.54822 
1.26489 3.99768 
1.49943 3.63302 
1.25288 3.92054 
2.10196 2.42546 
1.61564 3.59187 
1.51162 3.63721 
1.5217 3.67785 
1.60535 3.64032 
1.68487 3.43384 
1.58734 3.63834 
0.892729 4.14184 
0.904114 4.17817 
1.11779 4.02831 
1.3068 3.77735 
1.11282 4.01402 
0.984259 3.92219 
1.50565 3.58543 
1.55158 3.73394 
1.52205 3.60113 
1.53179 3.398 
1.2274 3.7607 
1.52682 3.76535 
0.89969 4.05423 
1.2897 4.06581 
0.930821 4.28805 
1.97387 2.80135 
1.53888 3.72089 
1.33168 3.60422 
0.691568 4.34581 
1.32344 3.87833 
1.36166 3.83815 
0.732461 4.32509 
2.00338 2.32455 
1.37869 3.90376 
1.50003 3.4162 
1.27644 3.7094 
0.839027 4.1901 
0.800847 4.25994 
0.000789175 4.00072 
2.00072 0.000716602 
0.307931 3.95394 
0.0904411 3.99734 
1.82429 1.64561 
0.164014 3.98781 
0.866213 3.608 
1.98997 0.418114 
2.00007 0.127665 
0.384192 3.92719 
1.05528 3.40297 
0.25655 3.97069 
0.0354314 4.00027 
1.80336 1.7424 
0.227105 3.97565 
0.660924 3.7797 
1.9307 1.05753 
1.96867 0.728648 
1.96212 0.78775 
0.807269 3.66252 
1.99532 0.311283 
1.99784 0.227257 
1.1623 3.26088 
1.65332 2.26206 
1.56247 2.50279 
1.98219 0.548338 
1.52441 2.6002 
0.182282 3.98576 
0.897535 3.57688 
1.92053 1.13173 
1.61627 2.36618 
0.704588 3.74675 
1.19601 3.21014 
1.41315 2.83356 
1.46139 2.73635 
1.67568 2.19887 
2.00064 0.0388676 
1.44086 2.78597 
1.83547 1.59496 
1.97435 0.652279 
1.48903 2.67704 
0.742396 3.71669 
0.985605 3.48311 
1.23956 3.14531 
1.97777 0.621962 
1.76493 1.88693 
1.71066 2.07932 
1.21169 3.1863 
1.95496 0.854852 
1.00524 3.46226 
1.39583 2.8713 
1.47201 2.71927 
1.88132 1.37035 
0.832023 3.64091 
1.78533 1.82042 
1.13454 3.29973 
1.57613 2.46838 
1.63605 2.30976 
1.02538 3.43954 
1.71994 2.04775 
1.27117 3.09102 
1.89117 1.30928 
0.934478 3.54465 
1.50095 2.64922 
1.08189 3.36904 
1.84497 1.56174 
0.775337 3.69152 
0.625451 3.80314 
1.69818 2.12097 
1.32619 2.99797 
1.28824 3.06628 
0.64489 3.78924 
1.15304 3.27043 
0.710226 3.7425 
1.59045 2.43326 
1.73418 2.00106 
1.93878 1.00716 
0.965627 3.50669 
1.74772 1.95952 
1.54363 2.54912 
1.98951 0.494379 
1.75341 1.94111 
1.89374 1.29191 
0.507144 3.87058 
0.48985 3.88 
1.53375 2.57629 
0.445742 3.90431 
0.57235 3.8361 
1.90281 1.24604 
1.33971 2.97635 
0.608537 3.81443 
1.85612 1.49995 
0.754519 3.70707 
1.91672 1.16649 
1.60647 2.3908 
1.10475 3.34063 
1.38422 2.89068 
1.79423 1.77344 
1.73134 2.01668 
0.953576 3.51941 
