0.942276 316.182 16.0558 
102.743 241.074 2.07748 
302.72 5.88986 40.0658 
5.08779 0.0735689 123.29 
104.73 36.1032 84.9975 
18.2839 9.91514 151.732 
0.128339 170.731 149.068 
6.69919 73.0559 309.893 
0.496596 0.353242 292.807 
123.133 67.7638 233.726 
151.736 119.213 134.179 
28.6161 161.43 18.7768 
51.1518 55.048 186.493 
75.7383 171.332 95.3241 
27.1082 78.8527 51.2828 
63.87 83.2812 223.153 
18.7872 91.0823 82.6511 
19.1355 173.412 35.3771 
109.485 93.3276 68.0275 
23.8468 128.195 146.038 
8.82453 1.34679 230.613 
32.2562 105.757 188.222 
1.38001 202.595 85.4945 
35.0639 139.995 34.6867 
64.8284 14.3731 170.908 
135.645 62.7963 65.3617 
33.8458 168.386 48.8634 
5.8206 81.3554 210.199 
35.3297 5.11477 163.199 
241.715 69.1721 44.7656 
90.799 52.8184 126.188 
21.5493 107.948 122.413 
85.7306 29.8642 110.882 
76.4786 168.607 63.3755 
146.037 104.002 43.4208 
41.194 21.1643 341.327 
69.3829 35.8226 122.781 
27.1431 0.998553 13.9439 
39.3203 83.817 170.09 
11.4463 54.8782 110.227 
86.4054 11.7765 134.692 
31.0422 60.7762 134.945 
98.2098 116.464 131.989 
3.7717 1.49245 184.632 
16.2198 70.341 106.291 
62.1192 0.370927 103.149 
70.457 6.98925 118.355 
90.292 151.354 87.4917 
12.8705 10.992 138.03 
45.8025 51.2839 56.5729 
139.059 47.7115 36.4775 
64.4638 57.4264 75.2561 
5.19167 124.119 54.0507 
38.4352 20.9879 283.31 
31.9011 148.111 15.1396 
134.82 6.47154 66.6336 
288.559 31.1396 80.2635 
14.8708 23.3969 165.705 
25.5785 6.2142 86.5835 
23.0346 36.4196 211.449 
65.8123 4.45611 203.821 
59.6822 144.814 189.983 
124.318 41.6796 29.3111 
9.12619 4.82061 88.0104 
116.098 98.0778 58.1447 
35.7463 171.522 42.584 
10.2732 43.8509 262.927 
197.961 31.355 7.21259 
6.29882 5.2405 353.83 
51.5737 87.6828 53.9715 
92.7796 53.263 237.349 
9.7311 202.766 93.6553 
268.887 27.7809 4.7485 
40.4752 229.283 40.4208 
65.5416 89.9854 23.3164 
78.3229 73.4048 205.971 
147.33 139.316 16.9718 
101.811 106.08 110.756 
77.9305 65.3578 168.813 
124.8 32.8951 109.872 
29.0087 12.6921 196.379 
108.744 143.144 36.1549 
17.5005 96.9173 100.368 
36.3343 47.3957 83.4953 
3.77823 91.3595 92.4143 
0.597067 7.99782 416.992 
8.25986 103.074 5.12047 
33.1377 43.8334 297.004 
165.651 12.7791 105.848 
44.2072 172.474 148.619 
4.75555 176.404 69.414 
29.3589 17.1217 188.695 
40.3211 31.1025 171.632 
180.926 189.733 44.0098 
81.0991 148.945 88.0782 
192.475 35.3302 29.4122 
197.415 34.0023 122.844 
18.5369 4.75895 188.049 
16.1575 74.0775 83.228 
50.7366 57.6844 114.779 
0 0 0.999747 
0.999747 0 0 
0.999747 0 0 
2.67214e-19 1.15219 0.0394027 
3.49575e-19 1.06066 0.0321941 
0.490834 0.680668 0.0738934 
0.625893 0.276926 0.101112 
0.459504 0.151075 0.410764 
0.0370621 0.0480503 0.944428 
0.873149 0.128584 0.0579021 
0.365077 0.0537629 0.632697 
0.294977 0.246737 0.500516 
0.161143 0.491874 0.385524 
0.569357 0.225066 0.264659 
0.401755 0.0250451 0.620274 
0.0349881 0.85048 0.240991 
0.00799374 0.26937 0.734843 
0.933412 0.0466393 0.0279855 
0.0332961 0.165272 0.806654 
0.59014 0.322469 0.179428 
0.067139 0.295722 0.689998 
0.222055 0.598889 0.199175 
0.8306 0.198025 0.0183274 
0.445549 0.116021 0.542121 
0.512535 0.110059 0.454613 
0.579823 0.315787 0.189066 
0.263457 0.509451 0.239146 
0.195921 0.809364 0.0134253 
0.174708 0.0950288 0.751401 
0.185918 0.354678 0.558079 
0.312164 0.404715 0.324448 
0.0574341 0.203759 0.786421 
0.0209614 0.0826985 0.912844 
0.340795 0.200282 0.525601 
0.0566727 0.583537 0.3984 
0.14914 0.455237 0.427439 
0.901094 0.0771366 0.0432073 
0.198816 0.474957 0.361306 
0.123484 0.749024 0.159793 
0.0781006 0.870025 0.130173 
0.727579 0.0361554 0.252312 
0.247518 0.657392 0.16039 
0.0500581 0.641879 0.349707 
0.641513 0.21422 0.183887 
0.682147 0.00601255 0.336995 
0.184024 0.00550373 0.835231 
0.145923 0.94477 0.00331074 
0.129897 0.457177 0.472586 
0.069631 0.545767 0.456667 
0.0445473 0.136428 0.88618 
0.255756 0.627114 0.134936 
0.0508649 0.891135 0.0882742 
0.0905606 0.975102 0.00401678 
0.549306 0.0987945 0.419611 
0.317434 0.55572 0.215106 
2.39139e-19 1.03113 0.0949541 
0.080273 0.69821 0.285596 
0.661281 0.158374 0.247623 
0.735417 0.281681 0.0343508 
0.125907 0.00218852 0.969659 
0.197173 0.255053 0.60069 
0.775845 0.179899 0.096914 
0.436285 0.237309 0.403516 
0.000786616 0.11298 0.899557 
0.812362 0.192006 0.0300684 
0.297844 0.420013 0.299802 
0.116205 0.796481 0.0932118 
8.21862e-19 1.00832 0 
0.111809 0.341286 0.575578 
0.0890703 0.442118 0.480178 
0.229456 0.531959 0.299397 
0.780215 0.0273855 0.232476 
0.254127 0.775699 0.0372187 
0.12828 0.0236618 0.861718 
0.278231 0.0876505 0.650343 
0.824878 0.084005 0.124798 
0.215974 0.761514 0.0847287 
0.754852 0.292798 0.00151322 
0.364306 0.189465 0.623527 
2.65467e-15 0.987881 0.0522042 
0.09495 0.259639 0.672356 
0.148505 0.712552 0.167697 
0.239171 0.730048 0.0542356 
0.163993 0.911167 0.00406033 
0.712107 0.272752 0.0655121 
0.0643373 0.390255 0.573036 
0.417689 0.535173 0.130823 
0.0128916 0.0567827 0.983185 
0.233519 0.134403 0.738163 
0.520467 0.439329 0.0899419 
0.689634 0.35242 0.00891773 
5.52701e-19 1.05359 0.0481923 
0.0275643 0.139247 0.848651 
0.971894 0 0.0347546 
0.271356 0.235497 0.583548 
0.105781 0.185186 0.770882 
0.792773 0 0.222628 
0.319264 0.719026 0.0843253 
0.332209 0.0543265 0.648983 
0.280318 0.36856 0.358831 
