1.91294 1.53899 
1.06712 1.07738 
1.10018 1.34559 
1.41344 0.808159 
1.89488 0.580707 
1.95882 1.25272 
1.04285 1.10684 
1.10114 1.08278 
1.79973 0.852735 
1.16203 1.04925 
0.708573 1.55043 
1.73704 1.14325 
2.32769 1.24579 
1.01118 1.19766 
0.902498 1.17656 
0.692795 1.55769 
0.970907 1.29878 
1.52474 1.0391 
0.557423 1.42806 
2.18749 1.10864 
0.958598 1.14556 
1.4481 1.18623 
1.69296 0.938496 
1.74345 0.917781 
1.16046 0.974087 
1.02157 1.17478 
1.05234 1.01292 
0.823179 1.18548 
2.0169 1.31538 
1.81128 1.30148 
1.90744 0.807828 
0.898215 0.99899 
0.724399 1.23772 
2.13654 1.22727 
2.27196 1.07197 
0.867384 0.994356 
1.21391 1.19041 
0.571263 1.19836 
1.95357 1.02233 
0.936199 1.04977 
0.885716 1.14951 
0.674287 1.09449 
1.33678 0.841731 
0.949481 1.33163 
0.333733 1.85772 
1.26123 0.80165 
1.73107 0.7154 
1.8309 1.22067 
1.17071 1.44574 
1.68081 0.623105 
1.41568 0.95531 
0.674549 1.43316 
1.5868 1.29855 
1.43134 0.465383 
1.29135 0.966761 
1.2039 1.78892 
0.677678 1.37149 
1.16615 1.48159 
0.953661 1.56836 
0.795771 1.60032 
1.82166 1.50042 
1.36871 0.88464 
1.2879 0.904963 
0.605192 1.18757 
0.611723 1.47513 
0.798844 1.24565 
1.27546 0.948283 
0.869986 1.24649 
0.689091 1.35951 
1.50667 1.24865 
1.15914 1.13654 
0.85353 1.05639 
0.931303 1.20582 
0.747886 1.32013 
0.888117 0.994211 
1.70641 0.616404 
1.48433 0.693652 
1.27261 1.14159 
1.64172 1.59062 
0.834649 1.34841 
1.40692 0.970983 
1.62061 1.45652 
2.16847 1.2267 
1.34138 1.31419 
0.57116 1.86761 
1.26809 1.05045 
0.942705 1.44293 
1.04366 1.41289 
0.589484 1.40238 
0.95727 1.40759 
1.06875 1.18644 
1.59653 0.96514 
1.26591 1.06651 
1.12632 1.41398 
1.45135 0.909842 
1.78116 0.833788 
1.52479 0.993223 
0.960861 1.1913 
1.81927 1.22116 
0.958736 1.01368 
0.990295 0.0122786 
2.8457e-07 1.00866 
0.218875 0.5479 
0.586567 0.245944 
0.904868 0.0583708 
0.942529 0.0543444 
0.51311 0.296173 
0.747665 0.146877 
0.485121 0.329347 
0.725074 0.157063 
0.794537 0.115137 
0.06687 0.750693 
0.0019609 0.973018 
0.764761 0.141034 
0.886529 0.0771502 
0.614614 0.233213 
0.0578258 0.765104 
0.662112 0.20647 
0.205629 0.567656 
0.0945527 0.706941 
0.674669 0.19363 
0.173939 0.599575 
0.542188 0.29257 
0.185027 0.585494 
0.828861 0.112935 
0.86577 0.0885746 
0.083387 0.737197 
0.103788 0.691947 
0.648274 0.216267 
0.14614 0.632383 
0.233323 0.526975 
0.689697 0.185861 
0.028568 0.848058 
0.261074 0.502495 
0.461762 0.33599 
0.975331 0.0295477 
0.707236 0.181051 
0.577315 0.25838 
0.953306 0.0342091 
0.710891 0.164329 
0.0841771 0.720843 
0.443927 0.351519 
0.634269 0.224827 
0.00807389 0.923155 
0.0149263 0.890985 
0.432143 0.360595 
0.00609179 0.942308 
0.054507 0.788427 
0.0141831 0.91005 
0.135913 0.644944 
0.365718 0.405873 
0.785066 0.133253 
0.195506 0.573221 
0.496067 0.315136 
0.163754 0.61244 
0.0323885 0.831793 
0.157129 0.620681 
0.00122425 1.00817 
0.892134 0.0640734 
0.338641 0.430404 
0.324379 0.4515 
0.0222736 0.866233 
0.497137 0.303335 
0.392169 0.397589 
0.546288 0.281403 
0.250819 0.512278 
0.0390755 0.820933 
0.0426648 0.8064 
0.33479 0.445763 
0.112206 0.678243 
0.377307 0.398146 
0.00452042 0.958877 
0.839154 0.0923267 
0.284711 0.478423 
0.355657 0.415045 
0.561634 0.26324 
0.557389 0.272034 
0.45078 0.337916 
0.402237 0.38739 
0.354852 0.429072 
0.976903 0.015022 
0.421281 0.368109 
0.0199191 0.875941 
0.134844 0.65987 
0.951229 0.0473393 
0.833971 0.106956 
0.853466 0.0917281 
0.0480043 0.794369 
0.121555 0.661813 
0.619705 0.228913 
0.297904 0.468859 
0.79267 0.130517 
0.273217 0.490494 
0.410629 0.371204 
0.121253 0.674515 
0.406562 0.379563 
0.311186 0.458622 
0.273515 0.487604 
0.311103 0.46275 
0.29609 0.475519 
