1.82055 0.000352832 3.78762e-33 
1.96782 1.13244e-14 0.0249341 
1.72635 2.75602e-47 4.96198e-67 
1.6681 1.72387e-05 7.01626e-87 
1.61405 3.20981e-10 5.43153e-100 
2.34506 5.57381e-131 1.65203e-12 
1.74959 2.22539e-19 5.47721e-17 
1.78524 1.64813e-63 2.50181e-44 
1.98136 1.09412e-51 5.06234e-64 
1.56995 1.12432e-08 0.0211128 
1.77196 5.22609e-90 5.87436e-16 
1.56541 2.33174e-52 6.82936e-113 
2.01989 2.14158e-13 3.07576e-36 
0.719866 3.57181e-44 1.9634 
1.87284 2.37498e-41 6.23792e-83 
1.51374 0.834904 2.22536e-19 
1.89827 9.29494e-42 6.66805e-49 
1.84856 1.12226e-12 2.3342e-24 
1.92253 1.11489e-08 3.83247e-10 
2.11133 1.84705e-36 6.39758e-69 
1.83353 3.22694e-39 3.4808e-101 
1.58411 3.63833e-32 1.45054e-56 
1.87765 4.86732e-14 8.81386e-227 
2.01809 1.06739e-08 1.76641e-12 
1.83433 4.81413e-69 4.8992e-11 
1.64564 3.1784e-36 1.7103e-47 
1.38507 4.28246e-19 7.51604e-55 
2.13759 3.75391e-18 8.42189e-101 
1.29498 8.9895e-16 6.78206e-16 
1.52802 5.55108e-23 9.13238e-34 
1.51125 1.91787e-12 1.98713e-65 
1.91504 7.57138e-06 0.419045 
1.83203 6.20733e-35 3.47398e-27 
1.79995 3.29239e-230 4.42693e-37 
1.26436 1.19774 5.18135e-30 
1.80363 5.79912e-48 2.72192e-26 
1.7941 2.87004e-10 3.99735e-18 
1.51231 2.4418e-75 2.25899e-155 
1.88452 2.7538e-14 2.82956e-84 
1.82895 3.50175e-28 3.59182e-08 
1.85964 7.27607e-20 5.52947e-155 
1.39447 2.23521e-41 1.82884e-51 
2.01355 1.56489e-44 9.07556e-37 
1.65144 0.102597 1.73141e-44 
1.90019 1.91843e-54 5.0113e-130 
1.71024 0.000182741 1.79424e-47 
1.81849 1.99239e-35 3.01292e-103 
1.57874 2.65988e-18 2.54563e-30 
1.82388 4.80113e-44 1.1382e-44 
1.95086 2.14274e-39 1.82329e-16 
1.99295 7.11211e-21 1.08972e-87 
1.80041 0.0351987 0.0391189 
1.45687 2.26721e-23 4.71271e-14 
1.95512 1.91502e-73 5.20542e-14 
2.2186 2.15482e-10 4.35187e-27 
2.38235 2.40238e-08 9.43996e-12 
1.85269 5.57128e-17 4.88169e-08 
2.13332 1.34338e-36 2.27279e-19 
2.42507 1.37366e-59 3.2477e-32 
1.55557 1.11806e-102 5.80177e-36 
1.91474 6.94245e-74 1.13844e-11 
1.50473 1.28747e-36 2.17896e-38 
1.91951 1.0647e-14 0.00420015 
1.68904 1.54775e-38 2.78866e-24 
1.3692 3.26747e-59 2.72739e-83 
1.95459 3.69502e-38 2.58008e-60 
1.82347 3.32397e-219 2.34378e-20 
2.2733 1.11412e-234 6.72699e-40 
1.77407 0.0924848 1.99781e-77 
1.51187 4.88719e-22 6.11498e-47 
1.70371 7.00051e-15 7.72039e-115 
1.86299 6.95912e-24 7.24558e-61 
1.65367 3.8201e-14 7.18088e-75 
1.46224 7.37299e-93 2.45696e-42 
2.10629 4.17726e-33 1.72658e-75 
1.50678 0.00109455 2.32799e-54 
2.09074 4.13856e-47 2.24085e-06 
1.95985 3.75376e-19 1.59673e-70 
1.65673 1.60515e-84 1.55264e-71 
1.80887 2.03989e-18 7.99887e-13 
1.45687 1.09535e-75 9.32646e-29 
2.00823 2.57861e-186 7.63497e-67 
1.7094 5.30849e-52 1.12782e-05 
1.91 9.55447e-19 2.08242e-106 
1.99483 2.38514e-08 1.75167e-46 
1.58575 2.50629e-171 2.36829e-32 
1.63152 1.31806e-100 3.51669e-63 
1.77651 4.74167e-54 3.15589e-30 
1.69237 2.55914e-20 4.65592e-35 
1.76138 5.63984e-63 1.19801e-30 
1.49704 3.1638e-16 3.66451e-07 
2.02266 1.29794e-77 8.53561e-92 
1.87025 0.0078838 5.68244e-13 
1.78832 1.8142e-45 1.54763e-06 
1.91819 7.62549e-36 1.64773e-88 
1.62635 2.18731e-13 1.19304e-44 
1.73764 1.81867e-05 3.68531e-17 
2.53813 6.04035e-93 1.087e-42 
1.53265 8.3842e-40 8.00109e-16 
1.61689 2.13516e-13 6.22322e-06 
6.12323e-17 1 0 
3.7494e-33 6.12323e-17 1 
1 0 0 
6.12323e-17 0 1 
1 0 0 
4.50889e-17 4.49022e-17 1.03921 
0.455451 0.902951 0.034441 
0.442111 0.631345 0.651231 
0.654739 0.658491 0.429418 
0.81103 0.545854 0.245171 
0.132614 0.235159 0.980742 
0.091292 0.772793 0.64693 
0.0983659 0.982914 0.201206 
0.345666 0.738637 0.619587 
0.643141 0.600791 0.522339 
0.602488 0.288469 0.760563 
0.854632 0.419619 0.383791 
0.0159623 0.889216 0.468836 
0.0710047 0.684144 0.747308 
0.150453 0.968299 0.265723 
0.224712 0.11666 0.99264 
0.919359 0.40011 0.0863331 
0.192629 0.702317 0.719881 
0.208935 0.94823 0.309299 
0.493556 0.807399 0.356917 
0.74445 0.0548945 0.67427 
0.177143 0.0781501 0.99453 
0.971549 0.194346 0.209806 
0.667582 0.47894 0.631389 
0.248774 0.201929 0.94849 
0.9337 0.170602 0.368079 
0.779601 0.506273 0.403407 
0.419437 0.563438 0.723562 
0.902095 0.452059 0.0673612 
0.767485 0.561618 0.333908 
0.282592 0.864872 0.457305 
0.525372 0.11144 0.86497 
0.404322 0.125465 0.923708 
0.980156 0.17909 0.150039 
0.688076 0.516599 0.54948 
0.0257217 0.439308 0.902882 
0.886421 0.430101 0.221928 
0.325835 0.9114 0.30902 
0.259588 0.172944 0.969571 
0.288759 0.0335036 0.963243 
0.0237999 0.533974 0.854129 
0.349423 0.35994 0.878415 
0.790632 0.0925221 0.626859 
0.362182 0.492437 0.811526 
0.511824 0.318848 0.80168 
0.873277 0.338309 0.367584 
0.30209 0.031645 0.968822 
0.754459 0.345479 0.56865 
0.834891 0.392047 0.409903 
0.930443 0.368261 0.181922 
0.56319 0.248817 0.822552 
0.458173 0.709536 0.561381 
0.577188 0.817799 0.100513 
0.388371 0.927274 0.10496 
0.62679 0.757653 0.236555 
0.583279 0.267093 0.785611 
0.503155 0.872396 0.059443 
0.851745 0.523766 0.114822 
0.299714 0.928328 0.268799 
0.731898 0.600397 0.357048 
0.943389 0.325751 0.173762 
0.115333 0.580023 0.833202 
0.535805 0.402276 0.769254 
0.771563 0.308451 0.583974 
0.0561877 0.959642 0.30328 
1 0 6.36264e-202 
0.0336098 0.340527 0.954555 
0.556324 0.794444 0.282083 
0.0454919 0.381399 0.932024 
0.539717 0.724339 0.457702 
0.251715 0.677353 0.701781 
0.306666 0.825968 0.492782 
0.321312 0.838312 0.484546 
0.928731 0.103449 0.381535 
0.639223 0.636575 0.450692 
0.903421 0.136146 0.452126 
0.620087 0.474235 0.679776 
0.378814 0.0491101 0.933204 
0.519121 0.223539 0.833705 
0.104135 0.854905 0.512725 
0.672616 0.436797 0.610578 
5.8769e-17 1.77591e-17 1.00263 
0.842615 0.0977652 0.536367 
0.71445 0.706625 0.105851 
0.487419 0.333158 0.835216 
0.758603 0.30327 0.604382 
0.544539 0.211522 0.826958 
0.0511584 0.798619 0.654734 
0.154412 0.99378 0.0715246 
0.782704 0.424167 0.504593 
0.847589 0.537298 0.223891 
0.710519 0.702737 0.141738 
0.486301 0.14449 0.878889 
0.471014 0.471214 0.754717 
0.827893 0.569265 0.174925 
