2.93472 0.982576 
2.92992 0.981201 
2.84202 1.01601 
2.90522 0.994136 
2.91706 0.992793 
2.92037 0.995835 
2.9124 0.990425 
2.93146 0.986977 
2.91276 0.997477 
2.95242 0.983562 
2.91057 0.990706 
2.92146 0.982464 
2.91891 0.981345 
2.92672 0.984861 
2.9407 0.987186 
2.92952 0.982455 
2.94734 0.985516 
2.93201 0.971615 
2.86194 1.00927 
2.85545 1.02448 
2.87916 1.00895 
2.88001 0.992511 
2.91834 0.986005 
2.93119 0.987545 
2.88186 1.00251 
2.88982 0.991331 
2.92483 0.98361 
2.96417 0.986344 
2.90018 1.00041 
2.89351 0.9844 
2.9437 0.98409 
2.95286 0.984587 
2.92577 0.990896 
2.94408 0.982464 
2.83976 1.02629 
2.96 0.988545 
2.88363 0.996888 
2.90063 0.987161 
2.95657 0.972326 
2.91812 0.997432 
2.95064 0.987588 
2.88284 1.00203 
2.89464 0.99443 
2.92098 0.987995 
2.93362 0.980479 
2.88217 0.99784 
2.96256 0.981818 
2.9266 0.977827 
2.92154 0.985945 
2.93772 0.981662 
2.94455 0.987929 
2.88292 0.999649 
2.96509 0.980648 
2.94812 0.984248 
2.93154 0.983368 
2.93348 0.983666 
2.90321 0.998651 
2.96696 0.987433 
2.90146 0.986746 
2.88522 0.995167 
2.95145 0.982961 
2.94998 0.990562 
2.89953 0.99281 
2.92987 0.985358 
2.91689 0.971685 
2.94851 0.985257 
2.88838 0.972074 
2.94612 0.989334 
2.91022 0.980918 
2.86034 1.02252 
2.94532 0.968626 
2.92804 0.990835 
2.89518 0.98892 
2.94363 0.982457 
2.93765 0.975031 
2.93258 0.986217 
2.90295 0.9933 
2.85485 1.02437 
2.93728 0.98526 
2.88034 0.997658 
2.92048 0.989869 
2.96472 0.982396 
2.95861 0.989018 
2.92329 0.990154 
2.90962 0.981392 
2.92747 0.984848 
2.918 0.985117 
2.93425 0.968389 
2.88654 0.984664 
2.94385 0.98454 
2.84561 1.04689 
2.93197 0.987477 
2.89824 0.994687 
2.96504 0.977007 
2.93634 0.985821 
2.93463 0.985229 
2.95563 0.979373 
2.91983 0.990581 
2.93667 0.976585 
2.92481 0.982738 
0.111534 4.11153 
2.11153 0.111534 
2.11153 0.111534 
1.0606 1.64941 
0.999769 1.70297 
0.830185 1.76157 
0.894851 1.71704 
1.38025 0.947787 
0.121955 3.9718 
1.45699 0.915621 
0.956772 1.71156 
0.384617 2.65427 
0.623667 2.36827 
0.725843 2.01761 
0.342359 2.84655 
1.82976 0.437563 
0.601854 2.41831 
0.354759 2.7862 
1.92246 0.236516 
1.17192 1.4083 
1.09302 1.59616 
1.78889 0.538126 
0.165038 3.39577 
0.435768 2.53674 
1.69374 0.763114 
0.39966 2.60593 
1.19557 1.33544 
0.148391 3.55488 
1.13578 1.50552 
1.31354 1.04332 
1.85839 0.370411 
0.683915 2.16614 
0.115066 4.08766 
0.913816 1.71239 
1.10539 1.57066 
0.77362 1.86754 
0.520661 2.51032 
0.155358 3.47183 
0.130872 3.82064 
0.27377 3.20437 
1.12421 1.53061 
0.287108 3.15054 
0.694975 2.1218 
0.739049 1.97406 
1.29417 1.08005 
1.6662 0.812999 
1.89399 0.289314 
0.815845 1.78618 
1.93902 0.20817 
0.658952 2.25257 
0.29331 3.11847 
1.81402 0.482348 
1.15456 1.45248 
0.330528 2.91397 
1.22513 1.25089 
1.77629 0.574878 
1.48348 0.911955 
0.128345 3.884 
1.35452 0.976302 
0.705807 2.0855 
1.25491 1.17129 
1.63435 0.852111 
0.581495 2.45769 
0.317272 2.98557 
0.368594 2.72197 
0.639809 2.31619 
0.138684 3.67376 
0.643458 2.30461 
0.473091 2.51436 
0.561033 2.48662 
0.789484 1.8312 
0.124731 3.91658 
0.32797 2.92832 
0.797572 1.81482 
0.438825 2.53249 
0.152509 3.49748 
2.06059 0.116611 
0.136194 3.71573 
0.36769 2.726 
1.51068 0.911551 
0.303689 3.06943 
0.74983 1.94139 
0.255344 3.26805 
1.33439 1.00871 
2.02381 0.127898 
1.2004 1.325 
1.87286 0.33453 
2.0992 0.112702 
1.7577 0.620347 
1.65674 0.823194 
0.266213 3.23499 
0.186661 3.32402 
1.70363 0.744314 
1.72657 0.691319 
1.24296 1.2063 
0.479861 2.51266 
1.59237 0.890222 
1.7657 0.600613 
0.14321 3.61793 
1.23854 1.22235 
