1.4983 9.5035 
9.7576 1.13085 
7.66628 5.5683 
1.01105 9.43588 
7.32167 5.69046 
5.30913 8.37058 
8.80843 1.53011 
9.60067 1.09134 
8.75693 3.84588 
9.31246 0.991046 
9.07293 2.6535 
5.46574 7.3396 
9.30996 0.414694 
2.30718 9.2326 
1.56977 9.11453 
3.50062 8.79387 
5.50717 8.03674 
9.49479 0.719209 
4.31226 8.55177 
6.95151 6.7242 
8.94136 3.02209 
9.63207 1.12119 
9.43748 0.651366 
8.53703 4.2425 
1.87446 9.46036 
6.18661 7.10525 
9.04028 3.38248 
9.10798 2.42984 
1.55616 9.33924 
9.31231 1.3547 
4.90064 8.19819 
9.42887 0.158129 
4.9591 8.41109 
7.27349 6.16136 
1.636 9.43687 
0.525693 9.39741 
9.51098 1.68926 
9.1149 1.72388 
9.03028 3.77271 
8.11724 5.1923 
9.47135 2.82759 
8.98291 3.51567 
8.29211 4.45917 
9.33191 0.220889 
0.395151 9.47993 
9.53355 0.111343 
0.16219 9.47907 
6.14167 7.16564 
2.93033 9.20152 
8.93408 2.22919 
3.61566 8.7002 
9.48723 0.736501 
2.06796 9.23008 
6.3249 6.59911 
0.2225 9.09752 
2.23024 9.20195 
4.1231 8.80742 
3.55343 9.0168 
9.15037 2.17879 
6.05704 7.59958 
7.43421 6.16589 
5.6018 7.75606 
9.72899 1.48078 
5.97679 7.15339 
4.87008 8.58802 
3.97699 8.64581 
8.41741 4.70464 
5.94016 7.31656 
6.44365 6.79564 
1.54165 9.29263 
8.8368 4.50244 
9.11287 3.78198 
9.51059 1.22882 
7.64189 5.64033 
3.77447 7.77895 
6.6465 6.39771 
9.1614 0.858786 
9.12746 0.433078 
3.97634 8.63222 
1.79199 9.31186 
5.68841 7.08766 
5.86579 7.62504 
9.07488 1.70144 
9.43412 0.25867 
3.46237 9.06611 
4.89796 7.54648 
8.38388 4.38365 
2.28932 8.8431 
5.95147 6.63219 
8.94694 2.38343 
0.762394 9.54727 
9.58052 0.653094 
6.46992 6.79157 
6.89707 6.21552 
4.06201 8.33002 
7.34679 5.741 
6.66499 6.62686 
6.45662 7.18895 
5.29142 7.88944 
6.72748 6.745 
6.71119e-17 1.09602 
6.71119e-17 1.09602 
1.09602 0 
1.09602 0 
0.737902 0.810409 
0.770896 0.77909 
0.558096 0.943287 
0.976637 0.497436 
0.653013 0.880248 
0.846892 0.695726 
0.165893 1.08339 
0.217462 1.07423 
0.323135 1.0473 
0.518494 0.965622 
0.609395 0.910988 
0.835264 0.709646 
0.417973 1.01319 
0.673426 0.864731 
1.01404 0.415911 
0.136759 1.08746 
0.573131 0.934228 
0.891874 0.637042 
0.108284 1.09066 
0.693374 0.84882 
1.02239 0.394932 
0.0932039 1.09205 
1.08507 0.154578 
0.901916 0.622743 
1.09581 0.0216744 
1.07979 0.187944 
0.489996 0.980391 
0.915592 0.602456 
0.0282571 1.09566 
0.80535 0.74342 
0.857036 0.683193 
0.940369 0.562999 
0.966288 0.517252 
0.923908 0.589624 
0.989346 0.471652 
1.07055 0.234899 
0.0684633 1.09388 
0.954892 0.538 
0.778714 0.771276 
0.143761 1.08655 
0.509201 0.970555 
0.828188 0.71789 
0.96456 0.520467 
1.09407 0.0654192 
1.03415 0.363029 
0.343149 1.04092 
0.309007 1.05156 
0.590525 0.923332 
1.09229 0.0903212 
1.03038 0.37361 
0.874155 0.661147 
1.04177 0.340555 
0.440868 1.00344 
0.361577 1.03466 
0.241618 1.06906 
0.518494 0.965622 
0.722549 0.824127 
0.461054 0.99433 
0.0185458 1.09586 
1.0872 0.138787 
0.722549 0.824127 
1.005 0.437299 
1.06664 0.252061 
0.707448 0.837126 
0.461054 0.99433 
0.707448 0.837126 
0.0528714 1.09475 
0.478865 0.985875 
0.280908 1.05941 
0.256412 1.06561 
0.644738 0.886327 
0.583877 0.92755 
0.88316 0.649069 
0.404943 1.01847 
0.946225 0.553101 
0.997248 0.454708 
1.09435 0.0604641 
0.20326 1.07701 
0.900953 0.624136 
0.559587 0.942403 
1.04846 0.31937 
0.952357 0.542474 
0.375765 1.02959 
0.929913 0.580107 
0.388934 1.02469 
1.0625 0.269002 
0.185454 1.08022 
0.433694 1.00656 
1.07579 0.209612 
1.05821 0.285417 
0.820069 0.727152 
0.91629 0.601393 
1.06543 0.257124 
1.09544 0.0357228 
0.88491 0.646681 
0.631759 0.895624 
