1.1766 2.78254 4.73602 
1.96694 3.18162 4.01346 
1.6787 1.8962 5.21762 
2.29796 1.21981 2.89654 
0.889257 3.59782 4.20427 
1.33284 2.3588 5.70454 
1.00988 2.00293 6.03232 
0.935848 4.04395 3.17729 
0.888296 3.64026 4.35817 
2.12299 3.79289 1.64394 
1.65949 2.66655 4.41317 
1.4651 2.97685 4.52533 
1.40648 2.27822 5.06785 
1.53069 2.34193 4.77032 
0.720508 1.72997 6.10909 
1.54754 2.58284 4.66709 
1.54441 1.88751 5.70642 
1.66679 3.86176 3.13776 
1.94861 2.10009 5.34922 
0.786748 1.99055 6.04785 
1.13439 3.79866 3.47382 
1.71229 3.8787 3.28642 
1.41577 2.97489 4.52522 
2.03073 2.39395 5.06481 
2.05254 2.60522 4.64258 
1.80517 1.69247 5.17903 
2.45482 1.56431 4.36078 
1.39683 2.22198 5.56352 
0.806603 2.36246 5.8811 
2.26423 2.21167 4.31998 
2.19596 2.16316 4.17776 
2.11761 3.71631 1.02453 
2.5465 2.22024 2.64229 
1.62248 3.58403 3.38641 
0.818408 1.86944 6.18839 
1.67465 2.06171 5.55934 
1.08137 3.22451 4.08737 
1.75367 3.89262 2.04393 
2.58522 2.02676 3.32095 
2.27251 2.92141 2.77668 
0.635035 0.727246 6.58973 
1.96893 2.73184 4.37477 
2.21504 2.83804 4.2594 
2.13029 3.43808 2.32263 
1.19571 2.41327 5.07056 
2.82468 1.36796 1.47135 
2.73468 2.05185 2.80832 
1.30709 1.72747 5.86129 
0.980146 2.80471 5.6157 
1.8633 2.71336 5.24074 
2.39433 1.61531 4.80896 
1.26906 0.957001 5.84928 
1.87138 3.07636 4.53835 
2.12323 1.73871 4.86597 
2.38534 1.82272 4.19005 
1.01853 1.22495 5.98575 
1.67946 1.76629 4.83918 
1.85415 3.17436 4.53813 
0.961327 2.19811 5.82629 
2.39866 1.72051 3.93449 
1.69015 2.95222 3.4294 
1.18262 3.26306 4.20195 
0.848086 3.7954 4.1699 
0.796558 0.726334 6.54947 
1.71687 3.22024 3.53288 
1.07544 1.63894 6.37645 
2.20127 1.97287 4.92766 
1.86929 2.60728 3.80035 
2.26165 1.79658 3.64437 
1.86547 2.47735 3.77432 
2.07354 2.21254 4.70573 
1.61987 1.99691 5.7959 
1.34972 3.93107 3.64297 
0.692884 1.24587 6.54912 
1.29939 3.34729 4.18108 
1.99258 2.4966 3.78129 
0.671537 2.41047 5.66465 
2.28951 3.26765 3.19356 
1.24615 1.36213 5.91731 
1.16544 2.55732 5.564 
1.66898 2.72602 4.01893 
1.01669 1.197 6.50227 
1.22622 1.5122 6.27472 
0.575395 1.02973 6.50704 
1.21663 1.53362 6.45114 
1.69837 3.71453 3.35996 
2.2484 1.75449 4.67772 
2.38795 2.69662 3.03023 
1.60664 2.00759 5.79425 
1.59724 2.24593 5.5361 
2.45852 1.42719 4.1893 
2.06951 2.70174 4.47881 
1.45597 2.83813 4.22058 
1.82156 3.50213 3.18484 
2.31092 2.59485 2.07146 
0.918019 3.78898 3.09885 
0.82323 0.633966 6.32337 
1.79289 3.02426 4.52127 
1.91382 3.32555 1.26992 
2.13948 1.61865 4.56438 
0.0133834 4.00268 0.00273988 
0.00492635 0.00466067 6.00466 
2.20336 0.203359 0.203358 
0.00773198 4.00726 0.00726311 
2.15379 1.33112 1.90659 
1.95968 2.202 0.764081 
2.09576 0.604101 2.8011 
1.73332 2.96574 1.00428 
0.0704597 3.92038 1.63234 
0.31543 1.69423 5.89336 
0.134305 3.39511 3.60854 
1.14565 3.45887 2.39788 
1.10035 1.0062 5.14549 
1.04037 1.61296 5.03698 
0.452603 2.49191 5.11445 
2.05921 0.374648 3.18494 
1.1995 0.828432 5.21903 
1.45846 3.23905 1.38068 
1.07325 1.25877 5.39763 
1.93786 2.66677 1.06242 
0.353229 3.86221 2.18025 
0.933563 3.61973 2.72126 
2.11355 0.752349 2.52561 
1.56799 2.1738 3.76571 
0.819037 1.12652 5.66686 
1.61601 0.438223 4.78767 
1.12839 3.39801 2.65146 
1.6728 0.716088 4.34017 
1.65077 1.93367 3.53032 
0.192234 3.15707 4.05287 
1.22592 1.98173 4.70305 
1.79699 2.92534 0.492673 
1.85582 2.50799 2.04962 
0.712573 0.48387 5.92172 
1.91526 2.391 2.01259 
0.0504805 3.96303 1.2113 
1.98804 1.80308 2.46191 
0.396553 2.0087 5.54207 
0.620441 3.78418 2.29553 
0.433965 1.47075 5.95004 
1.05716 2.34057 4.40164 
0.532838 2.5957 4.84776 
0.607818 1.19067 5.72288 
0.898907 0.240046 5.81285 
0.562473 1.54671 5.59128 
1.23617 3.5284 1.50732 
1.49188 3.38473 0.62085 
0.773903 2.68962 4.25053 
1.16438 0.194598 5.44205 
1.46924 1.39962 4.60956 
1.323 0.799845 4.91686 
2.00787 0.283527 3.32324 
0.700713 3.2341 3.78324 
1.31193 2.14995 4.10008 
1.36191 2.85322 2.97502 
0.5189 0.0941768 5.95694 
0.497113 3.97037 0.064892 
0.842594 0.958431 5.56279 
1.0089 3.64961 2.02957 
0.222901 3.34816 3.85915 
0.721766 1.50446 5.62151 
1.96741 1.87639 3.03672 
0.827354 3.88461 1.49109 
1.01413 3.6778 1.76069 
0.958687 2.12935 4.91536 
1.35023 0.320712 5.32562 
1.71899 3.10794 0.405389 
1.42396 3.49116 0.733112 
1.54221 3.32338 1.19994 
0.508269 0.11836 6.00321 
0.861332 3.79634 0.0986254 
1.03347 1.9547 4.97954 
1.40675 2.82169 3.44747 
0.279018 1.72631 5.86453 
1.84625 2.72488 0.615906 
1.42941 3.29832 1.67637 
1.36646 2.56309 3.99517 
1.59259 1.05025 4.4535 
1.7475 2.11646 3.37895 
1.39058 3.2997 1.78275 
1.68928 2.36557 2.7703 
0.673739 3.0781 4.1811 
1.8269 0.365189 3.92884 
0.61181 2.74614 4.61831 
1.87779 1.25289 3.44467 
1.77543 2.43185 2.29672 
1.92354 0.879412 3.37195 
1.41839 2.26948 3.96217 
0.155933 3.74074 2.76713 
0.166542 3.72618 2.87691 
1.88764 0.273614 3.81683 
1.26255 3.02314 2.89379 
1.63579 0.861208 4.58548 
0.367859 3.82493 2.15374 
1.96926 2.2823 0.379837 
2.02267 1.99203 1.86219 
0.657142 3.9469 0.103316 
2.07062 2.0654 1.12099 
1.28056 3.276 2.59976 
0.107561 3.86641 2.15777 
