1.21207 1.14028 3.93792 
0.601786 0.678307 6.37212 
1.45916 1.86045 1.71786 
1.28163 1.47378 2.50825 
1.25287 1.77827 3.3885 
1.07913 1.73911 2.72768 
0.581468 0.621466 6.18573 
1.2881 2.40371 1.85493 
1.32303 1.06009 3.6246 
0.969603 1.9065 3.48715 
0.87985 1.34147 4.57467 
0.925553 0.983387 4.31841 
0.832111 0.904611 5.12074 
0.995316 2.40806 2.43065 
0.890245 1.46057 3.86418 
1.3394 1.63888 2.95386 
0.648084 0.688926 6.16954 
0.929484 1.7147 4.38263 
1.59105 1.35665 2.9079 
0.823328 1.39192 4.37639 
1.73962 1.39939 1.77977 
0.668514 0.881617 5.53657 
0.964878 0.981305 4.87032 
1.08217 1.36429 3.4363 
0.751224 0.848413 5.22669 
0.950984 1.84449 3.48141 
0.772466 1.29178 4.88888 
0.885779 1.48032 3.72858 
0.921603 1.48309 3.77398 
0.873859 1.68881 3.56674 
0.951917 1.26761 4.42359 
1.48201 1.43443 3.04531 
1.52915 1.42272 2.32511 
1.11737 1.31035 3.64373 
0.884723 1.64811 4.20396 
1.08554 1.61115 3.61124 
0.865745 1.98562 3.38644 
1.0581 2.52973 2.38976 
1.39433 1.73011 2.15789 
0.948714 1.3581 3.86126 
1.31922 1.88456 2.60382 
1.2234 1.41678 3.19933 
0.917365 0.848759 4.90377 
0.801197 1.17045 4.91155 
0.931635 1.49562 4.61824 
1.11216 2.39079 1.94225 
1.29917 1.87688 2.70501 
0.683103 0.791418 5.39537 
0.99088 1.22429 4.04232 
1.13931 1.85804 3.08975 
1.2776 1.84867 3.11735 
1.22596 1.79878 2.28715 
1.0247 1.00785 4.12039 
1.35286 2.79244 0.921875 
1.00432 1.64918 3.12472 
1.21177 2.30967 1.97243 
0.881466 1.37385 4.08697 
1.08078 1.201 3.74817 
0.949728 1.14829 5.01879 
0.640668 1.07086 5.04789 
0.842057 1.00137 4.86698 
0.823234 1.19488 4.2172 
1.12862 1.59631 3.02481 
0.948601 1.37841 4.19676 
0.745841 1.10485 5.27738 
0.967475 2.25249 3.41575 
1.1912 1.64447 3.44244 
1.44747 1.95177 2.10757 
0.990355 1.55138 3.42135 
1.01459 1.28147 3.54321 
1.16797 1.67394 3.71008 
1.07811 1.7043 3.09895 
1.43845 2.23468 1.71102 
0.64593 0.628137 5.8392 
1.60506 2.0684 2.22635 
0.767091 0.876351 5.68966 
1.17789 2.30426 2.15328 
1.33018 1.81648 2.71092 
1.12398 1.74915 2.89875 
0.813954 1.2684 4.99605 
1.05825 1.57886 3.24123 
1.07209 1.73994 2.81672 
1.15301 2.33174 1.66025 
0.744975 0.76114 6.04384 
1.06194 1.74636 2.95456 
1.49699 2.19491 0.756115 
1.18322 1.84926 2.95605 
0.923968 1.37653 4.25985 
1.264 2.49865 2.22489 
1.23256 1.3191 3.68145 
1.06169 2.23157 2.20883 
1.24397 1.23139 2.99891 
1.25788 0.969685 4.27617 
0.921972 1.28157 3.72173 
0.965378 1.04315 4.2955 
0.941834 1.60868 4.19434 
1.00845 2.8579 2.08122 
0.943224 2.22398 3.14004 
1.14342 1.8207 2.3547 
0.738084 0.901594 5.32903 
1.00034 2.00032 0.000334243 
2.99991 1.00005 0.999954 
1.00067 1.99967 0.000333952 
0.000370382 0.000370386 6.00037 
0.000370382 0.000370386 6.00037 
0.46551 0.904101 3.30037 
1.19329 1.86917 0.19264 
1.49142 1.75471 0.245849 
0.260652 0.50282 4.51778 
0.486338 0.954646 3.15545 
0.158957 0.30283 5.12099 
1.85039 1.57826 0.426365 
0.241145 0.467241 4.61869 
0.133842 0.259642 5.23838 
2.55701 1.03725 1.96311 
1.55159 1.53684 0.909082 
0.185189 0.358016 4.94901 
0.0872449 0.156659 5.57947 
0.179989 0.330489 5.06349 
0.555042 1.0605 2.83647 
1.02589 1.97416 0.0475029 
1.99603 1.50456 0.498873 
0.0452915 0.0827859 5.77764 
0.44088 0.858363 3.43792 
2.10004 1.35764 0.977714 
0.22356 0.435114 4.7121 
0.281784 0.541297 4.4018 
0.772078 1.24699 2.27576 
1.14329 1.92836 0.0716435 
2.15354 1.09162 2.36496 
1.37083 1.48096 1.28449 
1.78042 1.20338 2.15346 
0.507843 1.00544 3.00704 
2.9088 1.04705 0.954881 
0.307091 0.57512 4.317 
0.640013 1.18413 2.4603 
0.337113 0.645422 4.09196 
1.6947 1.34687 1.51842 
1.09991 1.91714 0.139059 
0.200117 0.386029 4.86592 
0.351877 0.66542 4.03772 
1.6319 1.14364 2.60044 
0.411577 0.79285 3.64058 
0.842945 1.60453 1.17263 
0.736735 1.09942 2.78715 
1.45911 1.67839 0.530504 
1.92841 1.41781 0.937651 
2.22057 1.39468 0.611956 
0.0675958 0.124615 5.65743 
1.43395 1.35012 1.75616 
0.0600891 0.112314 5.68702 
2.66582 1.1072 1.19837 
0.695128 1.13419 2.6439 
0.989831 1.43712 1.61937 
2.02794 1.21796 1.80735 
0.417443 0.775144 3.71621 
0.331797 0.602355 4.27054 
1.27608 1.3749 1.71164 
1.59726 1.29935 1.8481 
2.74843 1.04444 1.43781 
0.136822 0.244487 5.33279 
2.36853 1.2929 0.794234 
1.62236 1.69754 0.314103 
0.3756 0.697407 3.96445 
2.29688 1.06485 2.45159 
0.388107 0.732161 3.83647 
1.74529 1.63127 0.373965 
0.441572 0.829687 3.54523 
2.2806 1.27729 1.0713 
2.78832 1.04292 1.30665 
0.430617 0.819353 3.59745 
0.103688 0.183804 5.51014 
0.587355 1.15724 2.53127 
0.889079 1.26185 2.22669 
0.524635 0.977707 3.09293 
1.9251 1.35342 1.23622 
0.0201097 0.0295034 5.95216 
1.07403 1.89027 0.233222 
0.0408599 0.0633991 5.87441 
1.36817 1.45503 1.35319 
0.238455 0.425788 4.80098 
0.285547 0.55307 4.36125 
0.46854 0.853134 3.48765 
1.27955 1.29577 2.01614 
0.21248 0.404063 4.82109 
2.42889 1.20613 1.12143 
2.51033 1.24612 0.755612 
0.673358 1.26313 2.21532 
0.35468 0.621914 4.22141 
2.45011 1.2765 0.725577 
1.26324 1.66254 0.751142 
1.52286 1.72509 0.330149 
0.100751 0.191493 5.45075 
0.925597 1.23684 2.35233 
0.922762 1.63862 1.04228 
0.110355 0.208437 5.40606 
2.34646 1.01983 2.68439 
2.85122 1.01904 1.30659 
2.20903 1.29121 1.11419 
2.67353 1.21989 0.855649 
