1.8647 2.06218 
0.771662 4.19937 
1.9844 1.60539 
1.87918 1.64007 
1.75549 2.56966 
1.57042 2.26302 
1.16682 3.22763 
1.78325 2.24702 
2.01292 1.71079 
1.3812 3.01344 
1.31494 3.12999 
1.62451 2.15287 
1.4912 2.63979 
1.41731 2.81739 
1.33313 2.82052 
1.87173 2.12766 
1.25334 3.20996 
1.30637 3.42898 
2.14236 1.74222 
1.21135 3.17781 
2.28266 1.12433 
1.08916 3.38415 
1.64184 2.4819 
1.65628 2.17612 
1.3934 2.71483 
1.35906 2.97338 
1.10377 3.50734 
1.32615 2.76938 
1.37932 2.74868 
1.25719 2.97009 
1.47229 2.79037 
2.03668 1.91371 
2.10505 1.4517 
1.7066 2.20208 
1.25605 3.30443 
1.57918 2.63323 
1.21371 3.18827 
1.51614 2.79972 
1.93162 1.73824 
1.46161 2.57382 
1.82658 2.19501 
1.80194 2.02959 
1.69606 2.20551 
1.2297 3.21559 
1.34212 3.31025 
1.56785 2.42698 
1.80498 2.2543 
1.29835 2.83882 
1.57077 2.41376 
1.62026 2.55662 
1.77941 2.47199 
1.74607 1.96052 
1.74048 1.99519 
1.86599 1.99663 
1.47877 2.46688 
1.69275 2.29027 
1.33874 2.8455 
1.71005 2.10283 
1.4943 2.96981 
0.914417 3.57636 
1.4372 2.7048 
1.32364 2.70502 
1.65457 2.22095 
1.43413 2.82821 
1.10325 3.52376 
1.37578 3.26493 
1.70389 2.4919 
1.95438 1.93358 
1.47449 2.53437 
1.60622 2.15621 
1.6661 2.69958 
1.56586 2.44448 
1.93842 1.96591 
1.49564 2.49192 
2.09336 2.07371 
1.33071 3.14155 
1.65344 2.40767 
1.84294 2.18294 
1.62006 2.33865 
1.18598 3.45014 
1.56464 2.3894 
1.55866 2.32426 
1.61422 2.19894 
1.44128 2.98316 
1.54064 2.42412 
2.00869 1.36776 
1.67566 2.43755 
1.39389 2.90125 
1.76683 2.51991 
1.82328 2.18494 
1.50054 2.49414 
1.91033 1.58547 
1.98381 1.94384 
1.46918 2.37619 
1.63097 2.24152 
1.35645 3.15956 
1.48221 2.88654 
1.33947 3.12416 
1.64472 2.08294 
1.28327 3.01292 
2.00024 0.000238228 
0.000357964 4.00036 
1.43988 1.14399 
1.40296 1.21626 
1.94738 0.114738 
1.91487 0.199774 
0.692804 2.64277 
0.526394 2.972 
1.34325 1.32979 
0.601811 2.8188 
0.661654 2.68248 
0.87671 2.27831 
0.0355513 3.94164 
0.826953 2.36865 
0.582563 2.85046 
0.323609 3.37935 
0.159693 3.69786 
1.53022 0.977979 
0.802338 2.4176 
0.426887 3.15854 
0.409853 3.21305 
1.62932 0.765541 
1.06297 1.89238 
0.340457 3.33539 
0.302707 3.42392 
1.08857 1.86253 
0.650759 2.73037 
1.65598 0.707574 
0.0461484 3.92365 
0.12383 3.76065 
0.961009 2.10339 
0.144831 3.7467 
1.76256 0.494013 
1.04598 1.9288 
0.895984 2.23012 
0.932563 2.16876 
1.72006 0.588621 
1.26839 1.48442 
1.60237 0.820898 
0.481854 3.0751 
0.070221 3.87365 
0.787113 2.44855 
1.17163 1.68338 
1.87695 0.265655 
0.457883 3.10294 
0.180476 3.65584 
0.717493 2.61564 
0.853196 2.31609 
0.20016 3.6182 
1.84017 0.338544 
0.44936 3.133 
0.558728 2.89855 
0.549649 2.91839 
0.627229 2.76483 
1.1931 1.6391 
1.57526 0.868798 
1.67928 0.670943 
1.21663 1.60102 
0.263674 3.49414 
1.22657 1.57146 
1.69735 0.647729 
0.357799 3.30138 
1.36958 1.28411 
1.55211 0.931244 
1.89664 0.233481 
1.15779 1.72255 
1.11968 1.78459 
0.222526 3.58298 
0.847556 2.34063 
1.70459 0.609057 
1.50729 1.00151 
1.74237 0.55633 
1.24908 1.52385 
0.103366 3.80043 
1.49378 1.03343 
1.4538 1.109 
1.09983 1.82499 
1.82828 0.35933 
0.749934 2.51392 
0.504309 3.00431 
0.987753 2.05853 
1.55652 0.922393 
1.47652 1.07502 
1.77767 0.456011 
1.8576 0.299995 
0.490009 3.03953 
0.906088 2.20507 
1.28434 1.45621 
0.999743 2.03308 
1.79617 0.432066 
0.0873039 3.83655 
1.32829 1.37661 
1.57202 0.875399 
0.281579 3.45185 
1.13788 1.75404 
0.388548 3.24059 
1.18478 1.65309 
1.03091 1.96078 
0.975578 2.08158 
1.61869 0.786353 
