0.93113 1.33645 
1.03685 1.0596 
1.37824 1.04521 
0.773111 1.32703 
1.6968 1.28105 
0.937966 1.58348 
0.724059 1.14263 
1.70377 0.828857 
1.27777 1.25063 
2.08924 0.920401 
1.26954 0.924436 
2.51777 1.10537 
0.984229 1.07231 
1.71356 0.486437 
1.34373 1.34254 
2.28388 1.2313 
0.80058 1.28823 
1.36896 1.41264 
0.357642 1.45094 
0.833382 1.19746 
1.264 1.17803 
1.05972 0.97853 
0.685763 1.52216 
0.892385 1.05129 
0.704244 1.3009 
1.71463 0.712982 
0.891939 1.12714 
0.979573 0.851305 
0.957417 1.48657 
0.812719 1.30372 
1.25227 0.916102 
0.781533 1.08113 
0.930928 0.982787 
1.36301 1.12016 
2.33876 1.40598 
1.13181 1.32952 
0.701079 1.24113 
1.49802 1.31211 
0.47113 1.11375 
2.1182 0.619376 
1.13528 1.11264 
0.986534 1.2799 
0.975337 1.20443 
1.01727 1.45799 
1.02973 1.16067 
1.84909 1.00151 
0.906946 1.43026 
0.971053 1.55533 
1.33487 0.937862 
1.76646 0.815629 
1.605 0.866642 
1.49713 0.977786 
1.79599 1.38339 
0.727055 1.53779 
1.10953 0.997584 
1.51823 1.41349 
1.50214 1.07146 
0.846883 1.29524 
1.03993 1.09459 
0.941993 1.52287 
0.666187 1.41272 
1.27776 0.939902 
1.5568 0.652023 
2.26823 1.40208 
0.895716 1.04405 
0.632022 1.39705 
0.511471 1.68264 
1.2492 1.6113 
1.60724 1.24031 
1.47005 0.940412 
1.80171 0.968517 
1.60828 0.923627 
0.480205 1.28395 
1.14675 1.0733 
0.596299 1.11602 
0.971293 1.30104 
0.946584 1.06643 
1.48613 1.25354 
1.05888 1.25194 
1.48406 1.23305 
0.93396 1.49376 
1.98299 1.30274 
0.968881 1.43991 
1.99337 0.754052 
2.49737 0.677548 
0.855158 1.38363 
0.928191 1.2491 
1.24848 1.33295 
0.914298 1.0875 
1.02378 1.19654 
0.831003 1.42512 
1.17307 0.72371 
0.764009 1.39963 
1.36835 1.24773 
0.541614 1.56735 
1.37629 0.864183 
1.19557 0.844695 
0.725903 1.66594 
2.14812 0.874808 
1.74767 1.13857 
1.00288 0.00713303 
6.07909e-07 1.00999 
0.305682 0.466805 
0.657908 0.214734 
0.0737652 0.745285 
0.376706 0.404199 
0.785422 0.123704 
0.482396 0.328028 
0.458148 0.33791 
0.834763 0.101289 
0.152573 0.630202 
0.982137 0.0183333 
0.359626 0.418448 
0.160018 0.609438 
0.954672 0.0376953 
0.763735 0.14637 
0.81108 0.123475 
0.38735 0.390995 
0.141939 0.642323 
0.605001 0.235228 
0.286282 0.482986 
0.739999 0.15362 
0.0290283 0.844333 
0.927625 0.055181 
0.977701 0.0321238 
0.315335 0.450086 
0.0490604 0.792578 
0.181102 0.58568 
0.90878 0.0590004 
0.824445 0.114165 
0.594834 0.245785 
0.0345481 0.826566 
0.0935731 0.709216 
0.246027 0.518104 
0.173503 0.601666 
0.685099 0.204797 
0.936251 0.0396417 
0.765775 0.130483 
0.709217 0.179386 
0.637301 0.215827 
0.0233271 0.862371 
0.265013 0.510371 
0.582016 0.257763 
0.00803567 0.926027 
0.509794 0.311453 
0.0617989 0.765386 
0.695537 0.18606 
0.555316 0.270357 
0.131145 0.656628 
0.00382735 0.982521 
0.019814 0.879204 
0.196321 0.578317 
0.401819 0.380938 
0.719699 0.166028 
0.873908 0.0828162 
0.512123 0.29525 
0.0594853 0.772963 
0.564138 0.258655 
0.855184 0.0936848 
0.210209 0.549419 
0.118596 0.680388 
0.0176356 0.897486 
0.0135841 0.91113 
0.542276 0.278268 
0.220878 0.540272 
0.00433253 0.954009 
0.420458 0.367499 
0.893382 0.0668317 
0.265248 0.493699 
0.124678 0.666074 
0.108112 0.701682 
0.446986 0.344478 
0.88899 0.0761613 
0.0831061 0.731066 
0.724987 0.154768 
0.083322 0.722007 
0.0405472 0.810503 
0.411611 0.374843 
0.342674 0.427615 
0.11235 0.692204 
0.276904 0.485765 
0.00453145 0.945464 
0.431191 0.356836 
0.00242956 0.992918 
0.527064 0.288721 
0.857118 0.0843929 
0.238154 0.528584 
0.624843 0.22798 
0.68668 0.198774 
0.237304 0.538634 
0.332373 0.441705 
0.440793 0.356172 
0.047905 0.807664 
0.349494 0.426921 
0.493132 0.319516 
0.535379 0.288539 
0.201162 0.559483 
0.626979 0.227974 
0.20094 0.564964 
0.331308 0.445947 
