15.1065 17.0797 17.5222 
18.2854 9.03336 16.2738 
26.0993 26.6727 36.8584 
12.158 11.5259 12.7613 
14.5458 8.93326 14.6032 
11.0888 16.613 13.9686 
12.4661 25.1693 20.7853 
18.4292 13.4626 14.3435 
16.2787 22.2522 16.9361 
16.6224 14.8677 15.4506 
13.0221 10.1689 13.0089 
15.7011 17.4068 18.1271 
28.7132 22.9781 22.183 
24.7628 16.151 10.6752 
25.9833 19.3108 29.0703 
14.8298 11.8331 11.0848 
15.7177 23.5402 19.2959 
28.3279 22.9524 15.769 
16.3368 8.50223 11.8988 
11.983 13.6921 8.47639 
31.4924 32.9785 15.2385 
24.9081 19.6189 28.8291 
20.0381 10.5013 17.2205 
15.4826 11.3145 19.1132 
28.1922 6.02686 30.7829 
13.7746 8.87521 16.0539 
14.0725 14.537 16.4921 
14.9147 15.0238 14.6009 
14.6136 11.7491 14.7193 
15.745 10.2508 8.27202 
11.1258 15.8409 22.7289 
16.1857 11.4568 16.9849 
12.8114 27.5783 32.2076 
18.4449 12.3886 21.817 
20.4281 20.7753 18.2321 
18.1353 26.146 24.0916 
11.7097 17.8072 20.5161 
41.154 32.405 37.9402 
13.2387 16.8995 12.7745 
39.9223 15.8405 31.2678 
19.1324 10.968 14.8331 
17.6021 19.0807 16.5093 
10.4524 18.6195 14.1346 
41.8569 38.0576 35.6662 
30.2232 14.2157 17.2781 
12.1304 14.059 21.6214 
11.3779 14.2494 14.292 
20.3346 14.6214 15.6613 
23.436 25.4618 28.8821 
17.0789 18.0138 16.8307 
20.2823 6.95038 21.1687 
14.6728 37.6386 26.4454 
21.7486 45.5158 18.6753 
11.269 32.0447 18.7701 
19.8797 16.8107 20.4916 
6.82134 12.2788 16.8654 
14.9251 18.0833 32.8598 
15.1642 7.76815 13.7118 
9.08473 9.71269 16.075 
31.3734 36.956 26.6515 
20.3641 21.5163 24.5599 
11.0789 30.2945 10.8652 
23.2799 29.4769 17.9517 
23.0526 8.00807 14.7259 
13.1237 21.1541 15.7102 
19.0675 42.7575 23.626 
19.5584 23.1418 33.837 
17.0722 10.3041 10.2026 
23.1063 15.6106 21.2178 
16.8391 38.8171 35.6088 
14.3026 11.9656 13.3459 
17.993 16.4631 8.80431 
20.4737 9.26127 15.585 
43.2597 25.6174 25.7745 
16.4861 21.3644 27.5236 
11.9946 22.0376 33.643 
14.2624 19.2972 13.8089 
5.91618 13.4255 17.6972 
38.7076 20.4455 18.5101 
9.84173 14.4769 6.81633 
15.2363 12.8927 14.2243 
18.0853 21.1377 21.7558 
12.8063 19.3568 9.85431 
16.8417 16.6736 18.9263 
9.74361 20.3868 17.0391 
13.6201 15.5775 15.0944 
15.2547 14.2076 16.6334 
12.6836 15.792 18.5068 
10.3038 17.043 24.0273 
7.30887 16.9991 10.6983 
13.0129 32.0907 27.5919 
17.7086 8.36032 13.6188 
14.5879 18.6032 13.5239 
13.216 17.6607 19.4312 
12.2897 12.3502 19.1857 
22.5207 25.7448 14.2957 
14.8873 10.1151 15.6872 
23.2276 19.8215 24.9647 
10.5643 14.336 7.17351 
12.7154 17.8685 15.2398 
6.4637e-05 9.12387e-06 1.02917 
1.24088e-07 0.946853 1.13667 
1.2865 0.0505036 0.0103727 
1.02623 0.332315 2.04741e-08 
2.38783e-06 0.486099 1.315 
0.447622 26.5565 0.90898 
1.08161 0.0505036 0.0110861 
0.869089 24.9792 0.51375 
0.567823 23.0699 0.835887 
0.730512 19.9308 0.70385 
0.844884 26.1146 0.563439 
0.929597 18.0044 0.412649 
0.838446 23.7255 0.574038 
0.535131 9.37444 0.853893 
0.327789 5.00973 0.971713 
4.90531e-06 4.00055 1.10177 
4.75941e-07 0.560384 1.2488 
0.996815 8.09665 0.235526 
0.192699 4.533 0.993577 
0.28095 10.13 0.971262 
0.0319994 2.57063 1.01664 
6.60234e-06 1.09628 1.05187 
0.365241 21.6734 0.946194 
0.833859 24.5783 0.576632 
0.247197 18.8883 0.977251 
0.931399 1.35811 0.450264 
0.43016 3.47152 0.949827 
0.054618 1.84568 1.00347 
0.166925 5.40686 0.998351 
0.824522 19.3707 0.587775 
0.789506 7.13379 0.670719 
0.876516 14.5603 0.542945 
0.487133 20.6812 0.888879 
0.655043 14.2205 0.775913 
4.90531e-06 0.77399 1.18627 
0.714446 11.9394 0.729524 
0.964838 13.1057 0.287739 
0.450649 22.1971 0.906822 
0.743554 7.45627 0.71458 
0.223314 5.09226 0.987424 
0.604681 10.6634 0.807685 
0.274113 7.95409 0.973464 
0.99245 14.3145 0.17625 
0.640442 10.2585 0.796527 
2.38783e-06 0.77399 1.2373 
0.476912 17.2968 0.892575 
0.969842 8.87571 0.275849 
0.944401 18.4898 0.370042 
0.850104 3.45018 0.637349 
0.0428305 2.37944 1.00832 
0.461883 8.4786 0.912399 
0.1343 20.3796 0.995124 
0.590483 17.6736 0.818555 
0.962338 13.7317 0.311604 
0.626747 15.5696 0.805649 
0.903924 9.81475 0.46407 
0.917792 9.52233 0.455056 
0.109958 1.2416 1.02455 
1.00034 8.28302 0.122884 
0.937838 15.8893 0.391582 
1.00215 0.174106 0.0395256 
0.778978 12.5265 0.638494 
0.0654569 4.91981 1.00311 
4.90531e-06 0.855398 1.17597 
0.395882 16.4595 0.927794 
1.00246 20.17 0.0278687 
0.955389 14.8971 0.347469 
0.782675 11.5047 0.647916 
0.697168 17.1579 0.742926 
1.00063 11.7746 0.113309 
0.998488 5.87009 0.154209 
0.0165512 7.53261 1.0105 
1.00124 14.5622 0.0771724 
0.809714 8.68974 0.611078 
0.687073 6.88638 0.750368 
0.861693 12.2417 0.58819 
0.376972 4.16585 0.958514 
0.0981988 1.34696 1.00399 
0.95825 15.4266 0.324525 
0.508091 22.5079 0.878224 
0.506234 18.5803 0.87884 
0.145584 13.5226 1.00018 
0.896576 12.8903 0.485361 
0.162755 16.9251 0.993771 
0.755562 11.1831 0.673355 
0.802119 9.20745 0.628551 
0.998488 8.97522 0.153244 
0.390834 15.0749 0.941188 
0.987197 12.6708 0.195953 
0.881913 15.7357 0.500919 
0.525785 9.82999 0.871742 
0.407155 4.1074 0.926743 
0.577208 17.0795 0.832705 
0.995938 10.3031 0.203095 
1.01708 3.92102 0.00669802 
1.00105 15.8195 0.0759782 
0.969842 4.74157 0.281006 
0.824991 10.5498 0.602682 
0.590483 16.5218 0.822694 
0.854537 13.6656 0.561655 
