1.61078 2.83075 4.48571 
0.635488 2.91146 5.30352 
1.12412 1.84512 5.96106 
1.88304 2.89542 3.05221 
1.70818 2.10834 4.83819 
0.814146 0.860239 6.29605 
2.38088 0.629049 3.23728 
2.3361 2.69746 1.84874 
1.64404 2.39198 4.37818 
1.89876 2.6122 3.13508 
1.11594 4.16155 2.84538 
2.01094 2.66025 2.43367 
1.44265 2.99411 3.98289 
1.42917 1.90049 5.47879 
2.32416 1.93925 2.84656 
1.66653 2.38772 4.67383 
0.859501 0.645027 6.44326 
1.64527 3.32587 3.3167 
1.92572 1.62433 4.63513 
1.62383 1.94079 4.80938 
1.43956 1.12325 5.87373 
1.54827 3.32198 4.12781 
1.8912 2.12851 4.62713 
1.36781 2.58054 4.93126 
1.49899 2.42326 5.13951 
1.0828 1.48982 5.93273 
2.08591 2.09334 3.021 
0.689363 1.63651 6.22017 
2.02291 2.53692 2.82738 
1.73603 2.60108 4.2643 
1.69045 3.34884 3.20088 
1.53421 1.82792 5.20779 
1.42351 3.97836 1.71104 
1.50564 2.32503 5.20069 
0.793308 1.70852 6.19527 
1.42841 0.777219 6.04938 
1.83881 1.57637 4.85224 
1.69914 2.50653 4.37443 
1.88073 2.08398 4.36578 
2.47096 1.65483 0.944701 
2.02006 1.70341 4.51453 
0.955762 1.62176 6.12588 
1.84529 2.4729 3.65547 
1.49916 2.72554 4.29359 
1.54539 2.08192 4.75616 
1.07607 1.90465 5.93859 
1.69725 2.67463 3.42798 
1.10017 3.79727 3.27411 
1.11348 1.38273 5.94243 
1.19195 2.79513 5.24331 
1.32766 3.0818 4.25176 
1.64398 1.98655 4.76381 
1.04978 1.54153 6.04854 
1.45522 2.25499 5.01956 
0.929167 0.776381 6.26515 
1.32612 1.77353 5.50288 
1.92314 3.59406 2.10021 
1.17948 2.82262 4.75114 
0.951596 3.28117 4.8296 
1.39219 3.30879 4.26992 
1.53336 1.47018 5.0267 
1.78035 2.91857 3.75508 
2.21514 2.69213 2.54638 
1.63847 2.72014 4.35148 
2.0794 3.11606 1.47717 
2.22784 1.93592 1.69445 
0.903297 1.59729 6.06814 
1.96395 1.56023 3.94976 
1.80064 1.63819 4.80722 
1.96841 3.03238 1.67814 
1.47355 3.72398 2.61946 
2.04607 3.19864 1.60882 
1.60008 2.59327 5.0049 
1.29424 2.98427 4.49478 
1.50972 3.12798 3.69198 
1.22299 2.5452 5.36796 
1.4634 3.09292 3.66054 
1.09959 1.54416 5.92301 
1.18858 3.59199 3.67952 
2.45643 0.869636 1.89481 
2.01138 2.11239 3.88985 
1.47063 1.05714 5.85341 
1.42464 3.23306 3.86911 
1.09875 2.06262 5.83822 
2.31458 2.41911 1.46908 
1.14245 3.19333 4.77985 
0.95811 2.53833 5.57725 
2.42609 2.25039 0.912947 
1.79095 2.97213 3.30057 
1.64621 1.7405 4.86907 
0.732065 3.82118 3.59678 
1.44542 2.55792 5.23015 
2.04053 1.39579 3.94057 
1.57543 2.72152 4.62299 
1.12435 1.82032 5.79211 
1.42533 2.3544 5.28025 
1.03345 3.83756 3.62414 
1.42872 3.02698 4.4543 
1.63858 3.57941 3.12595 
1.16624 2.08512 5.63733 
0.0500016 0.0517717 6.05 
0.0511218 0.0500001 6.05 
2.05 0.0501183 0.0500122 
0.0534887 4.04999 0.0500122 
2.05 0.0501183 0.0500122 
0.05354 4.01589 0.831768 
0.136448 1.1403 5.81698 
0.0917194 1.05632 5.85567 
0.731813 0.820256 5.57098 
0.7882 1.01141 5.43664 
1.45621 0.722262 4.19565 
0.242595 0.364852 6.00341 
2.00318 0.526847 1.12425 
0.41638 2.85845 4.17859 
1.05676 2.93083 2.91441 
1.10532 3.42066 0.693152 
1.7113 0.328704 3.36452 
2.02486 0.682249 0.0500122 
2.01791 0.756445 0.202253 
1.65921 1.87731 2.32623 
0.978085 1.16035 5.09717 
0.610961 3.72338 1.72543 
0.356015 3.9466 1.04717 
1.42576 1.30899 3.97418 
1.81962 1.69967 1.35105 
1.04385 3.31085 1.8349 
1.18705 3.12095 1.82342 
1.02199 2.89288 3.10167 
2.01094 0.261835 1.18649 
1.27174 0.634073 4.7189 
0.934084 3.13745 2.79187 
0.350042 3.87054 1.58219 
1.21398 3.21636 1.1672 
1.76403 1.80279 1.67677 
0.297017 3.07501 3.90509 
1.07995 2.19536 4.06212 
1.30235 1.34988 4.30239 
0.760827 3.77928 0.450805 
1.79147 1.9085 1.01651 
0.194406 3.34971 3.41364 
0.830247 3.52349 1.88695 
0.545557 0.875835 5.72938 
1.20053 0.141852 4.95586 
1.78956 1.99356 0.565915 
1.40758 0.0873804 4.45565 
1.97376 0.275087 1.65567 
0.45891 1.50606 5.50205 
1.51659 2.64135 1.28816 
0.681733 1.45866 5.33616 
1.23062 2.48502 3.2303 
0.856478 1.57323 5.04258 
0.612392 1.63288 5.29557 
1.13518 0.573232 5.0285 
1.56639 2.24513 2.16265 
1.89397 1.58692 0.338435 
1.87382 1.51286 1.1672 
0.261196 2.42628 4.83471 
0.949622 0.895974 5.25633 
0.574451 3.4843 2.69331 
1.18895 2.60073 3.16224 
0.666721 1.42654 5.37104 
0.124749 1.73782 5.48507 
1.53031 1.09502 3.76767 
1.93567 0.410762 1.97494 
1.24582 0.979139 4.65302 
1.95416 1.25258 0.387089 
1.91225 1.39408 0.900558 
0.895878 0.189282 5.48293 
0.18503 3.13547 3.8468 
0.979392 3.10308 2.74316 
0.5455 3.79908 1.52148 
0.270755 3.69373 2.43508 
1.29932 2.45068 3.04757 
1.72245 2.12333 1.12425 
0.714935 3.02095 3.53728 
0.592627 2.06267 4.97297 
1.65486 0.477453 3.57259 
0.766388 3.76453 0.629879 
1.33048 2.95951 1.53209 
1.68323 1.6793 2.50358 
1.4892 2.56337 1.82342 
0.618181 3.88092 0.321272 
0.506706 3.66503 2.22228 
0.31451 0.653342 5.92803 
0.656257 1.7848 5.14123 
0.959107 1.5362 4.90715 
0.404688 3.14487 3.69921 
0.493339 3.03918 3.80857 
0.690529 2.28689 4.63795 
0.879589 0.189174 5.5055 
1.04609 2.29905 4.01096 
1.92287 0.305085 2.11994 
0.883863 3.2115 2.74316 
1.3979 2.70077 2.00926 
1.59742 1.38901 3.27728 
1.61889 1.92665 2.48375 
0.379105 2.36324 4.8443 
0.633403 2.76121 4.09942 
1.96084 0.87547 1.31689 
1.74041 1.58104 2.28794 
