9.67389 15.6794 41.5089 
15.6879 13.2553 20.3014 
33.3454 19.8481 26.6941 
9.47296 10.5835 12.8998 
11.5106 11.7161 11.7612 
17.8671 11.3468 10.2238 
13.2176 25.7623 16.6566 
18.0243 13.1577 9.21372 
10.5592 15.7132 22.2788 
11.6781 19.3406 17.5847 
22.8761 43.0048 17.8571 
21.4481 18.8504 16.2806 
15.2406 5.50942 19.115 
29.6342 24.8935 28.1153 
6.35523 16.1736 18.3614 
17.4953 35.0497 35.9994 
10.0139 7.57903 18.1368 
18.1721 8.04301 10.7428 
13.8209 14.6515 16.0765 
25.8403 25.631 26.0018 
7.94666 15.5636 15.6054 
19.3393 19.549 8.2152 
12.0769 12.4654 17.6016 
21.3851 37.5698 19.8691 
13.477 22.0065 10.349 
22.6913 26.7915 26.4429 
19.1008 10.341 11.3595 
16.9869 11.1741 10.3725 
15.8103 16.0203 15.1939 
26.0467 13.8825 23.4656 
26.5358 21.271 11.2207 
16.3694 22.9223 10.0698 
13.7193 12.9443 12.6123 
24.808 32.1642 22.6662 
22.2612 13.4281 6.58433 
13.6254 8.02551 23.6693 
12.1539 13.9826 14.5874 
17.4534 19.6248 12.01 
10.973 13.448 10.3892 
19.1122 19.0377 13.3062 
20.5882 11.0818 15.2655 
10.9852 17.1386 15.7585 
10.7687 16.5014 22.5577 
20.8036 16.0546 18.8484 
17.6802 8.79371 15.3453 
26.1923 17.087 14.9397 
25.3515 25.9926 30.685 
16.2327 17.124 18.9957 
19.0096 25.9519 21.0963 
15.2443 10.1261 19.8472 
8.59695 13.4225 19.0904 
13.9984 11.5846 17.0722 
18.9452 15.6525 7.92864 
18.008 13.3819 14.1615 
8.81932 11.3537 10.6474 
15.9138 8.86809 16.5384 
19.6079 12.379 16.8809 
24.9246 15.9027 21.7764 
35.614 35.4574 41.867 
17.7865 10.96 13.5849 
18.6738 16.0728 10.7902 
14.5178 13.8718 16.7599 
18.1054 7.04855 14.89 
8.27144 18.2357 18.2097 
13.1206 12.0819 17.849 
13.4267 25.8116 23.3904 
9.85798 11.6249 19.369 
13.8401 17.5584 11.8917 
16.1011 10.5213 12.5227 
21.251 20.7698 22.1007 
42.9206 19.5516 23.1192 
26.1269 13.4637 24.7251 
18.7264 13.1076 17.068 
9.86331 15.3197 18.8298 
30.6374 16.9916 23.2707 
13.9868 23.8341 18.8689 
23.269 29.6484 25.86 
9.43916 9.78476 12.2431 
26.9451 14.9295 22.7572 
33.2847 11.2 33.7434 
22.1504 22.4366 23.1048 
15.4172 21.043 24.0327 
22.6812 36.2202 27.6918 
17.1744 19.9183 15.7815 
43.4831 18.1662 26.8888 
13.912 31.5505 25.566 
14.5447 12.792 10.8586 
15.95 12.2126 18.6002 
13.9218 15.7417 10.621 
25.3939 36.5223 31.687 
40.1325 27.6453 35.6729 
29.8296 21.0534 8.60647 
29.0025 26.9507 20.4209 
15.4929 14.1243 9.66208 
5.87574 13.3941 18.7861 
8.83431 12.8158 14.1838 
17.6461 7.60127 24.4828 
12.1363 15.6844 14.2051 
17.409 8.20412 24.5696 
5.89341 14.51 16.1814 
1.75095e-08 0.893147 1.00097 
0.297147 0.000698762 0.965273 
1.03426 0.65177 4.51814e-07 
0.00551522 0.552186 1.02012 
1.05281 0.640444 0.00874815 
0.929933 31.1692 0.401089 
0.370597 27.4316 0.935639 
0.440479 16.6456 0.905194 
0.58109 6.01711 0.829624 
0.174247 5.45538 0.989773 
0.411294 9.9707 0.917825 
0.702614 25.6604 0.72219 
0.552616 4.78756 0.847633 
0.131361 6.01674 0.994828 
0.277255 5.6332 0.968912 
1.00055 1.63186 0.092264 
0.624366 22.7536 0.809871 
0.375251 25.0909 0.936013 
0.907613 9.21007 0.438019 
0.681863 20.5608 0.748436 
0.406032 8.17202 0.929484 
0.531868 1.22633 0.869426 
0.305419 0.464015 0.958337 
0.33071 6.54735 0.955668 
0.517681 25.9674 0.865123 
0.998013 2.31255 0.129858 
0.246651 2.26244 0.976981 
0.885493 22.1234 0.500755 
0.635473 17.8333 0.780339 
0.95535 26.4583 0.325993 
0.992861 14.6587 0.15223 
0.889903 14.2158 0.47079 
0.0574238 13.3325 1.0009 
0.731352 25.3769 0.69948 
0.115093 13.7249 0.998629 
0.35361 6.38809 0.943697 
0.818868 7.51671 0.583855 
0.897934 3.86064 0.482591 
1.00534 1.90691 0.0470464 
1.00005 3.60895 0.109335 
0.0335801 0.697312 1.00761 
0.955637 23.1178 0.325026 
0.486244 19.5842 0.889016 
0.745055 9.81383 0.679653 
0.370595 27.3529 0.935687 
0.550278 16.4348 0.844315 
0.916294 15.6973 0.42214 
0.187573 13.9493 0.987914 
0.956392 7.70126 0.327089 
0.860056 10.3047 0.528776 
0.990366 13.0305 0.173357 
0.457333 8.42727 0.901817 
0.229985 11.9748 0.979891 
0.345911 10.5235 0.948204 
0.982824 16.6348 0.228983 
0.771918 15.4435 0.651069 
0.59505 21.0711 0.81321 
0.629225 24.4358 0.788198 
0.676335 18.4633 0.758778 
0.972507 11.9554 0.250139 
0.627523 20.2466 0.794321 
0.940769 23.1169 0.360562 
0.825921 12.3932 0.581956 
0.877973 14.4744 0.517831 
0.782576 8.8685 0.646976 
0.652452 17.1943 0.771023 
0.781768 21.6036 0.639417 
0.843264 17.2522 0.572494 
0.489493 18.8701 0.8887 
0.979734 7.9853 0.27281 
0.994189 10.7585 0.166566 
0.989355 9.62205 0.201788 
1.00794 4.35343 0.0169425 
0.807983 15.5467 0.603148 
0.719354 23.6334 0.704118 
0.502216 2.58155 0.874488 
0.516819 23.8966 0.866121 
0.65474 15.0467 0.771937 
0.945055 7.05991 0.351125 
0.0878716 5.71741 0.999192 
0.970858 6.98644 0.294067 
0.751293 9.64138 0.68649 
0.726277 17.3866 0.709195 
0.0455989 0.630827 1.00876 
1.03047 2.86088 0.0020047 
0.760754 10.6712 0.66298 
0.992679 3.89009 0.195035 
0.966859 12.8534 0.288601 
0.882527 3.55182 0.519571 
0.79561 15.2279 0.629945 
0.864507 21.0778 0.518968 
0.210984 5.24564 0.983452 
0.668698 13.699 0.759039 
0.930818 16.0773 0.384615 
0.853244 15.1202 0.538284 
0.462935 16.2093 0.899301 
0.474932 2.27835 0.891755 
1.00245 6.71136 0.0639283 
1.01671 15.2006 0.010529 
0.803216 21.8607 0.612878 
