1.17157 1.25173 3.95975 
0.830438 1.66557 3.8399 
1.27977 1.21937 3.48885 
1.31679 1.54534 3.35749 
1.22211 1.59886 2.78144 
0.645654 0.696958 6.35132 
0.722875 0.861119 5.54834 
1.33367 2.01427 1.92832 
1.21808 1.53822 2.92431 
1.05434 1.3245 3.98104 
1.36297 2.64837 0.864937 
0.680111 0.717037 5.928 
0.765886 1.27543 4.89832 
0.835982 1.84893 3.52988 
1.17784 1.446 2.89836 
1.03675 1.60949 3.35405 
0.938841 2.20866 3.48821 
1.04879 1.83839 3.03276 
0.990507 2.2155 2.47111 
1.00043 0.895897 4.62282 
1.27109 1.90458 2.59074 
1.52309 1.76172 2.04113 
0.737479 1.80687 3.95819 
1.23168 1.99893 2.69409 
0.963555 1.21467 3.61155 
0.959168 1.86425 3.45155 
0.813455 1.51041 4.20791 
0.993967 1.21879 4.37617 
0.79029 0.994051 5.24985 
1.16056 1.07978 3.84752 
1.10116 1.95931 2.64398 
1.34054 1.11195 3.60422 
0.995003 1.80129 3.15753 
1.37199 1.72073 2.15866 
1.09146 1.87167 3.17822 
0.616325 1.06596 4.67049 
0.648487 0.729491 5.51805 
1.07497 1.64694 3.56272 
0.711569 0.742724 5.57132 
0.818356 1.66413 4.23945 
1.01795 1.25631 4.02219 
1.2414 2.07003 2.34497 
1.58098 2.2451 1.14515 
1.18042 1.80434 3.46059 
1.55076 2.04858 1.32227 
1.2163 1.92745 3.15259 
1.12411 2.12937 2.37363 
0.867973 2.20624 2.6654 
0.860846 1.5251 4.23743 
1.25397 1.47663 3.03988 
0.94417 1.56691 3.19531 
0.884977 1.37785 4.54255 
0.836996 1.52701 4.28113 
1.20775 1.50073 3.67104 
1.20184 1.43823 3.30349 
1.37997 1.33936 2.72001 
0.869747 1.43055 4.26403 
0.586453 0.708606 5.97958 
0.675072 0.909482 5.58858 
0.693047 1.46012 3.8421 
0.886199 1.85099 3.66447 
0.880443 1.94432 3.3867 
0.869699 1.5113 4.0909 
0.569376 0.678871 6.14415 
0.967282 1.40744 4.18221 
1.04843 1.17164 4.28544 
0.985641 1.39693 2.96877 
0.923853 1.43715 3.99944 
0.983825 1.26715 3.66023 
1.25815 1.45998 2.78036 
1.16206 2.13054 2.57973 
0.957669 2.69798 2.28765 
1.15981 1.91375 2.91524 
0.618971 0.725443 5.99612 
0.643278 0.87503 5.50831 
1.01538 1.73774 3.7862 
1.19077 1.43127 4.17427 
1.0346 2.27297 2.61085 
1.10091 1.58452 3.48659 
1.18796 1.87159 2.40518 
0.674858 0.755282 5.10654 
1.23762 1.6697 2.75562 
1.14579 1.36084 4.22659 
1.33293 1.06517 3.99749 
0.819741 1.44377 4.6 
0.956505 1.34956 4.31119 
1.03197 1.16979 3.61848 
1.15325 1.32322 3.47014 
0.794143 1.41682 4.18792 
1.16028 1.64983 3.59103 
0.756873 1.02131 5.67608 
0.99276 1.38633 4.1525 
0.955626 1.24832 4.15618 
0.733797 1.32075 4.66718 
1.24959 1.72754 2.81592 
1.32026 1.76436 2.85191 
1.11401 1.98125 2.6567 
0.845292 0.975631 5.61646 
1.03407 1.67587 2.46278 
1.28783 1.79171 2.7463 
1.00084 1.99958 0.000418792 
1.00051 2.0005 0.000507129 
2.99996 1.00002 0.999979 
0.000569417 0.000569417 6.00057 
0.272573 0.49943 4.56632 
0.230028 0.438701 4.72667 
0.45737 0.878158 3.4048 
1.29277 1.8557 0.14708 
0.0404122 0.0675658 5.84387 
0.143769 0.269372 5.23061 
1.20383 1.91462 0.107423 
0.125624 0.238183 5.31511 
0.294514 0.559769 4.35384 
0.478482 0.91405 3.30533 
0.319339 0.606745 4.24663 
1.24784 1.78759 0.46876 
0.0573333 0.101771 5.7353 
2.95621 1.0219 0.978103 
0.441074 0.843515 3.49724 
2.46804 1.26708 0.734384 
0.380572 0.720243 3.87242 
0.651802 1.15835 2.55225 
0.587362 1.11376 2.67941 
1.12215 1.939 0.0610983 
1.50756 1.62046 0.68253 
1.54885 1.72668 0.274792 
2.39052 1.24751 1.12345 
2.87648 1.06176 0.938241 
0.0828565 0.150863 5.596 
0.27453 0.524273 4.45693 
0.0663758 0.121816 5.67018 
0.198846 0.383423 4.87459 
0.440217 0.821292 3.57549 
0.501343 0.960282 3.14391 
0.412217 0.799607 3.63038 
0.408853 0.776964 3.69834 
1.8577 1.5771 0.430836 
0.514411 0.989149 3.05341 
0.54864 1.04015 2.94141 
2.10128 1.44958 0.550709 
1.31599 1.63906 0.866497 
1.08127 1.52518 1.35674 
1.26658 1.31843 1.92963 
2.21196 1.10819 2.16561 
1.87471 1.38865 1.12275 
0.611444 1.13284 2.6333 
1.44267 1.18068 2.48671 
1.50946 1.21685 2.24086 
0.339329 0.633776 4.14234 
0.198401 0.361597 4.97742 
1.13166 1.74731 0.613577 
2.1579 1.12912 2.16045 
1.04246 1.48292 1.54769 
0.823417 1.59967 1.20571 
0.179855 0.332558 5.0529 
0.712362 1.03286 3.01446 
1.40943 1.80203 0.344461 
2.82074 1.08997 0.910485 
2.7612 1.10623 0.969824 
2.05429 1.0575 2.84278 
1.5816 1.67781 0.395927 
0.878716 1.35901 1.96941 
2.60346 1.19892 0.801946 
1.78378 1.25373 2.04237 
0.0186246 0.0303806 5.93513 
0.892995 1.4848 1.57379 
0.364253 0.6969 3.93647 
0.291675 0.549151 4.41416 
2.64427 1.17786 0.822137 
2.53635 1.23541 0.769371 
0.932723 1.28146 2.15496 
1.60103 1.70042 0.300826 
0.0264507 0.0410391 5.92227 
0.0992067 0.180856 5.50878 
0.158146 0.298539 5.14033 
1.71824 1.45607 1.09274 
0.116759 0.212611 5.41328 
2.00765 1.33791 1.37519 
0.344677 0.655804 4.06393 
2.42624 1.15475 1.45619 
2.69172 1.08725 1.25305 
0.208623 0.404936 4.80438 
1.36003 1.82255 0.180869 
0.159919 0.304705 5.12607 
0.739142 1.34076 1.98014 
0.319661 0.617292 4.18764 
0.394591 0.747257 3.78833 
0.113052 0.205566 5.43409 
1.96978 1.27264 1.52334 
0.511322 0.943567 3.21606 
0.500194 0.929903 3.25096 
2.80385 1.07115 1.07463 
0.218447 0.41727 4.78028 
0.764019 1.51032 1.48525 
0.543056 1.05347 2.85418 
2.08634 1.28695 1.30011 
1.10946 1.37381 1.79706 
1.83159 1.5844 0.41586 
0.976378 1.42849 1.72657 
0.964128 1.63552 1.02422 
