28.1812 8.23645 287.034 
64.2087 110.444 134.101 
58.0637 6.60557 171.987 
340.747 59.955 10.2876 
50.0196 23.3051 178.893 
161.358 161.121 19.2553 
6.60573 11.905 270.169 
205.762 101.348 95.6219 
40.2764 33.0379 222.626 
102.145 39.4668 44.8746 
61.9827 35.1704 85.5341 
12.8311 120.051 108.106 
27.9276 140.146 110.688 
130.103 60.2857 207.547 
47.8475 13.1534 195.492 
167.405 126.678 12.5131 
72.0283 135.615 5.37536 
28.2023 7.87526 213.083 
214.282 103.147 122.462 
38.4477 73.8904 172.208 
4.86386 5.63314 43.5383 
148.578 30.636 131.555 
6.29414 106.316 21.9416 
170.997 12.723 94.8355 
87.8363 32.2845 20.873 
16.9564 31.3667 275.799 
20.8213 50.3704 29.2218 
0.318178 1.11747 164.337 
70.6291 19.041 313.018 
112.176 110.176 15.3269 
0.257827 0.413749 220.595 
0.980285 33.2853 134.261 
50.5277 183.057 69.9866 
39.1586 59.8406 145.546 
41.1071 10.6832 77.828 
16.2301 1.84418 179.985 
127.339 267.893 68.8586 
22.0851 193.987 1.07269 
123.223 50.2016 21.9606 
14.4074 119.86 262.951 
49.7889 151.466 137.395 
2.25542 3.89776 107.561 
2.06172 132.106 235.398 
51.1215 55.1458 114.118 
16.2911 0.63243 139.671 
11.3951 9.43719 380.076 
137.153 119.616 64.8572 
124.232 34.3923 68.3787 
19.2838 126.886 49.9759 
23.8397 75.7479 284.49 
29.4243 44.0789 281.914 
129.946 206.957 33.3183 
48.8348 70.2339 74.4104 
26.3492 34.6835 445.379 
64.0081 16.2528 209.524 
7.27589 14.4708 192.732 
60.2358 201.993 10.5763 
22.4403 205.757 102.998 
38.4907 115.646 77.5723 
24.756 44.6456 157.329 
0.39353 37.5124 213.672 
19.5148 35.1216 172.997 
231.171 68.7555 30.8435 
99.2232 7.22291 165.921 
15.8508 17.0363 193.417 
6.35972 8.40474 207.618 
5.62946 20.3393 341.46 
135.875 117.923 164.023 
1.9821 4.21753 266.022 
67.9615 68.8922 21.5449 
139.771 86.2949 152.556 
10.4333 18.8007 386.654 
3.52327 9.01456 253.806 
6.26671 59.1946 250.032 
23.1456 15.9368 154.993 
6.11671 47.9904 171.848 
24.6641 4.32975 176.527 
8.90007 88.6181 48.9089 
7.47977 35.1207 184.287 
3.31562 3.24356 43.5006 
49.6421 32.8013 129.55 
46.373 11.3267 304.776 
0.83893 16.5863 196.9 
149.164 36.8349 115.481 
37.6289 52.7872 217.198 
2.5985 150.008 162.147 
9.68394 38.4931 84.9183 
159.355 15.8343 31.2162 
153.338 31.962 141.382 
31.5989 52.3583 179.454 
13.5457 2.86427 71.0187 
23.5982 10.2633 187.385 
10.4344 23.7617 355.056 
57.6527 30.9511 275.807 
28.0848 85.0543 159.702 
41.4332 90.6436 293.942 
48.4998 75.5454 115.192 
31.0524 85.3823 224.025 
20.2403 140.458 95.6633 
8.95487 65.2441 90.4616 
0 0 0.5 
0.5 0 0 
0.5 0 0 
6.10473e-36 0.511066 0.00100651 
0.0595922 0.032137 0.420153 
0.173093 0.0144487 0.342151 
0.00346523 0.214772 0.295853 
0.0789938 0.157805 0.285407 
0.0203946 0.38852 0.096463 
0.0415519 0.0723559 0.402312 
0.218624 0.0940909 0.197117 
0.0219965 0.405362 0.087361 
0.209754 0.292648 0.000276958 
0.404703 0.0821593 0.0219785 
0.115864 0.33182 0.0625216 
0.391038 0.117781 0.00789339 
0.168203 0.0581342 0.279328 
0.0803377 0.41343 0.0371679 
0.17782 0.207345 0.128927 
0.35241 0.102128 0.0739612 
0.0189099 0.138186 0.353753 
0.120445 0.00221402 0.389787 
0.468223 0 0.0373057 
0.430424 0.0223922 0.0501012 
0.032975 0.347787 0.138671 
0.162895 0.0500973 0.297248 
0.0442168 0.0171339 0.453679 
0.0170548 0.0612795 0.440788 
0.207117 0.0361012 0.265935 
0.0309025 0.00405285 0.472132 
0.264918 0.0110351 0.242934 
0.0684281 0.18481 0.251814 
0.396288 0.0729034 0.0481908 
0.156777 0.198104 0.15672 
0.336513 0.0889919 0.0996139 
0.201829 0.283997 0.0387082 
0.441779 0.0275023 0.0482001 
0.0682325 0.101928 0.376511 
0.479616 0.00555238 0.0183858 
0.107777 0.23289 0.163005 
0.454351 0.0624521 0.000849234 
0.249646 0.172125 0.0940294 
0.0545739 0.423375 0.0340709 
0.144099 0.274182 0.100528 
0.482544 0 0.0313984 
0.238315 0.151857 0.118118 
0.0719503 0.242562 0.187865 
0.0273415 0.0196556 0.460428 
0.447831 0.0776676 0.0112487 
0.195773 0.319707 6.00323e-05 
0.0929038 0.253773 0.16588 
0.37804 0.105542 0.0613172 
0.0740556 0.433231 0.000181674 
0.365261 0.0534043 0.085584 
0.134558 0.338359 0.0376797 
0.417073 0.0573282 0.0324454 
0.191117 0.260825 0.065745 
0.184661 0.179306 0.141506 
0.0279681 0.461732 0.0526749 
0.043115 0.229857 0.24031 
0.0740905 0.0382821 0.396889 
0.0194014 0.011876 0.480223 
0.0638194 0.415977 0.0261227 
0.306141 0.210903 0.00743189 
0.0625639 0.125574 0.331387 
0.375411 0.113074 0.0255176 
0.132407 0.057577 0.321268 
0.00907399 0.444313 0.0554232 
0.204284 0.121335 0.205251 
0.268859 0.128648 0.111444 
0.0551392 0.0405399 0.431456 
0.0390866 0.167556 0.328968 
0.114607 0.176201 0.249778 
0.0573901 0.315254 0.154195 
0.285664 0.24043 0.00520665 
0.0491063 0.474732 0.00315016 
0.139441 0.062989 0.30363 
0.00147654 0.497705 0.0106854 
0.297768 0.00316551 0.232127 
0.000220148 0.165066 0.365727 
0.0434846 0.316139 0.145856 
0.0483408 0.244312 0.210995 
0.422908 0.00777393 0.0827181 
0.253075 0.255151 0.010879 
0.12143 0.356225 0.0534877 
0.285843 0.148248 0.0770756 
0.0730382 0.267044 0.162725 
0.297202 0.0914029 0.123263 
0.0248125 0.469899 0.0325543 
0.280022 0.0051474 0.248095 
0.130474 0.310718 0.0702373 
0.102559 0.140434 0.265689 
0.292617 0.133267 0.0914807 
0.31401 0.0431618 0.16048 
0.127945 0.213947 0.183269 
0.229188 0.0736185 0.204295 
0.0466699 0.369825 0.105252 
0.324905 0.00943249 0.177883 
0.0946165 0.377809 0.0529022 
0.000497956 0.304987 0.216492 
