1.38664 2.59016 5.11484 
1.24281 1.62209 5.88922 
2.0145 1.03648 4.66521 
1.37654 2.81978 4.83656 
1.21716 2.10731 5.77082 
0.871672 2.42429 5.7039 
0.972035 2.12673 5.81884 
1.65592 1.71186 4.97596 
1.6389 3.20823 3.16027 
0.753057 1.01289 6.47284 
1.20965 2.23964 5.77365 
1.8501 2.37055 3.66837 
2.17846 2.53585 1.86632 
2.29226 1.47576 2.14369 
1.3177 1.97381 5.82301 
2.0594 3.11664 1.99712 
1.72384 2.5362 4.213 
1.66458 2.19303 4.47295 
1.6239 2.93792 3.74402 
1.44095 1.60579 5.24927 
1.8355 2.77421 3.2587 
1.18063 3.45656 4.32794 
1.69779 3.54606 2.07961 
1.49255 3.20681 3.56204 
1.35952 1.23684 6.08809 
2.21391 1.67823 2.64997 
1.64608 2.74358 4.033 
1.91935 1.57573 4.52902 
1.83604 1.82856 4.48561 
1.81019 2.91321 3.41521 
0.870402 3.42111 4.2749 
1.3576 2.50184 5.55455 
1.77977 3.48842 2.4048 
1.51009 2.60966 4.88045 
1.85886 0.898648 4.98827 
1.6724 2.69192 4.64903 
1.42935 2.43876 5.12189 
1.39306 3.01789 4.53265 
1.71424 3.41673 1.98696 
2.13453 1.19354 4.04794 
1.84978 2.72046 3.64295 
1.93841 2.91783 2.4715 
1.19318 1.74967 5.7668 
1.38504 3.25022 4.15216 
1.97345 2.33941 4.39304 
0.533656 0.932948 6.42239 
0.918165 4.21188 3.04632 
1.92452 3.13476 1.72229 
1.90325 2.93425 1.82839 
1.91229 2.5368 3.70153 
1.90965 3.35457 1.95098 
1.14705 2.62522 5.2391 
2.04768 2.81989 1.07168 
1.0031 1.52631 6.25201 
1.52902 2.20027 4.65076 
1.09856 1.71596 5.98975 
0.898522 0.95087 6.30933 
1.52916 2.51589 4.39664 
1.26479 3.80565 2.82992 
1.66662 2.46751 5.00055 
1.51348 0.835623 5.65342 
1.3705 2.0826 5.30612 
2.16943 1.83369 3.41339 
1.29832 2.88636 4.66143 
1.91343 2.31033 4.59003 
1.58613 3.57904 2.6726 
1.40912 0.843777 5.68312 
1.38472 3.76435 2.73475 
1.1984 3.9283 3.30281 
0.94933 2.42645 5.5798 
1.38204 3.39335 3.47348 
1.15709 3.71949 3.27831 
1.40321 1.49942 5.74815 
1.88967 2.94926 3.47136 
1.36118 1.7852 5.9388 
1.49407 3.16833 3.82238 
1.1817 3.79645 3.6712 
2.09509 2.13919 3.07952 
1.78117 2.84079 3.72946 
1.2802 2.12009 5.53575 
1.44234 3.65507 3.54049 
1.80604 2.24908 4.47415 
1.12836 1.96096 5.89727 
1.24492 1.8465 5.70094 
2.10508 1.73659 3.78859 
0.876889 4.13533 2.89417 
0.511183 1.88517 5.97585 
1.27718 2.39861 5.08114 
1.77177 2.41943 4.13223 
1.60694 2.3434 4.64278 
1.12467 1.63536 5.7746 
2.11778 2.72748 1.40964 
1.09663 3.64061 3.31076 
1.77839 1.44097 4.857 
1.34679 3.56814 3.4096 
1.733 2.2648 4.91408 
2.03586 2.86298 2.57258 
1.22438 1.31378 5.94995 
0.998873 4.15908 2.68623 
1.15039 2.37284 5.25863 
0.0500003 0.0508731 6.05 
2.05 0.0502767 0.0500045 
2.05 0.0532721 0.0500045 
0.0515797 4.05 0.0500045 
0.0504358 0.0500001 6.05 
0.0500959 0.050816 6.05 
1.10324 2.325 3.84092 
0.74242 3.66031 1.58548 
1.99769 0.10647 1.41064 
0.56978 1.9436 5.09981 
1.86052 0.731255 2.38538 
1.35689 1.63158 3.92302 
0.292228 1.91198 5.31034 
0.365731 3.87674 1.51761 
1.01181 3.51319 0.879847 
0.721164 2.38387 4.48736 
1.19383 3.1862 1.49722 
0.453357 3.81879 1.65539 
1.96626 1.16212 0.460537 
1.27697 1.12055 4.50783 
1.41727 0.257603 4.41785 
1.68711 1.59498 2.60114 
1.91519 1.43048 0.683839 
0.858315 3.40063 2.25444 
0.197408 2.21623 5.07455 
0.390096 2.98552 3.9959 
1.17165 2.55929 3.2919 
1.15458 3.36683 0.565854 
0.341676 3.74925 2.15815 
0.173325 3.00506 4.07682 
1.73646 2.07753 1.1238 
1.49603 0.506603 4.13802 
0.213272 4.00698 0.778176 
1.22007 3.04028 1.93664 
1.61525 1.46668 3.12153 
1.33644 1.9084 3.70168 
1.05206 2.93701 2.91525 
0.894268 3.44445 1.96306 
0.0826986 0.823702 5.93587 
0.566921 1.97631 5.07455 
1.66077 0.177456 3.60139 
0.307284 0.429385 5.97287 
1.70955 1.85181 2.02697 
0.811551 3.26291 2.79846 
1.52086 2.75775 0.230045 
1.76598 0.689574 2.97886 
0.963034 1.66123 4.80985 
0.792076 3.00547 3.425 
0.213004 0.35327 6.01271 
0.822576 3.55044 1.79893 
1.12538 1.03221 4.88957 
0.505102 3.91581 0.764787 
1.48501 2.80398 0.683839 
2.01008 0.840749 0.176601 
1.1142 1.89556 4.30953 
1.1433 1.3731 4.66556 
1.65728 1.77895 2.50437 
1.43081 1.68625 3.62998 
0.761884 3.7618 0.713154 
0.551605 3.7585 1.72072 
1.31771 1.72869 3.94818 
0.809529 0.469101 5.56478 
1.00231 3.297 2.07881 
0.97715 3.58343 0.464656 
1.82139 1.01042 2.43415 
1.34337 2.13823 3.38662 
0.40673 0.911598 5.81059 
0.614973 2.3735 4.63042 
0.663527 0.785203 5.65322 
0.692066 1.24457 5.4425 
0.242771 3.95634 1.20398 
0.281414 3.35447 3.35894 
0.328107 3.94016 1.16979 
0.144141 1.32971 5.72763 
0.774763 1.7464 5.02971 
0.0783716 0.610238 5.99025 
2.04316 0.318408 0.339648 
1.62138 1.50812 3.04884 
0.980196 3.48218 1.3569 
1.9422 0.603548 1.8069 
0.833432 2.88353 3.57293 
1.2576 0.704023 4.73113 
1.73022 1.26306 2.74832 
0.153209 2.49211 4.79188 
1.52574 2.68306 0.944744 
0.637068 3.1239 3.46148 
0.84461 2.48069 4.17599 
1.62845 1.21263 3.29578 
1.23658 1.45377 4.39677 
0.312728 0.779832 5.89639 
1.184 3.32488 0.593673 
1.08342 1.2069 4.88498 
1.06591 2.50369 3.67837 
1.80827 0.653796 2.76221 
0.924939 3.10541 2.897 
1.82923 0.767789 2.5699 
0.453357 3.81879 1.65539 
0.712444 0.802002 5.5978 
0.952087 3.52765 1.26021 
0.187371 1.32206 5.72357 
