5.43365 8.10622 
7.60809 6.57847 
5.68731 6.78625 
4.92558 5.82034 
4.13538 7.22077 
4.35163 3.89566 
4.09154 6.95581 
5.30934 5.40293 
6.89285 4.75365 
6.15438 4.74034 
4.91398 7.8071 
6.77014 4.57958 
4.50214 8.88259 
6.06619 6.20262 
4.4837 5.32306 
7.19102 7.96752 
7.29516 5.51228 
5.60121 5.98476 
4.69803 7.5504 
5.08473 4.90564 
8.43692 4.47057 
6.0502 6.51035 
5.18087 6.36636 
5.67251 8.54378 
5.98698 6.81405 
7.46425 6.59849 
6.603 4.23271 
8.01539 4.29063 
5.63983 4.71983 
6.46216 6.05943 
4.8349 5.41924 
6.51907 5.8502 
7.46124 4.6316 
7.618 4.97431 
6.11021 4.25883 
6.64161 6.93305 
5.23834 8.18111 
4.26154 6.94044 
5.1146 6.17602 
5.33945 6.47992 
6.0412 6.98322 
5.15405 6.57486 
7.01931 4.9788 
5.9099 6.59811 
6.41559 5.73348 
6.59846 8.04276 
5.07463 4.37436 
4.88349 6.0366 
6.1047 6.3412 
6.17232 6.28458 
6.42295 5.11673 
7.41916 6.46633 
4.81357 4.58479 
5.34924 5.94554 
6.20298 5.28461 
6.70729 6.9106 
6.17492 6.26155 
4.46424 7.41626 
5.63086 5.29994 
4.87995 7.6836 
6.68942 5.18326 
6.48419 6.3901 
5.75057 6.39831 
5.61118 5.64673 
6.27985 5.21028 
4.29988 7.87401 
4.94136 5.3842 
5.05565 7.01913 
6.13629 6.99973 
6.10964 7.65571 
4.05771 6.35051 
4.75629 5.38925 
6.15107 4.625 
5.41156 6.97551 
6.65247 5.32446 
5.44848 5.43191 
6.45262 6.21107 
6.49588 6.221 
6.37933 6.00603 
5.95907 6.18273 
6.88105 4.7819 
5.32332 5.77765 
5.00985 5.16911 
4.38443 6.62589 
5.53749 5.04692 
4.34733 6.38481 
4.61772 5.19649 
6.42529 4.90011 
6.02185 6.60819 
8.21052 6.49163 
4.46074 6.8006 
6.81583 6.73746 
5.23048 6.16077 
5.82063 5.27276 
4.18905 5.91143 
4.56632 6.34611 
7.08275 5.95156 
5.04831 6.90341 
6.08631 5.62593 
4.9184 6.60956 
0.3 0.7 
0.95 0.05 
0.95 0.05 
0.3 0.7 
0.639673 0.431994 
0.639673 0.431994 
0.3 0.7 
0.639673 0.431994 
0.639673 0.431994 
0.3 0.7 
0.3 0.7 
0.3 0.7 
0.3 0.7 
0.3 0.7 
0.3 0.7 
0.3 0.7 
0.3 0.7 
0.3 0.7 
0.3 0.7 
0.3 0.7 
0.3 0.7 
0.3 0.7 
0.3 0.7 
0.3 0.7 
0.3 0.7 
0.3 0.7 
0.3 0.7 
0.3 0.7 
0.3 0.7 
0.3 0.7 
0.3 0.7 
0.3 0.7 
0.3 0.7 
0.3 0.7 
0.3 0.7 
0.3 0.7 
0.3 0.7 
0.3 0.7 
0.3 0.7 
0.3 0.7 
0.3 0.7 
0.3 0.7 
0.3 0.7 
0.3 0.7 
0.3 0.7 
0.3 0.7 
0.3 0.7 
0.3 0.7 
0.3 0.7 
0.3 0.7 
0.3 0.7 
0.3 0.7 
0.3 0.7 
0.3 0.7 
0.3 0.7 
0.3 0.7 
0.3 0.7 
0.3 0.7 
0.3 0.7 
0.3 0.7 
0.3 0.7 
0.3 0.7 
0.3 0.7 
0.3 0.7 
0.3 0.7 
0.3 0.7 
0.3 0.7 
0.3 0.7 
0.3 0.7 
0.3 0.7 
0.3 0.7 
0.3 0.7 
0.3 0.7 
0.3 0.7 
0.3 0.7 
0.3 0.7 
0.3 0.7 
0.3 0.7 
0.3 0.7 
0.3 0.7 
0.3 0.7 
0.3 0.7 
0.3 0.7 
0.3 0.7 
0.3 0.7 
0.3 0.7 
0.3 0.7 
0.3 0.7 
0.3 0.7 
0.3 0.7 
0.3 0.7 
0.3 0.7 
0.3 0.7 
0.3 0.7 
0.3 0.7 
0.3 0.7 
0.3 0.7 
0.3 0.7 
0.3 0.7 
0.3 0.7 
