83.1703 94.1457 
259.177 145.758 
156.486 7.72749 
134.789 147.808 
75.4927 275.486 
21.2834 163.496 
20.8954 132.486 
240.302 23.4862 
20.1796 180.084 
48.4563 211.098 
232.217 76.3693 
0.70238 247.179 
110.924 52.0168 
7.69499 263.237 
103.535 181.949 
19.2697 125.183 
14.9877 50.1184 
16.7762 215.058 
176.027 8.58253 
230.95 29.2962 
154.783 67.2818 
1.43189 121.493 
13.6362 168.442 
194.394 214.654 
122.442 158.144 
42.8333 153.15 
259.46 0.657905 
55.4648 251.378 
28.5231 162.873 
137.419 6.18651 
125.648 69.3455 
324.448 38.4155 
108.669 224.458 
162.568 176.497 
191.992 142.381 
27.5011 238.625 
168.816 43.205 
64.6653 210.968 
60.5427 234.041 
147.588 142.681 
22.4055 206.434 
26.7016 264.794 
51.6162 136.805 
14.957 212.587 
1.38143 253.052 
155.126 134.264 
240.664 78.4537 
81.6625 151.49 
118.644 33.39 
136.282 106.271 
79.9119 156.901 
261.262 21.585 
99.4054 248.953 
130.8 164.083 
35.3738 323.29 
41.0217 98.0324 
133.006 56.9451 
56.2766 126.715 
84.5913 98.0178 
10.1369 228.703 
70.512 245.014 
469 10.6397 
169.459 3.40038 
147.545 77.4566 
121.234 104.09 
123.161 217.362 
61.8275 82.4619 
278.343 66.3604 
48.2793 47.4373 
143.666 23.0398 
195.938 160.753 
58.4276 279.611 
143.304 72.8383 
283.328 56.2636 
5.3195 183.519 
11.6264 159.749 
29.6885 175.798 
202.003 99.4588 
293.273 58.5322 
193.661 208.56 
9.4033 322.116 
96.0699 218.211 
35.3021 79.1395 
57.6037 93.7833 
103.991 137.232 
316.096 60.7482 
80.2845 141.737 
122.116 147.387 
9.83204 185.329 
56.315 240.757 
94.0783 184.689 
157.877 158.866 
28.0954 272.792 
87.8283 153.446 
126.334 125.669 
118.863 18.8424 
101.332 180.347 
243.337 111.195 
193.791 87.7805 
26.2978 180.747 
0 1.99924 
1.99924 0 
1.99924 0 
0.258131 1.74113 
0.19973 1.7996 
1.69014 0.30917 
0.72196 1.27738 
1.78318 0.216101 
1.73306 0.266315 
0.533163 1.4663 
1.65885 0.340529 
1.74512 0.254256 
1.32228 0.677024 
1.27946 0.719851 
0.697822 1.30148 
1.84274 0.156603 
0.290815 1.7085 
1.05394 0.945297 
0.468329 1.53096 
0.754827 1.24444 
1.57672 0.422716 
1.55687 0.442425 
0.910306 1.08906 
1.91401 0.085305 
1.63832 0.360951 
0.931751 1.0676 
0.481106 1.51825 
1.37376 0.625609 
0.619525 1.3798 
0.649863 1.34964 
1.86841 0.130901 
0.345265 1.6541 
0.55813 1.44112 
1.07796 0.921567 
0.437813 1.56154 
1.20082 0.798568 
0.132925 1.86638 
1.01803 0.981409 
1.39454 0.60478 
1.25403 0.745322 
1.51405 0.485381 
0.840106 1.15917 
1.9702 0.0291319 
0.961387 1.03839 
1.80063 0.198634 
0.182582 1.81678 
0.0691012 1.93016 
1.15293 0.846382 
0.395648 1.60364 
0.816453 1.18279 
1.32878 0.67061 
0.0291313 1.97011 
0.674181 1.3251 
1.48925 0.510129 
1.35236 0.647243 
1.42198 0.577297 
0.363652 1.6357 
1.24146 0.757827 
0.00334462 1.99606 
0.0516404 1.94763 
1.82319 0.176115 
0.5057 1.4938 
1.00162 0.997708 
0.884032 1.1155 
1.89243 0.107004 
0.103627 1.89587 
1.11814 0.881119 
1.27342 0.725847 
1.45354 0.5458 
0.990763 1.00869 
0.789448 1.20998 
0.590441 1.40908 
0.504637 1.49465 
0.422693 1.57656 
0.606153 1.3932 
1.22086 0.77847 
1.13116 0.868135 
1.59716 0.402164 
1.81405 0.185254 
1.5345 0.464878 
1.5364 0.46291 
1.09794 0.901432 
0.32911 1.67019 
1.94211 0.0571625 
0.0868602 1.91259 
1.35851 0.640811 
1.46893 0.530418 
0.154279 1.84498 
0.924187 1.07515 
0.323293 1.67604 
1.43714 0.562462 
0.375003 1.62434 
0.308025 1.69142 
1.03401 0.965331 
0.875932 1.12334 
0.12113 1.87817 
0.667971 1.33148 
1.1773 0.8222 
0.762446 1.23709 
1.87753 0.121938 
