1.5016 5.57234e-129 7.88271e-08 
2.02688 3.34588e-91 2.55472e-54 
1.92012 1.38993e-80 5.79742e-83 
1.83581 1.93201e-34 1.30705e-12 
1.89067 5.28826e-73 8.7438e-07 
1.81025 8.17239e-73 2.6512e-49 
2.31141 8.39783e-14 0.000482805 
1.58779 2.46387e-27 5.23385e-27 
1.83422 9.51203e-71 2.88228e-27 
1.62323 4.52597e-126 5.37063e-24 
1.78502 6.19664e-65 3.58132e-79 
1.78777 1.23141e-21 1.00801e-34 
1.7728 1.9919e-32 4.35719e-64 
2.0088 0.000225463 9.82252e-43 
2.02795 3.63451e-18 1.7182e-84 
1.63334 2.01274e-38 9.98879e-32 
1.51385 2.21447e-111 2.51729e-11 
1.41694 2.43025e-58 1.41829e-18 
2.17759 2.39282e-12 6.14812e-12 
1.69772 3.49051e-30 5.10933e-66 
1.83216 1.161e-24 2.18133e-07 
2.08544 5.25676e-82 4.47742e-28 
1.88977 3.20788e-190 0.000419698 
2.17038 1.43274e-07 1.95724e-47 
1.03383 1.60014 2.52616e-05 
1.89175 1.74927e-44 0.0188942 
1.8944 1.47911e-44 1.61164e-06 
1.98651 1.65255e-23 8.41562e-71 
1.94679 4.94714e-05 4.98207e-30 
1.96373 9.18602e-10 4.94043e-103 
1.61174 3.35198e-33 2.75319e-80 
1.52661 6.8431e-09 7.34372e-28 
1.64619 2.60878e-30 3.9546e-30 
1.70324 1.28733e-54 1.43225e-35 
1.78386 3.60842e-77 1.30487e-32 
2.1175 2.78949e-61 9.03967e-81 
1.73573 5.22656e-21 3.03013e-45 
1.89296 1.10874e-09 4.38746e-14 
1.59808 4.80472e-27 1.84173e-67 
2.02207 0.000661565 4.88872e-34 
2.07151 2.13161e-92 9.44945e-13 
2.08971 1.84714e-12 1.04061e-06 
1.88405 1.16294e-17 4.82692e-18 
1.4776 8.96296e-16 3.12017e-08 
2.08022 5.06061e-69 3.7135e-15 
1.679 9.77594e-15 1.55609e-70 
2.00802 2.38973e-05 4.08408e-19 
2.18512 3.74637e-21 3.82846e-94 
1.57714 5.28744e-69 0.039047 
2.1267 1.25295e-77 1.44705e-49 
1.57492 7.08601e-69 1.87316e-25 
1.77693 6.2384e-25 3.98122e-15 
1.86793 1.2056e-20 9.19056e-30 
1.50371 1.18284e-89 1.59632e-92 
2.32315 2.50887e-30 3.69467e-13 
2.12368 6.22924e-64 1.39916e-08 
1.64959 2.31445e-60 2.8158e-217 
1.76112 6.03525e-30 3.2654e-74 
2.35206 7.08989e-78 7.02022e-25 
1.82012 3.58769e-27 9.45549e-50 
1.77361 6.28361e-19 1.99257e-90 
1.84864 3.85254e-51 2.02093e-44 
2.0546 1.40251e-27 1.34373e-15 
1.71626 5.3284e-86 1.05425e-23 
1.9497 7.48227e-11 1.06097e-96 
1.37286 0.79427 6.89921e-28 
1.49215 5.66607e-13 9.77328e-37 
1.84325 1.79558e-130 0.00088532 
1.75515 3.2543e-17 5.98808e-139 
1.54216 6.36718e-26 5.71256e-144 
1.70475 1.47621e-14 1.0006e-27 
1.48863 1.66268e-77 4.07759e-24 
1.5204 1.33018e-56 1.60039e-33 
1.64446 3.14129e-37 4.79277e-67 
1.5048 8.43827e-53 5.47661e-06 
1.70056 0.0716941 3.18632e-08 
2.48041 4.97542e-75 1.21939e-15 
1.86978 2.86555e-237 1.04465e-16 
2.19352 1.18819e-35 4.48569e-42 
1.42278 1.79137e-34 9.74369e-71 
2.03545 1.36978e-93 9.69883e-20 
1.68736 1.70297e-48 2.60487e-26 
2.39296 8.00646e-44 6.73448e-27 
2.01052 7.50083e-12 2.92316e-49 
1.44494 3.51022e-101 5.34201e-20 
1.66864 4.97019e-50 4.2681e-30 
1.93743 2.64355e-06 2.11649e-91 
2.07066 1.90149e-09 0.415781 
2.27097 2.96978e-163 5.3309e-07 
1.49495 4.22562e-52 1.22393e-44 
2.06683 6.41682e-08 4.42118e-20 
1.72204 2.44878e-08 6.68218e-91 
2.12274 9.6222e-07 6.79805e-147 
1.77319 2.61126e-55 1.08812e-107 
1.45354 2.90054e-12 6.33411e-10 
1.36943 7.84001e-05 3.67756e-14 
1.64869 0.0309162 1.32054e-22 
1.70903 1.15246e-40 9.25375e-94 
1.9257 6.64257e-10 1.10466e-39 
2.11653 2.16002e-05 0.00724088 
3.7494e-33 6.12323e-17 1 
6.12323e-17 1 0 
1 0 0 
1 0 0 
6.12323e-17 0 1 
3.56994e-17 5.25689e-17 1.03776 
0.135623 0.327426 0.959832 
0.638324 0.107305 0.78122 
0.947789 0.0396374 0.383715 
0.220055 0.151611 0.969953 
0.0628899 0.658674 0.763778 
0.347921 0.963997 0.0569615 
0.672156 0.0555675 0.751689 
0.534433 0.856853 0.0811254 
0.476328 0.852715 0.314586 
0.990838 0.0868254 0.179914 
0.0533778 0.807961 0.613314 
0.714922 0.72222 0.138623 
0.681149 0.617693 0.421026 
0.95732 0.311626 0.164818 
0.454306 0.798553 0.452146 
0.0922922 0.781724 0.641455 
0.334152 0.952407 0.095168 
0.809319 0.484946 0.430972 
0.582859 0.189668 0.814335 
0.743655 0.234771 0.652269 
0.430295 0.868535 0.359321 
0.975353 0.0753702 0.240922 
0.803938 0.541858 0.283162 
0.8597 0.210602 0.498678 
0.978258 0.252978 0.0192895 
0.0844455 0.275905 0.995844 
0.770007 0.0187365 0.677617 
0.3251 0.269611 0.913742 
0.315849 0.570118 0.796137 
0.0232664 0.902032 0.471567 
0.449172 0.906638 0.207969 
0.0689638 0.537589 0.849847 
0.301971 0.284248 0.938958 
0.361631 0.299907 0.886567 
0.0259426 0.991283 0.26326 
0.436148 0.787263 0.476858 
0.581548 0.642163 0.517144 
0.552146 0.843375 0.11467 
0.791509 0.396788 0.48868 
0.250049 0.22997 0.955936 
0.528052 0.677585 0.536749 
0.761709 0.159279 0.631632 
0.873218 0.358444 0.369778 
0.65285 0.607562 0.532345 
0.954416 0.353025 0.0236779 
0.819828 0.601055 4.60191e-15 
0.728407 0.429649 0.541448 
0.294001 0.979635 0.0439571 
0.197762 0.46925 0.888018 
0.398415 0.83827 0.406385 
0.69768 0.690498 0.2606 
0.192382 0.940942 0.324336 
0.127087 0.494892 0.866752 
0.214311 0.711655 0.688841 
0.163768 0.82397 0.590715 
0.260709 0.76835 0.607562 
0.506775 0.375797 0.792923 
0.487882 0.880188 0.0305529 
0.546469 0.818756 0.245699 
0.754314 0.00483485 0.702896 
0.377064 0.163488 0.930518 
0.210915 0.512905 0.838912 
0.842837 0.563034 0.00956388 
0.153768 0.75208 0.65754 
0.337866 0.911373 0.304035 
0.0791637 0.745047 0.716626 
0.724693 0.412742 0.572151 
0.288497 0.649991 0.723628 
0.366699 0.865196 0.391488 
0.560186 0.678218 0.511244 
0.273074 0.804792 0.551942 
2.397e-17 5.66896e-17 1.00517 
0.918973 0.443156 0.0266457 
0.388956 0.927743 0.224334 
0.965724 0.119819 0.341705 
0.163798 0.457399 0.902306 
0.848953 0.500752 0.193851 
0.246657 0.888778 0.444615 
0.515287 0.824621 0.289898 
0.703338 0.696779 0.158741 
0.915031 0.174411 0.39877 
0.571091 0.197015 0.828872 
0.104369 0.9587 0.338628 
0.935504 0.133393 0.39463 
0.242211 0.388335 0.898891 
0.183526 0.985528 0.0462119 
0.506446 0.816802 0.337471 
0.621136 0.583106 0.567394 
0.411944 0.925227 0.117595 
0.866103 0.411218 0.343813 
0.736376 0.0812633 0.697097 
0.782142 0.468662 0.439523 
0.898763 0.459311 0.195148 
0.766016 0.519443 0.423859 
