0.434135 2.09395 
1.22717 1.59634 
1.15214 0.991879 
1.70177 0.517991 
1.34963 1.56575 
1.73457 0.0675131 
0.268284 1.88475 
2.04787 0.590043 
0.639417 1.58866 
1.88974 0.84014 
0.43167 1.84818 
0.551001 2.13939 
1.61073 0.997982 
0.960235 1.75114 
1.06064 1.75874 
1.3479 1.23694 
0.925028 1.97143 
1.71504 0.663788 
0.0685591 1.74489 
1.96304 0.0572112 
1.47331 0.28745 
0.930015 1.30923 
1.7861 1.3546 
1.35099 0.00725624 
0.0903354 1.73344 
1.43065 0.935521 
1.67621 1.59416 
0.854394 1.81386 
1.7218 0.298678 
0.945024 1.35493 
1.42365 1.34191 
1.53986 1.04586 
1.86459 0.486544 
2.19121 1.31399 
1.62279 0.797307 
0.997623 1.39536 
0.691465 1.76161 
1.43677 1.03818 
1.44823 0.0373101 
1.09201 1.57686 
0.815688 1.16501 
1.0031 1.80242 
1.74708 0.579324 
0.0158527 1.41223 
0.238446 1.63266 
0.960036 1.51214 
0.232828 1.98579 
1.67221 0.788629 
1.59977 0.281797 
1.6137 0.973472 
1.57901 0.22527 
0.847805 1.1513 
1.54109 0.702534 
1.09901 1.48037 
1.22352 0.820915 
1.57527 0.496386 
1.15625 1.09162 
1.2874 1.28818 
1.11557 0.844556 
0.426037 2.4823 
1.83662 1.73216 
1.74252 0.460439 
1.49666 0.692655 
1.78426 1.0298 
0.625072 1.44525 
1.55248 0.517286 
1.67776 0.0298981 
1.64687 1.51166 
1.32597 1.31486 
0.414067 1.39438 
1.30064 1.16872 
1.11927 1.55392 
1.85211 0.720351 
1.80274 1.4793 
0.979966 1.99486 
1.68445 0.0111804 
1.2035 0.865999 
0.0422453 1.63543 
1.70282 0.158056 
1.48358 0.25576 
1.05847 1.33732 
0.450625 1.49648 
0.560797 1.84727 
1.77117 0.460253 
1.66937 0.461317 
2.33156 0.362742 
1.96157 0.177622 
1.49607 1.24309 
0.295167 2.03403 
1.59742 0.714784 
1.79001 1.2885 
0.0947128 1.68476 
1.91369 0.320565 
1.31568 1.36267 
0.976881 1.82374 
1.63864 1.77318 
1.2342 1.53019 
0.469049 1.67071 
1.61432 0.800961 
0.730212 1.71695 
6.12323e-17 1 
1 0 
1 0 
0.206184 0.978746 
0.249192 0.968868 
0.809176 0.587894 
0.786335 0.618843 
0.801248 0.598524 
0.825756 0.565099 
0.118195 0.993069 
0.983488 0.18127 
0.977333 0.214543 
0.898265 0.440198 
0.768288 0.641071 
0.91294 0.409828 
0.461926 0.887169 
0.0203811 0.999871 
0.906906 0.422169 
0.32021 0.947761 
0.655883 0.754926 
0.14066 0.990434 
0.872087 0.49026 
0.931612 0.364092 
0.520541 0.854891 
0.777318 0.629437 
0.921373 0.390462 
0.703943 0.711322 
0.535762 0.845215 
0.0453212 0.999519 
0.950539 0.313723 
0.297022 0.955636 
0.965295 0.265689 
0.937807 0.348371 
0.741641 0.671204 
0.63839 0.770405 
0.999372 0.0438455 
0.997919 0.0660992 
0.86148 0.508733 
0.155822 0.988186 
0.999983 0.0185751 
0.989448 0.145741 
0.969972 0.24366 
0.416522 0.909417 
0.397885 0.917615 
0.890927 0.454605 
0.945282 0.326419 
0.445619 0.895501 
0.843365 0.538029 
0.0957077 0.995645 
0.561504 0.828642 
0.356269 0.935027 
0.713851 0.700648 
0.328895 0.944438 
0.625758 0.780714 
0.370291 0.929168 
0.954695 0.297855 
0.731531 0.682044 
0.975555 0.221901 
0.377919 0.92615 
0.755338 0.656706 
0.941792 0.337616 
0.427376 0.904503 
0.755612 0.655508 
0.986784 0.163829 
0.550168 0.835377 
0.97135 0.238432 
0.440414 0.898007 
0.58128 0.81415 
0.723069 0.69123 
0.342815 0.939681 
0.999546 0.0330374 
0.475841 0.879625 
0.68627 0.729079 
0.544347 0.839073 
0.600847 0.80004 
0.926052 0.378368 
0.188428 0.98233 
0.668422 0.744057 
0.619837 0.785344 
0.993139 0.122519 
0.88323 0.469743 
0.661314 0.750354 
0.637462 0.772286 
0.886949 0.461931 
0.674006 0.738932 
0.169566 0.985803 
0.175441 0.985423 
0.39135 0.920382 
0.680339 0.73328 
0.571033 0.821118 
0.0899935 0.996228 
0.195221 0.981071 
0.586562 0.810279 
0.0762296 0.997639 
0.85085 0.525886 
0.73784 0.675809 
0.997282 0.0764055 
0.609765 0.793095 
0.996642 0.0855651 
0.257586 0.96641 
