10.7544 8.1977 11.209 
19.7936 10.2217 15.0939 
6.68655 16.8832 15.1209 
23.263 22.2017 22.1082 
9.66646 12.753 10.739 
18.9954 25.1706 15.9717 
13.1594 9.83608 21.5592 
15.9771 13.9484 6.64133 
26.1789 13.6917 19.8368 
19.7726 15.423 19.4593 
20.7446 11.491 13.8208 
20.4013 14.2217 34.8122 
11.7704 26.4538 33.8743 
13.1941 14.5111 16.6745 
32.464 10.0694 15.1182 
9.36461 18.7665 16.6746 
20.7217 26.496 14.29 
18.4238 16.4 13.5329 
16.6892 14.2776 9.53094 
11.5174 14.7106 15.6721 
14.5522 23.5729 12.2876 
14.6778 12.428 15.1434 
26.925 16.4142 6.91652 
22.8218 13.9733 38.8227 
31.3817 27.6119 13.7038 
8.96013 11.2147 7.79095 
15.8568 15.8174 12.8982 
16.028 33.2183 25.186 
11.186 13.7183 13.6114 
13.8187 14.0182 13.1669 
11.9149 18.0008 21.4375 
16.2867 18.7791 14.8809 
21.6717 16.0688 30.0538 
20.6336 17.8457 15.3794 
17.8427 11.6909 12.6459 
23.2522 19.2333 17.9511 
14.5992 16.2703 6.64115 
12.9815 31.0047 10.564 
11.738 13.6453 13.0088 
22.6109 29.3861 36.6215 
16.1938 13.6713 17.24 
10.9887 14.753 26.2756 
13.2491 24.1099 18.8461 
13.0935 13.755 17.3777 
21.8968 10.4353 13.9626 
13.8354 12.8857 20.0265 
23.2191 19.9772 30.2704 
12.7984 16.5778 18.5877 
19.1855 12.2144 14.7167 
21.3631 16.4767 18.6208 
14.1529 24.85 17.6393 
18.2326 22.3388 17.9024 
12.217 13.6433 15.9714 
15.2348 7.1609 9.58119 
15.5959 10.3126 15.5863 
12.2018 32.9697 29.6449 
12.8739 30.6984 26.6073 
11.5229 10.2256 13.8722 
11.0557 8.98139 9.62144 
16.4099 16.4753 10.616 
9.01019 23.9881 22.34 
28.7905 16.4473 18.1882 
20.259 6.86808 18.629 
16.1859 10.4218 13.3981 
11.5505 11.9435 10.902 
11.2101 15.0302 13.6142 
12.1216 14.1892 15.8251 
24.6706 17.8235 20.7689 
19.3762 14.3438 15.6011 
17.2624 14.1722 18.9006 
18.2382 13.6209 11.0075 
11.1326 19.7814 8.45931 
10.2555 11.5604 20.6398 
13.1618 23.6619 33.0263 
17.5093 16.8697 16.6506 
12.0339 14.5881 24.9391 
18.9776 21.7992 8.78827 
17.0914 16.7246 12.7638 
16.8043 12.6902 18.6961 
17.4449 26.5232 31.0837 
10.9406 7.71659 11.3994 
15.6743 9.57115 11.7582 
16.1554 30.2747 35.6289 
26.7765 19.1018 10.6122 
19.2512 10.2085 12.4105 
23.2177 21.2871 14.0575 
17.2965 10.9507 12.906 
14.1138 31.5802 35.6537 
35.5603 19.0864 16.2238 
22.8252 32.6483 24.0639 
11.6325 20.2312 11.4232 
13.702 12.3458 13.9944 
23.4097 15.5651 13.0294 
25.4863 22.5041 13.8299 
20.9716 16.5521 37.7227 
9.28813 11.3229 15.346 
16.4446 15.8048 18.2353 
34.9901 32.6111 21.4568 
12.3999 34.2442 34.1181 
21.2382 18.4189 18.627 
1.53533 2.62758 1.36596e-07 
3.71108e-10 1.26009 1.21554 
2.13131 0.522518 0.000128458 
1.87107e-05 2.24625e-05 1.3439 
0.414475 29.5998 0.92134 
1.88087 0.649644 0.035948 
2.03124 0.460723 0.228959 
1.31589e-09 0.166644 1.22053 
3.71108e-10 3.41356 1.09171 
0.780593 22.3633 0.647241 
1.18746 2.12214 0.0100011 
0.830825 15.5084 0.592088 
0.111646 10.7022 1.00154 
0.656626 25.9009 0.762215 
0.644751 14.45 0.785626 
0.274499 4.26251 1.02873 
1.31589e-09 1.10577 1.15421 
1.39101 0.831302 0.120503 
0.29523 25.4309 0.965974 
0.0329983 5.11739 1.02025 
0.195378 18.6087 0.992352 
1.34431 1.13679 0.0493063 
0.905067 7.6603 0.508725 
1.04504 8.00678 0.170505 
1.18194 3.87412 0.00472084 
0.989882 16.5199 0.197715 
0.0618671 24.1795 1.00656 
0.336999 18.1971 0.95499 
0.533493 7.33022 0.86542 
0.866609 19.1958 0.540215 
3.98886e-05 2.24625e-05 1.04649 
0.389263 16.1298 0.935366 
1.27719 2.82528 4.2509e-06 
1.45535 1.49589 0.00038699 
0.753752 28.9831 0.671732 
0.634687 6.68364 0.821765 
0.98996 17.3169 0.196973 
0.671222 24.993 0.76813 
0.445995 23.7029 0.902057 
1.06974 3.16045 0.0223358 
0.924901 15.8171 0.449686 
0.923376 28.6242 0.417697 
0.594924 21.1294 0.812169 
0.797391 15.7042 0.626432 
0.946655 12.9722 0.351968 
0.823467 11.0773 0.614663 
0.4218 5.8701 0.940083 
0.955832 11.9039 0.367608 
0.454492 9.03581 0.927535 
1.06717 2.54084 0.0972299 
2.08332 0.680766 0.000171297 
0.701464 10.8902 0.732673 
0.325442 20.1727 0.979664 
0.718833 13.7922 0.712132 
0.0556631 6.36586 1.00938 
1.5185e-07 0.166644 1.18419 
0.710425 26.6574 0.71866 
0.234315 28.2843 0.976255 
0.995788 21.6221 0.145099 
0.958734 24.6292 0.304635 
1.51844 1.49011 0.00456091 
0.890739 17.6412 0.476085 
0.685316 8.69921 0.78562 
0.564197 18.6096 0.838606 
0.030048 5.53018 1.02784 
0.947991 12.4553 0.380224 
0.503193 20.9179 0.880305 
0.998568 27.6298 0.136214 
0.396343 7.2241 0.950798 
0.936213 7.36314 0.48621 
0.619246 19.853 0.79822 
0.85604 18.3954 0.550048 
0.560424 23.2377 0.838226 
0.252702 17.7574 0.985966 
0.983129 11.2858 0.260511 
0.757403 9.82732 0.677253 
0.477956 21.943 0.888989 
1.02145 8.42863 0.0588014 
0.842815 12.2943 0.56439 
0.609703 9.58625 0.813895 
0.990394 13.4433 0.245369 
0.414537 29.5518 0.91705 
1.43309 1.07443 0.056246 
0.737562 9.66978 0.695354 
0.987828 19.3988 0.237118 
1.1175 1.49158 0.0352015 
0.996024 26.8499 0.144385 
0.970091 10.3771 0.3262 
0.233941 27.5796 0.976655 
0.969268 12.7904 0.278756 
1.28435 2.7064 1.36596e-07 
0.839791 7.83932 0.568671 
1.01525 10.5801 0.0813142 
1.11634 2.67286 0.0277432 
0.743803 8.02668 0.70064 
0.974529 10.2195 0.279677 
0.922809 10.5833 0.465361 
1.00725 0.00420025 0.40256 
0.485894 13.7035 0.898496 
0.562979 23.2209 0.838606 
