1.56507 2.94922e-114 
1.91326 6.98632e-25 
1.80917 1.02183e-58 
2.01473 0.0228422 
1.56489 1.09263e-46 
1.76413 1.73848e-44 
1.83518 1.80551e-69 
1.8634 1.86948e-15 
1.85497 8.00374e-283 
1.92863 4.35134e-24 
1.57969 1.94972e-33 
1.82041 5.84242e-09 
2.26528 3.36474e-71 
1.5041 8.92987e-37 
1.93154 6.82704e-56 
2.04371 2.67914e-33 
1.56634 3.73067e-130 
1.73484 7.63661e-08 
2.29967 2.6531e-05 
1.53131 0.00318161 
2.0791 1.46188e-59 
1.8006 4.26769e-29 
2.09919 7.54542e-07 
1.51092 9.95144e-249 
1.88627 1.84968e-15 
2.08261 7.85012e-08 
1.76606 0.00405363 
2.93918 3.08837e-40 
1.67074 0.000905481 
2.107 4.23107e-39 
2.29679 2.97133e-23 
2.16884 2.27247e-31 
2.2777 8.07348e-63 
1.93656 4.93266e-35 
1.68291 2.47317e-191 
2.12098 3.12803e-98 
1.7373 7.77765e-13 
2.0769 1.77687e-67 
1.62956 9.60518e-13 
1.74211 1.09446e-49 
1.62949 1.832e-15 
1.81337 5.90472e-33 
1.71221 9.21687e-06 
1.7549 0.000165704 
2.02339 1.09211e-104 
1.65727 4.62003e-05 
1.69864 3.21585e-44 
2.16359 1.71936e-50 
1.80191 3.31132e-11 
2.2595 2.84869e-38 
1.40532 9.82341e-50 
2.07954 2.00333e-149 
1.85819 5.7582e-78 
2.17057 4.04205e-12 
1.67004 7.91e-06 
1.63422 3.3616e-34 
1.91439 7.57874e-130 
1.78223 5.69085e-106 
2.10188 5.14035e-22 
1.55341 2.24594e-143 
1.62027 2.44646e-51 
1.77267 1.46976e-12 
1.67806 3.8864e-24 
1.92094 8.28093e-21 
1.78953 1.87328e-05 
2.17973 6.27137e-20 
1.92807 7.30483e-38 
1.64978 9.05001e-92 
2.09683 1.10637e-25 
1.72619 8.66977e-52 
1.72044 1.65012e-78 
1.35561 4.00844e-27 
1.73505 1.22225e-73 
1.72628 8.35952e-17 
1.66988 1.04857e-89 
1.88703 4.07489e-11 
1.90348 4.31854e-73 
1.71062 3.36949e-27 
1.76457 1.08205e-82 
1.80421 2.18639e-15 
1.5722 1.62542e-109 
1.69436 0.000387003 
2.15981 5.11201e-14 
1.98785 2.63833e-101 
1.98458 1.24806e-26 
1.60398 1.5532e-10 
1.60925 5.25616e-25 
1.50022 4.27719e-09 
1.6508 1.62115e-118 
2.17015 1.15797e-16 
1.63595 2.19035e-106 
2.00416 7.68195e-18 
1.72793 5.25541e-08 
1.67799 4.05318e-29 
1.63772 1.78027e-82 
2.16576 9.69266e-24 
1.54804 2.26079e-34 
1.77021 3.59291e-38 
1.51245 1.68661e-56 
1.81867 4.99627e-35 
1 0 
1 0 
1 0 
1 0 
1 0 
1 0 
1 0 
1 0 
1 0 
1 0 
1 0 
1 0 
1 0 
1 0 
1 0 
1 0 
1 0 
1 0 
1 0 
1 0 
1 0 
1 0 
1 0 
1 0 
1 0 
1 0 
1 0 
1 0 
1 0 
1 0 
1 0 
1 0 
1 0 
1 0 
1 0 
1 0 
1 0 
1 0 
1 0 
1 0 
1 0 
1 0 
1 0 
1 0 
1 0 
1 0 
1 0 
1 0 
1 0 
1 0 
1 0 
1 0 
1 0 
1 0 
1 0 
1 0 
1 0 
1 0 
1 0 
1 0 
1 0 
1 0 
1 0 
1 0 
1 0 
1 0 
1 0 
1 0 
1 0 
1 0 
1 0 
1 0 
1 0 
1 0 
1 0 
1 0 
1 0 
1 0 
1 0 
1 0 
1 0 
1 0 
1 0 
1 0 
1 0 
1 0 
1 0 
1 0 
1 0 
1 0 
1 0 
1 0 
1 0 
1 0 
1 0 
1 0 
1 0 
1 0 
1 0 
1 0 
