0.583459 3.39887 4.77196 
1.2882 1.55996 5.82783 
1.25282 4.17009 1.65702 
0.640197 0.657698 6.63492 
1.57201 2.86479 3.67265 
0.550095 1.56472 6.35385 
1.398 2.6045 4.3801 
1.046 1.66364 6.072 
1.94028 1.27495 4.42481 
2.01096 1.54336 4.09269 
1.79486 2.7959 3.11482 
1.32533 3.66914 3.51646 
1.70021 2.08192 4.19771 
0.49954 0.510942 6.49946 
1.0235 3.16574 4.54013 
1.3409 2.81744 5.11247 
1.95186 3.23334 2.4924 
0.454184 1.7382 6.13664 
0.575798 2.97402 5.10983 
0.979268 0.99973 6.40457 
0.700233 1.78766 6.07731 
1.46221 1.93319 5.13568 
0.580054 0.842809 6.56709 
0.534576 1.40904 6.38944 
2.21718 1.69385 3.07609 
1.47266 1.85976 5.62863 
0.587714 0.692788 6.57823 
0.478387 0.532173 6.47784 
1.63717 3.0096 3.69731 
2.33601 1.34115 3.05796 
1.63336 2.14387 4.76702 
1.73364 1.74172 4.8722 
1.67348 2.14556 4.69274 
0.592848 0.592848 6.59285 
1.49306 1.81657 5.23995 
0.688612 1.32836 6.39665 
0.571248 0.908979 6.4939 
0.955822 0.989498 6.20872 
0.591403 0.64768 6.59081 
1.19753 2.09249 5.44292 
0.784936 2.02651 6.06671 
1.81155 2.64636 3.25378 
1.49478 3.48775 2.56416 
0.934901 2.98058 4.80316 
0.605039 3.71118 3.84209 
0.598484 0.739978 6.58342 
0.800432 0.925328 6.34025 
0.552643 0.556574 6.55164 
0.66339 0.802383 6.52511 
0.620228 3.15943 4.91809 
2.11568 1.26294 4.38668 
1.83206 2.10051 4.21522 
0.672623 0.672623 6.67262 
1.68493 3.67204 1.16602 
0.663046 0.756999 6.5523 
1.39231 2.30103 5.19195 
1.5987 3.95759 1.65704 
0.789862 0.716538 6.45083 
0.491033 1.58453 6.22159 
0.591181 1.36827 6.26646 
1.44923 0.867271 5.58432 
0.566067 0.567978 6.56573 
1.53394 3.493 2.69819 
1.738 2.93071 3.91783 
0.578052 1.25159 6.47713 
1.48409 2.31203 4.82563 
0.667162 0.956744 6.35194 
0.866374 2.42736 5.34994 
1.60817 2.29566 4.87736 
1.41795 3.05915 4.04406 
1.00929 4.2093 1.45044 
0.83335 4.43707 1.97134 
0.652446 1.79819 6.40104 
0.874108 3.21943 4.54042 
0.954615 2.00208 6.08014 
0.559379 1.55129 6.33389 
1.91771 1.79073 4.47496 
1.12218 2.72475 4.91134 
0.544828 0.907754 6.52007 
1.60893 1.85584 5.05263 
1.28894 1.87356 5.76321 
1.21182 1.99799 5.43478 
1.31623 2.21491 5.28037 
1.88798 2.248 4.03169 
0.670669 0.869958 6.45222 
0.599451 0.744108 6.58769 
0.56292 1.99141 6.16494 
0.953247 3.4687 4.5603 
1.67576 0.985276 5.21131 
0.419512 0.430011 6.41947 
0.576089 0.591625 6.574 
1.08345 1.97714 5.66012 
0.898202 3.541 4.10708 
1.47156 2.4446 5.03887 
0.747769 1.02266 6.52138 
1.49979 1.69785 5.35137 
1.55754 1.99484 4.88948 
0.605387 2.94043 5.32498 
0.993771 1.73398 6.00826 
0.881011 1.04411 6.44606 
0.435219 3.90432 0.000122805 
0.000202592 4.0002 0.000202647 
0.000109215 0.000107903 6.00011 
2.00019 0.000189776 0.000189911 
0.229133 2.89722 4.19606 
0.972222 3.65717 0.527015 
1.18699 3.26779 1.03557 
0.140174 3.30796 3.80371 
0.534035 0.673978 5.87472 
1.81728 1.75867 1.17281 
0.590775 0.480141 5.92395 
0.830558 3.72715 0.855305 
1.97999 0.949592 0.639461 
1.21675 0.402496 4.89388 
0.0382347 3.87928 1.71284 
0.38974 3.45899 3.15962 
1.5101 2.13292 3.01629 
0.170807 3.06342 4.31493 
0.299262 3.16387 3.97907 
1.78047 1.89081 1.92205 
1.84294 1.7853 0.142592 
1.10282 0.872204 5.04371 
0.995833 3.22631 2.71293 
1.93016 1.46629 1.52371 
1.05654 0.173129 5.39577 
1.87792 0.247384 2.83727 
1.50817 0.0464952 4.14182 
1.77339 1.94627 2.23827 
1.79875 0.80943 3.23766 
1.09039 3.57154 0.354135 
0.11285 2.88376 4.44005 
1.33953 3.21317 0.207809 
0.492854 3.73114 2.24424 
1.95757 1.33261 0.324078 
1.02549 2.76905 3.5248 
0.961208 2.41795 4.25468 
1.08779 0.629681 5.31139 
0.866692 3.72361 1.33147 
0.379522 3.51902 3.14532 
1.23248 1.61203 4.62791 
1.26687 3.20357 1.38227 
0.347152 3.23401 3.68476 
0.259256 3.79895 2.32929 
0.0762906 2.19582 5.16471 
1.418 0.326264 4.67324 
1.35325 2.9828 2.08923 
0.0247366 3.95894 1.10856 
0.0705653 3.92944 1.65026 
0.458267 3.55787 3.08113 
1.67053 2.17121 2.10712 
0.745922 3.15907 3.48433 
1.43824 2.04269 3.60009 
1.57202 2.64315 1.14376 
0.569255 3.12328 3.80994 
1.68404 1.5577 2.79661 
1.94951 0.741053 2.43264 
1.91283 0.994911 2.59755 
1.30643 0.972724 4.70067 
0.899133 0.345266 5.56227 
1.4536 0.567774 4.55272 
0.552686 3.38769 3.14192 
0.922812 3.38011 2.53796 
0.801738 3.76745 0.790074 
1.35983 2.69358 2.02108 
1.25513 1.67676 4.56 
0.78087 2.69228 4.1892 
1.87437 1.83033 0.0767929 
0.0855349 3.09866 4.03172 
0.888075 3.35852 2.54815 
1.12633 1.19649 4.95204 
1.66884 0.252293 3.93631 
1.5003 0.606505 4.40653 
0.47272 3.68447 2.42892 
1.60438 0.530716 4.05709 
1.77446 2.2785 1.63618 
1.89526 1.29629 2.04236 
1.52059 2.00135 3.25965 
0.419114 2.28729 5.00818 
0.639842 3.07355 3.85154 
1.64795 1.22657 3.64585 
1.19002 2.70303 3.35196 
0.89318 3.59062 1.76458 
0.321703 0.118746 5.98816 
0.809779 1.42497 5.4524 
0.328717 0.120971 5.98759 
0.704988 3.83171 0.764719 
0.636149 1.04154 5.65353 
0.551313 2.49623 4.75092 
0.722773 1.27439 5.50566 
0.889657 3.63989 1.24927 
0.669144 1.49805 5.35636 
0.0250948 3.83837 1.83689 
0.662523 1.57201 5.49256 
1.39133 2.38408 3.36195 
0.620154 0.529271 5.77783 
1.03974 2.03739 4.38567 
1.5623 2.73581 0.187647 
1.01676 1.23662 5.26268 
0.351806 3.05063 4.07919 
0.603533 1.50966 5.5566 
