1.55838 3.80415 
1.78065 3.5328 
1.96082 3.09803 
1.55223 4.03359 
0.478393 4.44895 
1.96073 3.34304 
1.8628 3.21861 
1.50873 4.15909 
1.07197 4.38494 
1.58818 4.15917 
0.722957 4.5514 
1.91551 3.09003 
1.38267 3.84857 
1.93815 3.52565 
0.60217 4.60073 
1.3591 3.96024 
2.19699 2.7603 
1.60424 4.0617 
1.24394 4.06012 
0.585531 4.50364 
1.31446 4.24892 
1.04169 4.28997 
1.85753 3.28017 
1.56755 3.75141 
1.5907 4.08046 
1.22827 4.12843 
1.94699 3.26103 
2.0617 3.2691 
0.525891 4.47442 
0.995488 4.39519 
1.79577 3.79587 
0.599148 4.58683 
1.39657 4.28996 
0.984498 4.5326 
1.5757 3.85399 
1.11988 4.23088 
1.3027 4.05241 
1.57523 3.52533 
2.13247 2.74804 
1.32721 4.13213 
1.55625 3.93214 
2.32631 2.21784 
2.11352 2.41633 
1.49309 4.09476 
0.565193 4.5645 
1.09773 4.36035 
1.68217 3.8752 
0.884782 4.3431 
1.35143 3.8272 
1.97337 2.96393 
2.02338 3.13066 
2.07677 2.866 
1.59413 3.78892 
1.49107 3.94021 
2.13802 2.78441 
1.91613 2.9622 
1.74704 3.75938 
2.09638 2.50152 
1.20654 4.37611 
0.695135 4.42725 
0.694461 4.36813 
1.1405 4.25259 
1.8828 3.29765 
1.95011 3.10405 
1.422 4.19908 
2.20884 2.57514 
2.37072 2.50501 
1.66944 3.74633 
0.939219 4.33357 
1.10217 4.35579 
1.57026 3.70271 
2.02366 3.08021 
1.08623 4.50467 
2.25449 2.25455 
1.2241 4.07311 
1.55192 3.90917 
1.27086 4.40297 
2.0389 3.02714 
2.26988 2.10643 
1.55209 4.11776 
0.593432 4.54711 
1.95351 3.40509 
0.753145 4.51909 
0.584911 4.44884 
0.663525 4.46394 
0.600368 4.48425 
1.8577 3.68169 
1.34563 4.00503 
2.1784 2.44285 
1.17167 4.42892 
1.72029 3.58011 
2.17489 2.66443 
1.34381 4.00161 
1.15294 4.4941 
1.09868 4.42227 
1.81923 3.28347 
1.40501 3.86049 
2.19869 2.94716 
1.91729 3.33227 
0.700056 4.50873 
4.02244e-05 4.00004 
2.00003 2.61284e-05 
2.00003 2.61284e-05 
0.37998 3.9274 
1.77922 1.83994 
0.295091 3.95753 
1.91391 1.18726 
1.74155 1.97594 
1.89061 1.32455 
1.96827 0.753249 
1.99235 0.37476 
1.0748 3.37815 
1.95653 0.838189 
1.51304 2.62452 
0.737661 3.72293 
1.9283 1.0839 
0.432885 3.90749 
1.97418 0.658646 
0.811268 3.66075 
1.98916 0.437181 
1.87146 1.42774 
0.10821 3.99526 
0.145208 3.99011 
1.99996 0.0908929 
1.02971 3.43308 
0.486632 3.88365 
0.23739 3.97404 
1.98406 0.521564 
1.35833 2.94257 
0.0376667 3.99957 
0.0721878 3.99875 
1.99991 0.150037 
0.779013 3.68913 
1.99739 0.25378 
0.923747 3.5517 
1.39072 2.88033 
1.14346 3.28747 
1.95005 0.909777 
0.193993 3.98361 
0.905544 3.57463 
1.29904 3.04598 
1.23417 3.15312 
0.844754 3.62956 
0.565884 3.8382 
0.950962 3.52333 
1.82007 1.67335 
0.699488 3.7491 
1.82906 1.62945 
1.6076 2.3884 
1.54744 2.54305 
1.16831 3.2524 
0.627662 3.80132 
1.28148 3.07628 
1.80978 1.71013 
1.0084 3.45834 
0.973997 3.5006 
1.46166 2.74291 
1.78692 1.80764 
1.84818 1.53116 
1.41011 2.83948 
1.35356 2.95227 
1.48213 2.69382 
1.90084 1.25574 
0.179671 3.98704 
0.71477 3.74164 
1.2222 3.16938 
1.32433 3.00702 
1.33042 2.99244 
1.85992 1.48397 
1.83652 1.58975 
1.49026 2.67622 
1.70535 2.10245 
1.99813 0.232274 
1.43999 2.78196 
1.53252 2.57765 
1.93493 1.01595 
1.20702 3.20056 
0.596049 3.82006 
0.788608 3.68138 
0.453775 3.89926 
1.90069 1.26519 
1.26002 3.11649 
1.79839 1.76852 
1.25826 3.11827 
0.513354 3.8696 
1.71812 2.05751 
0.88105 3.59467 
1.68141 2.17788 
1.45819 2.75687 
1.42021 2.8238 
0.602427 3.81804 
1.84381 1.56063 
1.43147 2.79996 
1.9327 1.05156 
1.80414 1.75364 
0.671435 3.77163 
0.271391 3.96565 
1.09026 3.35783 
1.59237 2.42456 
1.393 2.87731 
