5.00673 4.55599 
4.87877 4.24013 
7.33135 6.08945 
5.46698 8.01182 
6.34293 7.00928 
6.12732 5.53148 
7.87327 5.95866 
5.81251 5.40419 
5.9631 4.37699 
6.03187 4.60045 
5.69467 5.33832 
5.94324 6.62513 
5.30278 5.19891 
5.00227 6.54628 
4.89675 6.12696 
4.65403 6.08099 
5.58853 6.56477 
5.57135 7.70266 
6.93692 6.92711 
5.90352 7.13209 
5.65474 5.01342 
4.42973 5.97746 
7.31699 7.12514 
5.74873 5.68892 
4.35526 5.97501 
6.94287 5.60349 
5.46119 7.02314 
5.20112 4.35912 
4.93547 6.75266 
7.15448 4.26914 
4.69589 6.9055 
6.80619 4.15296 
5.03386 4.78515 
6.5313 6.05542 
4.59878 4.86553 
5.1382 5.95179 
6.06347 6.67676 
4.13051 6.22162 
5.27952 6.82352 
7.45118 5.43014 
5.98482 4.33281 
5.85003 5.29867 
5.20114 7.55612 
5.93364 5.58832 
7.22526 5.46775 
5.32451 6.14844 
5.85952 5.03177 
5.45257 6.19369 
6.98251 7.24623 
3.85831 4.97759 
6.47072 5.86058 
5.49415 6.1876 
5.80162 5.92014 
5.92696 6.5755 
5.09172 5.313 
7.31552 5.44651 
5.39533 6.71243 
4.30698 6.04429 
4.99016 5.05222 
4.87208 5.09359 
8.00131 3.69339 
5.02659 5.4753 
4.82253 6.32978 
5.87228 7.65 
8.46138 6.2117 
5.84362 7.29583 
5.84286 7.57813 
4.60935 7.09278 
5.09084 6.85663 
5.95753 7.86981 
5.65405 7.55723 
5.45827 6.38198 
7.01286 5.59852 
5.49 5.66087 
5.44411 4.20287 
5.53543 6.22157 
6.89288 6.55947 
5.02036 6.21331 
6.53054 6.57931 
3.29146 6.08476 
6.46656 8.4849 
3.44962 5.80132 
6.1976 5.49139 
6.92359 5.16798 
4.43282 4.2334 
6.18366 5.78085 
8.69432 6.30413 
6.84191 6.04266 
6.19049 5.62996 
6.54502 5.50529 
5.19754 6.55224 
4.45816 5.56567 
4.3491 6.62011 
6.39664 5.67894 
6.30507 6.15934 
6.69497 6.73222 
5.95735 5.0659 
7.89048 5.50815 
4.30982 6.62339 
6.58868 5.75102 
8.04185e-246 1 
1 3.67394e-16 
1 3.67394e-16 
0.65 0.35 
0.35 0.65 
0.35 0.65 
8.04185e-246 1 
8.04185e-246 1 
0.65 0.35 
0.65 0.35 
1 3.67394e-16 
1 3.67394e-16 
1 3.67394e-16 
1 3.67394e-16 
1 3.67394e-16 
1 3.67394e-16 
1 3.67394e-16 
1 3.67394e-16 
1 3.67394e-16 
1 3.67394e-16 
1 3.67394e-16 
1 3.67394e-16 
1 3.67394e-16 
1 3.67394e-16 
1 3.67394e-16 
1 3.67394e-16 
1 3.67394e-16 
1 3.67394e-16 
1 3.67394e-16 
1 3.67394e-16 
1 3.67394e-16 
1 3.67394e-16 
1 3.67394e-16 
1 3.67394e-16 
1 3.67394e-16 
1 3.67394e-16 
1 3.67394e-16 
1 3.67394e-16 
1 3.67394e-16 
1 3.67394e-16 
1 3.67394e-16 
1 3.67394e-16 
1 3.67394e-16 
1 3.67394e-16 
1 3.67394e-16 
1 3.67394e-16 
1 3.67394e-16 
1 3.67394e-16 
1 3.67394e-16 
1 3.67394e-16 
1 3.67394e-16 
1 3.67394e-16 
1 3.67394e-16 
1 3.67394e-16 
1 3.67394e-16 
1 3.67394e-16 
1 3.67394e-16 
1 3.67394e-16 
1 3.67394e-16 
1 3.67394e-16 
1 3.67394e-16 
1 3.67394e-16 
1 3.67394e-16 
1 3.67394e-16 
1 3.67394e-16 
1 3.67394e-16 
1 3.67394e-16 
1 3.67394e-16 
1 3.67394e-16 
1 3.67394e-16 
1 3.67394e-16 
1 3.67394e-16 
1 3.67394e-16 
1 3.67394e-16 
1 3.67394e-16 
1 3.67394e-16 
1 3.67394e-16 
1 3.67394e-16 
1 3.67394e-16 
1 3.67394e-16 
1 3.67394e-16 
1 3.67394e-16 
1 3.67394e-16 
1 3.67394e-16 
1 3.67394e-16 
1 3.67394e-16 
1 3.67394e-16 
1 3.67394e-16 
1 3.67394e-16 
1 3.67394e-16 
1 3.67394e-16 
1 3.67394e-16 
1 3.67394e-16 
1 3.67394e-16 
1 3.67394e-16 
1 3.67394e-16 
1 3.67394e-16 
1 3.67394e-16 
1 3.67394e-16 
1 3.67394e-16 
