1.47834 0.240222 9.49994 
1.07953 3.17133 9.04616 
0.24936 0.170751 9.58295 
9.03201 1.37446 1.43933 
6.74635 6.46084 2.08319 
1.63697 9.13112 0.107725 
5.84255 5.3788 5.47185 
5.00555 7.98459 0.170076 
8.87007 3.29395 0.376387 
4.60494 1.9042 8.00476 
0.739213 0.960425 9.07056 
6.69871 6.85993 0.427082 
9.30823 1.4426 1.10804 
6.60208 3.0391 5.96452 
8.07661 1.71209 4.43649 
7.89838 1.15949 5.4252 
3.07346 7.89241 4.88727 
6.73683 6.69595 0.261135 
0.422871 0.164107 9.35086 
1.23856 1.46284 9.56088 
2.52106 8.09596 4.26087 
2.23074 1.20483 9.18977 
1.5505 1.02103 9.36968 
3.82773 8.2436 2.45459 
2.06044 1.53457 9.09257 
4.22412 0.505311 8.47148 
2.03387 8.99556 0.181075 
3.43385 8.7748 2.543 
4.34625 1.69919 8.28404 
0.729487 0.672435 9.68981 
5.07138 2.84177 7.48952 
1.40742 1.99134 9.34933 
1.06477 7.93495 4.94878 
9.39749 1.3556 1.68638 
3.98623 1.56461 8.22035 
1.76029 9.22377 2.53509 
2.55291 1.81417 9.17109 
1.31807 3.03332 9.3017 
8.38368 3.40463 2.13625 
8.6314 3.38109 1.3382 
1.23029 3.36924 8.73234 
4.28341 8.19124 2.58857 
3.31839 7.95787 4.00932 
6.04987 6.94338 2.06279 
0.611471 2.86103 9.1868 
0.232754 0.2472 9.38745 
6.37379 6.62628 2.80028 
2.94052 4.17332 8.17838 
1.80147 2.05652 8.71798 
6.6015 0.98261 6.37544 
5.90267 1.35074 7.45314 
5.39769 2.7769 7.47342 
1.7002 7.12586 6.49551 
4.75352 2.07689 7.83058 
6.07826 7.44769 1.42405 
3.26039 6.62222 6.12202 
4.95737 3.60143 7.56706 
0.799712 4.50858 8.68207 
4.16304 7.43204 3.66165 
0.469522 0.105535 9.57622 
1.849 2.64685 9.19517 
2.32802 5.05951 7.50201 
4.12404 6.87574 5.11271 
2.62358 6.26547 6.57693 
1.17956 7.23352 6.61478 
2.29885 1.06298 9.53589 
8.47672 4.14626 1.21924 
7.18755 5.70618 1.4425 
3.44316 5.26309 6.21829 
2.85827 3.12379 8.2395 
6.68796 4.75808 4.78086 
4.62246 4.19656 7.24947 
8.91334 2.15746 1.15152 
7.75837 4.75811 0.0625406 
8.16626 2.41751 4.2478 
2.63271 4.74077 7.64811 
7.31672 0.79127 5.90838 
3.30439 0.925669 8.98553 
1.1339 6.16459 6.6092 
0.888844 9.13826 1.48109 
6.26367 1.33891 6.32934 
0.506903 0.214906 9.05222 
1.41161 0.545923 9.19084 
7.48713 3.14141 5.53309 
1.13348 3.56191 8.16926 
3.42541 2.17285 8.20525 
0.778242 1.55044 9.1614 
4.21268 3.38168 7.59947 
6.36442 1.43114 6.48603 
0.794843 0.39446 9.44269 
8.51643 3.24939 0.558982 
0.93114 0.177747 9.40046 
8.97773 2.9567 3.16705 
5.25083 2.58892 7.69298 
3.03638 8.1341 3.70978 
2.89629 8.0598 3.8767 
1.19351 2.26565 9.22013 
4.30744 0.478389 8.16667 
0.71972 7.12914 6.73816 
3.68099 8.24473 2.75611 
4.32978e-17 4.32978e-17 1 
0.707107 0.707107 0 
0.707107 0.707107 0 
4.32978e-17 4.32978e-17 1 
0.360176 0.360176 0.86055 
0.108528 0.108528 0.988152 
0.382635 0.382635 0.840941 
0.704041 0.704041 0.0930142 
0.626446 0.626446 0.463823 
0.510495 0.510495 0.691947 
0.552058 0.552058 0.624871 
0.0447884 0.0447884 0.997992 
0.706118 0.706118 0.0528701 
0.70218 0.70218 0.117843 
0.591778 0.591778 0.547356 
0.286547 0.286547 0.914211 
0.117639 0.117639 0.986064 
0.65194 0.65194 0.38723 
0.635453 0.635453 0.438634 
0.685958 0.685958 0.242742 
0.0893146 0.0893146 0.991991 
0.255315 0.255315 0.932539 
0.297644 0.297644 0.907092 
0.325191 0.325191 0.887976 
0.444492 0.444492 0.777723 
0.622396 0.622396 0.474601 
0.570195 0.570195 0.591402 
0.343673 0.343673 0.873944 
0.058578 0.058578 0.996563 
0.272185 0.272185 0.922947 
0.45301 0.45301 0.767831 
0.153693 0.153693 0.976093 
0.137486 0.137486 0.980915 
0.531178 0.531178 0.660075 
0.521637 0.521637 0.675122 
0.659412 0.659412 0.361041 
0.393819 0.393819 0.83055 
0.489985 0.489985 0.720992 
0.180286 0.180286 0.966951 
0.351055 0.351055 0.868056 
0.650145 0.650145 0.39322 
0.675562 0.675562 0.29535 
0.699988 0.699988 0.141535 
0.559418 0.559418 0.611639 
0.412106 0.412106 0.812612 
0.232676 0.232676 0.944311 
0.61658 0.61658 0.489548 
0.583354 0.583354 0.565152 
0.638455 0.638455 0.429827 
0.684597 0.684597 0.250308 
0.245777 0.245777 0.93765 
0.577999 0.577999 0.576051 
0.521914 0.521914 0.674694 
0.463422 0.463422 0.755302 
0.188547 0.188547 0.963795 
0.694111 0.694111 0.19084 
0.680563 0.680563 0.271421 
0.669774 0.669774 0.320633 
0.00464644 0.00464644 0.999978 
0.60243 0.60243 0.523598 
0.695187 0.695187 0.182841 
0.428159 0.428159 0.795839 
0.0238399 0.0238399 0.999431 
0.39649 0.39649 0.828005 
0.193323 0.193323 0.9619 
0.0370502 0.0370502 0.998626 
0.210562 0.210562 0.954635 
0.468935 0.468935 0.748465 
0.697939 0.697939 0.160509 
0.383741 0.383741 0.839932 
0.60243 0.60243 0.523598 
0.533306 0.533306 0.656634 
0.659642 0.659642 0.360199 
0.490362 0.490362 0.720479 
0.499032 0.499032 0.708473 
0.224828 0.224828 0.948106 
0.312845 0.312845 0.896803 
0.61367 0.61367 0.496808 
0.644209 0.644209 0.412297 
0.221227 0.221227 0.949799 
0.545313 0.545313 0.636606 
0.644209 0.644209 0.412297 
0.265399 0.265399 0.926891 
0.0839169 0.0839169 0.992933 
0.162756 0.162756 0.97315 
0.302345 0.302345 0.903978 
0.312845 0.312845 0.896803 
0.437005 0.437005 0.786163 
0.434003 0.434003 0.789483 
0.478985 0.478985 0.735626 
0.0157993 0.0157993 0.99975 
0.13673 0.13673 0.981127 
0.0779668 0.0779668 0.993903 
0.209257 0.209257 0.955208 
0.690926 0.690926 0.212703 
0.404354 0.404354 0.820363 
0.171574 0.171574 0.970116 
0.60726 0.60726 0.512319 
0.60726 0.60726 0.512319 
0.421524 0.421524 0.802892 
