0.391374 11.6776 
0.455678 12.1482 
0.596245 11.7135 
0.648445 12.3893 
0.696116 10.9846 
0.568018 12.9905 
0.214846 13.4642 
0.821716 11.8311 
0.721582 10.801 
0.0756731 12.0047 
0.128974 14.7424 
0.422602 14.003 
0.654292 13.0175 
0.000696836 12.8901 
0.497129 11.764 
0.572647 15.0017 
0.872264 11.2252 
0.0836864 12.544 
0.833991 12.0193 
0.840415 11.6654 
0.841081 11.843 
0.251683 13.413 
0.190104 11.7762 
0.408594 11.5205 
0.932562 10.2945 
0.303455 12.1846 
0.376893 10.7226 
0.509026 14.3717 
0.637218 10.3749 
0.307972 11.4719 
0.901072 10.8958 
0.965348 10.6071 
0.957857 13.8413 
0.628477 12.4704 
0.783482 12.283 
0.122555 11.3233 
0.199821 11.6733 
0.116231 13.9353 
0.396394 12.2733 
0.564858 11.9058 
0.39242 13.2909 
0.625793 12.2901 
0.0316124 14.5788 
0.729302 11.6156 
0.590986 11.848 
0.514444 11.879 
0.369523 11.4861 
0.860818 11.2156 
0.00897243 13.9828 
0.413415 14.0967 
0.955086 9.41311 
0.789886 11.6721 
0.301797 13.7787 
0.124932 14.2488 
0.476524 13.4035 
0.427142 14.4758 
0.0970851 14.4622 
0.44719 10.2845 
0.0517995 13.727 
0.472796 14.3847 
0.910981 12.9327 
0.476373 14.3425 
0.42135 12.5868 
0.835099 13.5452 
0.645526 15.1259 
0.48593 13.5394 
0.170499 12.1332 
0.835584 9.83636 
0.39892 11.8315 
0.383453 13.3237 
0.691503 12.0402 
0.208017 13.001 
0.860594 12.0358 
0.0810487 11.4356 
0.636315 13.0305 
0.607848 12.3885 
0.696953 10.4164 
0.121792 12.7047 
0.332284 12.6537 
0.398949 14.4715 
0.407111 12.5785 
0.556518 11.3255 
0.422355 12.9973 
0.329879 12.6874 
0.0392707 12.0524 
0.717407 10.8216 
0.23933 10.7135 
0.515976 13.7036 
0.947231 11.9622 
0.122771 11.6646 
0.575761 11.6052 
0.655677 11.0432 
0.889535 10.5631 
0.655353 12.3957 
0.0662158 11.2382 
0.497646 12.5979 
0.114929 13.6096 
0.565385 13.8524 
0.680621 11.9175 
0.252961 10.875 
0 4 
0.859401 2.307 
0.859401 2.307 
0.251412 3.57319 
0.631627 3.57319 
0.192544 3.62061 
0.723539 2.90694 
0.80391 2.42289 
0.0393541 3.94638 
0.644257 3.4908 
0.719483 2.93698 
0.813323 2.38778 
0.743884 2.76129 
0.847293 2.31274 
0.687542 3.17806 
0.735318 2.82142 
0.75357 2.69595 
0.146417 3.70982 
0.769065 2.59869 
0.69234 3.14177 
0.160353 3.67958 
0.649672 3.45394 
0.0966681 3.82695 
0.139203 3.72623 
0.667014 3.3308 
0.799523 2.44121 
0.761021 2.64796 
0.07061 3.88579 
0.225482 3.5828 
0.685471 3.19368 
0.707888 3.02397 
0.699433 3.08799 
0.0858885 3.85193 
0.0504125 3.92653 
0.661979 3.36726 
0.71518 2.96909 
0.741539 2.77755 
0.749319 2.72425 
0.696049 3.11365 
0.654863 3.41784 
0.028764 3.96353 
0.728146 2.87316 
0.00354949 3.99633 
0.171177 3.6578 
0.704034 3.05312 
0.774046 2.56964 
0.667826 3.32487 
0.816304 2.37788 
0.169672 3.66072 
0.710739 3.00246 
0.0577687 3.91231 
0.634861 3.55261 
0.715892 2.96377 
0.0148743 3.98305 
0.171177 3.6578 
0.128537 3.75114 
0.244919 3.57381 
0.220906 3.58643 
0.211088 3.59605 
0.160353 3.67958 
0.749319 2.72425 
0.705422 3.04261 
0.758399 2.66461 
0.659185 3.38726 
0.827322 2.34668 
0.198034 3.61252 
0.831585 2.33694 
0.764691 2.62514 
0.821878 2.36103 
0.682202 3.21827 
0.202886 3.60593 
0.641259 3.51083 
0.63737 3.53639 
0.780973 2.53123 
0.121516 3.76781 
0.075435 3.87534 
0.108499 3.7989 
0.732416 2.84222 
0.0232622 3.97168 
0.121516 3.76781 
0.69874 3.09324 
0.67987 3.23575 
0.764691 2.62514 
0.108499 3.7989 
0.790459 2.48274 
0.145592 3.71168 
0.113513 3.78692 
0.674791 3.27359 
0.671713 3.29635 
0.0526036 3.92237 
0.671713 3.29635 
0.741539 2.77755 
0.730938 2.85289 
0.650768 3.44638 
0.653922 3.42443 
0.787063 2.49953 
0.113513 3.78692 
0.098856 3.8218 
0.710739 3.00246 
0.632522 3.56753 
