1.31445 4.10641 3.99316 
2.23881 2.19434 2.57119 
1.43488 2.19114 6.13711 
1.99886 2.62646 3.59649 
2.05367 3.33532 2.49196 
2.41923 1.88265 4.3896 
0.955604 2.94909 5.70274 
1.47669 3.54237 4.11711 
1.78518 3.26455 3.3227 
0.947585 2.32488 6.30335 
2.47097 1.83071 2.9246 
0.510243 0.887724 6.47118 
2.35967 2.98266 2.1679 
2.03118 1.9293 5.49388 
2.56003 1.18768 4.15283 
0.837254 1.43861 6.72092 
0.865711 1.07679 6.74586 
1.28926 3.54834 3.54575 
0.828375 1.91513 6.41918 
1.88969 3.25666 4.54363 
1.81317 3.22128 3.08281 
2.12089 1.97475 4.27158 
0.970424 1.72833 6.69148 
0.691793 0.863069 6.61657 
2.01148 0.9989 4.73259 
2.85985 1.73664 1.42386 
1.68027 4.19446 3.14061 
1.45645 1.867 6.0348 
2.21996 1.71511 5.26091 
2.51753 2.60073 2.28646 
0.956091 1.19376 6.73686 
1.55111 2.50529 5.33523 
0.908084 1.14106 6.89014 
2.38893 2.67377 3.91859 
0.733798 0.923711 6.70839 
0.773619 0.948578 6.73804 
2.26611 2.50927 3.91364 
2.54714 2.36976 2.39578 
1.3652 1.27299 6.52272 
1.65066 3.16718 5.04447 
1.87357 1.77516 5.58518 
1.02218 4.65636 2.47942 
1.02381 4.22871 3.71604 
1.91972 3.26056 3.77359 
2.13307 3.16124 2.43704 
1.25781 2.7928 5.44366 
0.939127 4.66102 1.71542 
1.49531 1.7046 6.23781 
1.40711 3.41641 5.0402 
0.834115 1.2434 6.76227 
1.95532 3.31806 3.38298 
0.772425 0.685281 6.65848 
0.849525 2.11321 6.48983 
0.99039 4.79094 2.16608 
1.01918 1.61665 6.80667 
1.97461 2.41215 4.95582 
1.74588 1.33573 4.98263 
1.75509 2.04371 5.683 
1.1879 1.34996 6.75199 
2.51591 2.44001 2.82586 
1.2343 4.69488 1.86539 
1.01673 2.61043 6.20455 
1.4418 3.51154 5.03282 
1.77543 3.02267 4.60381 
1.18464 3.95385 2.82828 
0.864888 1.17071 6.78883 
0.903314 1.14165 6.78684 
0.75739 0.893521 6.69968 
1.12446 1.29165 6.55675 
1.61356 3.50632 4.61126 
1.50361 3.51144 4.72777 
1.25131 2.54524 6.08257 
0.783523 1.4607 6.65165 
2.2635 2.10774 3.77912 
1.9239 2.57198 4.9139 
1.75603 1.83395 5.79746 
1.06006 3.69823 4.63859 
1.87477 2.30253 4.48024 
2.11715 3.10103 4.21007 
0.998191 1.77906 6.61241 
2.14703 1.35815 5.42636 
1.77219 3.21365 4.76569 
0.912676 1.41779 6.83731 
1.78092 1.74451 5.97813 
0.957456 0.910642 6.8183 
1.30998 4.38186 2.50274 
1.44104 3.48727 4.97756 
1.69415 1.20254 5.94932 
1.07486 1.92668 6.5739 
1.63828 2.05855 5.89462 
2.40873 2.68476 3.65132 
1.95364 2.73046 2.94101 
2.26199 3.24935 2.05382 
2.07206 2.17358 5.0315 
1.85445 2.06675 5.7644 
1.72428 2.07154 4.95521 
1.68521 0.866376 6.1614 
1.80936 4.46338 1.5914 
1.66401 3.92235 2.68637 
1.6581 2.04284 4.66172 
2.09636 0.204443 0.256336 
0.233003 4.1215 0.140234 
0.100738 0.304317 6.08704 
0.199994 0.100841 6.08714 
0.180055 0.249652 6.09636 
1.73102 1.18625 3.29962 
0.431289 0.638437 5.98825 
0.530841 3.52161 3.19989 
2.03971 0.59826 1.84883 
1.03683 3.60611 1.5127 
2.02566 0.918929 1.34586 
0.444593 4.02458 0.902181 
1.93435 1.0693 2.25026 
0.360176 3.9859 1.4572 
0.17525 1.3855 5.78685 
1.66565 0.787697 3.83945 
1.90995 1.46558 1.94053 
0.895395 3.64867 1.6833 
0.970586 3.68222 0.703061 
1.90047 0.373982 2.91769 
1.17774 3.44286 1.07449 
0.4956 3.08856 4.18021 
1.87885 1.93913 0.378297 
0.584664 3.78565 2.11082 
0.378765 4.06515 0.644365 
0.476226 3.92769 1.75626 
1.84916 2.05747 0.322243 
0.84186 3.37093 3.61882 
1.76587 1.70741 2.44339 
1.59498 0.331469 4.38178 
1.78328 1.28218 3.05334 
1.47247 1.77091 3.76744 
1.64435 1.60537 3.38914 
0.725186 0.704939 5.74996 
1.27861 1.10891 4.79374 
0.736668 3.15931 3.89093 
1.80239 2.2762 0.524198 
0.26421 4.03758 1.16036 
1.69234 2.17723 2.2163 
1.25475 2.81638 2.83431 
1.20858 2.95188 3.03844 
0.932207 0.492545 5.7055 
1.96632 1.53807 1.26355 
0.812655 3.41389 2.89432 
2.00263 0.559003 1.9747 
0.285378 3.26254 3.77106 
2.08867 0.649876 0.951451 
1.19049 3.04481 2.60001 
0.29688 3.72293 2.6486 
1.38235 3.17507 0.620236 
0.209603 2.68965 4.67771 
1.20069 3.19481 2.48077 
1.06619 1.86835 4.73796 
1.66874 2.59359 1.13462 
0.870631 3.86679 0.335351 
1.01337 2.62433 3.9278 
1.54509 2.20595 3.55439 
1.37735 2.24839 3.46583 
1.49541 1.75477 3.67454 
0.87315 1.66713 5.1718 
0.947134 3.30532 2.75678 
1.69529 2.47953 0.764542 
0.778618 2.87938 4.3634 
0.550453 2.14098 5.2439 
0.61594 1.79599 5.3635 
0.926552 1.10542 5.49051 
1.32751 1.57916 4.43791 
1.5885 2.85316 0.489564 
0.226322 3.81071 2.3984 
1.43959 1.62992 3.95669 
1.11438 2.41596 4.31706 
0.405694 2.03902 5.33745 
0.242393 3.03626 4.22758 
0.795925 0.154234 5.74739 
0.240239 3.91346 2.11456 
0.680368 3.07823 4.09787 
1.17966 2.79611 3.57128 
1.36386 2.96475 2.01736 
2.06833 0.865167 1.00051 
1.15049 1.32155 4.89171 
0.753862 0.460368 5.77214 
1.71331 0.420516 4.06691 
1.42672 2.71276 2.33753 
1.13189 0.997174 5.25361 
1.08895 2.72828 3.67092 
2.0707 0.813009 1.28403 
0.641421 1.83376 5.29955 
0.141004 0.284633 6.08733 
0.583267 1.40053 5.60647 
0.30598 2.33721 5.079 
0.567694 2.5121 4.71743 
1.34633 3.22059 0.744573 
0.791328 0.354877 6.06198 
1.56236 2.01969 3.24059 
1.98317 0.453861 2.35522 
1.23104 2.35212 3.99619 
1.17936 2.9097 3.08454 
1.51265 0.520724 4.59859 
1.40754 2.26162 3.40189 
0.703646 2.92185 4.03189 
