1.45608 4.41326e-21 4.15396e-41 
1.46983 1.80864e-34 7.14708e-95 
1.33749 2.14005e-21 6.00739e-15 
2.05304 1.02107e-19 7.21791e-05 
1.83551 1.49707e-37 2.80789e-75 
2.03271 4.76555e-81 2.61471e-19 
1.63043 6.62849e-09 3.48689e-59 
1.64571 7.05688e-68 4.79305e-16 
1.82781 1.43756e-12 2.52615e-47 
2.06985 6.27061e-70 3.66013e-09 
2.18941 2.20875e-46 1.22699e-10 
1.3246 6.86761e-75 4.05602e-06 
1.8117 3.25349e-54 1.77971e-24 
1.95384 1.22821e-06 1.11686e-21 
1.99172 6.38525e-08 2.10809e-14 
2.13441 3.42592e-76 1.43814e-45 
1.93297 7.54e-24 0.0790012 
2.0938 2.56165e-36 1.83755e-11 
1.71672 1.33365e-06 3.38435e-09 
1.77569 2.98627e-20 2.86671e-13 
1.59162 2.40598e-20 6.21808e-18 
1.78459 5.75513e-13 1.05884e-18 
2.14398 1.81457e-13 1.03141e-33 
1.91603 1.31163e-27 1.1654e-22 
2.03098 8.73005e-49 7.65029e-61 
2.02333 4.06167e-95 1.23046e-162 
2.09616 1.71294e-11 5.45187e-27 
1.762 0.00552552 1.35501e-124 
1.79793 1.56863e-36 3.27845e-06 
1.53532 3.86843e-83 5.33377e-36 
1.79446 5.30953e-10 4.15129e-86 
1.61759 1.92147e-30 2.69148e-28 
1.92237 1.41413e-36 4.17428e-25 
2.32644 3.28451e-35 2.08095e-100 
1.68076 1.51456e-10 4.72881e-102 
1.87013 9.58098e-12 8.94906e-08 
1.54139 1.03546e-70 6.21251e-136 
1.63427 0.00549964 2.45671e-05 
1.62832 2.40832e-09 2.38081e-25 
1.93224 1.21262e-14 3.25571e-23 
1.76809 3.30862e-17 5.38148e-45 
2.02994 2.3792e-07 8.91741e-73 
1.71629 9.25102e-98 0.00250319 
2.02424 2.39755e-134 9.1143e-271 
2.00459 6.95788e-78 1.04733e-52 
2.09998 4.51072e-60 2.12952e-98 
1.70493 2.75176e-20 5.98196e-35 
1.69781 9.05519e-07 1.81768e-51 
1.95371 1.09991e-74 1.60034e-28 
1.78903 1.22271e-15 7.54334e-20 
1.6985 2.35706e-38 6.6727e-71 
1.98102 1.12776e-05 7.80654e-18 
1.88152 2.62105e-17 4.41791e-37 
1.65883 0.0121164 2.59281e-58 
1.89169 2.32509e-47 1.91533e-47 
1.97635 2.40336e-27 1.85804e-17 
1.69621 0.121259 0.036044 
1.82639 1.49357e-21 2.17272e-64 
1.71009 1.83148e-37 7.5628e-42 
1.75478 0.158562 2.43356e-36 
1.77331 3.36194e-21 1.7816e-07 
1.6506 1.7673e-108 0.00798005 
1.7191 6.16305e-57 1.20267e-84 
2.00685 2.82831e-69 3.65355e-70 
1.45611 2.2987e-32 1.97077e-29 
1.75811 3.89028e-92 1.39045e-32 
1.86739 1.27519e-10 0.0028152 
1.82412 0.374349 2.06706e-63 
1.25254 7.84601e-75 3.02096e-42 
1.29323 2.7269e-41 6.34544e-12 
1.70358 8.90559e-122 6.34758e-41 
1.54875 2.87767e-14 1.81941e-20 
0.954 1.97969 6.97832e-05 
1.8892 0.0267724 1.31431e-17 
1.86713 6.48024e-61 4.52854e-21 
1.77398 4.03349e-38 1.57714e-06 
1.93298 2.21214e-31 2.42735e-101 
1.47589 4.53995e-103 3.33348e-23 
2.03723 4.56793e-69 1.03681e-26 
1.78495 0.000289223 2.09958e-10 
1.42266 2.11452e-16 4.9545e-127 
1.58267 3.32789e-05 0.301368 
2.01427 3.32639e-105 2.00937e-108 
2.03405 7.51261e-97 8.94176e-13 
1.51329 6.93652e-07 4.64558e-205 
1.74192 1.63308e-42 5.18146e-21 
1.61863 2.94052e-25 4.81017e-11 
1.70357 2.65387e-12 4.0233e-17 
2.20671 8.23136e-21 1.89985e-43 
1.99789 2.28826e-29 5.86041e-50 
2.16613 4.73833e-34 1.17486e-76 
1.3379 8.06261e-32 1.9681e-52 
1.55854 0.000120635 5.92918e-11 
1.48217 0.000401797 3.21585e-05 
2.0016 1.0675e-96 1.14778e-05 
1.96622 1.95913e-156 9.19219e-34 
1.86589 1.47271e-20 1.00005e-25 
1.95345 9.21772e-18 5.74073e-28 
1.50751 7.30445e-34 1.22924e-101 
1.71645 4.48474e-136 1.58487e-09 
3.7494e-33 6.12323e-17 1 
1 0 0 
6.12323e-17 0 1 
6.12323e-17 1 0 
1 0 0 
2.95961e-17 5.51834e-17 1.02265 
0.741077 0.121104 0.672565 
0.211306 0.0390999 0.983105 
0.452529 0.632686 0.651152 
0.955408 5.9357e-05 0.329288 
0.15213 0.989396 0.15975 
0.758492 0.670358 0.0508126 
0.964036 0.324323 0.0321539 
0.547282 0.665819 0.540118 
0.797816 0.609012 0.117697 
0.257267 0.603015 0.778511 
0.421476 0.36164 0.869759 
0.323793 0.946554 0.175128 
0.43635 0.75716 0.497983 
0.173415 0.878544 0.467361 
0.484876 0.839604 0.337361 
0.617612 0.790645 0.102307 
0.91079 0.0925299 0.427682 
0.576752 0.803469 0.21117 
0.0081285 0.90179 0.452192 
0.118588 0.407473 0.915151 
0.676429 0.317769 0.715292 
0.306944 0.217169 0.949487 
0.362762 0.748886 0.58836 
0.684574 0.104263 0.755245 
0.189505 0.91263 0.38356 
0.774436 0.20365 0.625875 
0.821845 0.612298 0.0634011 
0.733373 0.696104 0.149178 
0.346004 0.857084 0.439434 
0.721995 0.444557 0.551307 
0.282345 0.956413 0.138466 
0.278805 0.853048 0.511408 
0.517536 0.593065 0.63878 
0.926737 0.284684 0.27885 
0.249832 0.97941 0.0231305 
0.381915 0.154664 0.933785 
0.0425894 0.184376 0.996045 
0.0732161 0.657867 0.772487 
0.0535064 0.645222 0.790992 
0.659471 0.0612259 0.761627 
0.975217 0.243551 0.120369 
0.531603 0.543733 0.727806 
0.0256352 0.929384 0.416838 
0.716749 0.678051 0.219438 
0.846342 0.497148 0.315534 
0.0596713 0.866263 0.524661 
0.507985 0.0762764 0.872457 
0.103717 0.996676 0.0619905 
0.470061 0.515766 0.742585 
0.159343 0.174836 0.977268 
0.700781 0.76892 0.0815236 
0.620831 0.526849 0.615732 
0.164406 0.925239 0.395598 
0.200227 0.964266 0.198799 
0.6439 0.235064 0.745579 
0.359408 0.050181 0.944107 
0.608473 0.59122 0.570387 
0.984506 0.194376 0.107803 
0.892878 0.434109 0.220808 
0.280392 0.341122 0.907518 
0.538368 0.816038 0.236345 
0.464819 0.827161 0.414051 
0.502822 0.265296 0.859324 
0.702502 0.553094 0.489071 
0.583166 0.746548 0.346938 
0.860223 0.50307 0.188557 
0.66669 0.25248 0.718024 
0.0140884 0.964065 0.293381 
0.226537 0.77839 0.603614 
0.240933 0.537243 0.838485 
0.767292 0.552021 0.378714 
0.338313 0.780873 0.544684 
0.878533 0.490674 0.0144958 
0.599586 0.191948 0.803933 
0.975546 0.156436 0.21095 
0.114626 0.580712 0.819842 
0.0873448 0.371771 0.942691 
0.867237 0.476553 0.249974 
0.300167 0.737356 0.628136 
0.245724 0.575958 0.794516 
0.470698 0.468156 0.763427 
0.935731 0.3148 0.246765 
0.824032 0.560038 0.191654 
0.83634 0.581333 3.42569e-32 
0.328906 0.903178 0.292479 
0.497503 0.304585 0.824593 
0.072322 0.82702 0.580637 
0.392321 0.809728 0.447891 
0.73757 0.346491 0.606663 
0.632406 0.485343 0.619461 
0.408429 0.729019 0.571243 
0.892188 0.419345 0.260633 
0.397927 0.725941 0.634631 
0.883168 0.138697 0.495955 
