8.43761 9.29154 
5.88616 7.94439 
12.2813 10.2081 
3.78159 6.51837 
7.15567 7.34581 
5.96777 8.52532 
8.36274 9.58056 
6.48401 9.29915 
4.73108 6.42192 
7.69193 7.73611 
8.50762 4.61662 
6.30231 3.35475 
4.94337 5.04348 
5.68595 11.0519 
8.35236 8.07794 
4.30666 9.41621 
10.9946 9.16707 
8.06744 4.74177 
4.7076 10.7096 
9.94723 11.0349 
6.12515 8.05563 
4.74782 5.95051 
7.69835 4.01319 
9.35368 9.05709 
9.24071 7.33825 
6.2616 9.10754 
7.19408 4.97217 
10.5288 6.43536 
8.21147 7.4111 
5.771 4.81025 
4.76817 7.48254 
5.59513 11.4154 
7.99716 9.37946 
8.11092 6.7775 
9.82945 9.48411 
8.42809 6.33545 
4.79847 7.90452 
6.60322 11.0089 
5.7509 4.94109 
10.3267 5.79811 
6.64654 10.89 
6.18201 7.3413 
9.35078 7.1807 
7.90458 5.48669 
6.32074 7.27729 
7.85404 10.6545 
4.85029 6.4775 
6.97841 8.2946 
5.44416 6.98363 
10.3571 4.3654 
6.70734 8.8401 
8.29241 9.00844 
9.50033 7.26452 
9.1189 5.54975 
7.86942 5.52626 
6.25569 6.70539 
3.95285 6.34972 
8.50453 6.75496 
7.97816 6.53974 
8.89871 8.24401 
8.19166 6.936 
6.82654 9.96475 
5.46531 6.23351 
5.68307 8.04948 
5.13288 8.11292 
6.65991 9.94323 
8.0361 5.41924 
4.99356 6.02497 
5.15011 4.49579 
4.34895 7.98254 
5.75906 7.37561 
8.90498 7.7002 
4.95985 7.76273 
7.8326 11.1201 
11.3522 9.55497 
9.79293 8.61616 
6.27366 11.3475 
7.95461 5.04064 
7.12136 10.0812 
9.98778 9.24079 
8.36732 9.48904 
4.46485 9.23781 
4.36767 5.24099 
5.48803 7.04161 
5.93357 5.96223 
7.85618 9.09256 
9.34258 6.57034 
7.66074 12.0901 
13.5769 7.77703 
10.5787 6.03145 
8.25292 6.327 
5.43793 5.36412 
6.69893 5.84582 
7.5724 9.59306 
7.73133 8.41615 
11.8893 8.17321 
5.2514 4.56211 
7.04323 12.153 
7.3319 6.29007 
6.70664 5.42391 
1.03283 1.0882e-09 
1.03283 1.0882e-09 
1.554e-13 1.28175 
0.255321 0.980483 
0.921985 0.520693 
0.699759 0.604437 
3.65127e-08 1 
1.554e-13 1.0116 
0.255321 0.769888 
0.921985 0.377587 
0.921985 0.241038 
0.921985 0.434609 
0.921985 0.18563 
0.974637 0.0513958 
0.92662 0.091299 
0.267582 0.758098 
0.307749 0.736961 
0.921985 0.126858 
1.00008 1.0882e-09 
0.567139 0.605646 
0.537076 0.605734 
0.669803 0.604596 
0.518788 0.605879 
0.620049 0.605306 
0.921985 0.0987056 
0.592617 0.605367 
0.645429 0.604862 
0.574124 0.605569 
0.667179 0.604736 
0.431407 0.607129 
0.622915 0.605104 
0.642541 0.604997 
0.921985 0.126817 
0.499685 0.605904 
0.486761 0.606352 
0.418876 0.607232 
0.442394 0.607099 
0.591657 0.605498 
0.53218 0.605856 
0.358375 0.646038 
0.353011 0.651908 
3.65127e-08 1 
0.320592 0.686294 
0.47117 0.606443 
0.258413 0.758103 
0.986509 0.0282146 
0.38008 0.627007 
0.463896 0.606636 
0.375939 0.632294 
0.998063 0.00533169 
0.995107 0.0103349 
0.450121 0.607072 
0.32987 0.673962 
0.319559 0.696165 
0.32404 0.682222 
0.255323 0.762043 
0.992054 0.0143764 
0.326124 0.67751 
0.362939 0.644471 
0.309609 0.712171 
0.335652 0.673005 
0.413156 0.608043 
0.366505 0.640898 
0.491513 0.606223 
0.976057 0.0425185 
0.307754 0.723691 
0.371483 0.633579 
0.308551 0.718024 
0.978346 0.0375647 
0.983638 0.0321358 
0.384014 0.624275 
0.369235 0.637855 
0.307751 0.731006 
0.924415 0.092649 
0.346237 0.662655 
0.310909 0.706313 
0.98828 0.0189655 
0.391119 0.620611 
0.387995 0.623324 
0.408259 0.608533 
0.343435 0.66467 
0.31253 0.702688 
0.349626 0.659241 
0.982325 0.0366518 
0.406776 0.612511 
1.58254e-13 1.00339 
0.338429 0.665254 
0.351137 0.656686 
0.402775 0.613335 
0.39896 0.61431 
0.336441 0.667552 
0.457207 0.606692 
0.974833 0.0472436 
0.49817 0.606114 
0.394242 0.618106 
0.31572 0.700211 
0.395365 0.61547 
0.98828 0.0173681 
0.47117 0.606443 
0.45534 0.606787 
