0.514954 5.3578 8.00301 
1.89879 2.1174 8.73257 
1.23873 0.138556 9.643 
0.95456 4.2178 8.98408 
5.59995 3.04645 7.24464 
4.35986 0.968962 8.42331 
7.32988 5.22193 0.806375 
0.368955 4.32579 8.43919 
0.793595 0.877147 9.29908 
4.31749 4.53553 6.86967 
6.21601 4.92715 4.81707 
1.80541 1.10316 9.53124 
0.905958 6.89846 6.61435 
8.13777 2.03279 4.09739 
5.20739 5.92232 4.68227 
5.98695 3.4531 6.82138 
3.74083 9.07543 0.772114 
1.83224 2.00045 8.9809 
7.2294 2.11749 5.93176 
0.163414 0.41425 9.78536 
6.40669 6.30312 3.43116 
6.52911 6.58251 0.153626 
0.823514 7.42048 5.42971 
5.21265 2.27037 6.54882 
6.85293 6.65461 0.570191 
6.94752 1.97517 6.31518 
3.53193 0.370961 8.78817 
0.483476 1.12293 9.30894 
6.44699 3.26752 6.18239 
1.34612 8.70164 3.80643 
9.22325 0.88062 1.37949 
0.480754 0.276943 9.77498 
7.81323 2.10933 3.40736 
1.19501 7.02273 6.30969 
0.658302 0.571323 9.52577 
6.75166 0.763196 7.21013 
1.54206 0.299541 9.17908 
5.99999 3.64154 6.27696 
9.09008 3.66848 0.397106 
1.2524 9.02127 2.05799 
3.30172 8.92715 0.302962 
8.79335 4.44507 0.0205984 
5.32226 0.538091 8.22639 
0.084495 0.325373 9.56212 
3.73431 6.33198 6.20503 
1.77995 1.14373 9.57068 
2.13052 9.00015 1.33086 
3.27456 6.57415 5.79107 
1.43336 8.31561 3.97209 
0.722201 8.66588 4.58059 
8.87895 2.10727 3.45569 
1.19265 0.738718 9.54459 
3.22285 4.99805 7.62694 
4.31653 2.72744 7.89184 
4.28603 6.13129 6.41549 
2.48583 9.29626 1.07885 
1.85757 0.57698 9.50337 
1.4054 2.6397 9.01091 
9.07594 1.55209 1.67276 
0.452391 0.804139 9.27696 
4.88691 1.73729 7.86842 
0.0219047 0.0906759 9.68476 
7.52227 4.25993 4.6738 
0.335345 0.0551681 9.85433 
4.48091 7.37445 3.89716 
2.97882 8.66362 0.375389 
0.595315 0.535496 9.65559 
7.91054 5.16325 1.25692 
8.38002 1.65949 5.07992 
8.85062 2.34773 1.43632 
0.771918 2.10727 9.24071 
3.11737 1.82262 9.32295 
2.37485 8.22696 3.99169 
6.19307 2.64508 6.90869 
4.06867 2.76883 8.3731 
4.85507 2.26329 7.68245 
2.86926 6.44825 6.69226 
4.21598 3.31869 7.64433 
5.86401 6.61989 3.05771 
2.33864 7.74775 5.43347 
0.936619 5.86227 7.67015 
6.44804 6.39934 2.39061 
6.67654 6.15338 1.0745 
6.67185 0.980127 6.43074 
5.57357 3.20686 6.79113 
7.32769 2.52003 4.7399 
3.27194 5.77553 6.95586 
2.33368 1.26353 9.01812 
3.74106 8.81827 0.516826 
3.32792 0.566451 8.93215 
0.997052 0.443296 9.33666 
0.76569 4.7416 8.06897 
1.40404 1.60252 9.53078 
6.93117 5.74023 2.00562 
1.28084 4.09946 8.54751 
4.04985 1.18364 8.38461 
5.24652 2.57807 7.6572 
8.82495 2.76255 2.92193 
2.42624 2.6087 8.87923 
2.01213 6.69833 6.30886 
4.32978e-17 4.32978e-17 1 
0.707107 0.707107 0 
0.707107 0.707107 0 
4.32978e-17 4.32978e-17 1 
0.58362 0.58362 0.564601 
0.551374 0.551374 0.626078 
0.703879 0.703879 0.0954402 
0.572331 0.572331 0.58726 
0.374495 0.374495 0.848238 
0.272064 0.272064 0.923018 
0.614911 0.614911 0.493729 
0.0738759 0.0738759 0.994527 
0.651764 0.651764 0.387825 
0.662757 0.662757 0.348576 
0.394806 0.394806 0.829613 
0.0619909 0.0619909 0.99615 
0.478856 0.478856 0.735794 
0.493966 0.493966 0.715538 
0.538188 0.538188 0.64862 
0.604952 0.604952 0.517752 
0.669662 0.669662 0.3211 
0.637316 0.637316 0.433193 
0.177175 0.177175 0.9681 
0.207626 0.207626 0.95592 
0.504092 0.504092 0.701272 
0.40397 0.40397 0.820741 
0.446238 0.446238 0.775721 
0.0144686 0.0144686 0.999791 
0.189342 0.189342 0.963483 
0.420104 0.420104 0.804379 
0.642349 0.642349 0.418061 
0.339499 0.339499 0.877201 
0.684064 0.684064 0.253206 
0.689832 0.689832 0.219691 
0.696374 0.696374 0.173567 
0.280047 0.280047 0.918231 
0.257734 0.257734 0.931207 
0.706108 0.706108 0.0531362 
0.598646 0.598646 0.532208 
0.69826 0.69826 0.15769 
0.453114 0.453114 0.767708 
0.662757 0.662757 0.348576 
0.135442 0.135442 0.981484 
0.216881 0.216881 0.951801 
0.623547 0.623547 0.47157 
0.632262 0.632262 0.447761 
0.56767 0.56767 0.596239 
0.693349 0.693349 0.196299 
0.321166 0.321166 0.890901 
0.230629 0.230629 0.945315 
0.386239 0.386239 0.837639 
0.558213 0.558213 0.613838 
0.493966 0.493966 0.715538 
0.439638 0.439638 0.783222 
0.332272 0.332272 0.882718 
0.00539719 0.00539719 0.999971 
0.701757 0.701757 0.122774 
0.591853 0.591853 0.547193 
0.458125 0.458125 0.761737 
0.0976061 0.0976061 0.990427 
0.24607 0.24607 0.937496 
0.287848 0.287848 0.913393 
0.327902 0.327902 0.88598 
0.0404627 0.0404627 0.998361 
0.248911 0.248911 0.935995 
0.10738 0.10738 0.988402 
0.167633 0.167633 0.971493 
0.681818 0.681818 0.265044 
0.473884 0.473884 0.742205 
0.701757 0.701757 0.122774 
0.0858374 0.0858374 0.992605 
0.297942 0.297942 0.906896 
0.677326 0.677326 0.287157 
0.520604 0.520604 0.676714 
0.299054 0.299054 0.906164 
0.674331 0.674331 0.300925 
0.315305 0.315305 0.895078 
0.629113 0.629113 0.456545 
0.0516645 0.0516645 0.997327 
0.647494 0.647494 0.401874 
0.679197 0.679197 0.278177 
0.595479 0.595479 0.539268 
0.207626 0.207626 0.95592 
0.465635 0.465635 0.752575 
0.032762 0.032762 0.998926 
0.69192 0.69192 0.206136 
0.706598 0.706598 0.0379267 
0.236838 0.236838 0.94224 
0.386239 0.386239 0.837639 
0.435549 0.435549 0.787778 
0.156753 0.156753 0.975119 
0.357693 0.357693 0.862619 
0.538188 0.538188 0.64862 
0.531199 0.531199 0.660042 
0.625963 0.625963 0.465124 
0.186773 0.186773 0.964485 
0.4632 0.4632 0.755574 
0.0524985 0.0524985 0.99724 
0.169054 0.169054 0.971 
0.257734 0.257734 0.931207 
