4.02599 4.05345 4.0912 
4.71363 2.06674 4.02407 
6.2087 6.9405 8.99145 
3.22283 2.55616 2.85311 
3.33047 1.79731 3.88302 
2.89257 3.73919 3.22699 
2.9832 6.39207 4.92063 
4.86098 2.85558 3.16917 
3.99509 5.37055 3.95618 
4.16999 3.62248 3.60354 
3.51212 2.17607 2.75832 
3.74896 4.03505 4.66436 
6.82513 5.61953 5.61144 
5.68679 3.38279 2.91808 
6.10924 4.7197 7.31285 
4.13599 2.738 2.35403 
3.58774 5.4894 5.04806 
6.71781 5.34778 4.16264 
4.00436 1.74579 2.91991 
3.11718 2.96705 1.68876 
7.60498 8.23715 3.73175 
5.48225 4.31812 7.32164 
4.69621 2.37374 4.40768 
3.62227 2.28956 5.11569 
6.7228 1.46595 7.89701 
2.9172 1.96849 4.34144 
3.53093 3.22735 4.08684 
3.8887 3.74354 3.51092 
3.63328 2.47505 3.69655 
3.98497 1.93598 1.86575 
2.76282 3.76098 6.02803 
3.51686 2.71191 4.44375 
2.78597 6.87607 8.13179 
4.59297 3.09776 5.00773 
5.05783 4.61882 4.73672 
4.24704 6.38288 6.18893 
3.06414 4.26218 5.09718 
9.85209 8.07008 9.55658 
3.22403 4.09464 2.77659 
9.54808 4.10318 7.39975 
5.03336 2.46425 3.30674 
3.9063 4.24204 4.55689 
2.39209 4.06669 3.65797 
10.0649 9.80901 8.65343 
7.35023 3.51213 4.24688 
2.94668 3.13548 5.62283 
2.71259 3.26228 3.93122 
4.98391 3.40583 3.81027 
5.27317 6.64321 6.99138 
4.45362 4.04749 3.78039 
4.85928 1.52218 5.34476 
3.52229 9.51017 5.95633 
4.97722 11.5094 4.1372 
2.42252 8.08702 4.61343 
4.39841 3.79933 5.23823 
1.49287 2.70583 4.40997 
3.6134 4.26342 8.27538 
3.6112 1.5694 3.37077 
1.95896 2.11508 4.28262 
7.43228 9.17559 6.42529 
4.80137 5.46518 5.46057 
2.38264 7.06231 3.02947 
5.48998 7.54617 4.12347 
5.74565 1.70587 3.51808 
2.69674 4.97482 4.41795 
4.30153 10.9856 5.41649 
4.58179 5.61782 8.77603 
4.05083 2.19674 2.82189 
5.71176 3.61882 5.50841 
3.56629 9.86 8.55224 
3.50307 2.57318 3.53904 
4.55328 3.88391 2.03837 
4.46986 2.12534 4.23882 
10.5003 6.03907 6.50837 
3.9275 5.49955 6.8892 
2.41092 5.1994 8.78143 
3.61137 4.41123 3.17441 
1.19018 3.06148 4.62117 
9.48183 5.12934 4.44697 
2.59751 3.91242 1.32323 
3.83496 3.10083 3.22533 
4.20663 5.13213 5.74572 
2.61257 4.34786 2.84825 
4.16175 4.18945 4.43122 
2.11487 4.94298 4.24861 
2.99571 3.76586 3.92983 
3.60484 2.93577 4.40889 
2.85978 3.42173 4.93853 
2.13107 4.04971 6.27949 
1.45015 3.92574 2.98778 
2.54327 7.71941 7.20238 
4.18718 1.93729 3.5782 
3.74227 4.37785 3.47268 
2.90819 4.39877 5.26341 
3.29177 2.64889 4.72717 
5.20346 6.12501 3.70092 
3.40064 2.02417 3.86943 
5.31747 4.51562 6.4569 
2.79494 3.11352 1.73854 
2.6437 3.82929 4.0954 
4.35605e-10 1.04896 0.00556676 
0.0483389 1.00215 3.24308e-09 
0.240976 5.30774e-07 1.08919 
2.33957e-06 3.67686 6.3286e-05 
0.00857858 0.0190903 1.5347 
2.85551 0.340986 0.000336711 
2.69091 0.1313 0.000787676 
2.36053 0.160228 0.000386242 
0.00857991 0.0350209 1.31768 
4.55025e-05 0.114457 1.4674 
1.88739 0.568024 0.000323915 
8.96124e-07 3.29443 0.000222434 
8.96124e-07 3.1194 0.000233055 
1.38282e-06 3.53714 0.000167001 
0.0291138 0.0590286 1.22097 
0.712951 0.798366 0.570171 
1.70167 0.608884 0.000323915 
0.189046 0.0293202 1.04373 
6.20907e-07 1.76712 0.00476904 
1.8869e-06 2.8933 7.68552e-05 
0.527766 0.0402474 0.902837 
1.29794 0.0227295 0.245572 
2.0135 0.232231 0.00597621 
8.0993e-06 1.37004 0.00554799 
2.2023 0.22677 0.00534083 
0.463708 0.643821 0.954518 
1.04851 0.154474 0.354006 
0.458478 0.962163 0.803637 
0.00522579 1.21655 2.14672e-05 
0.981011 0.132578 0.647497 
1.59927 0.0270149 0.00817179 
0.000957126 1.96061 1.16796e-05 
0.91376 0.509692 0.672185 
1.46463 0.347337 0.00285112 
0.78621 0.0227168 0.851132 
1.37917 0.0488034 0.0718826 
1.22015e-05 2.29787 0.000196086 
1.2147e-05 2.38724 0.000365045 
0.111548 5.78552e-07 1.14226 
1.53914 0.0162359 0.0277389 
0.411245 0.98835 0.397943 
0.757728 0.779958 0.539822 
0.360004 0.0921016 1.01846 
0.624026 0.892942 0.502472 
0.590942 0.491495 0.88882 
1.05664 0.131657 0.294228 
0.0107379 1.14613 0.000899851 
2.15511 0.311677 0.00551311 
0.304216 0.0777396 1.02473 
0.962775 0.579446 0.21183 
1.8869e-06 2.836 0.000550091 
0.0307418 0.0204567 1.19053 
0.00265011 1.45762 1.2285e-05 
0.000859745 2.11516 1.35161e-05 
0.000184865 2.17103 0.000165148 
0.643361 0.850067 0.23557 
1.14574 0.0334358 0.367749 
0.86317 0.0713937 0.749882 
0.821886 0.69956 0.173593 
0.000604942 2.70422 1.2285e-05 
0.941426 0.135725 0.690636 
0.0736546 0.16998 1.15377 
0.784225 0.124766 0.738051 
0.256514 0.202641 1.0043 
1.08895 0.180836 0.0454996 
1.0869e-05 2.65677 4.31054e-05 
0.982729 0.256839 0.475707 
0.729695 0.80804 0.454279 
0.2749 0.410617 0.983923 
2.0547 0.277785 0.00558547 
1.69451 0.825358 0.00211134 
2.09903 0.669224 0.00015092 
1.05415 0.386156 0.0844259 
0.000512801 1.54929 0.000368835 
1.20065 0.430803 0.0163865 
2.45984e-06 1.98758 0.000975982 
0.473234 0.94776 0.422448 
0.393007 1.00123 0.426761 
0.679353 0.813187 0.189792 
0.229611 0.0152294 1.12866 
0.616636 0.917363 0.492869 
0.423059 0.144716 0.979073 
0.000195093 1.65626 0.000167041 
0.000813317 2.51246 1.35118e-05 
1.00404 0.677634 0.111 
0.852644 0.644095 0.147302 
0.7756 0.352683 0.791539 
0.0812325 0.0285933 1.11326 
0.57648 0.716712 0.889098 
1.09657e-05 2.53539 6.9557e-05 
1.21807 0.44347 0.00508054 
1.3703 0.0471429 0.113599 
1.01992 0.0499131 0.549356 
1.10993 0.447694 0.0295899 
0.752397 0.780583 0.773171 
0.548008 0.945145 0.26189 
0.67516 0.938012 0.123498 
1.06165 0.341798 0.276156 
0.000695204 1.61906 1.69966e-05 
0.740428 0.795105 0.654616 
