703.518 287.789 138.401 
309.018 196.008 1184.9 
112.589 59.3559 734.512 
821.551 110.853 811.09 
28.9153 1051.8 173.093 
674.319 264.231 771.525 
99.3658 194.726 1133.39 
305.477 126.137 1162.33 
414.333 936.536 174.659 
1163.42 128.893 790.974 
584.464 567.137 1283.39 
251.712 0.185005 1376.33 
679.229 629.508 864.658 
10.6092 75.6712 1098.67 
169.367 1057.18 131.917 
1159.94 333.476 105.64 
363.894 1416.41 454.233 
253.556 578.79 84.9305 
164.713 378.181 1267.04 
24.7834 4.83934 1288.07 
669.153 460.892 684.455 
279.762 230.463 941.246 
602.163 444.576 330.656 
1266.58 754.681 181.374 
237.636 165.673 1314.03 
167.77 696.549 977.058 
64.0742 80.8242 1505.74 
227.203 152.54 686.392 
115.906 737.557 644.586 
63.9563 1298.41 162.524 
1119.24 331.482 562.616 
920.299 132.644 565.742 
86.1931 310.858 1051.78 
386.92 123.595 832.213 
284.359 230.132 1084.01 
798.693 491.532 784.458 
484.301 813.126 96.0326 
351.707 269.463 525.649 
512.068 686.837 904.525 
172.933 158.9 839.96 
901.506 371.431 402.166 
527.785 371.602 548.07 
491.945 143.375 756.999 
305.021 1160.88 941.323 
1.53355 74.2714 989.644 
841.315 1171.23 2.23474 
1199.11 201.967 883.144 
198.705 340.417 714.007 
904.63 63.9173 56.776 
240.028 131.019 1571.29 
356.076 1115.15 489.451 
82.6903 956.631 530.56 
64.6636 171.558 916.103 
6.98751 12.9587 1100.36 
281.65 297.884 685.042 
1055.27 39.634 140.872 
759.8 138.882 1045.62 
1122.55 3.07009 337.204 
822.381 1026.72 90.3986 
428.225 933.397 378.373 
649.386 168.537 69.9494 
679.057 596.505 708.04 
304.924 991.4 506.405 
1249.21 180.53 25.3995 
245.481 984.164 522.223 
901.929 636.548 193.546 
110.891 366.404 1014.84 
127.21 246.011 899.686 
103.146 319.643 827.504 
1042.02 174.317 502.24 
322.971 1112.64 185.477 
944.899 118.442 41.8272 
94.3457 740.303 935.221 
1368.95 578.57 89.7419 
1152.89 245.445 278.847 
344.125 232.137 598.966 
66.0818 68.1496 1055.33 
199.877 424.234 1104.42 
693.043 893.436 232.965 
1378.79 135.515 534.797 
984.062 466.361 470.085 
243.896 551.629 1318.07 
91.3968 100.252 814.394 
292.178 222.221 562.531 
642.23 312.384 816.793 
8.32617 99.65 1330.55 
100.618 426.211 686.617 
247.984 108.406 940.062 
107.688 408.185 737.969 
313.297 620.867 1216.62 
626.025 480.243 260.218 
460.603 1128.05 455.135 
690.03 301.988 530.296 
311.682 1043.21 752.398 
43.3563 0.346725 872.545 
1152.65 109.155 490.278 
631.279 513.709 949.113 
966.212 104.148 583.051 
796.952 312.689 1057.82 
290.772 1027.38 10.0363 
1.1799e-32 1.92692e-16 3.14691 
1.92692e-16 0 3.14691 
3.14691 0 0 
3.14691 0 0 
1.92692e-16 3.14691 0 
1.76663e-16 9.27048e-17 3.25823 
1.07333 0.0869262 3.00111 
0.742324 3.05783 0.539286 
0.612547 0.668007 3.10698 
2.84174 1.07596 0.919006 
1.18332 0.382779 2.91276 
0.516966 2.77738 1.7359 
3.07595 0.31058 0.716354 
1.5357 0.358116 2.79156 
1.79104 0.248536 2.64293 
3.1199 0.432936 0.406457 
0.381261 0.781563 3.06776 
1.82382 0.766118 2.55582 
2.57402 0.646329 1.70157 
1.58639 1.24017 2.45977 
3.05106 0.943379 0.367218 
1.32448 1.94654 2.18071 
0.288849 3.12955 0.281448 
1.2491 0.842054 2.85794 
1.48483 1.03903 2.60168 
0.709401 3.12803 0.336074 
2.35103 1.83991 1.25581 
0.224905 2.98608 1.16064 
1.15563 0.238534 2.97439 
2.77899 0.794368 1.29659 
1.01131 0.888914 2.87976 
0.852874 1.13726 2.83953 
0.428157 2.4708 2.02685 
0.465892 1.87564 2.49823 
0.247047 2.6148 1.88017 
1.36352 1.48441 2.52824 
2.89023 1.35928 0.195177 
0.658209 2.21411 2.30884 
1.20732 2.67221 1.20954 
2.2603 1.66487 1.4917 
2.62838 1.7963 0.47858 
1.63143 2.71084 0.233685 
0.975967 1.45539 2.68644 
2.12508 2.29808 0.600166 
2.8272 1.19793 1.11179 
0.787384 2.91538 1.18263 
2.80461 0.02813 1.66891 
0.462088 1.61008 2.71872 
2.50204 1.74527 1.10458 
1.30882 2.78393 0.813941 
0.912589 2.74948 1.34107 
2.39038 2.10108 0.0773016 
1.10469 2.0364 2.35638 
1.52142 0.174827 2.81613 
0.127068 2.5816 1.96227 
0.186116 1.9699 2.55643 
2.42895 2.06127 0.136827 
0.233587 2.80629 1.5843 
2.91178 0.503819 1.23115 
2.65317 1.09095 1.35964 
2.16991 1.16882 2.00383 
2.94476 1.00621 0.866601 
2.71179 0.775161 1.45965 
2.97088 0.480268 0.981749 
0.0953174 2.72745 1.77492 
2.51887 1.96365 0.67967 
2.61712 1.46726 1.03183 
1.41678 2.84274 0.0438347 
2.3205 0.983948 2.08548 
2.39309 1.29377 1.64365 
1.92061 0.863778 2.44295 
1.49893 1.78047 2.24533 
0.952051 3.00836 0.410115 
1.68443 1.31682 2.41131 
1.86084 2.54726 0.612617 
1.87239 0.476842 2.49761 
1.45304 2.37769 1.55677 
0.174577 2.87287 1.43122 
1.7631 1.61287 2.15643 
1.4053 0.595881 2.80691 
2.06984 2.36475 0.29524 
1.12839 2.93717 0.295598 
0.611694 0.547745 3.12473 
0.605011 1.46199 2.801 
1.6667 2.05375 1.77993 
1.70656 2.65674 0.108836 
2.24706 0.814268 2.23393 
2.34038 2.12888 0.469811 
2.45633 1.15504 1.66786 
0.044206 2.8928 1.52533 
1.90082 2.53465 0.252645 
0.892839 2.44491 1.86492 
0.460272 2.3987 2.06281 
1.58821 0.520463 2.70577 
1.93793 2.51995 0.241291 
1.9471 2.01126 1.47071 
2.19191 2.16898 0.714515 
1.62082e-16 1.08611e-16 3.18635 
2.24676 1.50207 1.82806 
3.00987 0.604608 0.863775 
