5.57547 4.50446 
5.70767 4.97249 
3.51443 7.66327 
6.86728 7.95722 
5.3129 4.78263 
7.35478 5.53766 
4.49612 7.54999 
6.47905 4.18064 
4.54874 5.82217 
4.42196 4.26627 
8.12184 6.66589 
5.5359 6.52164 
6.37439 7.50797 
5.27202 5.79563 
5.00527 5.28817 
6.93228 5.60958 
6.86911 5.70061 
4.73563 5.62428 
6.43606 6.27318 
6.48687 4.5892 
5.48058 4.38633 
6.94908 5.70245 
4.68794 7.67657 
7.20502 6.06858 
5.61224 5.6241 
4.68855 2.9646 
5.93768 6.12193 
5.78023 5.70892 
4.79127 5.86262 
6.62009 5.53726 
4.97866 5.53849 
6.80111 5.98976 
5.27547 7.30432 
5.37811 5.01044 
6.28391 5.88443 
6.2633 3.15642 
8.32982 6.02422 
7.92001 4.7498 
4.06093 6.35235 
6.80711 6.24818 
5.27716 4.30206 
7.81086 5.99699 
6.64526 5.99681 
5.33149 6.06409 
4.29714 5.41262 
5.29223 6.04849 
5.52317 5.6479 
6.00256 6.61825 
6.04178 5.67304 
5.55847 7.41018 
7.14834 4.72318 
7.93213 5.32974 
7.33951 4.78952 
5.63462 7.72823 
5.28774 4.75929 
6.10523 7.328 
6.40891 4.73867 
6.85719 5.47488 
6.58719 5.91336 
4.77509 3.35161 
3.89722 7.95153 
7.06214 5.39397 
5.43611 5.34959 
5.76878 4.56962 
7.31803 7.35452 
5.32844 4.33372 
7.45968 5.48365 
8.18727 4.6794 
5.97105 4.29126 
7.84793 6.85707 
6.12777 4.26689 
6.85303 6.42261 
5.6931 7.73701 
5.56941 5.25909 
4.90311 5.77271 
5.68956 5.20818 
7.14496 5.7465 
4.81426 6.8404 
6.32549 5.23937 
6.01892 5.23006 
6.68633 4.11909 
6.76744 5.73948 
6.71596 5.87406 
7.31481 4.35498 
5.90324 5.5278 
6.14666 8.26019 
6.45624 6.4759 
5.79722 6.98324 
6.64344 4.03811 
7.02252 5.58295 
4.33404 6.61049 
5.94598 6.72728 
5.56351 7.01314 
7.50509 6.51946 
5.39946 5.13911 
4.70047 4.5996 
5.04485 4.7036 
5.62605 4.83349 
7.80564 6.818 
5.27779 6.16615 
0.2 0.8 
0.85 0.15 
0.85 0.15 
0.2 0.8 
0.523095 0.518651 
0.523095 0.518651 
0.2 0.8 
0.566128 0.469968 
0.566128 0.469968 
0.2 0.8 
0.566128 0.469968 
0.566128 0.469968 
0.2 0.8 
0.2 0.8 
0.2 0.8 
0.2 0.8 
0.2 0.8 
0.2 0.8 
0.2 0.8 
0.2 0.8 
0.2 0.8 
0.2 0.8 
0.2 0.8 
0.2 0.8 
0.2 0.8 
0.2 0.8 
0.2 0.8 
0.2 0.8 
0.2 0.8 
0.2 0.8 
0.2 0.8 
0.2 0.8 
0.2 0.8 
0.2 0.8 
0.2 0.8 
0.2 0.8 
0.2 0.8 
0.2 0.8 
0.2 0.8 
0.2 0.8 
0.2 0.8 
0.2 0.8 
0.2 0.8 
0.2 0.8 
0.2 0.8 
0.2 0.8 
0.2 0.8 
0.2 0.8 
0.2 0.8 
0.2 0.8 
0.2 0.8 
0.2 0.8 
0.2 0.8 
0.2 0.8 
0.2 0.8 
0.2 0.8 
0.2 0.8 
0.2 0.8 
0.2 0.8 
0.2 0.8 
0.2 0.8 
0.2 0.8 
0.2 0.8 
0.2 0.8 
0.2 0.8 
0.2 0.8 
0.2 0.8 
0.2 0.8 
0.2 0.8 
0.2 0.8 
0.2 0.8 
0.2 0.8 
0.2 0.8 
0.2 0.8 
0.2 0.8 
0.2 0.8 
0.2 0.8 
0.2 0.8 
0.2 0.8 
0.2 0.8 
0.2 0.8 
0.2 0.8 
0.2 0.8 
0.2 0.8 
0.2 0.8 
0.2 0.8 
0.2 0.8 
0.2 0.8 
0.2 0.8 
0.2 0.8 
0.2 0.8 
0.2 0.8 
0.2 0.8 
0.2 0.8 
0.2 0.8 
0.2 0.8 
0.2 0.8 
0.2 0.8 
0.2 0.8 
0.2 0.8 
