0.036269 0.0010541 1.71157 
0.246183 0.0116634 2.11971 
1.08831 0.0467972 1.15899 
2.05138 0.348655 0.284446 
0.0346475 0.0780758 2.09447 
1.3442 1.46165 0.583104 
0.703707 0.222422 1.43227 
1.85027 1.6576 0.404863 
0.463958 0.464276 1.18955 
0.0874918 1.29908 1.4297 
0.0873403 0.75057 1.68046 
0.00866636 0.0090234 1.65346 
0.170499 1.37988 0.274987 
0.540813 1.31279 1.22796 
1.41329 0.136017 1.07339 
0.301823 0.901438 1.74081 
0.363966 1.56494 1.00872 
0.724725 0.979838 1.49311 
0.59127 0.414646 1.8207 
0.541639 0.368879 1.56478 
0.310719 0.810647 1.28372 
0.0661102 1.57131 0.0858068 
0.401011 1.44724 1.28856 
1.61323 0.0204903 0.21674 
0.73839 1.32174 0.652294 
1.02733 1.3906 0.603017 
1.51568 0.0916298 0.542137 
0.785808 1.04684 1.59062 
0.0115917 0.00695498 1.70965 
0.221826 0.184175 1.88184 
0.355835 2.05797 0.0207573 
1.8867 1.17907 0.293038 
0.0750615 0.108432 2.04342 
0.554835 2.17943 0.380424 
1.45989 0.0342043 1.07752 
0.851896 0.449313 1.5682 
0.126715 0.160076 1.5627 
0.416503 1.1385 1.3565 
1.77247 0.701967 0.161219 
0.417181 1.20859 1.91966 
1.60953 0.825643 0.167142 
1.0039 0.100419 1.41387 
0.548658 1.39568 0.657755 
1.37543 0.0826022 1.01918 
0.333388 0.41782 1.85459 
0.480982 0.485589 1.87487 
0.827954 0.52794 1.50331 
0.382054 1.42763 1.30545 
0.299604 0.40113 1.47293 
1.96125 0.411425 1.27162 
0.966258 1.64733 0.183146 
0.0418336 1.92414 0.514592 
1.08525 0.093071 2.07373 
0.878935 1.22735 0.948283 
1.04672 1.53319 0.0182015 
0.236289 1.15074 0.96179 
0.313284 1.35223 0.987526 
1.46675 0.0924812 0.788628 
0.392042 1.22529 1.58731 
2.05123 0.526369 0.36829 
0.0648341 0.786834 1.5834 
1.28868 1.0497 1.34354 
0.19174 1.78918 0.41149 
0.0696807 0.0269144 1.98032 
1.05706 0.420981 1.70297 
1.64261 0.833712 0.018825 
2.05281 0.38279 0.437435 
0.0523338 1.11716 1.42967 
0.940343 0.289161 1.51637 
0.112781 1.3354 1.20468 
1.7178 0.526566 0.136262 
1.26238 1.47296 0.770325 
0.508408 1.49038 1.17215 
0.190569 1.08175 1.41988 
1.77181 1.0696 0.00788802 
0.701063 1.01173 0.957512 
1.49095 1.43563 0.549403 
0.223237 1.24089 1.32654 
0.851143 1.17393 0.334768 
0.637877 1.5304 1.21109 
1.30367 0.201274 1.17696 
0.73645 1.63418 0.0661679 
0.526132 0.342192 1.78872 
0.332031 1.90788 0.652355 
0.237972 0.569428 1.51022 
0.0228674 0.629816 1.38408 
0.70408 0.334345 1.28584 
0.930587 1.18201 0.767552 
0.575552 1.57449 1.01816 
0.204013 0.201396 1.58643 
1.58683 0.997879 0.568526 
0.667341 1.91986 0.724477 
1.37054 0.341938 0.122395 
0.532465 0.0666613 1.85993 
1.37464 0.722906 1.24615 
0.149174 0.78362 1.61207 
1.21021 0.193585 1.33956 
0.0851584 0.41519 1.80579 
0.898343 0.65061 1.18654 
1.18633 0.515377 1.58775 
6.12323e-17 0 1 
6.12323e-17 1 0 
3.7494e-33 6.12323e-17 1 
1 0 0 
5.32886e-17 3.48999e-17 1.0403 
0.419697 0.776779 0.485251 
0.0558397 0.309554 0.975263 
0.605529 0.487089 0.668301 
0.909602 0.433497 0.134239 
0.15931 0.704241 0.699372 
0.655382 0.722817 0.266816 
0.274924 0.948992 0.217838 
0.933213 0.353557 0.202179 
0.404622 0.73877 0.610489 
0.135177 0.0698353 0.995735 
0.785925 0.392082 0.504037 
0.720117 0.0523363 0.720452 
0.92156 0.182462 0.35284 
0.175661 0.973798 0.181966 
0.368852 0.642604 0.679823 
0.488763 0.871447 0.162751 
0.323987 0.540298 0.783621 
0.821476 0.483766 0.354098 
0.29956 0.525561 0.819481 
0.320625 0.0145732 0.960171 
0.0384014 0.862642 0.544909 
0.675736 0.224033 0.745154 
0.631529 0.59656 0.57599 
0.448842 0.629768 0.65473 
0.152167 0.996583 0.100775 
0.207662 0.917982 0.353819 
0.222908 0.985381 0.0797125 
0.835898 0.447786 0.373016 
0.793758 0.594383 0.240373 
0.125452 0.210973 0.974593 
0.997898 0.161539 0.0150491 
0.953285 0.34339 0.0681588 
0.257132 0.260393 0.940323 
0.40928 0.800999 0.481627 
0.618326 0.810275 0.119262 
0.75376 0.687445 0.00373167 
0.0175426 0.42366 0.977811 
0.571314 0.57008 0.631081 
0.536435 0.57054 0.653547 
0.436869 0.499829 0.768444 
0.235841 0.961441 0.249077 
0.634143 0.657723 0.434493 
0.873626 0.195367 0.470141 
0.76616 0.466592 0.464949 
0.801505 0.507545 0.414373 
0.957765 0.0370654 0.307824 
0.0870761 0.946182 0.393005 
0.398453 0.674826 0.632549 
0.703943 0.737553 0.0371771 
0.167136 0.978896 0.282018 
0.632003 0.784845 0.0547175 
0.559945 0.0118692 0.842058 
0.669997 0.282278 0.725457 
0.709068 0.0875843 0.716001 
0.343071 0.500782 0.826844 
0.541978 0.374834 0.792562 
0.236337 0.811169 0.598709 
0.490934 0.816555 0.338774 
0.755911 0.511905 0.440668 
0.400481 0.327025 0.864859 
0.948916 0.272716 0.317915 
0.963408 0.291816 0.0921131 
0.243823 0.371316 0.920126 
0.807579 0.486614 0.380354 
0.260475 0.832924 0.52974 
0.981908 0.267507 0.12479 
0.965855 0.111944 0.256539 
0.51062 0.860527 0.124736 
0.882133 0.417861 0.291775 
0.536728 0.886049 0.0474418 
0.840308 0.550426 0.0929689 
0.0879114 0.245202 0.996112 
0.227242 0.648982 0.749288 
0.439319 0.617937 0.6826 
0.690534 0.153591 0.735087 
0.467498 0.363453 0.846031 
0.458725 0.837551 0.390785 
0.684765 0.613433 0.516883 
0.897154 0.446559 0.00221743 
0.737613 0.684519 0.344752 
0.547169 0.434234 0.759823 
0.657699 0.101809 0.791623 
0.115911 0.472529 0.900765 
0.307748 0.41118 0.894573 
0.853087 0.456994 0.337978 
0.146232 0.525631 0.854375 
0.757675 0.405883 0.548011 
0.51899 0.851334 0.237782 
0.104219 0.93368 0.414833 
0.0976619 0.841956 0.555533 
0.252983 0.425442 0.875176 
0.0296212 0.715362 0.738902 
0.311113 0.315058 0.910917 
0.730885 0.382507 0.616395 
0.286899 0.392265 0.899744 
