2.88274 1.00371 
2.86279 1.00948 
2.86978 1.00197 
2.96161 0.980074 
2.93705 0.98774 
2.84561 1.03047 
2.90605 0.991735 
2.92389 0.981403 
2.92041 0.986341 
2.97086 0.979777 
2.95347 0.98065 
2.92268 0.988528 
2.97452 0.979572 
2.96985 0.988123 
2.96811 0.987723 
2.91689 0.980854 
2.94712 0.977503 
2.87759 1.01367 
2.9526 0.98354 
2.90938 0.990311 
2.94578 0.983682 
2.90432 0.97748 
2.95469 0.982068 
2.90584 0.999351 
2.90192 0.983486 
2.93158 0.987456 
2.94339 0.975379 
2.96679 0.981243 
2.88215 1.00141 
2.93341 0.98676 
2.88173 0.992449 
2.90643 0.994123 
2.92941 0.986904 
2.9367 0.984004 
2.9361 0.976311 
2.92966 0.983942 
2.92888 0.9825 
2.91861 0.973001 
2.89309 1.0057 
2.92982 0.98477 
2.84463 1.02276 
2.82642 1.06215 
2.91767 0.972396 
2.86159 1.02811 
2.83164 1.04222 
2.84271 1.02815 
2.84136 1.03159 
2.93153 0.964483 
2.93595 0.978659 
2.91688 0.997137 
2.91555 0.98277 
2.90171 0.982028 
2.93737 0.984511 
2.91015 0.995057 
2.91175 0.995072 
2.94181 0.983735 
2.91512 0.984789 
2.88812 0.99551 
2.9364 0.97677 
2.8919 0.987979 
2.92414 0.986453 
2.96168 0.984208 
2.93584 0.980611 
2.95971 0.983303 
2.93852 0.975516 
2.88509 1.0033 
2.95892 0.984783 
2.93683 0.983174 
2.89091 0.994118 
2.97767 0.984809 
2.94842 0.980144 
2.95326 0.982741 
2.92648 0.975547 
2.95443 0.983116 
2.95152 0.978623 
2.92737 0.980097 
2.94213 0.985493 
2.94333 0.979549 
2.86038 1.01281 
2.92835 0.974518 
2.8835 0.999663 
2.82966 1.04414 
2.91658 0.982033 
2.90968 0.992682 
2.91588 0.986297 
2.88531 0.996395 
2.88078 1.00459 
2.94768 0.982681 
2.83119 1.04006 
2.96525 0.988195 
2.90054 0.993345 
2.89367 0.996742 
2.96442 0.988963 
2.91942 0.985667 
2.91581 0.983246 
2.93623 0.986291 
2.9647 0.983235 
2.9389 0.983544 
2.94085 0.981873 
2.93318 0.990468 
0.106681 4.10668 
2.10668 0.106681 
2.10668 0.106681 
0.767331 1.86923 
0.526121 2.50292 
0.138921 3.59295 
0.727517 1.98724 
0.168295 3.35581 
1.6078 0.870691 
1.7166 0.699434 
0.291087 3.10029 
1.22176 1.24434 
0.456383 2.51122 
0.123852 3.8359 
1.5241 0.905901 
0.677517 2.1606 
0.274154 3.1784 
0.155861 3.41801 
1.75378 0.610397 
1.25269 1.16005 
0.340215 2.82308 
1.28599 1.08029 
0.394238 2.59896 
0.689902 2.11592 
0.122426 3.88081 
0.972801 1.70544 
0.568821 2.46394 
1.00339 1.69364 
0.234023 3.29399 
1.65004 0.822315 
1.47961 0.906978 
1.32064 1.01111 
0.300277 3.0438 
1.0719 1.61959 
0.253026 3.25546 
0.108827 4.09051 
0.788433 1.8192 
1.6811 0.773449 
0.131968 3.71024 
1.39174 0.928545 
0.612704 2.37699 
0.130434 3.72096 
1.19578 1.31628 
1.84407 0.385558 
0.115844 3.99045 
0.145734 3.52042 
0.116822 3.98006 
0.147954 3.48649 
0.264228 3.21899 
1.56276 0.897871 
1.11982 1.52513 
1.81966 0.442524 
0.324667 2.90668 
0.200531 3.30719 
0.359955 2.72596 
1.655 0.813661 
1.88791 0.283595 
0.374003 2.66841 
0.347384 2.78601 
0.641697 2.29031 
1.03387 1.67032 
0.830378 1.75246 
0.720174 2.01006 
0.314842 2.96217 
1.27911 1.09389 
1.04401 1.65835 
1.99139 0.139286 
1.3355 0.989893 
0.814481 1.7703 
1.26247 1.13641 
0.43111 2.52985 
0.657974 2.23118 
1.37356 0.942694 
1.77969 0.546163 
1.7997 0.492498 
1.17705 1.36951 
1.84822 0.372186 
1.2122 1.27038 
1.96024 0.167874 
0.853956 1.72742 
1.42394 0.913324 
0.706729 2.05675 
0.374003 2.66841 
0.355673 2.74422 
2.07327 0.107816 
0.931109 1.70668 
1.9088 0.246836 
1.58494 0.88689 
1.937 0.198175 
1.86454 0.33397 
0.310078 2.9942 
1.81258 0.459628 
0.706729 2.05675 
0.200681 3.30718 
1.1037 1.56102 
1.9801 0.148152 
1.90059 0.263074 
1.35191 0.965602 
2.01784 0.122017 
0.324667 2.90668 
