0.667565 0.984489 0.83982 
1.09109 0.949733 0.26061 
0.327444 0.476501 1.20607 
0.175463 0.274834 2.02698 
1.38769 1.0897 0.505944 
1.0454 0.260557 1.7237 
0.416726 1.43942 0.642426 
0.714906 0.246071 1.46175 
0.59529 1.45881 0.926503 
0.567365 0.185177 1.98194 
0.61808 0.372386 2.06708 
0.244638 0.0710589 1.29987 
1.0127 0.493731 1.41878 
0.239656 1.0966 1.59923 
0.21271 0.816295 1.80426 
1.74939 0.489873 1.12043 
0.0666176 0.0860775 1.93152 
0.569481 0.464265 1.96065 
0.103813 0.48165 1.64449 
0.383769 0.587018 1.63132 
0.436081 0.665499 1.37847 
0.357361 0.85011 1.52787 
0.644249 1.4681 1.42347 
0.759657 0.841706 1.54454 
1.63695 0.923053 0.770222 
1.99044 0.355375 0.0755029 
0.487785 1.29823 1.5718 
0.165897 1.74706 0.157922 
0.278258 0.22578 1.76186 
1.15091 0.273654 0.978639 
0.543073 1.66583 0.387526 
0.776533 0.776017 1.18802 
0.944876 0.764859 1.4892 
1.75636 1.48207 0.361908 
0.538424 1.57201 0.252643 
0.164937 0.431562 1.81217 
1.46405 0.470208 0.106605 
0.0260672 0.277586 1.61032 
0.300431 0.989502 1.2578 
0.498336 1.04967 1.54383 
0.726834 1.30877 0.940743 
0.457343 1.88732 0.591194 
0.178959 0.0300793 1.70667 
2.01904 0.144805 0.00626548 
1.7266 0.464425 0.906386 
1.9117 0.798812 0.342366 
0.709577 1.08441 1.10785 
0.324198 1.46776 0.789376 
1.28123 0.372476 1.42714 
0.435383 0.861429 1.50633 
1.28414 0.984348 0.51669 
0.182097 0.973269 1.71582 
0.718475 1.28421 1.17248 
0.124656 1.51418 0.666016 
1.40752 0.826489 0.956186 
0.647835 0.724801 1.72074 
0.00537824 0.112387 1.69719 
0.977604 1.40306 0.641424 
1.10587 0.871653 0.970401 
0.0603844 1.36337 1.11445 
0.237956 0.3475 1.72257 
0.144281 0.0188855 1.6442 
1.52572 0.692884 0.38391 
1.81168 0.601111 0.619613 
0.737626 0.689748 1.049 
1.26725 0.24306 1.19413 
0.0643244 0.185721 1.85702 
0.0553661 1.73728 0.668086 
0.992738 0.288933 0.706995 
0.378162 0.265947 1.20777 
1.38368 0.132956 0.98486 
0.355934 0.77417 1.29329 
0.00185929 0.352133 2.16917 
0.0674565 0.932132 1.64206 
0.972827 0.398355 1.54307 
0.29339 0.226408 1.73484 
1.37557 1.32562 0.294901 
0.874712 0.130039 1.18162 
1.27034 0.423601 1.53529 
0.078661 0.56735 1.69055 
0.660449 1.25426 0.120825 
0.00881711 0.0523904 1.61023 
1.9777 0.278837 0.261241 
0.770178 0.132015 1.87796 
0.329379 1.47685 0.0213273 
0.810302 0.547398 1.44155 
0.345555 0.421951 1.52398 
0.304902 0.764875 1.49136 
1.03276 1.52972 1.20953 
1.21779 1.26159 0.957559 
1.56896 1.37712 0.577953 
0.861164 0.821791 0.610755 
0.0769436 0.514972 1.46899 
0.0318956 0.243259 1.46173 
0.362583 0.0623832 1.9675 
1.46922 0.0633138 1.30514 
0.662821 0.997501 1.43081 
0.6571 1.14366 1.44091 
1.11417 0.989339 0.229007 
0.507304 0.0350176 1.6394 
3.7494e-33 6.12323e-17 1 
6.12323e-17 1 0 
1 0 0 
6.12323e-17 0 1 
1 0 0 
4.66508e-17 4.04772e-17 1.00867 
0.450759 0.868463 0.275448 
0.911539 0.42864 0.173821 
0.670761 0.604996 0.458224 
0.930592 0.0631409 0.373799 
0.485286 0.437706 0.772451 
0.0364523 0.691699 0.730341 
0.638906 0.174773 0.759613 
0.937994 0.301773 0.2308 
0.958146 0.390461 0.0124447 
0.184647 0.989644 0.0667645 
0.219087 0.283692 0.954135 
0.836981 0.472504 0.352172 
0.298245 0.632134 0.748802 
0.365955 0.459072 0.819035 
0.311073 0.659324 0.704711 
0.99567 0.123608 0.188855 
0.410913 0.921866 0.247712 
0.745581 0.345451 0.584117 
0.496486 0.326534 0.81011 
0.657561 0.00856712 0.784527 
0.415759 0.910721 0.0342879 
0.766659 0.619422 0.205302 
0.657811 0.756338 0.256909 
0.776269 0.657677 0.121638 
0.435143 0.724639 0.542672 
0.892122 0.0957484 0.471273 
0.519118 0.784857 0.396501 
0.886188 0.306233 0.425104 
0.10991 0.262514 0.96159 
0.22032 0.834935 0.537734 
0.275482 0.96124 0.0856002 
0.0291641 0.380795 0.940934 
0.535346 0.821027 0.294071 
0.952412 0.191484 0.313636 
0.204751 0.888292 0.420346 
0.132229 0.22 0.971562 
0.34657 0.903931 0.29503 
0.930567 0.0880983 0.39424 
0.549571 0.820352 0.217838 
0.806926 0.410052 0.4935 
0.0156699 0.544287 0.846184 
0.711406 0.557213 0.483375 
0.875519 0.490174 0.0972594 
0.741621 0.677407 0.0464296 
0.79374 0.606889 0.107147 
0.7177 0.563064 0.431052 
0.825798 0.581932 0.0170329 
0.448144 0.850033 0.382789 
0.554919 0.802179 0.331057 
0.11133 0.784205 0.623718 
0.0550664 0.746009 0.670507 
0.390447 0.932561 0.00658282 
0.974841 0.244928 0 
0.498342 0.229107 0.891732 
0.400531 0.0579378 0.919675 
0.580646 0.479003 0.683744 
0.894369 0.257292 0.392516 
0.172531 0.976498 0.180383 
0.613065 0.520865 0.637722 
0.242249 0.0202202 0.978442 
0.0996226 0.493536 0.904023 
0.0400202 0.958427 0.30636 
0.532739 0.705974 0.504559 
0.233666 0.511847 0.875235 
0.615198 0.544032 0.60106 
0.313997 0.885505 0.348697 
0.0724799 0.946367 0.332835 
0.594329 0.542869 0.612615 
0.864394 0.14947 0.511297 
0.147579 0.765091 0.640109 
0.474436 0.778322 0.430726 
0.513405 0.85419 0.128036 
0.356302 0.974452 0.0215533 
0.195929 0.910948 0.386085 
0.722512 0.140712 0.684159 
0.0614678 0.130228 0.995087 
0.724026 0.585572 0.416145 
0.0090833 0.593044 0.825232 
0.377184 0.0465203 0.934688 
0.282222 0.733575 0.658323 
0.334364 0.942826 0.144722 
0.362946 0.795033 0.565966 
0.288452 0.813466 0.55345 
0.456246 0.759783 0.471338 
0.729241 0.0371248 0.713127 
0.563657 0.197621 0.829074 
0.701194 0.715089 0.14246 
0.985285 0.163506 0.187998 
0.329552 0.505413 0.816721 
0.791791 0.327576 0.550412 
0.159068 0.417575 0.910925 
0.817715 0.370475 0.515048 
0.801154 0.287425 0.548916 
0.687701 0.246722 0.717252 
