1.10135 3.79852 2.93497 
2.25021 3.23784 2.33705 
1.6 3.24317 3.70999 
0.966032 1.44159 6.454 
1.65585 1.56357 5.89871 
1.59395 2.48741 5.64002 
0.904567 4.39099 2.23712 
1.3866 1.96928 6.1939 
1.14621 3.14575 4.53623 
0.819013 3.24596 4.7082 
0.954021 2.46604 5.4984 
1.08061 1.4246 6.22263 
1.29921 1.69279 5.77832 
1.65393 2.74913 5.15692 
0.627147 0.792474 6.30395 
1.1205 2.81886 5.51767 
1.16889 2.6619 5.45648 
1.75696 2.1409 5.15324 
1.17627 3.46672 4.02996 
1.47603 1.89382 5.98898 
1.37324 1.55362 5.53551 
1.81582 2.60372 4.02337 
1.62027 2.49729 5.11318 
1.62482 1.44302 5.77449 
1.57589 2.53901 4.31337 
1.411 2.17061 5.76146 
0.904986 3.26037 4.7883 
1.6474 3.50023 3.63748 
0.750092 1.55552 6.29807 
0.812046 1.84282 6.14117 
1.38232 0.961732 6.54865 
1.42786 1.25788 5.62778 
1.11552 2.13169 5.61308 
1.21216 3.44842 3.76639 
1.07585 2.19158 5.64992 
0.838243 2.73072 5.48986 
2.3658 2.72621 3.30085 
1.01895 1.99857 5.96803 
1.66003 2.33219 5.12119 
1.1697 3.17965 4.37675 
2.15629 2.44909 4.41114 
0.969474 2.55308 5.68295 
1.89993 2.08874 4.72665 
1.88587 3.26172 4.04626 
1.64977 2.10426 5.4208 
2.82596 1.39356 1.02208 
1.61543 0.943963 6.38715 
1.35625 1.45302 5.90771 
1.47026 1.63373 5.88613 
1.13703 1.87113 5.88909 
1.18352 2.82139 5.32829 
1.66111 1.33711 5.95025 
1.67796 1.96078 5.88712 
0.894515 3.4394 4.52594 
1.78634 2.52829 5.4117 
2.09746 3.73909 2.22603 
2.40808 3.31516 1.51338 
1.77659 1.86346 5.84432 
1.29503 2.20275 5.76702 
0.754909 2.80041 5.07204 
1.81167 3.63914 2.49445 
2.48594 2.71056 3.1112 
1.39042 3.01553 4.2467 
1.57852 2.06294 6.11841 
2.28448 2.89342 3.91782 
1.51343 2.82826 4.77307 
1.51792 2.96684 4.56366 
2.25405 1.67921 4.98962 
1.71036 1.05738 5.72708 
1.61831 1.13143 5.83398 
1.31174 1.10326 6.27944 
2.3739 1.54121 4.6661 
0.627991 1.02863 6.39078 
2.18625 2.36813 4.59089 
1.58126 2.45247 4.70652 
0.818325 3.67417 3.96235 
1.35072 1.96367 5.72369 
1.48031 1.96482 6.04488 
1.56216 3.16106 4.8504 
1.36112 2.28161 5.45651 
0.608048 2.08446 5.96626 
1.71698 3.18023 3.63188 
1.01768 2.16043 5.62392 
1.72169 2.34407 5.58156 
1.38833 3.32742 4.07898 
1.66545 2.48865 5.20339 
1.6718 2.75003 5.1492 
0.998826 0.961479 6.44218 
2.23641 2.66351 4.09568 
0.836743 1.37448 6.3086 
1.61911 1.78449 5.63515 
1.73403 2.11353 5.61415 
0.555697 2.20584 5.83471 
1.97926 3.21659 3.38305 
0.865522 3.60999 4.57338 
2.28996 2.77408 3.54009 
1.12072 1.66617 6.00444 
1.98185 3.35643 2.03663 
1.60389 0.973563 6.24281 
1.32575 2.24968 5.88022 
0.00629478 0.00629369 6.00629 
2.20307 0.203072 0.203072 
0.00659247 4.00659 0.00659813 
1.16864 3.26257 2.61697 
1.46919 1.28759 4.72319 
1.09605 0.256434 5.68602 
1.04263 0.470124 5.92541 
0.0569924 3.95777 1.38507 
0.978286 3.8713 0.415535 
0.102499 3.84435 2.22305 
2.14159 1.11781 2.33426 
0.583727 0.118755 5.95435 
0.366794 3.79227 2.2967 
0.638737 3.97063 0.11191 
1.64078 3.29177 0.547131 
1.3055 3.38797 1.84306 
2.15499 0.533387 2.54058 
0.602417 3.91969 0.639409 
1.76508 2.84653 0.356782 
0.229228 3.41473 3.78599 
1.96118 2.41184 0.622333 
2.07142 2.00075 0.89472 
0.896009 1.54312 5.21759 
2.19276 0.815822 1.67539 
0.145496 3.21564 3.99154 
1.62274 1.75351 4.09241 
1.23746 3.14656 2.98213 
1.58438 3.22302 0.945887 
0.182488 2.86537 4.63275 
2.02789 1.5973 2.69621 
1.36243 3.54844 0.698585 
1.51044 1.8835 4.19797 
1.06616 0.63528 5.61598 
1.67498 1.61703 4.04808 
1.75795 2.15147 2.75459 
1.64481 0.318089 4.80224 
1.60253 2.87528 2.44408 
0.505608 2.46806 4.95483 
1.88979 2.72422 1.09855 
0.848897 1.50476 5.42467 
1.85938 1.26912 3.44974 
1.39537 2.76306 3.22596 
0.0900215 3.87713 2.02137 
1.48855 3.10406 1.97063 
0.933081 2.66132 4.15663 
1.54131 2.65221 2.89818 
1.72095 3.21704 0.830511 
1.98708 2.13142 1.34474 
0.226363 2.63269 5.01923 
1.56443 2.96483 1.84755 
2.05644 1.41995 2.53259 
0.962845 3.18573 3.192 
0.329457 1.47985 5.98468 
0.469346 1.46688 5.82802 
0.666905 3.6425 2.07606 
1.38505 0.440382 5.16953 
1.59764 2.53116 3.3169 
0.282933 3.13699 4.17322 
0.911449 1.02807 5.55292 
0.94501 3.80258 1.46114 
1.16797 3.67718 1.63911 
0.215372 3.47958 3.68325 
1.1331 0.369817 5.45881 
1.70013 1.8261 3.26962 
0.125557 3.65226 2.95669 
1.2818 3.59336 0.230109 
1.45052 3.34062 1.06423 
1.06399 2.95092 3.57834 
0.292985 3.08803 4.28633 
1.05729 0.94125 5.51928 
1.14456 0.187761 5.4566 
1.70475 2.24508 3.08056 
1.89065 1.08372 3.65556 
1.79071 2.73742 1.29454 
0.431522 1.48101 5.92854 
1.95279 2.057 2.48723 
1.06289 3.75559 0.396404 
1.34 1.97479 4.36355 
1.44724 1.65589 4.5087 
1.742 1.17358 3.81724 
0.781575 0.703231 5.66645 
1.49675 3.03584 1.53485 
0.404802 1.55708 5.82487 
1.60364 2.27134 3.48376 
1.92808 1.80088 3.01711 
2.1151 1.76154 0.296647 
2.03731 0.8454 3.01832 
0.945436 2.36845 4.59729 
1.41862 2.96179 2.81203 
1.5432 2.34341 3.38349 
1.89631 0.923365 3.85934 
1.81091 1.20354 3.7504 
2.11359 1.95964 1.16249 
0.535678 1.69161 5.63112 
1.40761 2.57365 3.93429 
0.564158 3.68899 1.99163 
1.28176 3.51982 1.05095 
0.64523 1.43893 5.74452 
1.2471 1.92494 4.47518 
1.27705 0.903918 5.29941 
