1.92353 2.04266 
1.32392 1.43497 
0.845741 1.34849 
1.73296 1.23792 
1.99501 0.839702 
0.774117 1.36261 
1.56034 0.924866 
0.771778 1.27107 
1.58044 0.788132 
0.571284 1.37219 
0.841767 0.972142 
1.92751 1.11279 
0.995317 1.86479 
2.14278 0.895503 
1.35466 0.51865 
1.7041 1.07158 
0.537436 1.37037 
0.685521 1.33054 
1.65772 1.03488 
1.62888 0.68905 
0.780669 1.65176 
1.70825 0.732725 
0.8443 0.850241 
2.20106 1.50655 
1.2509 1.22124 
1.3993 1.2007 
0.729648 1.86232 
1.27516 1.00436 
0.798315 1.4407 
1.20192 1.15085 
1.24022 1.11828 
1.55983 0.998709 
1.32313 0.975767 
1.06359 1.27361 
1.27099 0.935196 
0.962941 1.17027 
0.997501 1.35123 
1.30809 0.969837 
1.8321 0.984007 
0.648354 1.29219 
1.16689 1.33933 
1.01728 1.18844 
2.01384 1.24788 
0.700591 1.58175 
1.06815 1.34806 
1.70234 1.06329 
0.801149 1.1662 
1.46263 0.66309 
1.04101 1.17456 
1.68214 1.22448 
0.822862 1.54975 
0.822376 1.5842 
0.94909 1.3388 
1.09417 0.631524 
1.44291 1.05328 
1.51846 0.967841 
1.58611 0.905016 
0.9511 1.46127 
1.43999 0.943515 
1.1099 1.16691 
1.54742 0.580271 
1.79786 1.23499 
1.08929 0.907428 
0.88788 1.17184 
2.28024 1.03752 
1.44617 1.29197 
0.707308 1.26257 
2.06727 0.915196 
2.06735 1.25308 
1.13091 1.16677 
1.19563 1.19219 
0.940646 1.09922 
1.17729 1.15364 
0.967052 1.14026 
1.02989 1.3266 
0.821184 1.55027 
1.14949 1.14332 
1.60157 1.13072 
1.32065 0.940485 
0.908305 1.33902 
1.06294 0.772945 
1.77803 0.641721 
1.47101 1.02593 
1.77211 0.897708 
2.27621 1.01251 
1.02068 0.647665 
0.605572 1.87056 
1.43523 1.21128 
0.908328 0.940522 
1.52934 1.14223 
0.887102 0.988055 
0.630499 1.14291 
1.44719 1.05461 
1.21008 1.00868 
1.1182 1.49402 
1.06008 1.15715 
1.73842 1.17006 
1.11348 0.928354 
0.976198 1.3723 
0.550437 1.2611 
3.47417e-07 1.00379 
1.03991 3.57123e-06 
0.727504 0.15586 
0.778253 0.128616 
0.951075 0.0367098 
0.816164 0.118356 
0.708362 0.172919 
0.00544068 0.935552 
0.201432 0.570267 
0.987168 0.0288962 
0.855658 0.0841704 
0.559807 0.259077 
0.613462 0.238239 
0.625841 0.222178 
0.552129 0.282134 
0.478056 0.32524 
0.392115 0.385108 
0.00237283 0.96771 
0.877095 0.0811647 
0.243858 0.517515 
0.337053 0.44096 
0.664881 0.19627 
0.57775 0.255135 
0.93959 0.0431431 
0.42532 0.362578 
0.112631 0.673647 
0.0299825 0.833837 
0.853751 0.111792 
0.436988 0.350751 
0.67734 0.185349 
0.187624 0.589833 
0.355771 0.415576 
0.0939 0.698972 
0.374039 0.408657 
0.271129 0.491838 
0.165685 0.604558 
0.346299 0.426614 
0.101763 0.685766 
0.0106589 0.908037 
0.750097 0.146303 
0.0365374 0.818868 
0.462303 0.333742 
0.692533 0.17798 
0.653309 0.208845 
0.024386 0.852987 
1.01488 0.00551048 
0.145388 0.625106 
0.448349 0.339219 
0.0423303 0.803002 
0.380888 0.395725 
0.142464 0.643219 
0.293449 0.473829 
0.155234 0.614059 
0.0190648 0.88437 
0.893279 0.0724353 
0.924258 0.0571836 
0.644259 0.218551 
0.28081 0.482024 
0.119943 0.65705 
0.228657 0.528139 
0.304205 0.464126 
0.0482593 0.789006 
0.00137446 1.00304 
0.0804982 0.734888 
0.0865392 0.715517 
0.999971 0.0088756 
0.210902 0.556641 
0.0243795 0.870534 
0.53428 0.283808 
0.318459 0.446451 
0.175841 0.590494 
0.053816 0.775666 
0.0613381 0.765822 
0.128287 0.649557 
0.489362 0.311213 
0.00251687 0.955841 
0.507596 0.307383 
0.89406 0.0574781 
0.837156 0.112014 
0.773601 0.142571 
0.999506 0.0280123 
0.525007 0.300124 
0.223183 0.554567 
0.0128372 0.899473 
0.2246 0.537943 
0.313613 0.454302 
0.409859 0.375271 
0.0702799 0.752337 
1.03684 0.00240976 
0.912822 0.0573019 
0.260076 0.506068 
0.591473 0.243018 
0.410794 0.371812 
0.259033 0.509517 
0.820028 0.112699 
0.762218 0.14629 
0.59365 0.242622 
0.526676 0.293588 
0.0838638 0.727303 
0.0690584 0.754719 
