1.21007 3.06673 
1.35006 3.91257 
1.25196 4.04565 
1.60421 4.08449 
1.11797 4.49693 
0.843772 3.82402 
1.1405 4.50275 
1.22342 4.53445 
0.892867 3.68233 
0.889971 3.49075 
1.38932 2.61813 
1.37402 3.70367 
0.97673 3.89628 
1.16572 3.81475 
1.84985 3.9743 
1.23817 3.05965 
1.27278 3.02766 
1.87662 3.69024 
1.08083 3.99002 
1.64719 4.50307 
0.893594 2.99022 
1.60623 2.98986 
0.893129 3.42302 
1.04688 4.13099 
1.18443 4.18046 
1.11284 4.48803 
1.0265 3.87597 
1.43985 2.31778 
1.30169 3.94403 
2.04769 1.47172 
0.770351 4.25587 
1.13924 3.7898 
1.34347 2.13691 
1.48579 2.73541 
1.95042 2.04622 
1.00283 3.72344 
1.33983 2.24353 
1.49381 2.60325 
0.886267 3.89247 
1.08597 4.49617 
1.13814 3.99278 
0.700998 4.47043 
1.40866 3.15178 
0.862172 2.85921 
0.685765 3.76291 
1.12262 3.76927 
0.778696 3.86125 
1.55806 4.23719 
1.17518 4.20087 
1.51975 3.12966 
1.11914 4.53564 
1.26403 3.05515 
1.11058 4.52168 
0.800843 2.84049 
1.12112 3.89506 
0.904648 3.16063 
0.802685 3.88404 
0.700395 4.13815 
1.68404 4.52741 
0.897913 3.7118 
1.42471 2.37744 
1.30419 3.64264 
1.23726 4.4764 
1.33616 3.78149 
1.55062 3.11361 
1.53291 3.32002 
0.591434 3.69931 
1.05997 4.45798 
1.00221 4.08467 
1.00891 4.29186 
0.83362 2.85531 
0.936842 3.36516 
1.36389 2.55141 
0.9183 2.96623 
1.53991 2.92782 
1.15051 4.34776 
1.7499 2.11723 
1.75502 4.35203 
1.10758 3.10512 
2.06771 2.49043 
1.56995 3.85705 
1.83654 3.3955 
0.840976 4.61955 
1.73664 2.54518 
1.16934 4.49573 
1.39177 2.29241 
1.42024 2.77881 
1.74703 4.41111 
0.88481 3.0034 
1.212 4.06018 
1.07441 3.13434 
1.40827 2.23361 
0.916093 4.69741 
1.1269 4.54344 
1.44798 2.50468 
1.41202 2.49347 
1.60366 4.08459 
1.15616 4.53819 
0.940064 3.05072 
1.25245 2.83646 
1.70804e-17 4 
2 1.70804e-17 
2 1.70804e-17 
1.38951 0.794947 
1.91344 0.794945 
0.832974 1.59328 
1.2904 1.59328 
0.734982 2.38997 
0.391236 2.38997 
0.107417 3.18052 
0.302871 3.18052 
1.92146 0.671375 
0.0564798 3.68094 
0.321684 2.91313 
0.0413587 3.8951 
0.316079 2.99035 
1.95823 0.222832 
0.345759 2.62594 
1.31643 1.24729 
1.91374 0.790147 
1.30513 1.38827 
0.311983 3.04837 
1.32197 1.18408 
0.773855 1.90488 
0.0699627 3.4734 
0.783296 1.81577 
1.92692 0.592167 
0.743971 2.26409 
1.29609 1.51149 
0.329146 2.81538 
0.334929 2.74455 
0.0502388 3.77647 
0.065469 3.5404 
0.0470094 3.82278 
1.96419 0.171013 
0.339865 2.68805 
1.36179 0.862745 
0.800179 1.69161 
0.793376 1.73596 
1.3262 1.1385 
1.30169 1.4341 
1.33864 1.01966 
1.95082 0.295967 
0.760126 2.05679 
0.352453 2.56318 
0.00426611 3.8951 
0.770389 1.94085 
0.0632963 3.57391 
0.0821575 3.31796 
0.308002 3.1057 
1.29115 1.58237 
1.31061 1.3179 
0.000500725 3.94582 
0.739173 2.33049 
1.9241 0.63259 
1.98897 0.026139 
1.29859 1.47657 
0.364395 2.47382 
1.93171 0.525848 
1.35229 0.916535 
0.30628 3.13073 
0.0946244 3.21578 
1.94255 0.388393 
1.94567 0.352212 
0.764085 2.01047 
1.93956 0.424543 
0.0866575 3.27367 
1.31141 1.30796 
0.766285 1.98558 
1.3301 1.09882 
1.34387 0.976659 
0.326548 2.84866 
0.0728894 3.43208 
1.98229 0.0536799 
0.781224 1.83418 
0.0748243 3.406 
1.35343 0.909289 
1.97286 0.107128 
1.38404 0.797602 
1.93674 0.459953 
0.80692 1.65556 
0.757079 2.09374 
0.752362 2.15301 
0.369773 2.44371 
1.37041 0.82726 
0.337264 2.71734 
1.93483 0.484569 
0.0600261 3.62514 
0.358968 2.51068 
1.33433 1.05825 
0.0596314 3.63135 
0.0778343 3.36767 
0.375378 2.41934 
0.73827 2.3432 
0.389821 2.39021 
0.0790686 3.3528 
0.00168729 3.91207 
0.793766 1.7332 
1.94883 0.317188 
0.750172 2.18133 
