1.36595 3.54175 3.75787 
0.97036 3.14282 4.96437 
1.0593 3.50943 3.93262 
1.42092 1.84501 5.61435 
1.37444 2.59291 5.16928 
1.58206 3.1221 4.2805 
0.862437 2.63063 5.33879 
1.18457 2.14963 5.70901 
1.43852 2.20019 5.33533 
1.34623 3.09907 4.71507 
1.00008 3.92134 3.18631 
2.04451 2.05702 3.60241 
0.658284 1.19209 6.3693 
1.60924 3.41448 3.62745 
1.32403 1.79609 5.72228 
0.652493 0.556796 6.39572 
1.91101 1.52562 4.65243 
1.00758 1.32729 6.12573 
1.8753 1.35719 4.80248 
1.91773 0.873007 4.67995 
1.96163 2.06591 3.57504 
2.20965 2.1503 2.85033 
1.31553 1.39476 5.81133 
2.00277 1.92128 3.66125 
1.02662 2.08067 5.96595 
1.58582 2.89197 4.44665 
2.04476 1.71079 3.11504 
1.65285 2.36198 5.01356 
1.53548 1.44117 5.25252 
1.32106 2.96442 4.51536 
2.40022 1.40729 2.35796 
1.75761 3.10654 3.25193 
1.38334 1.10974 5.91076 
1.33102 1.54966 6.02269 
2.21864 1.67778 3.2375 
0.859366 1.76185 6.10236 
0.976812 3.96698 3.07216 
2.16876 2.08149 2.87387 
1.81982 1.82676 4.52868 
1.69286 2.35008 4.8838 
1.45475 3.11888 4.19136 
1.74471 2.14928 4.59014 
1.63558 3.11254 3.45822 
1.06477 2.86897 4.74045 
2.03568 3.15685 1.45106 
0.831416 2.88852 5.21704 
1.8392 1.92832 4.7285 
0.934749 0.924142 6.4165 
1.04913 1.44541 6.2646 
1.72779 1.61576 5.01171 
1.16937 4.2839 1.50688 
1.30479 1.37733 5.95628 
1.50688 3.6558 2.72681 
1.09838 2.41193 5.71875 
1.24456 1.73409 5.76323 
1.06439 1.56966 6.01157 
1.62858 2.91351 4.40606 
1.672 3.24577 3.42 
1.09398 1.36406 6.04616 
1.70176 1.86119 4.69871 
0.82685 3.55325 4.12375 
1.17978 1.78449 5.8588 
1.60145 2.37747 5.23798 
1.21194 1.78847 5.96396 
1.18817 2.10622 5.83109 
1.32766 2.52232 5.03949 
1.09315 1.17006 6.40154 
2.10797 2.68305 3.02184 
0.941166 2.33473 5.64091 
1.20377 1.83614 5.45575 
1.68657 2.44332 4.61306 
1.55214 3.3694 3.60988 
1.23913 1.6213 5.62722 
1.46801 3.01904 3.68017 
1.1027 3.49331 4.13103 
0.806369 2.549 5.73542 
1.37222 2.02176 5.52767 
1.35721 2.28317 5.24391 
1.39546 2.86442 4.88635 
2.11419 2.39676 3.11929 
0.858483 1.99196 6.13074 
1.62862 3.61511 2.66631 
1.49212 1.88364 5.09125 
1.11948 2.7488 5.32121 
1.65876 1.56716 5.29788 
1.81067 2.34628 4.62561 
0.648255 2.53578 5.55508 
0.853454 1.33738 6.47221 
0.900028 1.14305 6.27545 
1.57795 3.01792 4.44303 
1.41188 3.65633 3.07345 
1.307 3.15359 4.34952 
1.11546 1.16467 6.09427 
2.19112 2.60812 1.72429 
1.69244 0.83783 5.48281 
1.32526 2.17463 5.76328 
0.748494 0.677901 6.44141 
1.10898 1.01406 6.30292 
1.15448 2.98599 4.58672 
1.37349 2.58381 5.09374 
0.0500005 0.0501549 6.05 
2.05 0.0500363 0.0500018 
0.0500774 0.05 6.05 
0.0500774 0.05 6.05 
2.05 0.0500363 0.0500018 
0.0622787 4.04992 0.0500018 
0.109901 0.597546 5.9908 
0.33584 3.98615 0.686259 
1.02648 1.68091 4.67964 
1.62798 0.919387 3.49808 
1.5891 0.215379 3.87348 
0.759075 1.77669 5.02661 
0.458546 3.92279 0.916682 
0.562276 3.84877 1.13133 
0.499482 3.75068 1.88517 
1.37022 3.03016 0.624664 
2.02908 0.262655 0.854593 
0.17134 0.492893 6.00199 
1.95322 1.24907 0.456139 
0.644688 3.68061 1.82738 
1.87672 0.624912 2.33567 
0.139221 3.95878 1.29565 
1.78386 2.01937 0.516089 
0.28342 3.38496 3.28809 
2.00991 0.831348 0.284988 
0.712496 1.39382 5.34025 
0.477358 3.17013 3.57875 
0.857141 2.92238 3.4519 
0.72808 3.55621 2.09974 
0.929279 1.03817 5.23119 
0.426046 2.05857 5.11458 
1.75196 0.579143 3.09959 
0.653052 0.487452 5.73299 
1.407 2.7983 1.60959 
1.07418 1.46451 4.74655 
1.08699 2.82953 3.03981 
0.797217 0.973185 5.44049 
0.828637 1.60394 5.06102 
0.530446 1.53494 5.43156 
1.46724 2.71602 1.43953 
0.869911 3.64347 0.996278 
0.971283 1.84913 4.6411 
2.02056 0.726499 0.198962 
1.52444 2.7526 0.0500018 
0.268253 3.05544 3.95484 
1.84551 0.447032 2.62503 
0.890452 3.45863 1.92097 
0.672381 1.16276 5.50231 
0.994924 2.8956 3.17167 
0.268864 0.770396 5.91525 
1.34236 1.28806 4.23563 
0.433937 3.68951 2.25676 
1.99681 0.655267 1.08203 
1.68147 1.37725 2.89272 
0.595835 1.95035 5.06927 
1.76203 1.94208 1.30124 
0.774811 2.5451 4.20504 
1.66414 2.28036 1.21548 
0.397539 2.39821 4.79407 
1.81861 1.00704 2.45567 
0.412404 0.832651 5.83271 
0.229518 3.14175 3.8186 
1.94955 1.09656 1.08005 
1.10236 1.72612 4.48978 
1.89002 0.321948 2.3657 
1.38567 1.34845 4.06875 
0.558266 1.23947 5.57192 
1.20563 2.16257 3.7835 
0.957674 3.49186 1.43953 
1.31932 0.079445 4.68653 
1.01082 3.09357 2.66705 
1.12531 2.20346 3.94348 
1.2392 2.63521 2.91962 
1.27477 3.00308 1.74643 
0.361918 3.22436 3.57875 
1.42838 2.09253 3.13443 
0.911337 3.31615 2.35661 
1.90053 0.82416 2.0074 
0.575574 0.150342 5.83717 
0.498684 1.20367 5.63512 
1.74096 2.12483 0.811508 
1.00475 3.2754 2.14495 
1.64974 1.57091 2.83619 
0.459082 1.14658 5.68811 
1.26908 2.33141 3.3536 
1.72401 2.22558 0.40989 
0.489681 3.82691 1.52099 
0.354102 3.36076 3.29117 
1.56347 1.09222 3.6473 
1.64136 2.12714 1.92097 
0.185634 2.38595 4.90355 
1.27743 0.154035 4.7846 
1.60664 2.42278 1.28455 
1.16148 2.51788 3.39335 
0.367158 2.66685 4.48699 
0.91682 0.215492 5.45148 
0.932656 3.61027 0.734324 
1.83815 0.804974 2.48725 
0.532173 3.92408 0.42218 
0.22981 2.47989 4.78542 
