0.469051 14.5845 
0.616874 11.9645 
0.910965 11.0752 
0.729084 12.8938 
0.362664 11.1375 
0.20597 15.1006 
0.0116486 13.0956 
0.123946 12.5673 
0.149027 15.3039 
0.745004 12.5285 
0.103338 13.4103 
0.535443 11.7279 
0.273941 11.8552 
0.591141 10.8485 
0.561864 12.0913 
0.189583 13.9262 
0.700212 12.0121 
0.610068 14.6056 
0.655751 10.7395 
0.392816 14.4192 
0.549321 13.2628 
0.49733 12.1423 
0.670079 10.5792 
0.221967 10.1739 
0.4311 14.4289 
0.867076 9.31916 
0.498438 12.2305 
0.395864 12.0585 
0.688248 10.8262 
0.347282 14.3606 
0.408781 13.8763 
0.83454 12.1762 
0.836077 14.9318 
0.972882 10.8294 
0.865197 12.9641 
0.40715 12.7891 
0.575727 13.0174 
0.739907 12.4602 
0.589771 11.1392 
0.750339 12.3425 
0.0715486 12.6277 
0.937653 10.5629 
0.533609 12.1622 
0.431721 13.3256 
0.198221 12.0332 
0.332881 11.9519 
0.565167 12.9094 
0.229172 12.5469 
0.344726 12.7179 
0.579063 12.4762 
0.601139 11.9066 
0.208016 13.3873 
0.12142 14.3443 
0.935805 9.73023 
0.996783 15.0616 
0.179638 12.0762 
0.70019 12.5645 
0.221527 12.4757 
0.9881 14.2484 
0.466181 12.5365 
0.5923 14.5944 
0.713428 12.6538 
0.100403 13.9709 
0.138333 10.8784 
0.0193913 12.5908 
0.45414 13.9347 
0.806541 10.627 
0.660645 12.4564 
0.0112627 12.1415 
0.0942158 11.9914 
0.947982 13.9532 
0.741168 10.7553 
0.807429 12.1258 
0.499662 11.9915 
0.720673 11.7866 
0.442996 15.0998 
0.624676 10.8687 
0.580118 9.89788 
0.55112 13.7855 
0.911743 13.1927 
0.998693 10.8374 
0.870638 11.0556 
0.481044 14.784 
0.269578 14.7879 
0.520146 15.0609 
0.0416447 14.2146 
0.98268 13.0297 
0.776441 9.11519 
0.735766 10.1163 
0.563034 13.4844 
0.421069 14.0327 
0.597829 12.4449 
0.855813 10.5476 
0.0287505 13.4921 
0.505936 12.6982 
0.348794 12.4079 
0.814882 9.63697 
0.37952 12.0593 
0.191813 11.861 
0.649936 12.8891 
0 4 
0.859401 2.307 
0.859401 2.307 
0 4 
0.631627 3.57319 
0.251412 3.57319 
0.172714 3.65485 
0.796967 2.45242 
0.731847 2.84632 
0.706037 3.03796 
0.645717 3.48095 
0.803348 2.42517 
0.161086 3.67805 
0.205578 3.60251 
0.679441 3.23895 
0.118591 3.77478 
0.0778524 3.87001 
0.654264 3.42204 
0.194071 3.61829 
0.0579529 3.91194 
0.662856 3.36094 
0.634452 3.55523 
0.669246 3.31448 
0.722006 2.91827 
0.672309 3.29195 
0.78891 2.49032 
0.129905 3.74791 
0.748413 2.73035 
0.698411 3.09574 
0.760251 2.65282 
0.72578 2.89046 
0.125144 3.75917 
0.675243 3.27024 
0.641774 3.50741 
0.741155 2.78023 
0.774168 2.56894 
0.659919 3.38202 
0.820525 2.36492 
0.684039 3.20446 
0.104228 3.80908 
0.776133 2.55781 
0.219402 3.58774 
0.696273 3.11195 
0.653457 3.42769 
0.766711 2.61282 
0.744288 2.7585 
0.213394 3.59357 
0.715709 2.96513 
0.807468 2.40894 
0.702497 3.06476 
0.188453 3.62705 
0.72578 2.89046 
0.0332896 3.95644 
0.245158 3.57376 
0.188453 3.62705 
0.719692 2.93543 
0.145654 3.71154 
0.229035 3.58037 
0.83561 2.32897 
0.846834 2.31318 
0.0263835 3.96712 
0.717888 2.94886 
0.693813 3.13061 
0.780136 2.53574 
0.824022 2.35513 
0.745892 2.74749 
0.709615 3.01093 
0.760031 2.65422 
0.649477 3.45528 
0.137988 3.72903 
0.709615 3.01093 
0.0418151 3.94213 
0.755951 2.68039 
0.638441 3.5294 
0.769967 2.59334 
0.713486 2.98179 
0.649477 3.45528 
0.111241 3.79235 
0.13864 3.72753 
0.0504225 3.92651 
0.0716785 3.8835 
0.659919 3.38202 
0.738918 2.79591 
0.0412875 3.94305 
0.752215 2.7049 
0.666182 3.33686 
0.690855 3.15301 
0.111002 3.79292 
0.68423 3.20303 
0.0950056 3.83085 
0.0504225 3.92651 
0.0937609 3.83375 
0.734851 2.82476 
0.788665 2.49153 
0.640099 3.51851 
0.0881639 3.84672 
0.0651193 3.89738 
0.150004 3.70184 
0.735056 2.82329 
0.0651193 3.89738 
