2.96218 0.976694 0.976772 
2.85224 0.983811 1.02418 
2.85481 0.983449 0.993295 
2.79554 0.979112 0.987461 
2.84074 0.985197 1.01919 
2.91106 0.982965 0.982961 
2.89137 0.984211 0.981023 
2.81819 0.975397 0.989546 
2.80823 0.988491 1.00481 
2.86265 0.980348 0.988741 
2.78025 0.990487 0.984977 
2.80322 0.967623 0.966787 
2.93404 0.987708 0.986518 
2.75475 0.987477 1.00606 
2.93314 0.971951 0.971972 
2.88503 0.984972 0.982328 
2.84356 0.984732 1.05391 
2.88128 0.983467 0.986492 
2.89594 0.990859 0.988561 
2.86091 0.977467 0.994708 
2.90469 0.983583 0.985372 
2.89594 0.987074 0.987807 
2.92632 0.98023 0.981534 
2.86889 0.972519 0.976893 
2.94361 0.985282 0.985399 
2.93717 0.984076 0.983734 
2.9304 0.981217 0.982175 
2.85435 0.990378 1.01174 
2.75275 0.994879 0.999096 
2.84331 0.98853 0.996695 
2.78329 0.994742 0.982583 
2.91827 0.983068 0.985792 
2.76203 0.987425 1.05306 
2.82218 0.98638 0.985857 
2.86862 0.976902 0.976433 
2.94769 0.982887 0.983139 
2.91648 0.986913 0.987246 
2.74968 0.989389 1.07009 
2.825 0.984516 1.0138 
2.91827 0.97532 0.976148 
2.88008 0.987458 0.987233 
2.76138 0.988537 1.1375 
2.80486 0.991756 0.996984 
2.82396 0.981403 1.00154 
2.87335 0.981197 0.977838 
2.8954 0.976535 0.984503 
2.86969 0.985256 1.01089 
2.84755 0.983685 1.02116 
2.87266 0.981164 0.995051 
2.88142 0.979846 0.978872 
2.81685 0.985735 1.00497 
2.83235 0.985635 1.01624 
2.89379 0.986889 0.984338 
2.90101 0.986965 0.986519 
2.87698 0.980895 0.97988 
2.82051 0.984583 1.07745 
2.79372 0.977741 1.05912 
2.80995 0.98861 0.97987 
2.91887 0.980887 0.980604 
2.93143 0.981188 0.980541 
2.93215 0.982374 0.9827 
2.9008 0.979637 0.981774 
2.867 0.972488 0.968784 
2.86536 0.987399 1.00011 
2.92937 0.979596 0.979604 
2.87653 0.992548 0.990857 
2.82267 0.983516 0.981935 
2.88846 0.96694 0.966356 
2.84353 0.987414 0.981094 
2.95135 0.972815 0.972789 
2.7684 0.995036 0.993681 
2.72528 0.995859 1.00867 
2.90799 0.987043 0.98563 
2.94221 0.974009 0.973672 
2.88455 0.980731 0.978795 
2.72856 0.988758 1.19927 
2.90652 0.97303 0.972471 
2.89923 0.983401 0.981162 
2.85478 0.984872 1.01214 
2.90138 0.985093 0.987568 
2.91921 0.989178 0.988804 
2.79815 0.993973 0.9895 
2.93814 0.988313 0.987717 
2.81053 0.988209 1.00768 
2.85088 0.982595 1.00439 
2.9221 0.981168 0.984037 
2.8791 0.982185 1.00721 
2.85132 0.980108 1.00599 
2.8984 0.986119 0.99269 
2.78022 0.996176 1.00729 
2.89566 0.98476 0.990756 
2.80294 0.983114 0.999683 
2.84899 0.974203 0.982411 
2.82344 0.980283 0.988254 
2.85053 0.981548 0.981953 
2.88729 0.981794 0.985938 
2.90229 0.982011 0.980841 
2.83983 0.9744 1.03741 
2.89703 0.970378 0.972248 
2.87346 0.993186 0.996536 
0.118288 0.118288 6.11829 
0.118288 0.118288 6.11829 
2.11829 0.118288 0.118288 
2.11829 0.118288 0.118288 
0.118288 4.11828 0.118288 
0.162208 0.124551 5.12988 
0.134008 1.14891 3.52554 
0.169759 1.77155 2.07076 
0.13949 0.134633 5.4197 
1.27956 0.304268 0.891503 
0.142867 1.503 2.71239 
0.193794 2.9 0.346569 
0.14257 3.52998 0.717167 
0.153941 0.130997 5.56525 
2.08657 0.141003 0.140589 
1.44544 0.206589 0.984849 
0.142675 4.01762 0.15031 
0.286717 2.19687 0.678864 
1.99653 0.143443 0.213626 
0.274031 2.08346 1.05648 
0.13435 2.76107 1.3462 
0.330522 0.142927 4.43235 
0.125929 0.126331 6.00089 
0.123918 1.85211 2.52031 
0.179383 0.29428 4.51022 
1.13535 0.152688 1.96128 
0.323329 0.218142 3.7629 
0.693243 0.142281 3.26304 
1.06155 0.525114 0.691036 
0.21906 0.248781 4.27693 
0.364837 0.437546 2.94078 
0.294402 2.53136 0.147984 
0.204176 3.11605 0.143617 
0.252202 0.146829 4.89145 
0.142872 1.974 2.50249 
0.136352 3.8625 0.210908 
0.142507 3.35179 1.04458 
0.215903 0.197656 4.71734 
0.264794 2.29314 0.657118 
1.39203 0.323077 0.314747 
0.481563 1.31486 1.17945 
0.23657 0.481345 3.70811 
0.714393 0.141073 3.10979 
0.130847 0.130456 5.79961 
0.363893 1.01934 1.92212 
0.725696 0.955626 0.762231 
0.64317 1.42439 0.152224 
0.770827 0.145735 2.788 
0.141204 3.60078 0.579024 
0.142634 3.28669 1.14233 
1.46576 0.225675 0.703195 
0.13695 3.67661 0.435966 
0.132636 0.130057 5.76516 
0.41399 0.312832 3.16459 
0.260047 1.999 1.22664 
0.140696 2.43309 1.71705 
0.419015 0.141738 3.92386 
1.88102 0.150208 0.25476 
0.748286 0.976938 0.558672 
0.875263 0.718428 0.820005 
0.140021 2.3941 1.79251 
1.81851 0.154468 0.292874 
1.23935 0.157327 1.3373 
0.454429 0.249662 3.32057 
0.136352 3.78888 0.280305 
0.193522 0.321053 4.17619 
0.143334 3.23741 1.20503 
1.33753 0.419566 0.166278 
0.932335 0.814498 0.223154 
0.14193 2.66569 1.40299 
0.136984 3.7022 0.396175 
0.71835 0.236518 2.54094 
0.433025 0.884455 1.82567 
0.392127 0.141448 4.07049 
0.59509 0.428539 2.28673 
0.227072 1.36705 2.26377 
1.94148 0.152061 0.163582 
0.519443 1.43804 0.631359 
0.539144 0.603252 2.02317 
0.491105 0.563404 2.46158 
0.510092 0.256627 2.91846 
1.6093 0.221249 0.249964 
0.994107 0.692006 0.309425 
0.785814 0.781909 1.03358 
0.267821 2.3465 0.501931 
0.191542 2.63168 0.866957 
0.364592 0.294375 3.62792 
1.0288 0.253025 1.41248 
0.971017 0.182377 2.2136 
0.836983 1.1102 0.142444 
1.2192 0.151135 1.58895 
0.628353 0.543147 1.68129 
0.555851 1.67739 0.145095 
0.376896 1.04295 1.71806 
0.563141 1.28641 0.739277 
1.51536 0.251576 0.293711 
1.62834 0.222265 0.210071 
0.518854 1.55714 0.313018 
0.26698 0.142264 4.89122 
0.142263 2.57788 1.48929 
