1.42701 1.2946 
0.693658 1.71433 
1.88669 0.233832 
1.49492 1.16281 
0.828799 1.59404 
1.59172 0.550023 
1.9498 0.0086784 
1.44333 1.04748 
1.78859 0.116424 
1.70185 1.2777 
0.510223 1.44096 
1.73699 0.3503 
1.39439 0.164798 
1.81463 0.148939 
1.95783 1.27586 
0.601117 1.67475 
0.630679 2.03145 
1.49321 0.567888 
1.22228 1.14585 
0.891611 1.84636 
0.326338 1.83647 
1.37771 1.54033 
1.51401 1.10601 
1.15399 1.08522 
1.82222 0.0155412 
1.83877 0.510186 
1.83955 0.210798 
1.24961 1.10311 
0.360041 1.30174 
1.46778 1.3476 
1.51626 0.757647 
1.02198 0.66271 
1.30821 1.01851 
1.10108 1.51597 
1.70561 0.891073 
1.39285 1.1901 
1.55197 1.23736 
0.684268 1.61696 
1.31959 1.34596 
1.5471 0.982825 
0.991492 1.56626 
0.861083 1.60097 
0.848742 1.48843 
0.679486 1.75675 
1.49513 0.995119 
1.21463 0.633548 
1.85058 0.573546 
0.0826113 1.65256 
1.77307 0.140606 
0.239474 1.65464 
1.88845 0.0800137 
1.44578 0.46677 
0.60778 1.28297 
1.65934 0.377521 
1.9163 0.387484 
1.03065 2.2345 
0.258999 1.31956 
0.999952 1.24042 
1.72982 0.801557 
0.716932 2.09957 
0.837822 2.17201 
0.268673 1.74009 
0.0528453 1.75061 
0.0955956 2.2428 
1.75046 0.343388 
1.64007 0.443032 
0.425881 1.5236 
1.69232 0.822927 
0.102125 1.41402 
0.671438 1.62853 
0.917062 1.09485 
1.54885 1.19225 
1.02584 1.56005 
2.29166 0.190714 
1.09413 2.00465 
1.15863 0.875956 
1.01945 1.29648 
1.50238 0.106262 
1.78231 0.12427 
1.38407 0.967819 
1.34988 0.496268 
2.02204 0.87209 
0.573558 1.4648 
1.80021 1.06323 
1.88368 0.606229 
1.04916 1.2327 
1.77413 0.762098 
1.30812 0.790815 
1.47698 1.44649 
0.229144 2.03032 
1.05271 1.12564 
1.87137 0.546419 
0.710975 1.78732 
0.962876 1.49534 
0.784343 1.39596 
1.59544 0.781397 
1.12572 0.958997 
0.0539229 1.73627 
0.453135 1.42208 
1.62016 1.39229 
6.12323e-17 1 
1 0 
1 0 
0.99726 0.0790676 
0.27079 0.962893 
0.847352 0.531721 
0.650892 0.75928 
0.994144 0.109214 
0.884216 0.467436 
0.318796 0.948171 
0.429811 0.903051 
0.912235 0.410152 
0.630518 0.776315 
0.343397 0.939317 
0.235094 0.972087 
0.981845 0.19016 
0.504664 0.863365 
0.128221 0.991934 
0.7963 0.605386 
0.408871 0.913177 
0.679739 0.733755 
0.998923 0.0503988 
0.150991 0.988642 
0.441899 0.897368 
0.75692 0.654223 
0.93472 0.356403 
0.950873 0.310457 
0.927104 0.375843 
0.83652 0.548617 
0.807499 0.590251 
0.390184 0.920901 
0.458641 0.888916 
0.727148 0.686703 
0.709333 0.705197 
0.976349 0.216918 
0.37111 0.928708 
0.867574 0.497565 
0.716482 0.697727 
0.970782 0.240843 
0.165869 0.98648 
0.859194 0.512135 
0.11179 0.993922 
0.766045 0.643578 
0.901764 0.432866 
0.6677 0.744879 
0.517134 0.856098 
0.990683 0.13755 
0.0150062 0.999941 
0.921803 0.388433 
0.907019 0.422174 
0.788437 0.615249 
0.210901 0.977587 
0.977657 0.210695 
0.781684 0.623771 
0.945923 0.325096 
0.956136 0.294739 
0.661277 0.750395 
0.488149 0.872915 
0.958264 0.286415 
0.963035 0.270987 
0.746527 0.665531 
0.690466 0.723853 
0.99991 0.0178844 
0.19014 0.981977 
0.987694 0.157533 
0.876271 0.482633 
0.531159 0.847366 
0.0335355 0.99956 
0.69803 0.716395 
0.893371 0.449502 
0.0753233 0.997208 
0.560727 0.828317 
0.604422 0.796926 
0.625237 0.781488 
0.0650816 0.99806 
0.306303 0.952046 
0.553434 0.833007 
0.816724 0.577821 
0.181484 0.983488 
0.471171 0.882312 
0.544365 0.839009 
0.823418 0.568316 
0.874083 0.486506 
0.0510637 0.999038 
0.860569 0.509431 
0.091074 0.995921 
0.526554 0.850315 
0.0964778 0.995602 
0.353409 0.935728 
0.938464 0.345791 
0.969707 0.245955 
0.999432 0.0375159 
0.832265 0.556243 
0.813165 0.582746 
0.966271 0.258561 
0.282533 0.959336 
0.985281 0.172131 
0.483475 0.875703 
0.743026 0.670394 
0.89578 0.446059 
