0.917448922286378643065063442918 0.755943734935812794439868866903 0.964922866329407602492551632167 0.998094352665977013749909474427 0.376315724065101608886152462219 0.856827401256608611745946291194 0.182407679590920301926360025391 0.896623461204397176338432018383 0.797811476271566011320146571961 0.848303856790041277413649822847 0.239173797313470548608904664434  | 154.266084787353804586018668487668 1182.998195149446246432489715516567 
0.854972539040434242885169169313 0.080342886509881639156560595438 0.241975890136669091745602599985 0.721332686608457618326895044447 0.363224392876594026624559319316 0.939257339172683169969957361900 0.789632091733468044481014658231 0.596000345088479099864287036326 0.661461932192992096979367033782 0.407285695676606107618056284991 0.611382359319484258719512581592  | 220.469315115281858652451774105430 950.983283880178646541025955229998 
0.438700181653987275609551943489 0.393310320917187539180304156616 0.654137377085317051061963411485 0.082732481785791289752296506776 0.587692834176480993768620919582 0.806893507257971820401110107923 0.199989501583790252325911751541 0.857931496858478470635134272015 0.672564859449513940958809143922 0.614341317137528486469477684295 0.486230636254454617883880018780  | 563.964082137455761767341755330563 464.615413681235281728731933981180 
0.873028829818416340913245221600 0.957743990096603603490166278789 0.709945078080868485770338338625 0.709289205223586405324454062793 0.720643891231976363442868205311 0.442665373216915236653790088894 0.636274106680548401371311229013 0.491106117428817934289497770806 0.579264183466936088962029316463 0.525337590728083392299652132351 0.468563089563658219383057712548  | 202.137670139309420846984721720219 1000.022228065002991570509038865566 
0.243091171858513588333039479039 0.871079073845219542526763234491 0.198576925912276269770018188865 0.958401569917085804917178393225 0.774276323542987254811009734112 0.199929237309167118219477288221 0.410452303607344637370601958537 0.388118632818079345447870309727 0.706166705932021687708299850783 0.065589713478413136371614200471 0.303107605148850156595585758623  | 666.862692622217309690313413739204 267.782470338703262768831336870790 
0.269713098681358176555988848122 0.091894036510991261579306410567 0.040350362569373410259743195638 0.666370645984233123115814123594 0.147538196033022206421492228401 0.461763788358943938483491820080 0.453958087987481939684641929489 0.161537369591017609948835342948 0.357197739361223343124152052042 0.659909613846534459646875347971 0.329634948312350850585517036961  | 1517.010715753604472411097958683968 684.133731663483217744214925915003 
0.611779796946223419773502882890 0.998884718278155503412563120946 0.850253612763238075800131809956 0.164647466964317756854541130451 0.980855769255597365052778968675 0.015355768190480789670004924119 0.396071107779311981644809748104 0.251009628585647459608765075245 0.019167062858526762170185975265 0.905215653387462571011212730809 0.373110468175574139237937743019  | 570.693704851012284962052945047617 816.859874246405070152832195162773 
0.823199308733576495811234963185 0.351029771936466894466377652861 0.813019383104433113196307658654 0.495798797665489732189314509014 0.766543144688598410141366912285 0.533618855599557129210097627947 0.710393300825456264213642043615 0.210801071090570002475317323842 0.160383229150046546784835754806 0.324693266663437007935044675833 0.515831090457192997789093169558  | 260.606420038974249564489582553506 914.135485023444630314770620316267 
0.297834376250069143843290930818 0.380310129768517635184821301664 0.097509408277362985550951179903 0.721759172953820860030305084365 0.592411760453677160853658278938 0.471626639716230644516770098562 0.510250348173220569236718802131 0.563908415276455299292024392344 0.129266482948771410654842384247 0.217553460978010759774292637303 0.223924108999986826162853503774  | 708.268881288547618169104680418968 357.851395314327589858294231817126 
0.965863420457756971515550503682 0.825466457736702130532080445846 0.135202261183509309105943430040 0.423246551606520360344632081251 0.386909854204734005023169629567 0.914653505941854905181287449523 0.621575488129480935306503397442 0.172547850332464558498202222836 0.355196412652956872157972156856 0.142724375998803609810750003817 0.945019832017921168620944172289  | 69.009445507164542732425616122782 1285.736992307354512377060018479824 
0.576062946053798263790213241009 0.742515986319304266416452264821 0.286060516215715487930992821930 0.050028787755659220870541048498 0.740004615405123078453186735715 0.861546327533804778830983650550 0.689910729874786965432065244386 0.846947391188002773887433249911 0.096001198570079160354850955628 0.200368465363579439930674652715 0.394226335968212659999210245587  | 680.003761981214097431802656501532 865.549251825475153054867405444384 
0.774960609278168677249709617172 0.884390192305481104284581306274 0.339181009227615626322460684605 0.845653508072088055946835538634 0.592109216583960429325372842868 0.009161253574577976621640118537 0.336356122643792554427477625723 0.397591574729045826863682577823 0.732667803054998012513010507973 0.017914055522617267079965586163 0.463889367640535454917483093595  | 369.882958611291257966513512656093 1002.420619481528888172761071473360 
0.208305395937663284655627649045 0.867999551086511944575363486365 0.919735851611691468399101268005 0.024027158369294143724914647464 0.247558339383841641279104806017 0.660364513069797043343100995116 0.470796455685446924022130588128 0.298836901616241767953852104256 0.634782536788650042502979431447 0.668883699269190223901659919647 0.201833177679989983488439975190  | 1123.076043282476575768669135868549 381.177982642512745314888888970017 
0.179941664404938195254146648949 0.703283072309150325551740934316 0.946798563675652182780595467193 0.708021568148196056569076972664 0.132445630488615018194309413957 0.664596840101132513289883263496 0.971799198692494869966651549476 0.120105229374193434033202265709 0.881197338334218205346815011580 0.826332534270940999299170925951 0.233195617402758959002539995709  | 1097.093935023360700142802670598030 318.626239651348555526055861264467 
0.807552402214084863452114859683 0.671312893542973854188460336445 0.214941155668857075689004432206 0.518910303118222060447806143202 0.994917654330163436782186181517 0.597548329760186791581588749978 0.924989510948622917219097416819 0.694831899583159828814871161740 0.843887474382561841856897899561 0.310237295229271126117964740843 0.907179246784608039888553321362  | 194.124924678534824806774850003421 622.487119051196600594266783446074 
0.540682808639314282928012289631 0.106118851810777292676846172981 0.346745715446508895318800114183 0.793206051729470895672591268522 0.153524759385608722261906677886 0.557465099386171947237755830429 0.182350551086870260597549986414 0.124201999877584290388199406152 0.080263235989386005897472387005 0.513028997633994454652395234007 0.948628075007227677950538691221  | 760.891404919268666162679437547922 864.930233846238706973963417112827 
0.651194574902722145282041310566 0.531628607013530762870345824922 0.174340614529114201758375202189 0.377168060915103353636368410662 0.490250950456355916173833975336 0.341438468313629117645291444205 0.800043244968859035282093827846 0.807678292106375095293913091155 0.323082155939457438265094424423 0.575375882232941338045861812134 0.364417921555101442798729749484  | 486.282632714565579590271227061749 796.893753655720161077624652534723 
0.557762255857240818457398745522 0.012556604827083428510547946644 0.483344349729979860796902357833 0.141439487573064348602258633036 0.313618797623288148024300880934 0.677590403955976028349539319606 0.145312142230633045691945426370 0.077317437402478095265223601018 0.486533148182319963304109933233 0.077631177802405693100240569038 0.099678428415552189356674261944  | 570.130136820580219136900268495083 684.257518917084667009476106613874 
0.190254074675155870899345700309 0.998170488668424504830056775972 0.056826993245473911287035662099 0.600817023475084255323963589035 0.490256225572018311531508061307 0.594631137777391516330283138814 0.629854278917837517859368290374 0.539758870020589087701523567375 0.026289289302081964017077098106 0.425517325296383863708626904554 0.484470246274627425187020435260  | 815.279792112018526495376136153936 251.169029693071109932134277187288 
0.095937011310032516142598524311 0.850523234113755632890274682723 0.961148047260981241990407397680 0.982361049503080008271638234874 0.114203980030206930784686392144 0.783550023375558568616838783782 0.381213101959871680790570280806 0.698575332151928796164952473191 0.232919857826793030852741139825 0.420646098602288076584443388128 0.463051630836908589827771720593  | 1051.087008193532938093994744122028 159.606228014784733204578515142202 
0.006440423395225103320171911037 0.156491640771353024419454413874 0.795035563061046390842534492549 0.096697766140134810974871015787 0.956648075911087691913792241394 0.692094325514851949066041925107 0.529570862100192774057916267338 0.450408957071548488038104096631 0.973270127613405366950871666631 0.922338785705145713933461593115 0.225677249606338281573414406012  | 1139.354266253167907052556984126568 11.526777104625725911546396673657 
0.047158360738903337683325389662 0.078403603219081685615776677878 0.526644826801347720746093727939 0.529102903195374674183426577656 0.359077418810549109373653209332 0.685839264938652104497407435701 0.024128268730816526677074307372 0.941869053979585757474524143618 0.364452800781323249523779850279 0.665842589403172646633777276293 0.324842398030447787604657605698  | 1303.116902250526663920027203857899 96.706872637350144827905751299113 
0.591910506224795351926104558515 0.020292718893071270969130637241 0.134999064177839245282086722000 0.157127156851935123604846467060 0.882554840894929637507004827057 0.048614376090498234717074410582 0.120669361491390403351431359624 0.794438822667468014238068008126 0.548060315702212919042324301699 0.649269471344003701318570165313 0.216983947061750503948474033677  | 790.200042846473138524743262678385 1059.052074780164730327669531106949 
0.075831702963278790896595182858 0.831149743639135629713621256087 0.553658662736180917640638199373 0.411852622352936625915731383429 0.067986310976043795584189410874 0.100751375722462843675941712718 0.180681451210039978327870358044 0.340450024363429859519669662404 0.401389056565567337031552597182 0.542601192295041667712496291642 0.731484210528709266618818674033  | 1140.026344178209456003969535231590 136.441479420852829207433387637138 
0.184680644710582986256497406430 0.636305649230533454385749791982 0.390450543278284656345533676358 0.093911261137135659815555754903 0.648550959197719323334752061783 0.224085945107936557185723813745 0.649960956061430561447878062609 0.112250496335402627501309780200 0.626207275934820062346375380002 0.914991315134695670785447418893 0.357170952051221402001601745724  | 1072.458904811393040290568023920059 320.147202083466936528566293418407 
0.939507693709602520470980380196 0.719203860097767599945939309691 0.265548022500999181261249759700 0.402989413174906774273154042021 0.280241703161915323150310541678 0.461584551124148978473726856464 0.349657581349085644362162383914 0.792588676403365388623001308588 0.581888761341715854413791930710 0.824288193040770944541861808830 0.504557168443861669970829098020  | 82.726714186155376751230505760759 867.992378793388184021750930696726 
0.346919392690372418996958003845 0.341964182090764734489596321509 0.892797253964841219797676785674 0.968626875532264453028119532974 0.591928003801516444681851680798 0.375577309533097203342322245589 0.717783108871649200288800329872 0.036084560224634798508702715480 0.015881633341742085185899213684 0.212591901695045160103347825498 0.965703230289975289579729178513  | 871.786774704764297894143965095282 528.445969756274280371144413948059 
0.105301403758375600183683218347 0.777828112126617843280484976276 0.217619463142332603133866086864 0.163350980797162037561065517366 0.783066353589499053455824650882 0.717679948316483629078277317603 0.514197119505552691087757466448 0.086475764578063940568597445235 0.299611889994918056956407781399 0.424395270658385115325472725090 0.493942941621562936482803252147  | 639.718461659554577636299654841423 106.789633323529656649952812585980 
0.006861550598364685171759447258 0.049101494292319247669809101353 0.064933229662564206918773379584 0.726022128885279061094593089365 0.207954121757621623878264927043 0.212054575677775525299750825070 0.748522020561913414837817981606 0.025811747032470133689230351592 0.824818083423392467423695961770 0.695399650304074468110115958552 0.168799011368840901070598192746  | 1166.721800634688406717032194137573 12.575529420688456028187829360832 
0.423713747535488294282401966484 0.424747312988309366765804497845 0.988609857378760059631872536556 0.870722847071101480054267085507 0.006466481965603954051857726881 0.866894602471931507992053411726 0.394570548018918998423032462597 0.112010156429267371258617913554 0.828515550556631730216849973658 0.057559062056303345045193964324 0.515112423051217405145507655106  | 720.099323956945113422989379614592 565.325169879070813294674735516310 
0.225260918476204663463136057544 0.258686471902634496089490312443 0.353887918882587526603344940668 0.215308473499351116231537162093 0.735562422238869917379133767099 0.141703459591464020483897456870 0.580534100725589863323250483518 0.833366740779802439575973949104 0.798476446008300810852631457237 0.679739085020469202547133136250 0.651519742386297950886842045293  | 1240.137332198434933161479420959949 458.088349865898635471239686012268 
0.173165170721923833418998128764 0.469083506429352925515274819190 0.543879562543955086262315035128 0.603318146422756385049979144242 0.504854462461995723288055160083 0.711316626906045246236942602991 0.871067300465108385054691098048 0.148987030869810577193845801958 0.818021353676126161680315362901 0.853693073860707918321111264959 0.276785853201743869966833244689  | 1048.456680462885969973285682499409 292.435848372459929578326409682631 
0.720269050070314498235291011952 0.702507040091115197988358431758 0.938090062320957374097929459822 0.524379881686864557366334338440 0.363792029433896102474932376936 0.298888646006201574856220304355 0.350913342339194023189463678136 0.157908430403454036472510324529 0.843861169932795252002222241572 0.660576200841760496906829303043 0.208385104590063874319127990020  | 542.540109615119490626966580748558 1154.222340496873357551521621644497 
0.369362409271850045122675965104 0.413413487276266256031931334292 0.552856958163355227675594960601 0.738870615328268698362990107853 0.668175013133820439037435789942 0.145203874139157029787838837365 0.520957284570474410401175191510 0.113501456517347221186753358779 0.824332349838966083055424860504 0.019811980499030323876752390788 0.605692393859362132602086603583  | 917.605382732929342637362424284220 601.439395347437539385282434523106 
0.571054239127601448444693232886 0.711824004177016189665039291867 0.150453797000786981818976073555 0.303959441874488756063499295124 0.342514720785066950625719073287 0.030778518585022895948100085661 0.813121510423065796402397609199 0.477602208217437707027386295522 0.899650631652849308572683639795 0.671251253118422153143285413535 0.564684717634444166556306754501  | 641.935661691487439384218305349350 803.991595075604777775879483669996 
0.050301367312570621770362322422 0.984525509610737481480668975564 0.801894986223084860199605827802 0.182705464075514689703538806498 0.402832844263195322120907349017 0.912359087591769424285814693576 0.688162866640645409788135111739 0.277519161437826400451456265728 0.566237628503121981360379777470 0.827187392547331867831417184789 0.153353190222893509542245737975  | 793.291273739663665764965116977692 62.811250910366887012514780508354 
0.863391112569990792913188215607 0.972825323416353637817621802242 0.891494142245740195384939852374 0.354400665461208741469079086528 0.407357185031556490173443307867 0.644140103026539345698608940438 0.806472310084743626568126728671 0.787242835091103265732215277239 0.040571563437642121918713655759 0.799183644984306162939446949167 0.820618418417465189662607372156  | 196.712570948189039654607768170536 902.598885154737104130617808550596 
0.031255786972693044845073018223 0.373405344686513207541622705321 0.474078514374293935595972016017 0.379266519823158620994263401371 0.496993659783116714656614476553 0.168207878263679333485924871638 0.755075586140258714351602975512 0.931502082341025827716407547996 0.972413334201115087118694191304 0.930865943152237473867671724292 0.803124780768728063762296187633  | 1110.281787974180815581348724663258 54.554763596187818563976179575548 
0.586226094728934388200514149503 0.399503767940461718133349222626 0.875479502758277905449801892246 0.695349689717466801219813987700 0.253709731893416834402898984990 0.166556619109265668932096104982 0.706144271485790731013310050912 0.180192246812426737356815920066 0.213339670414286697308625662117 0.818449558768258866869871326344 0.530482675689959326525979577127  | 497.070142208495553859393112361431 653.925520821190275455592200160027 
0.912640359192710026725592342700 0.329835378583321792156368701399 0.272703654901795711218426276901 0.868436206410773015029747057270 0.651511998761864274953836684290 0.316127850639949081745783132646 0.309394329953758373541461423883 0.144575045512590594221080664283 0.739749170777396325426877865539 0.592271383433329079437612563197 0.119435424160333147902690598130  | 159.381694719328379505896009504795 1154.169759231860098225297406315804 
0.181400728842009417718372787931 0.215668891494150471999091678299 0.783201696135052971570189583872 0.527353341504917416671105456771 0.217009397874302623066000705876 0.434453134747228575385236126749 0.110962542328560731519360160746 0.860093357017331250347069726558 0.646995145734905130474601264723 0.940013519808606812233620075858 0.044941553801731926043316889263  | 1239.359853674338637574692256748676 363.026299937130772832460934296250 
0.442342647726394311291642225115 0.978853783053030168659347509674 0.024565286877886949312710385129 0.134653530129760778955017030967 0.790618250274483513884149488149 0.938036103673970611538379671401 0.135730836329238990778378592950 0.724443712797693040172930523113 0.489789315030547789397985525284 0.676043372904874595441526707873 0.291506616195296719418195152684  | 783.275371677089424338191747665405 652.851496816562644198711495846510 
0.781133961253184128104010142124 0.354643090213960787693281417887 0.197865790981149203275890613440 0.281324768288966242657522798254 0.385006182128626361915735287766 0.227722244635341297680497518741 0.714492684466723204650406842120 0.537960199453886511733458064555 0.819903400823676742348311563546 0.943031423751396813415226461075 0.939230948994029257725912884780  | 385.697490218963537245144834741950 1077.333155050172081246273592114449 
0.459490248131854905899729146768 0.830537948956545979406485002983 0.253007041991072489928171762585 0.274855948840386665743551475316 0.141991332231378719619385719852 0.571490741356029952058293019945 0.389573996537943223472666431917 0.275303566740316085770245990716 0.682718722439019876091492733394 0.806038962892266286353049054014 0.422851044162162237327606817416  | 799.068412422755727675394155085087 703.337237220590395736508071422577 
0.653792005678447196714841993526 0.981197038706498991800231124216 0.513793116196812227336465639382 0.453646207780715071677946070849 0.034803082350982839088260334393 0.924388147825132011625726136117 0.916852800877249296540583145543 0.025256486310673120776471023419 0.054311183979442567704154498642 0.299532023336656405554379034584 0.238369305090612604303146326856  | 624.406102857828841479204129427671 1032.695445893460373554262332618237 
0.276437942500121214273178793519 0.323711448003198065670460437104 0.696815392548371437264620453789 0.964002355883230133137828943291 0.159597185906841909641684651433 0.968971210097182011899974440894 0.288602615661301298288776706613 0.257421149196961907001934832806 0.664709953068290726463374085142 0.362222831362712049951824155869 0.636303684834128024938593171100  | 1241.189120413188447855645790696144 575.598880557679876801557838916779 
0.556002738890867931331740692258 0.370773281199439752597868391604 0.153456491423261787154785906750 0.718230358775611810173700177984 0.424242987477158384201914032019 0.682084628548523919100432522100 0.689640630446710201084670188720 0.565401167205415777772259389167 0.759190572027625298900943562330 0.266250129884623598641724129266 0.726822777273741560399855643482  | 773.352367426963382968096993863583 922.961328319355288840597495436668 
0.055111066877304382138902383304 0.959496485890536598972744286584 0.004886825788845028384344004735 0.061294734125428296245274850662 0.530906852086969860415877064952 0.750490328583493071512577898829 0.378363013547044602091773413122 0.850932190726494730448337122652 0.654428808090095515126449754462 0.681809799797067350723978051974 0.794780295063564179436355061625  | 1333.725293457996485813055187463760 115.747564301177746415305591654032 
0.468315117593833929454660847114 0.616703357156944464989578591485 0.718853209949518734411810783058 0.771218051031938967021517328249 0.418034249932768164903507113195 0.671343637762331413298966253933 0.851060579263157701568331958697 0.000634093890495956991060211294 0.116398332445556085268378865294 0.857449876956746459555347428250 0.894601433650821897813898431195  | 710.452086939162427370320074260235 643.032794487821661277848761528730 
0.714946908821875393158506994951 0.458682049319507845197563256079 0.494149721890178472705201784265 0.029916256562137810703916329658 0.863093413699703715380451285455 0.385945948790279436124706080591 0.274766157727180049263893124589 0.675948170432397965612381085521 0.448599832610161675106041911931 0.583940497000517089176696572395 0.594628142703053863549200741545  | 442.648523889702403266710462048650 921.616498621995447138033341616392 
0.528931152939633886234105375479 0.228500274954537507809959606675 0.347298998726285668148250351805 0.440743975957323175229873868375 0.197753159065243044878457112645 0.870568365728533133385269593418 0.586077511434630493702968578873 0.813649373805133024895042126445 0.361588737472216092960763944575 0.519905352388571939670214305806 0.698552861934121471776393264008  | 672.139386777573349718295503407717 736.184698469710497192863840609789 
0.476171847548617854783969960408 0.438509582601386393996278911800 0.372665244550481666863106511300 0.965560938157650539004350775940 0.187934906658345446395230737835 0.659724373884572390380753859063 0.702307753505712062391808103712 0.373244623237345862776237481739 0.991483972157443549377831004676 0.050874606841343594787474557961 0.606511234267142707032860471372  | 789.599322064211150973278563469648 732.598108091445283207576721906662 
0.375555988890019509796047714190 0.410258683085791164835143263190 0.532363581185794410011169475183 0.302406577132432352605917458277 0.403191329857207403364327547024 0.937619037589721426861899544747 0.653179031661251685569880010007 0.783860442361562381741180161043 0.095732288362436857021009473101 0.981130921258431154541312935180 0.106726380121617836493896902539  | 623.498222907061858677479904145002 417.396294664280105735088000074029 
0.096798004768372525319364285679 0.020300348015397262635417519050 0.295046203483321112237547367840 0.979524667331381770907228201395 0.298678393211849746435859742633 0.885499641105507162563981182757 0.812699187232150510595829473459 0.456673958560983694887625006231 0.155142123451034397163539324538 0.521356810413476035037660949456 0.723462936664431843780675990274  | 857.725279914931775238073896616697 131.431514026700455133322975598276 
0.852170815052365138164702784707 0.118593733000158962909154070076 0.619657573476346645868773066468 0.330729832513909305369281810272 0.083539371657847083518788622314 0.871574827869972645899565577565 0.738329132842676538750481540774 0.795420800948909989536161901924 0.800080054638954707435516411351 0.498895854340617006528191268444 0.547800231681202731692792440299  | 203.821050821084384097048314288259 861.912835579707007127581164240837 
0.121773894832919671316062704136 0.250500993957913142828886066127 0.420443627941925912594456349325 0.902706955581921932640909744805 0.891043698397151362478041392023 0.287399118222780747267108836240 0.928149732699625862331060943688 0.548889550240065582364934471116 0.063231393827588244782589299575 0.543410738483087074612853939470 0.954815037135141819746309010952  | 1270.926099480499942728783935308456 246.114292124595323230096255429089 
0.715046645936954550215602921526 0.077974737166695118339987402578 0.113390123105285400839647991234 0.069341173658186483486076667759 0.040066800408225744511980792595 0.371577920991802757022526293440 0.289705251579498779257448859425 0.119909144287470903478265427111 0.312545473998667056036993017187 0.811090433318232717496698569448 0.575475934251064802360531302838  | 388.821842218668393797997850924730 809.871724915148320178559515625238 
0.911362828745174158306951994746 0.984563349504591678318377034884 0.180632682299512681289854754141 0.152690335899294260535441480897 0.517175409647795514267443195422 0.750472076079329752928970265202 0.892816743964411019263138769020 0.808333170139656109753900636861 0.052981188558805292210251991492 0.557836829881552254128962431423 0.033566610940784280536774986103  | 172.259940743685405095675378106534 1229.219560398954854463227093219757 
0.476889609532310188022563579580 0.340231166348179292491238356888 0.264478021394427220691625279869 0.220703656045154628095872340054 0.772109518000221761724333191523 0.743358013573964027109752805700 0.416607158152757950375644213636 0.783564202459231640141013031098 0.231651558833977255780212090031 0.603553792376960940302410563163 0.041080381734132420668004215258  | 893.742998541771953568968456238508 831.100692534925542531709652394056 
0.543117798749094160548622767237 0.708294744731172487561821071722 0.346166483009317627050904775388 0.902906689358334402228933868173 0.718884491970678385364124096668 0.221153723194881024483038345352 0.044948724869580236607191636722 0.907263310674543688172377642331 0.690562684200960896774290631583 0.494819043122397439482540448807 0.563937064951367417187100272713  | 539.312733469836757649318315088749 617.803433923624197632307186722755 
0.216934383017128862292111080023 0.943554018409615724571892769745 0.562475789233742640149671387917 0.626565677002724141786416112154 0.066695462177626119171236496186 0.156040214699404100606727752165 0.805531536666101555255181665416 0.646624235674830294406945085939 0.759846536023855434471840908373 0.723163478301164563966096920922 0.111492853559993609913192358363  | 1324.693394375578236576984636485577 469.725554363709306926466524600983 
0.095829703781575625853861311043 0.072309741371152980171643775975 0.526223374909092322937453900522 0.331772055677053256950159720873 0.025411437982485129971621518052 0.386798562221164377028514991252 0.401024652316792518114141330443 0.091391750803786031553954671836 0.766141708448652480889506932726 0.668212623576521114188153660507 0.220800144544213261532661363162  | 953.899205928416677124914713203907 144.683892765319001227908302098513 
0.489744306382194238835836586077 0.616695617348145264102754481428 0.935755952882165398243330400874 0.573621391238179789695550425677 0.187996286845587112779298877285 0.266251066961686877476722656866 0.741637707962029990582664140675 0.896940973859401191603524239326 0.752305293215450698873780766007 0.386942375265953986129829900165 0.717043073508454753550722671207  | 749.256490876565408143505919724703 725.496742139155003314954228699207 
0.617067688047014728525141435966 0.152985167834433610778432921506 0.124873952263579002242011029011 0.699799776629068781552689415548 0.217134638664871704172298905178 0.084835102475704693425484492764 0.758152764476746510169391513045 0.844852996612812878751697098778 0.202529140060168422188269232720 0.274938673285479939778497282532 0.874905175172573046360469106730  | 610.695964053194074949715286493301 889.768344422731502163514960557222 
0.487494600186959226029159708560 0.856422176627123388215068189311 0.286211072010189138126179386745 0.783128539088512987120793695794 0.647532331956701234787487919675 0.856952438023993123827892759437 0.641012243712856810695654985466 0.948924976238930906191626490909 0.597878069262996247879016209481 0.811631771735916718313319506706 0.829992007751174876162281179859  | 932.917548495677692699246108531952 896.967690700324737917981110513210 
0.226510944901160971021170098538 0.945408101186727911624529951951 0.473580509168290531007983190648 0.941821509914047116929225467175 0.456240438070335319054038336617 0.588396898001229851082882760238 0.561789133199125600981460593175 0.001693771547108924302449395327 0.878310481688351685214399822144 0.908963713499825187724923125643 0.205076421200242164921689891344  | 1021.955114538787256606156006455421 379.777174899102078597934450954199 
0.797371068085673040393146493443 0.651318199736519276576984793792 0.844277455490094030921000012313 0.168989261355361741756553328742 0.100587490210975238902335604507 0.617896113228279530993347634649 0.443859418847084796766466752160 0.909189270424659357061614173290 0.027200379863664303492498675041 0.271875168305282355341034872254 0.891866237119197990956820376596  | 358.436905702553985975100658833981 1087.849253905956175003666430711746 
0.805063845612228545789434974722 0.105763945130990522081049221015 0.347110446337018818674380327138 0.242588185658859201154768925335 0.792670557793396346468739466218 0.799816198047982873653438673500 0.440700535789065872549485902709 0.163908395214220847790898005769 0.825153242066828385148369306989 0.715349301961345829248273275880 0.738757206358663043310741613823  | 346.018171381157912946946453303099 1094.481065953200868534622713923454 
0.244021454334608423053509795864 0.919797531063336837320321137668 0.902428708543395741159542922105 0.565816438928352427595314111386 0.240557646985610662504484480451 0.589163503121384768412838184304 0.744265506401837639849361494271 0.584633026831888891194921598071 0.365749402860820582716883109242 0.847704795308908742867970431689 0.215619431881676870688124836306  | 1052.836917935649353239568881690502 424.560216237428221575100906193256 
0.964555939507925397258247812715 0.481147226397960592336744412023 0.677364593957522465039744474780 0.300421885619682416113107592537 0.614364252365133922673123834102 0.848341685919460464226915519248 0.149108778190948032538187817408 0.157177533473930375329530306772 0.647723376521695870522421500937 0.004838765684346491013911872869 0.511161642939815141772896822658  | 59.789647503497320712995133362710 1072.787210277404483349528163671494 
0.206650894828064868313788338128 0.229559054833682107954473394784 0.022023978850710279608904329507 0.553811729526939577894495414512 0.022580459072877423487568648852 0.321231486213514938476976112725 0.412530268425724155889611211023 0.134044975286514045365038327873 0.324330686667936296530001527572 0.758182557465993500755985223805 0.431621665224852457676263384201  | 1190.930815278329873763141222298145 400.759653921544099830498453229666 
0.803613404427610533709014362103 0.628658023608417160232875176007 0.204433321847436344498305516026 0.619440263813014646565591192484 0.940531519270757065953603159869 0.143437533227402380653359159624 0.294825018059525434388490339188 0.178858693944203839265583155793 0.122766390114334322802847054845 0.734688703645267615627290069824 0.157340469090532675267013473785  | 355.765437857471397364861331880093 1116.455986130706151016056537628174 
0.100925179446644031067137348145 0.835948803397203676901483504480 0.035937290830794332840980587207 0.563111502959714238514266071434 0.777792219197272594044534343993 0.886888806262126294654990488198 0.141327936141343424303329356917 0.503921755853313446671393194265 0.302819033535621673358662064857 0.604712231072148997945703285950 0.919690767666672126523508268292  | 951.475121234129460390249732881784 152.116617817160289405364892445505 
0.161614973597343336564335913863 0.470807043318543283483279537904 0.762203034500741893886299749283 0.611899623377193502271609304444 0.384730181273948423914532668277 0.124825242588822993283770301787 0.644101507561131825241318438202 0.070924384801295148328392770054 0.668846101364704903602387275896 0.092853041767342547885277781461 0.229867235862657781630957742891  | 1097.978552829605860097217373549938 284.883885158957411931623937562108 
0.323806757307427917069730938238 0.576439414510878433972607126634 0.464473082222478739211624088057 0.578426961534339589832143246895 0.285230182959746225712649447814 0.371316558993675438493653473415 0.270288727211804080674539818574 0.506395440380352446219092144020 0.500917009831033044342518678604 0.208342609404193468414234757802 0.601938663755915870368085052178  | 584.235183445008487979066558182240 325.750431615209890878759324550629 
0.309868287167009981430965126492 0.860409005253366943044568415644 0.083004686208396294411215876607 0.260377424572135529601268899569 0.709331862836321436205366808281 0.027800087151775731975078542746 0.009219732697691052081268026086 0.680229179106804471288683089369 0.454726226959147217243639715889 0.360697280423557309347870614147 0.134767303062905630106627086207  | 1119.838222420774854981573298573494 592.627210732103776535950601100922 
0.535804981841074612347597394546 0.974566085984778562867347773135 0.295633506505586729495860254247 0.364092104759878631980996033235 0.678964451004923641441735071567 0.716398056525185844556347092293 0.893628510984457613552933707979 0.751449831120658884309193581430 0.464399976433463534952750251250 0.650945028710180229047921329766 0.600008169615610986724618669541  | 683.169166189389898136141709983349 764.685882732339678113930858671665 
0.627606193993010208487248746678 0.433998627074878462472895535029 0.253243215792704257083300944942 0.917383213943905650999965928349 0.803884120053730000243774611590 0.880950511569207894702060457348 0.794589893016992010466026385984 0.275018946383845941383583522111 0.595492498374457945864435259864 0.239461588559867655234825178923 0.706888746638196119320696197974  | 466.015218103201334542973199859262 703.660056390969771200616378337145 
0.110109762894985974135408923757 0.627435731437836263779672663077 0.076094641536118889924011909898 0.410164095289169861047184895142 0.829191736083236263787910047540 0.280009402801253193260322404967 0.354526328276109303772045677761 0.775217590380247290049453567917 0.341403210646683663576084200031 0.765467259429194246678207491641 0.672861728597247688021809608472  | 1214.236107773870799064752645790577 212.133861301852789438271429389715 
0.976431244895267447247988457093 0.836866888229468530724375341379 0.144428334459461127359247711865 0.031986967167041968629348502873 0.453933345049769787493687545066 0.466404607158074080430765206984 0.625444928811144551517031686672 0.706327116814041033876492292620 0.933323663020347527030651235691 0.006446165381457924503649792314 0.070406698607142326196139947569  | 50.500786344215917722522135591134 1363.462320004709908971562981605530 
0.153520258615170823723872217670 0.972894923313410320275806952850 0.632941693134299265821596236492 0.633237221300202546281354898383 0.617635991862605870927893647604 0.180027996614454788293357978546 0.400219776305551278028360684402 0.830234347457224575173029279540 0.006170952147448005575824936386 0.359549712682658340057173518289 0.194401771194390948771513194515  | 921.856838030352037094417028129101 226.716784888640432882311870343983 
0.209098826555584316189140281494 0.622771777908339041474050645775 0.387660859864611184733007576142 0.842097562775455110717359730188 0.571969722065724717197099380428 0.861641543817415644923585205106 0.297516486070889096815506036364 0.997995369275389454521985044266 0.025500099899035677530889643094 0.893681052801569952848126376921 0.694282530972662681456597510987  | 771.395422597427455002616625279188 262.888317477977864200511248782277 
0.427552461693420537969245742715 0.182836517185561930887160997372 0.763862955328734827276093710680 0.830989196740319679967967658740 0.248008818434908628880464220856 0.161352671716789464184671487601 0.657382954521240070455689874507 0.415464501760003157571077281318 0.839241812254316377206464494520 0.876654399180971544147666918434 0.103938810747537968559583987371  | 1036.314563846221744825015775859356 823.723147869413878652267158031464 
0.267886018755177923722499144787 0.881692870341727941152498715383 0.201065268733585544858044613648 0.206419958174897222313859401766 0.892348542936642008527314828825 0.782556606210384586574946297333 0.913576046562831645125868362811 0.043886724575794566760578163667 0.767471890153804792156222447375 0.647361628698212010490919965378 0.082750192093697494399862080172  | 801.885507497207299820729531347752 358.864355879508423186052823439240 
0.142584357256805849267777830391 0.716875872766040589390001969150 0.849150449981480037742187505501 0.690070389721034960217593834386 0.635415410417754400462797548244 0.377436110376235922636567465815 0.544974445097251569691820805019 0.275940708499107456574961361184 0.590981663621454766932572510996 0.231164886352825948989675453049 0.276865859434199279576205299236  | 1062.206092100847854453604668378830 241.962799597055436606751754879951 
0.868956112565872351716222965479 0.365055674379121342099097091705 0.751544350958474605128856183001 0.416570723129020326069849033956 0.973608038439557565979498576780 0.507871233368909269501045855577 0.047840030730757043819778573379 0.223614345937063419000878639054 0.445973666119826694931305155478 0.150515046618596382010935030848 0.441626936401779524032917834120  | 301.491404213723740213026758283377 1443.919622919644780267844907939434 
0.975410149210127030983130680397 0.304910667770913690333145495970 0.699513205518649261449581899797 0.855093849299684127807097411278 0.012491093835935607181397699605 0.607446096349854136597912201978 0.362579958857635054059187496023 0.648063989522799754894322177279 0.348706607704318383156305571902 0.418341822473555224881636149803 0.836570798071965771036673231720  | 42.458062108704233139633288374171 1098.672721584866167177096940577030 
0.951671630832735981897485544323 0.486997095894535547699888411444 0.962033084174447328251744693262 0.882953144055787286781367129151 0.409808320758314859055815304600 0.240812231392219744385840840550 0.441856463320445591591578704538 0.331370578885407107705418638943 0.828814368450214500327888345055 0.880324464810474549558705348318 0.821912352635351228791193989309  | 86.440187603981073038994509261101 1136.470819321405315349693410098553 
0.731177823723131559141563684534 0.759438332331806020825126779528 0.231009808964770191330728721368 0.587437875165728318194169332855 0.927462756910700458767848886055 0.901084952726896037944470663206 0.436440628225940430162665961689 0.404891931296169738097034951352 0.999297639175412255596597788099 0.734043584389379111243556508271 0.724242534783250624386141680588  | 398.160202427497097232844680547714 886.194989647012675959558691829443 
0.880305074694074818353328737430 0.897478819148744055844701961178 0.203073293826499412517705422943 0.673382326243307072211052854982 0.494482966320448635855200336664 0.135166124338936710636005500419 0.035128477106887712189120520634 0.149125200301009175340993806458 0.899794307467418841284256814106 0.448051490983984779248316954181 0.988631647755397802157517617161  | 182.760164288552232392248697578907 960.562951009772177712875418365002 
0.543143321743770113307903102395 0.020366527235343045987292498467 0.657132390797214305244722254429 0.742598229474787374648769855412 0.920433358203180951306876522722 0.964958919522938773916109767015 0.296151589026362960233029752999 0.544888713392930656986834492272 0.714074418392655951848269069160 0.036735005105609785935882882768 0.976112510034714775386532892298  | 855.454446005100521688291337341070 980.035204261252602009335532784462 
0.570867083381534579089588987699 0.975270670735398637063440219208 0.974788774605609309453768673848 0.115012274687191551336695738428 0.404372802523354724080206779036 0.689197632614327981848134641041 0.153581023202351119039121840615 0.213540483365381672520300071483 0.383213345366667512692515629169 0.687445597770956595695679425262 0.051877323365317140613228730217  | 554.561916902740335899579804390669 694.141832326913004180823918431997 
0.038945604910550768451571457263 0.973401436419049526094227076101 0.339809822312017173473464026756 0.389441793522971813068522806134 0.583679840595005439141118586122 0.699258233845658216942808849126 0.410937220682226156398542116222 0.863855448927275726411778578040 0.584172875784111589325675595319 0.277023639242420571804359497037 0.017103405330475607293294615374  | 805.412187984912861793418414890766 49.333142154560412961927795549855 
0.722703327226196234889243896760 0.254897298930055415944195829070 0.016570791784193739104580345156 0.952673982305091149314080212207 0.786072678039704486607774924778 0.032067825702585706082459182653 0.715694298681841756248900310311 0.845716615973061136557475947484 0.520503101023997438723256436788 0.341029189416583111693626051419 0.192859476923118222657649312168  | 523.008600961130696305190213024616 1123.812109248830665819696150720119 
0.845601495783426915231473230961 0.164127688915948644066133965680 0.699980889824257546116825778881 0.154673144008431462381736309908 0.745724330815964897567482694285 0.451448636511882273048001934512 0.449866966455350958398184957332 0.488857086785192684885714697884 0.584196042056709052836538376141 0.404458771971286212831842021842 0.266119682501349541503543605359  | 293.574668385415350257972022518516 1186.647402338778192643076181411743 
0.003263121904867438693997883092 0.934429063571018070355478357669 0.487700930544731958704574026342 0.903862566418987212202296177566 0.857348479050519141075881179859 0.343477606721271810918949540792 0.758816035353226170379059567495 0.682006592690070245765809886507 0.321040706423768029686982572457 0.130395894061653638829056944815 0.050363982357537140366332550911  | 1317.954386081451957579702138900757 6.755497829693981159948634740431 
0.634241481318815525369814167789 0.781929297682491086796119361679 0.269410778903764636105222507467 0.240245113607406080014072813356 0.989216742790070435731308862159 0.998907879193919656657385530707 0.467816152549416774952817377198 0.931764708854785239644513694657 0.237578631315605637297494467930 0.563020236580124455727514032333 0.454749562853841715615033081122  | 713.144859781917375585180707275867 1101.583882863044436817290261387825 
0.568942664447763313262385054259 0.073690139810667631969920421398 0.386178671618104374374524923041 0.649250777023987368785640228452 0.211557303300926258238234822784 0.507074654263238944196245938656 0.006506969876756585335897398181 0.240695269062839778406726054527 0.518207603889194401425299929542 0.335096812640405361527484728867 0.401662620802428205202261324303  | 535.267136765340637793997302651405 665.853221321584214820177294313908 
0.124501404868401777115138884255 0.966206809426656598738247794245 0.170744684622600062517960850528 0.516661899135939850502552417311 0.791822712095179626068386369298 0.726477555891771320517591448152 0.846808736779141479900090416777 0.052686948474580663770439059590 0.409264480561797872049112356763 0.955280845607512585360154844238 0.282581259203302459503959198628  | 1195.131827630579891774686984717846 236.753600990685214355835341848433 
0.709378126062106928451100884558 0.131038225376494232854440724623 0.080983004197763830411815888510 0.359545659197860523192957771244 0.802197859487894904262361706060 0.238309663154424700159950134548 0.981782432521953740689468759228 0.577689072179952467500640977960 0.163763502908446434425115967315 0.747912078612155140078243675816 0.668166309264462077166513154225  | 572.952089770910447441565338522196 1166.654766212649974477244541049004 
1.000000000000000000000000000000 0.499999994579059914290297683692 0.599949349978432078245305092423 0.400050621805504991179702756199 0.599949330630719757095903332811 0.599949356618269091789841240825 0.500000018707875248935579293175 0.500000013232015927400198052055 0.499999993870137493523486682534 0.499999975622987646861616894967 0.500000015003468578633771812747  | 0.000000000000000306037679885240 4.997974601302445307737798430026 
0.000000000000000000000000000000 0.499999994579059914290297683692 0.599949349978432078245305092423 0.400050621805504991179702756199 0.599949369728267400958543476008 0.599949356618269091789841240825 0.500000018707875248935579293175 0.500000013232015927400198052055 0.499999993870137493523486682534 0.499999975622987646861616894967 0.500000015003468578633771812747  | 4.997974601073828182506986195222 0.000000000000000000000000000000 
0.911972284507412633836054283165 0.500028702067875974179855802504 0.599922398855290417429841909325 0.400032483351988932263054721261 0.599974904600521052877581951179 0.599978766149653952588494121301 0.499953404059374939549798000371 0.499985605217086459539643783501 0.500063575276649019407670948567 0.499982418467732392386437823006 0.500029463434618515194074461760  | 0.689187168655908899417283919320 4.952421675903004860685996391112 
0.614389558359965781697553666163 0.499931352320602595540321999579 0.599906840934795959618952565506 0.400053073855358931609771389049 0.600015786629177094724241214863 0.599964985124281535711077140149 0.499929470976960443895364960554 0.500036248472162769829196804494 0.500078549601674415825414143910 0.499961374438765981942367488955 0.500081988086402584592349285231  | 2.849180675458224953899843967520 4.113981577925017063535051420331 
0.237268761444273834637641584777 0.500001266587613235614639961568 0.599934592553255652269683650957 0.400040278229805090770554443225 0.599951815996613513348734159081 0.599923689297182538560093689739 0.499991681938579124455657165527 0.500036822804754699234308645828 0.499997452001193776194298834525 0.499971262605794053435204205016 0.500064096452542794501994194434  | 4.656203353835111080627484625438 1.820452792534244634836682052992 
0.948393815353890556885119167418 0.500006263289149432971214537247 0.599944771769701512553751854284 0.400067960268568612036688136868 0.599957717695796532986207694194 0.599998125399445303429502018844 0.499989708878626148980117704923 0.500001560373678044513212626043 0.499984633969547120901921744007 0.500022432068434219409880370222 0.499994907245922548533201279497  | 0.404765141261862471111498962273 4.982286963353211639571327395970 
0.088060959641492519978100972367 0.500015268261213119416197514511 0.599983511849380257707764485531 0.400026764254630740058615856469 0.599967802584208231841955694108 0.599944448503901162084162024257 0.500027169735180576637390004180 0.500067391408621886306207215966 0.499867223223709411517035050565 0.500054561555816845519473190507 0.500064640265067250624042571872  | 4.956572262360717573415058723185 0.690028616693290297590124282578 
0.256498630761404000644176903734 0.500023730213385531051528687385 0.599946118082054891118559680763 0.400078840597420659630500949788 0.600004543655845323790742895653 0.599947575839342439607548840286 0.499983963845539280956842276282 0.500063613169131171432013616140 0.499947910779896920185905173639 0.500049816415606085406864167453 0.500032926706264313487793060631  | 4.600487068270275869963370496407 1.960838965357236451936273624597 
0.603068159101157408308324647805 0.500001898250575838034137632349 0.599947670561409740486169539508 0.400071779346459543980074613501 0.599952120667386568086953957391 0.599963033810744672535975041683 0.500001612162973563258105968998 0.500006526719532495839359853562 0.499998206464630279288741121491 0.500019152061497496042363763991 0.499922519277229637779669246811  | 2.919029362909936864411974966060 4.058690633839079353606393851805 
0.470623932729478666736611103261 0.499932767582318804411301016444 0.599926993429670707413947638997 0.400079439925293101065761902646 0.599887165097949037750879597297 0.600006303996677203826948243659 0.499964942369525766618920670226 0.499974581817153262974784411199 0.499980161517792787151392985834 0.500026376288225660182718002034 0.500043625826891546815033962048  | 3.695960942379012070801991285407 3.369693083274253986303392593982 
0.586636909816000029493920919776 0.499992782609569086371692492321 0.599889017230153420712213119259 0.400059639039417103134610442794 0.599934207843993871911436599476 0.599966835389009967016704649723 0.499984708302215252739841844232 0.500059302091035329240753526392 0.500068748920666883428509663645 0.499980773115037469001009640124 0.500083624717200914133741207479  | 3.024363185966929101766709209187 3.984064647613206666676433087559 
0.456045150877798566302345761869 0.500027178447655207271793642576 0.599965674649276636820616204204 0.400052028292522010577414448562 0.599975150360052222886508843658 0.599958826357280594621101954544 0.500019368523762719469516468962 0.500040681007994591844578735618 0.499985180063412359974250875894 0.500053854006652032104796035128 0.500017546719769834240310046880  | 3.770571740165892471452480094740 3.282802432328599806510283087846 
0.211804566507220293214430739681 0.499960081088968777418557465353 0.599967692978717437313207483385 0.400047360128207574181402605973 0.599960381132339626297778067965 0.599911370390019960119332154136 0.500009431533114168111353592394 0.499991646741078599180951869130 0.500009441454110747926620206272 0.499989696047820675328665629422 0.499991506107155037064160296723  | 4.724636392184549116279868030688 1.632581542953057684997020260198 
0.693806839280795673019497371570 0.499963649883983229926798230736 0.599946130295591406600408390659 0.400030477821388341652664166759 0.599985647452883741337359424506 0.599981038636146934983628398186 0.499946342158302525771063073989 0.499989803703370871978961531568 0.500020768883870703191973916546 0.500061095355009199714402257086 0.499987959266885773068622711435  | 2.313283802933739696783277395298 4.432931209546051576353420387022 
0.633755640899316352587788969686 0.500002562371339109859036398120 0.599999654834209583675885824050 0.400056032020381313607515494368 0.600040056794225229452877101721 0.599935028304438677793086753809 0.499995492050257450689088045692 0.500002071411791093602516866667 0.499970774575088150459833968853 0.500027737493306423388617076853 0.500012495820511437827349254803  | 2.720686228679738416502686959575 4.195579909996939527161430305569 
0.673652912670989589827286181389 0.499950316341402634101598323468 0.599967540999214121733018600935 0.400073621470782625486606320919 0.599984367023056575085604436026 0.599961205992429524869180568203 0.499935204067322669363448994773 0.500032628499133213750837967382 0.500093190359376826847892516525 0.499991549189620465565297990906 0.500069751574804932658935285872  | 2.453622071515566993582524446538 4.359593323573110801305574568687 
0.104671826170031012637195999559 0.499968779633055915301298455233 0.599943859712783411630709906603 0.400070885376268947641875683985 0.599972682861361739092842526588 0.599963811718891348867543911183 0.500015498462468843676731466985 0.499994194161005434118294488144 0.499978570877306183195543098918 0.500005705080451057220614075050 0.499959599448285829659255341539  | 4.931460202177415652613490237854 0.818207693944205893821219888196 
0.432177101621027737188285300363 0.500008200249865475406352288701 0.599927565956406727565308756311 0.400043150395797908469575077106 0.599919919092787412573386518488 0.599996624769805086963003759593 0.500001027535873499019203336502 0.499985195863695885964972376314 0.500017952176651125917317131098 0.500026870890084906839945233514 0.500036864923738777477524308779  | 3.890833737912264389535721420543 3.139051765724665266077408887213 
0.657395146722732470756511702348 0.499944557506575515404279030918 0.599909998184394610554193150165 0.400031522874193801175835005779 0.600005697992262665430018842017 0.599966041018366369463876708323 0.499954672297128144276001648905 0.499965746963356438836711959084 0.500065395538053736324002329638 0.500079791697681685924692374101 0.500001070187126139821032211330  | 2.564015679910979450539798563113 4.295304527744974620873108506203 
0.482959460228059356268204282969 0.499954890619139391549907713852 0.599988588634105202146429292043 0.400007970958754732748730020830 0.599802538977969756928132483154 0.599953140199673384813650045544 0.500009431533114168111353592394 0.499962757016644276930605883535 0.500058665130894586248189170874 0.500023707431314412552580961346 0.500010450628478708701152299909  | 3.632088670387431328379079786828 3.442671779992489966559787717415 
0.345279918013281006405890138922 0.499949329771760653251533312869 0.599947138792156442477221389709 0.400049401199062626410807297361 0.599977675698081691635366041737 0.599976322348538038120580040413 0.499919985620860540809218264258 0.499969033590084210860737812254 0.499934138332279676131264523065 0.500023006864003916049910003494 0.499957109048174086485261113921  | 4.283791970142969418589018459897 2.581619493950662924675043541356 
0.126068634876832508240340757766 0.500061056675415893657543620066 0.599960415475856656541964184726 0.400037631782219516018983540562 0.599947944078525141620161775791 0.599962890200883336433435033541 0.499901614653894654782817497107 0.499976503872827771068898528029 0.499940159811630979724839107803 0.499981014873212059601570445011 0.500009146740687970833505460178  | 4.903870869705039048369599186117 0.984000801424764204305972725706 
0.330505172296552407473768653290 0.500037415029904730445764471369 0.599997771320332495825766727648 0.400058016254205228712237385480 0.599970640315451886337427822582 0.599964167053699481968465079262 0.499929895054640915930121991551 0.500047930949503505182462959056 0.500008985830472263423018830508 0.499987843377402985112212263630 0.499963620760058069514286671620  | 4.341701006869623569173199939542 2.481030729312272420372664782917 
0.498537101596571552430958718105 0.499995516483514979011459899993 0.599944280342671221184502883261 0.400052133808820042926157611873 0.600026604952346720445177652437 0.599955603766849088209767160151 0.500013782163600706276440632791 0.500030522089972673249747003865 0.499997757148064103649431899612 0.500037924990037629946471042786 0.500005673572453512853996926424  | 3.543424216637983015232293837471 3.527176545388728712282500055153 
0.530170709057952604936758689291 0.499931352320602595540321999579 0.599938365364060754991726298613 0.400024958134837682610651654613 0.600015786629177094724241214863 0.599965781280408450015784183051 0.499929470976960443895364960554 0.499994321485278059302714837031 0.500028564005710274287253014336 0.499964757667662851314815952719 0.500050915370208182153533016390  | 3.365343123544628944898704503430 3.700456711176434598797868602560 
0.979476647137114797558865575411 0.499998221335238246521015526014 0.599952867492901220636269954412 0.400087529398347629960852600561 0.599966642768431368537562775600 0.599934778504833343681923452095 0.500009619035626462490995436383 0.500006218987857464775004245894 0.500015604604894581264318276226 0.500025302668103632797169666446 0.499971123883827861522632929336  | 0.161120620131550734699388272020 4.996115232664234184767337865196 
0.028873081659827774109183806672 0.500025580801184754697885637142 0.599956581465941884978576581489 0.400070441004404975249286735561 0.599991971653432321076593325415 0.600006507531047117431910464802 0.500015479248173022597256931476 0.500019472139220599871123340563 0.500035212923389149608510706457 0.499918096778275367064736656175 0.500071064580929869336500814825  | 4.996740760326627395215837168507 0.226776345744967910977862857180 
0.267514380746528279697571406359 0.499985868507222597223460525129 0.599937516158284833700520266575 0.400049325460296312240160432339 0.599962944102531259282784503739 0.599999770485304950717875271948 0.500007596249585906100776355743 0.500011004849033824370962975081 0.499984867414915157279864388329 0.500012706144762342219678430411 0.500041477827189440041877332987  | 4.564131866898289757727980031632 2.039369030870816779099641280482 
0.708419992700546452546461750899 0.499945133067045355268476214405 0.599923247486846999976251026965 0.400032651404280681362024552072 0.599884888944044569747404693771 0.599994940054453307354265234608 0.499967156637264042995383306334 0.500004234465378671892210604710 0.499991971965186021709115493650 0.500021731446715911317824065918 0.500052009723523593898164563143  | 2.211211362345775643944989496958 4.485432203185994559646587731550 
0.420211513324195706786667869892 0.499969139337533619027453823946 0.599961677458948572372321450530 0.400039434847309915976865113407 0.599971995983779482486397682806 0.599961505005975781479321540246 0.500004411368421664008110383293 0.499981340670593688013667588166 0.499987827982176114005596900824 0.499996502658490160619919606688 0.499951406058930458708999822193  | 3.948902168694528036496649292530 3.065184448348270862538811343256 
0.853495207231691699334419354273 0.499990118366525959636703646538 0.599966944181350991804890782078 0.400065513822755014494703118544 0.599932584403920943216803607356 0.599921824160221994759467634140 0.499955379376824216031138803373 0.499977468230801525006512520122 0.499996192399053962507338155774 0.500018669967429052469753969490 0.499975817203332950633409836882  | 1.140284958513928526002700891695 4.867196147693119812061013362836 
0.069180249842742388977079315282 0.500016526275723682815055326500 0.599964980594634877952842089144 0.400051759471870105322466315556 0.599949117794425945682235123968 0.599940351542253780259272843978 0.500013407126802533753107127268 0.500014788009760513531887227145 0.499975306668131114218311950026 0.500005444675354238093234471307 0.499996854856476269368670273252  | 4.968817110078719068155805871356 0.542087300086152135136785545910 
0.197334832326045067629749496518 0.499947894526345082422125187804 0.599984104951653107740128234582 0.400044972835393253252078693549 0.599970136012489940746661432058 0.599945557471650570136034730240 0.499964942369525766618920670226 0.499998264438129391695753156455 0.499986122663609589000799360292 0.499985246334228861098125662465 0.500007424871485084416633526416  | 4.760927190393712926663738471689 1.524913301363249873432437198062 
0.174353714270235549133047925352 0.499991802617575975542507649152 0.599946033478150453355226545682 0.400056885231279246717406294920 0.600034962314590969434391354298 0.599959220585210339926618416939 0.500017308777072178038736183225 0.500006218125486845416105552431 0.500047353205638311912650806335 0.500077294681169126633335508814 0.500061733153555842967818989564  | 4.815486624476174704057029885007 1.352831753493647148900436150143 
0.490204790040946303264490779839 0.499992423348452175169143174571 0.599995348624527746750345613691 0.400055013447550844585265394926 0.599996306184559791141452933516 0.599965350289039967002224784665 0.499899958580648340333851820105 0.499993142185855610204470167446 0.500009574510821619419687067420 0.499990099423441025638936707765 0.500046194234796459454628347885  | 3.590472310873435990430380115868 3.481650069407270731147718834109 
0.784764573568421552884899483615 0.499992137373462985916461320812 0.599968051703520410811165675113 0.400044026263058405401551453906 0.599949369728267400958543476008 0.599949356618269091789841240825 0.499922916030673125664662848067 0.500000863026466735306030386710 0.499970326504977302661814064777 0.500021476957055899248416608316 0.500028807449116374783670835313  | 1.658323434797205564450450765435 4.716633609957878725538193975808 
0.166181438618671822871064591709 0.499967293846951488234253702103 0.600009651970710211621451435349 0.400044865590399978394486879552 0.599973237728278596669895250670 0.599929610740720153927441060659 0.500014759595096558442151035706 0.500007753274932409404129884933 0.500003195568141212135060413857 0.499998927329476483549797194428 0.500012894589760170660497351491  | 4.829831339943077672671734035248 1.290204638083160659789427882060 
0.440856744917623499802061814989 0.499985586027407447051729150189 0.600048799152485101693343949592 0.400048278521375977323515371609 0.600087633339464132653517935978 0.599904611075518179319487899193 0.499984091341378777961779178440 0.500013541820204854282394535403 0.499983941589472846711572628919 0.500010224461643670856858534535 0.500023928416862939450027170096  | 3.851668875877265918461489491165 3.195118265313412475592258488177 
0.447555991526785879042193982968 0.499995592759820361994371751280 0.599910274594966264061213223613 0.400025404315801191845736184405 0.600062618279752824079764650378 0.599944856181394925442873500288 0.499994379685925693923564949728 0.499980902589589160101013476378 0.500007691039693002998944848514 0.500048914601682326086518060038 0.500003087956719882711809077591  | 3.815618047564972581398023976362 3.233594774296221441289844733546 
0.568441236047043552126467602648 0.499968779633055915301298455233 0.599986098987546068173060120898 0.400070885376268947641875683985 0.599851468618772920571302620374 0.599963811718891348867543911183 0.499958915966503048000646458604 0.499999700044934602960466918375 0.499978570877306183195543098918 0.500021224012038523198953043902 0.499959599448285829659255341539  | 3.136563482276736536391581466887 3.895485787384790121734567946987 
0.816826760529140827316041395534 0.499988078599832685977588653259 0.599928705986753407763956147392 0.400049337547424666006179450051 0.599975746219936545422513063386 0.599980124661319669243653152080 0.499985988217730881189027059008 0.500005736526906274796999696264 0.499958495881479114686385401001 0.500040918908723708291574894247 0.500025020923356433577566804161  | 1.418658643427941123960067670851 4.793737788223383589070181187708 
0.156494907227185509057676426892 0.500008648236314745538777515321 0.599954189519937286512174523523 0.400090767018484172456993519518 0.600002911997176036074108651519 0.599938886959707873280933654314 0.499998768752213662569516827716 0.499961471370759746868372985773 0.499958603469040641087417498056 0.500031060221456713499321722338 0.499998080796343391529745758817  | 4.849420006367588520390654593939 1.216699288810571211172373295994 
0.795966182650423292876951109065 0.499997302602408211225082368401 0.599911040883094770492789393757 0.400051268132023074564074249793 0.599931890627856234665671308903 0.599991214977718123613215084333 0.499928252751371482442976912353 0.500082626842398791922050804715 0.499991155330710479454126016208 0.500041150172903958726067230600 0.500054254513487617117561967461  | 1.575804829268229623195907151967 4.747265327234099885345131042413 
0.825471085520257163992141613562 0.499979163771182122388836432947 0.599973647775689511441044032836 0.400049311188622136459258626928 0.599944825862093522594875594223 0.599980886396844437236097746791 0.500024712922270131443269747251 0.499950521849484796899076854970 0.500005515918244491935240603198 0.500024680363068796395964454859 0.500038121506357957635202637903  | 1.353477058305902369639284188452 4.812696603305056441968190483749 
0.988626406624359077568442444317 0.500008899478619595058148661337 0.599965485655839292356006353657 0.400079832841669758014546687264 0.599976619421516366159607969166 0.599951891120701907844647848833 0.499999682633736342030061905461 0.500007214342657380079515405669 0.500019488512692622528277297533 0.500019689256180788206052056921 0.499985573881227218784317756217  | 0.089297531795345760907700594089 4.997763156850351329296699987026 
0.223604557063161457630684481046 0.499951678825574452602609198948 0.599972053389972059811441340571 0.400054070164889419292109096205 0.599884133985893019946900039940 0.599938070275987000989914577076 0.500016511599006951982460122963 0.499967559779382175744188998578 0.500019309630385322407164494507 0.500011778150470265202898190182 0.499942471419725087411478625654  | 4.695134609017705962230593286222 1.720443808385698103435856864962 
0.642046959830670171953670433140 0.499985168769645937913992383983 0.599925896777706912921246384940 0.400039045839704565654670886943 0.599897837841199321751162187866 0.599967827445663903773720448953 0.499975674705418038357151999662 0.499984553293089051262398925246 0.499977807135771779023514227447 0.499987095265752023998118147574 0.500052931428680458303404066100  | 2.665328807081112749699514097301 4.229887363845281633700778911589 
0.548818526497104608452559659781 0.500010691051566369402792133769 0.600015576902123703995073356054 0.400050831893582314879864725299 0.599943973254082774104745112709 0.599971167741463418110470229294 0.499988395191018175633956843740 0.499992557035679074939338306649 0.500015513731017713361381993309 0.500002779044144585185449614073 0.500020690257760191954616857402  | 3.253726851084473015163212039624 3.795339220907420152428812798462 
0.719394613617008182870904420270 0.499914184424780194682114142779 0.599939144689421000045115306420 0.400056522103355238773048085932 0.599942686531308999597911224555 0.599930633141364522131766534585 0.500005804013693211373947633547 0.499983495284667123215172068740 0.500031730764632476038400454854 0.500024454808038587572127653402 0.499989420193479527920743521463  | 2.133169544047373911155318637611 4.522049143692236761182812188054 
0.361284973993758695698375049687 0.500009483564677892353245169943 0.599916724380821109186001649505 0.400022221808672973075715617597 0.599932379127171566679521674814 0.599921979236054503381581071153 0.499980097853955030018369143363 0.500021972553624460822163655394 0.500016613834278644823427839583 0.499949687677449183809130772715 0.499990660980914547462106156672  | 4.215643674043914046478676027618 2.687280069492109291218184807803 
0.750359901079804658685645790683 0.499974928941159746376143857560 0.599942736510608698452529097267 0.400086691015440754082277408088 0.599933786081807141066235544713 0.599958932903383201917790756852 0.499986734361038576146540890477 0.500012519905064234393421429559 0.500020768883870703191973916546 0.500011545682846447746783269395 0.500000464202915773093138795957  | 1.910273182070312270042222735356 4.619191775706081415364678832702 
0.963818315641845280161703612976 0.500051498656589155089591258729 0.599956255906619495554821241967 0.400083930246743491032646034000 0.599931144414308170631500161107 0.600007613963615349383928787574 0.500049455502051043431777088699 0.500056841390024042759421263327 0.499989568091524894111188359602 0.500003589527437175554780424136 0.500006065080846995307695124211  | 0.284052245303777650686782862977 4.992540651922903194304126373027 
0.875633794142550714312278614671 0.500051498656589155089591258729 0.599956255906619495554821241967 0.400083930246743491032646034000 0.600017462800568557312885786814 0.599970233712195710751302613062 0.500049455502051043431777088699 0.500056841390024042759421263327 0.500012001051739263246531663754 0.500003589527437175554780424136 0.500020463628392808352884912892  | 0.970755962984485742950369058235 4.905840101428006860828645585570 
0.138528912974196005691851496522 0.500001722130677062061465676379 0.599910745042013138217384948803 0.400028880215980375822937276098 0.599991971653432321076593325415 0.599961337835410501995170307055 0.499995307879034955877983747996 0.500044908223371997735284821829 0.500031900341479151883561371505 0.500029880177185970246966917330 0.500071064580929869336500814825  | 4.882606087423329022101370355813 1.079551515761098645640458926209 
0.727079241193793301967218667414 0.499988938307507180258681955820 0.599964262855010588282311800867 0.400086890554025687016803658480 0.599955102939952023000103054073 0.599967637813046295036656374577 0.499977288649688045296670679818 0.499987541931306844755766860544 0.500008985830472263423018830508 0.500014881499757923855042918149 0.500041221714217942739821864961  | 2.078001025173759508390958217205 4.546530234249383184419457393233 
0.518355890675815333956677477545 0.500018543218751720935699722759 0.599962072736539675510414326709 0.400078020341735840492702891424 0.600026272156096496246391325258 0.599964076111842992133915686281 0.500065515405575644614089014794 0.500050783741110005387042747316 0.499883123795801243005598735181 0.500084677484952444537213978037 0.500028116335473504783237785887  | 3.435610667632156278727961762343 3.639671415658076281118837869144 
0.833720515423172603419743609265 0.499967293846951488234253702103 0.600009651970710211621451435349 0.400044865590399978394486879552 0.599973237728278596669895250670 0.599929610740720153927441060659 0.500014759595096558442151035706 0.500007753274932409404129884933 0.500003195568141212135060413857 0.499998927329476483549797194428 0.500012894589760170660497351491  | 1.290948466218947876527067819552 4.829632577949858784904790809378 
0.393583777084973163162828768691 0.499990118366525959636703646538 0.599906328841189773193320888822 0.400065513822755014494703118544 0.599932584403920943216803607356 0.599921824160221994759467634140 0.500013029342894488316062506783 0.499977468230801525006512520122 0.499996192399053962507338155774 0.500018669967429052469753969490 0.499975817203332950633409836882  | 4.073627100939925860245693911565 2.897388672852792446121839020634 
0.011019887185314450328554869429 0.499995516483514979011459899993 0.599954293021871642999087725912 0.400064073451451840401915660550 0.599953888029193471709277218906 0.599921346639069263950716504041 0.500001405138980281606109201675 0.500001740354994561599255575857 0.500000911641891754300104366848 0.499994982188727343785927814679 0.499974148371594262485473336710  | 4.997567398706557639798120362684 0.086516524566581945454579738453 
0.149028358496525792364906237708 0.500046481988716595701305323018 0.599949296610113091965388321114 0.400046803913138737662791299954 0.600000662527577333094086498022 0.599917357334753154063378133287 0.500001352541213472946424190013 0.499970248263406025213129169060 0.500041155784763935443493210187 0.499996864509941518761593215459 0.500010248297516279869512345613  | 4.863293312144394420215576246846 1.159725864269676831597166710708 
0.325920435123962126677810147157 0.500010075960148903106983198086 0.599960822248359115782534445316 0.400047083639332445859082554307 0.599949460272485080025717252283 0.599931519410033531336523537902 0.499983102859299421982797184683 0.500002386690584166295536761027 0.500067731007224236527974881028 0.499974510158092133593754624599 0.500016583576583184544972482399  | 4.358273743989770743212375236908 2.449034812815072736924548735260 
0.557467002224676821953153194045 0.500007760508249354813870013459 0.599928705986753407763956147392 0.400040278229805090770554443225 0.599923633256929766943699178228 0.599959387340274319377897427330 0.500014738063567221182381672406 0.499979267231589641351519048840 0.499965650317792054124765854795 0.500036144300953333541315259936 0.499992248048371279445234449668  | 3.201701695761991484090458470746 3.838989452813067249081768750330 
0.308320534928267830920844971843 0.500008569524241996973046298081 0.599900148080097173064473281556 0.400044607424571929676915260643 0.600017123950493447281928638404 0.599920522549830081970867468044 0.499999961638761425408716831953 0.499970610188619712932478478251 0.500011257180346668782533470221 0.499981899873324031613464057955 0.500008562431340952691982693068  | 4.424826117281788206980763789034 2.327900061063679082451471913373 
0.864725546756854424046423446271 0.499996628012001620433579773817 0.599918105915065336120051142643 0.400046475834335002463859609634 0.599976619421516366159607969166 0.599977444971681705965238506906 0.499985636763963348094819139078 0.499993274802981724214134828799 0.499956219048485583922314390293 0.499973101291796728773419999925 0.499932295296103612614047051466  | 1.054455856654690215634673222667 4.887498687325789070712289685616 
0.388846048452405002038290149358 0.500031041878970738956411423715 0.599879180995763428008160644822 0.400010271261054872748985644648 0.600068964798733284204956817121 0.599965959045622443390755051951 0.500005349211729455127795063163 0.500064323137260458018715780781 0.500080667350471630427932723251 0.499988577210619566937310764843 0.500046531525530135731116843090  | 4.099967275510617348288633365883 2.870416838599534781195643518004 
0.884210683526660212727676935174 0.500027866740103132947581343615 0.599974017605325982138708695857 0.400076574157859687908000978496 0.599980391054056982902409345115 0.599889125279764345854971452354 0.499991159506150972813287580720 0.500023689242620639205938459781 0.499990834363095437709034740692 0.500029949686294550303955475101 0.500017597115774425908796274598  | 0.904341548106250892047341949365 4.917199851902771534639668971067 
0.377560290721889790788168284053 0.499967293846951488234253702103 0.600009651970710211621451435349 0.400054070164889419292109096205 0.599973237728278596669895250670 0.599910594421071863280303659849 0.500014759595096558442151035706 0.499986811346544435252781113377 0.500003195568141212135060413857 0.500020812042027529287224751897 0.500012894589760170660497351491  | 4.145739095253270001251166831935 2.794276140679035069780411504325 
0.508541263073304050656986419199 0.500027866740103132947581343615 0.599974017605325982138708695857 0.400076574157859687908000978496 0.599980391054056982902409345115 0.599975723299046581615812101518 0.499991159506150972813287580720 0.500023689242620639205938459781 0.499990834363095437709034740692 0.499962744865323327481121395977 0.500017597115774425908796274598  | 3.487214739274166586113778976141 3.582066034570028367767235977226 
0.284752330343112203259181569592 0.500041740471065865314415077592 0.599990657990853049064128299506 0.400037890291691788924310912989 0.599955455295526629555524777970 0.599967924227888693700094790984 0.499925223307480959267223852294 0.500036117476774233381320300396 0.499939448011062381738156545907 0.499977515192643939823113896637 0.499985783621304968882270713948  | 4.509008645096091782988878549077 2.163036847625715353160558152013 
0.745194413697570001708925246930 0.499999994579059914290297683692 0.599968771659009636465498260804 0.400059439876559175264247869563 0.599958688876962575875495531363 0.600022635869630671656693721161 0.500027366869115086345232157328 0.499962732597989067961918863148 0.499999993870137493523486682534 0.499993260123579530418425065363 0.500073034520349346543355295580  | 1.948476331656466165043184446404 4.605399391379140894287047558464 
0.560995124105291953497953727492 0.500001898250575838034137632349 0.599918255795864441282105872233 0.400071779346459543980074613501 0.599966373349646198143148012605 0.599993516587617570223756047199 0.500005116590810705368141952931 0.499985454633574410987506553283 0.499981284464275421708379099073 0.499984996831881245427098292566 0.500038573310590761522576030984  | 3.180553996493948876178592399810 3.856888616995651108965148523566 
0.543198159006181402475021968712 0.500006357588732908148188016639 0.599968051703520410811165675113 0.400051380772849574096738933804 0.600035510604191024697229295271 0.600002892007149624120643238712 0.499922916030673125664662848067 0.499994643168024277546379607884 0.500010575645435828562312963186 0.500056044007952893437618513417 0.500035040510781736422529775155  | 3.289087995962975075059375740238 3.768736670705150615390266466420 
0.355401491785649059629292878526 0.499947837047523435671791958157 0.599960841370232089708736111788 0.400044388666179917546372735160 0.599919357558355792470194955968 0.599979329270793004802442283108 0.499998346596653875373306163965 0.500005054835739315421960782260 0.499979886561837505443151030704 0.500028572112180658137958744192 0.500048216954165902770057527960  | 4.240547968258574051958476047730 2.648361750518076096483355286182 
0.760162196281311763890187194193 0.499993690347755037617361040247 0.599949665534669995814454068750 0.400085733369515195168020227356 0.600007285190636063809677125391 0.599975772004182950070116930874 0.500035797937795734036114936316 0.500030033604856538609340077528 0.499988477100916817175146888985 0.500009421579250989964293694356 0.500041772306240139833732882835  | 1.839381475060315462854987345054 4.649207663202924223355694266502 
0.292423878591808961147080481169 0.499988078599832685977588653259 0.599928705986753407763956147392 0.400049337547424666006179450051 0.599975746219936545422513063386 0.599980124661319669243653152080 0.499987702981302795102180880349 0.500005736526906274796999696264 0.499958495881479114686385401001 0.500040918908723708291574894247 0.500025020923356433577566804161  | 4.481051177065840995794587797718 2.216439847010879038435859911260 
0.733879914626765383900419692509 0.499960092252685672775669445400 0.599915316251684482828920863540 0.400052894945141346294548156948 0.599988653489710754840302797675 0.599955540018336952456934341171 0.499958915966503048000646458604 0.500000360603535254355733741249 0.500023023534876154272410531121 0.500044235192229957753795588360 0.500067884372084492383692122530  | 2.029990560299314683589955166099 4.569988989155003622499862103723 
0.650911255104348440703176947864 0.499994654566362939362988981884 0.599959388676155613850937697862 0.400048878588260548028188168246 0.599985072766497373741856335982 0.599916246883109072207673762023 0.499986912041519293570246418312 0.499975130156558755789575343442 0.499936744492507689763272082928 0.499928191389469755989694021991 0.500080981300291660396339921135  | 2.607289014053812969962109491462 4.268411316509724606760300957831 
0.221490941160554233313462191290 0.500008569524241996973046298081 0.599927882344135632308734784601 0.400039705958242730599039305162 0.599990290945447202197726710438 0.599941867484338087201933831238 0.499939696025368307541469903299 0.499994321485278059302714837031 0.500016982010166866068345825624 0.500009998071823780207978416001 0.500008562431340952691982693068  | 4.699730094217330567119006445864 1.704450696515254826124419196276 
0.738401387442946699479762173723 0.499983311712091982315087079769 0.599905465440757734718602023349 0.400049833627284134873747234451 0.599890426245225483192768933804 0.599993784255641871006048404524 0.500006369907530667795469980774 0.499980656567958148261965334314 0.500028664322715532541963057156 0.500004560085864913077102755778 0.500026630691654982996396938688  | 1.997205841734325915126646577846 4.583657115196046127891804644605 
0.960881266219058671751440670050 0.500012309466711823979778728244 0.599940661119325757688613975915 0.400073296774626829819254680842 0.599975469384783743898026386887 0.599952508767159664593293655344 0.499999640003858214498677625670 0.500006162056388481218505148718 0.500040158133102208282139145012 0.500015048504258596828719873884 0.499990434522107674020219292288  | 0.306961375837328520610469695384 4.989212265381276267817156622186 
0.845201155182209173943874702672 0.499982196078860019472500653137 0.599946284519108918864560564543 0.400037646599365970256911850811 0.599963551527406990793167551601 0.599974525526649649087573834549 0.500026835472761832512844648591 0.499950949628995056084335146807 0.500013190918584871091923105269 0.500006323512663941599498684809 0.499990236713638069865339730313  | 1.203580887271464394672193520819 4.851860515326673173319704801543 
0.712162907253939714280477346620 0.499972386051368067327871358430 0.599945282038413019165545847500 0.400023937999197443105003912933 0.600020128520720841258651034877 0.599915765502888831406380631961 0.500022735788435257475725848053 0.499972423294901824331049056127 0.500034434281499295948947292345 0.499979852727480245100366573752 0.500016665154402351056717179745  | 2.184472819489507777745984640205 4.497677669315673476546635356499 
0.115786145634933251846732105150 0.500053207598263771416213785415 0.599941516258990836796272105857 0.400025061416829308402753895280 0.599924715273807973581199348700 0.599947726454618024405363030382 0.499992918968605759566514734615 0.499988673371407232881580284811 0.499992200051336044275274161919 0.499997110818150403144244364739 0.499985827131592341920907074382  | 4.916432644631044013294740580022 0.904175132273273174376981842215 
0.184941096154221329417310926146 0.499929987557451993573920390190 0.599959676198116298451168404426 0.400044937505414421874405661583 0.599931005947654694132609165536 0.599957954759452571913413976290 0.499991159506150972813287580720 0.500017464904651487422881928069 0.500039995787032509610980923753 0.499962744865323327481121395977 0.500104609907573216531773141469  | 4.792296435112910479858783219242 1.432717478894505180875285077491 
0.679304976725780829127643301035 0.499926603493589305493571828265 0.599932568928678855435521199979 0.400026556738971805771143408492 0.600043912471270535213818675402 0.599943849536553219792267555022 0.499944087790472502241811980639 0.499998264438129391695753156455 0.500107251074768277554483120184 0.499971217746930540748451221589 0.500003402549195063997444776760  | 2.415498514612569813664322282420 4.382435449027752838446758687496 
0.801240235513790199917139034369 0.500027699704760686394422464218 0.599901385815265864032141962525 0.400020420989218805640774689891 0.599926071644814484784546948504 0.599966201766909512649306179810 0.499983321184557072403009669870 0.499984873172973576238575788011 0.500014781565588761758078817365 0.499989688378064400797740063354 0.500041133646196178652587605029  | 1.535640654012547123841159191215 4.757734148578137478580174501985 
0.350302150686125357559319581924 0.499978496522656190581557211772 0.599907615084654288750698469812 0.400032756986400894749777990000 0.599883477206924142777211272914 0.599983948212751139195120231307 0.500019428128984477766039162816 0.500000479435934064298407975002 0.500071150915719853102814340673 0.499964016129845978397838734963 0.500129869639846069695465757832  | 4.265564178833320063688461232232 2.616726664860779649757205334026 
0.369505505754787133554373212974 0.499960546188692234181871754117 0.599962424484052569972902801965 0.400066852960607899358791428313 0.599955102939952023000103054073 0.599928769360197899906950169679 0.500022108852158697622769523150 0.499991397759606104322926967143 0.499995388215881575444399231856 0.500032614092480787171268730162 0.499989998779392430527934720885  | 4.180166915257279569573256594595 2.741210842098019906387662558700 
0.905075146676432740200368698424 0.499952935561038702694247604086 0.599939628440884553661760492105 0.400067968872086510145891224965 0.599960737771850438626586310420 0.599951717805191631072148084058 0.499984919909690905814869665846 0.500023398496318050021613998979 0.499968678850059022877871939272 0.500017032450673193366696978046 0.500031676658253432243839142757  | 0.742647644251136052062634007598 4.943648974327903289349706028588 
0.402708311900483673095862968694 0.500042120052366256821585466241 0.599926993429670707413947638997 0.400079439925293101065761902646 0.599887165097949037750879597297 0.599935691245233382318247095100 0.499964942369525766618920670226 0.499974581817153262974784411199 0.499980161517792787151392985834 0.500026376288225660182718002034 0.500043625826891546815033962048  | 4.032827858433633672063933772733 2.956315149676137288281552173430 
0.578342145973320787000204745709 0.499968248523135538885497908268 0.599924924100174505881000186491 0.400023937999197443105003912933 0.600020599913378305245714727789 0.599993275160416006386299159203 0.500022735788435257475725848053 0.500054666305754347277456872689 0.500086207381485459144698779710 0.499934548471521633672409734572 0.500118204002074184799653266964  | 3.078245243112351037240159712383 3.947181909958284773409786794218 
0.408890181630634397258461376623 0.500009599235072377254596176499 0.599970118811142039128014857852 0.400048154933351385320605686502 0.599912831813646962864083889144 0.599982534044674831186227947910 0.499995963418013888990287796332 0.499993755062875799843880031403 0.499990792680457596386389695908 0.499975882891486755887910931051 0.500027757033358555283086843701  | 4.002733639431914625106401217636 2.994440016250473846071145089809 
0.950056887121344617597173964896 0.500052845798385492415150110901 0.599959136610735743744271530886 0.400017267504875817518694702812 0.599948087953413478068398489995 0.599947930644871063599055105442 0.499988113766262509685134318715 0.499977545817806179329068072548 0.500050504069666557072082468949 0.499970504588704178772218256199 0.500034623173477132951347812195  | 0.391834811146158035199960067985 4.984427676332840562167803000193 
0.867498209943061704407796241867 0.500001311581822482921211303619 0.599961495509530706726764037739 0.400063512856634106995556976472 0.599994705423017804513108330866 0.599999705094696245133434331365 0.500035266302741754351757208497 0.500041003611190637556660476548 0.500000682811032159946762476466 0.500093206092946496177376047854 0.500064260493626511205889073608  | 1.033593410184513450289500724466 4.894099579472698913207295845496 
0.685967023031443634550896604196 0.500023730213385531051528687385 0.599924127287219999260514669004 0.400044700032734235062292782459 0.600049403938202052799510965997 0.599959877953286091489815134992 0.500038423526840913879709660250 0.499990793451400850067045666947 0.500030428555453432259980672825 0.499995289045847723929938410947 0.499955434857508596024899816257  | 2.368118208779231181893010216299 4.404890872917153643584242672659 
0.889950219087903504622261152690 0.500027699704760686394422464218 0.599976475743284387576181870827 0.400035619806793529829036515366 0.599944840034151272156748291309 0.599956767006375901729597899248 0.499990894735430679851617696841 0.499990787039934436730703737339 0.500014781565588761758078817365 0.500003018768274576366650308046 0.500024397006442744562093594141  | 0.859777171982949561801490290236 4.924027672026369373270426876843 
0.113696152300569008897213052478 0.499991121316164910393098352870 0.600038509857620860898919090687 0.400041859804804278422096786016 0.599937916131762949412120633497 0.599917461845390964647606324434 0.499957025536848120861321831399 0.500046385494982925656870520470 0.499954691437483889071557996431 0.499988434339915022164291258377 0.499972464223234325242373188303  | 4.921626908682571688302687107353 0.888436463057161951439866243163 
0.300008611525422796972861760878 0.499981493832009848965469700488 0.599934465908894098973291875154 0.400061134082254965527170043060 0.600032227587909749999539599230 0.599847451295871358922795479884 0.500016790503729824379774981935 0.499978367364166176312068046172 0.499973300178362334289516866193 0.499978799716572386291346674625 0.500014966624158896379981342761  | 4.456727741776860263200887857238 2.270892143577850852409483195515 
0.142310253196106240025642364344 0.499995592759820361994371751280 0.599956522792358892814945647842 0.400025404315801191845736184405 0.600062618279752824079764650378 0.599993784255641871006048404524 0.499994379685925693923564949728 0.499991782120882410911377746743 0.500028664322715532541963057156 0.500048914601682326086518060038 0.500003087956719882711809077591  | 4.877244701792665892980949138291 1.108792062698837455059219792020 
0.035632794407394030589131261877 0.499968093914170685909681424164 0.599946118082054891118559680763 0.400041587024528133564871268391 0.600009589971444934342059696064 0.599968349842796677684475525894 0.500000141274892118126160767133 0.499990611161417297658715597208 0.499956322321029267286007780058 0.500017648826873051248753654363 0.499988647824362864025005137592  | 4.991633295206443499125725793419 0.279683142198648426735019256739 
