0.646480521336680102884031384747 0.670953356507268616759631640889 0.198712909261316017506260322989 0.794171869404736385789078667585 0.654450312427843683416028852662 0.203614025556992261911659625184  | 117.535488261417839339628699235618 64.272755579244801538152387365699 
0.222567627784255317457962064509 0.523178449003575130049625840911 0.976304440072983448217769364419 0.708104230127956868479088825552 0.409413251467170113961913102685 0.276574304337365184380814753240  | 37.177085122890019874830613844097 129.860167747178849140254897065461 
0.778817657562265730497585991543 0.156871622389052611801218972687 0.639896015592037570307581972884 0.426447462051890102685547390138 0.589030502692327484481893407064 0.315430475849778457764216454962  | 220.463757602742418839625315740705 62.611177155162131668930669547990 
0.407471500465878322394530641759 0.336718330481449723556863773410 0.109631249939600605713962977461 0.717757410668086737182136403135 0.906443887042532092657154407789 0.955569940793709826643009819236  | 102.663316296733441390642838086933 149.288823127384318922850070521235 
0.751712465884823766160138802661 0.754290167641125774977695073176 0.003217726846709956234349192528 0.986594535401148164943663232407 0.262020007501559071272367873462 0.990964936107519345220850937039  | 190.159732481376693158381385728717 62.808977113646406564839708153158 
0.054006676553109866922852688731 0.432148042438240898022172586934 0.918612667430095508613874244475 0.931791785464080701828493147332 0.015648474322208949516266329738 0.553148608674730368761629506480  | 17.544876943317959216983581427485 307.320085374154473356611561030149 
0.536612818287512727266630463419 0.343986445489326886360004209564 0.279792031184075140615163945768 0.145346538202957953345162422920 0.062969251587678076731435794500 0.630860951699556915528432909923  | 216.070669408922213960977387614548 186.585886762185367615529685281217 
0.601414511375379712276867394394 0.569033536106506088181333780085 0.509213364130332468704409620841 0.881599043962571271570993758360 0.095314650650729748626588389016 0.443295817825994697969349545019  | 132.590932524344168541574617847800 87.874204276430546656229125801474 
0.850094546893672364795691009931 0.829352320051737867956376248912 0.069742551933662966234805935528 0.232639059792967284323594867601 0.420866127199696182792365561909 0.672626639411534776868961671425  | 270.290438919118003013863926753402 47.662946274076553265786060364917 
0.214332478898439204861858797813 0.752340689077173108145757396414 0.266921123797235315677767175657 0.778523395082527436272812337847 0.101301703753113314654399346182 0.667001207269479534645029161766  | 65.726923926517855534257250837982 240.931797440962583323198487050831 
0.878581182294928431097957854945 0.243386417819499989434461895144 0.830957901870025494872606941499 0.645134978540278791747653031052 0.778552299767613198433480192762 0.675159792961985472103947358846  | 321.452435849031132875097682699561 44.424323552268766945871902862564 
0.209784121455759642316252211458 0.647658258258720143096809351846 0.758296971629466298736588214524 0.331132811401160354058959001122 0.145734684866332786512543862045 0.465335928956106092968525445031  | 94.621612781141877235313586425036 356.421164548867636767681688070297 
0.578119180414140454438154392847 0.266975778547786757322057837882 0.876992190146633321390368109860 0.296891283468390554389770841226 0.233817247630997315788192736363 0.991804593664303624223066435661  | 132.777446648284154662178480066359 96.893962200610872059769462794065 
0.537379986986384561298280004848 0.001949478563952666831937676761 0.736296603049474640556582016870 0.208071140318620728670850894559 0.160718303748445756617968527280 0.323963728838039810575821775274  | 135.603611987509594882794772274792 116.738520714476095463396632112563 
0.175425494258181435824894833786 0.188761624618740908587710691791 0.087654765560070013741267302976 0.286656806923801910080840116279 0.237096174554595751082786136976 0.877988815712744896657682147634  | 34.147943596484687134307023370638 160.509872480280364470672793686390 
0.326828696831753084950378251961 0.696328187230606743263194857718 0.521495059554608841878575731243 0.814213726801797599286203421798 0.917234566721345290218891932454 0.165525022743450822559907464893  | 60.573124819151701103692175820470 124.762879657633618535328423604369 
0.023295330961239257838713001547 0.302057757558719330859275942203 0.632221173983699147314041510981 0.584707760494180717181222917134 0.861497403019732432838395652652 0.451491224161691073746283109358  | 6.786549408219498147332160442602 284.540043869700980394554790109396 
0.312714559907287803497411005083 0.827402841487785201124438572151 0.333445948884188325678223918658 0.024567919474346555652743973042 0.260147823451250426174397034629 0.348662910573494966293139896152  | 123.221556089535283717850688844919 270.816879876054088072123704478145 
0.025570854279698296274148106022 0.664685923517103094404490093439 0.980264316873433405596927059378 0.541427220527931685190026200871 0.223312888040368417996717198548 0.340172510437726449694650909805  | 9.229030653196138800353764963802 351.690888261027509997802553698421 
0.182252995064321687834762997227 0.721891358264891147555886163900 0.016744175068227895586403519701 0.727900411818933501528761098598 0.613027277024162375873572727869 0.651864462000746214265234357299  | 47.219658549472548259018367389217 211.868860313043484211448230780661 
0.907726363897040311456976269255 0.015437084275020995782767840865 0.173589211135285581555365297390 0.469635408381427921220563348470 0.694243460704641712766260752687 0.152621369048818289471114439948  | 245.800332765158316306042252108455 24.986484211150685297297968645580 
0.750716338926355253313715820696 0.933529829663598431643833919225 0.852424270672286765737624136818 0.036743460017140128215373806597 0.885154337057502349495052840211 0.203464740793078857628017885872  | 239.208930872157765179508714936674 79.431970449192050409692456014454 
0.511809132706686265024131898826 0.337263555046849572427447583323 0.756032286176041234959654957493 0.666643919790689043480824693688 0.937405415708077338621251328732 0.983791218400313360881170865468  | 201.145072459926581132094725035131 191.862905721660951030571595765650 
0.993172499193859747990131836559 0.466870266353849761031824527890 0.070910590491842118154863783275 0.558756395104868408552079017682 0.624068897530433375209213409107 0.226124353711998682392447790335  | 342.476844986972650985990185290575 2.354335160438745688793460431043 
0.419102332934712773493401982705 0.680891102955585747480427016853 0.347905848419323260323210433853 0.344578318420369678065640073328 0.222991106016703577452631179767 0.012903653694632533088793024945  | 129.110964305451631162213743664324 178.954522711449243388415197841823 
0.272578992034884004524997180852 0.368527927895120899215442022978 0.779796903311412381576417374163 0.547964300477040588965849110537 0.976343065962230083343342812441 0.248026483368612216118265223486  | 100.810777466948110259181703440845 269.029820718427060910471482202411 
0.800905427200601538473279106256 0.490139286440935628696990988828 0.577413662708147090718568961165 0.357923999683657512171919279353 0.322742407743173087553145705897 0.364871692173181605411969030683  | 218.337361388044115528828115202487 54.275801131277276567743683699518 
0.558700587925848535242323578132 0.593775333025260976249626310164 0.421507921768564997044848041696 0.917358322997498309980812791764 0.997188534328369735604269408213 0.921070177503013676201248927100  | 77.959285427641802357356937136501 61.577502455582440177295211469755 
0.501361892108735940354335980373 0.373985509845567887232675730047 0.672165856647858217520763446373 0.504909305802229924076129918831 0.600123623329529842784779702924 0.379285469965862209740237176447  | 77.765783564604262778630072716624 77.343299891101096932288783136755 
0.539198436001919412241534246277 0.235640180963608614206350466702 0.625624910658244992589516186854 0.493292342419197837877220536029 0.446216977336029496647995529202 0.351715941848216750997835333692  | 184.224493442022009048741892911494 157.439133789578903588335379026830 
0.260577052485419624616724831867 0.356116166955451340925264958059 0.494500270988629253565704857465 0.714001052273967040662228100700 0.520282644884320744083083809528 0.408297387115713839023101172643  | 42.668495817264414426972507499158 121.077679873520537512376904487610 
0.953108544780837729781808320695 0.743488222021588596177821273159 0.334524364407476237914806915796 0.749285596793190733500011901924 0.940216881379707603016981920518 0.062721040897299684679921938368  | 454.527343030145345892378827556968 22.362037008579942920505345682614 
0.491810607085123807635795856186 0.092884756508281873799148797843 0.398744733843983900634100336902 0.053847089302638484475949098851 0.023945274200903532424433706183 0.846838883746136472652210613887  | 140.618672574306827982582035474479 145.301701139731818557265796698630 
0.879903896932793361251867736428 0.445250921991977133274076550151 0.722280937761078267733694246999 0.851285976001171840188419537299 0.776774128680674080804635650566 0.661187711846415782090957691253  | 339.758520773893451405456289649010 46.372876027777998331202979898080 
0.012001939549464379908272348985 0.012411760939669558290177064919 0.285296632322783128010712516698 0.833963248203073548303621009836 0.456060421077909339260259002913 0.839729096252898377095164050843  | 3.882677931610253985184044722700 319.621528668357939295674441382289 
0.847796882419763808691470785561 0.746651064419347032519169715670 0.242889298300670852803762045369 0.608638402890466778671907377429 0.382525526363465484536163785378 0.302150651275881920732047092315  | 202.576435914232376944710267707705 36.368103886436649929692066507414 
0.465815831417566661443174780288 0.195030599181277075615525973262 0.367660832465926512568898942845 0.893413048796594777556379085581 0.150349650582233262952058794326 0.041166280570220314949381190672  | 140.570631140830926142371026799083 161.202347920545378201495623216033 
0.056110970116758807080259430222 0.651704572084489619498981483048 0.820879880646686377332343909075 0.728135177121555843271494268265 0.938935911483114060693822011672 0.367283530416397829831964827463  | 21.227632754439689222181186778471 357.087564973706150794896529987454 
0.526786675062249853951357181359 0.950343548640825486195637950004 0.791661662455171444285895177018 0.037231921341288498616961533116 0.606487881083131119552831478359 0.503919059428452942306364548131  | 117.591653031561349962430540472269 105.632772714715656547923572361469 
0.513925988066072592097555116197 0.113226868654780488121502912691 0.885861868098162474893797480036 0.331475525910501556126064315322 0.218131993608438823351036717213 0.104940640523472628053980315599  | 84.614789006636257795435085427016 80.029130490499213124166999477893 
0.487292713363271068338633540407 0.548457622840311520562295299897 0.966863531941549725345907972951 0.855872547996595955943632816343 0.789867230797474340064923126192 0.021554760327079369730540747696  | 172.215834151918016914351028390229 181.197688006647723568676155991852 
0.435699636968365000555536425964 0.441180184423792254300167314796 0.577864853197297523301756427827 0.325711912181082641204454830586 0.085009362717789471730611694511 0.479555353329738642820245786424  | 110.405551005867522462722263298929 142.992757457455297753767808899283 
0.353117221870543507300510555069 0.494907373351151647078438600147 0.930619275305906823447799069982 0.814054054659883341571458004182 0.170286247597542961251804172207 0.157268652417962839784593143122  | 96.601803589170131658647733274847 176.966851820634190062264678999782 
0.498075951483391787810717232787 0.899184892284889070168674152228 0.399434764224620653116915036662 0.502487722292571992177556694514 0.237928427469470515909222285700 0.734788455729425749041183735244  | 90.158510217492278115969384089112 90.855068030921898980523110367358 
0.360504169056492740352837245155 0.198193441579035511956874415773 0.276025766359121127457854072418 0.752765854893870822728274561086 0.592658295565991144471240659186 0.280595890948802551001506344619  | 71.360976292137237919632752891630 126.586738096027389133269025478512 
0.024635646993774407143007465493 0.617165745983979552313769545435 0.041948920284843871364444112260 0.808403686078805305825767391070 0.670794297252494620131813007902 0.688049058699676807648870635603  | 5.495774636267857005123005365022 217.586437803968664184139925055206 
0.561203596765607160001820830075 0.721085296778582796051182413066 0.006825825986803035760885904892 0.557848929524012882019690096058 0.781667259065151220909228868550 0.869207578933006042021247594676  | 145.862571384801441354284179396927 114.047686185629885358139290474355 
0.627601782777360783782683029131 0.550908784416204833078722913342 0.289173940162599452108338482503 0.799303493871817982707739247417 0.871699425353705370511647743115 0.143414890371960201953527302976  | 180.603243551438168879030854441226 107.164013501600578592842794023454 
0.315732546487037080140680700424 0.837201102295659360663648840273 0.133096013204291652165522918949 0.738817230344510411654823656136 0.937536102659636272349530372594 0.237283530899596417640395884519  | 140.908670728289763474094797857106 305.382572591711152654170291498303 
0.462657066369496661195626074914 0.931291876856331968248525754461 0.924914611656705853981463860691 0.047468861917790650117865425273 0.119072933544979719933110118291 0.333505701627402562081670112093  | 168.101666581470908568007871508598 195.238005069016992365504847839475 
0.874496040202757840553715595888 0.720094887645209458248984901729 0.571039027210494487540870522935 0.767862982657069759184764734528 0.303342103652638250821382825961 0.610347774396732600798998191749  | 165.655860895838458191065001301467 23.774226011622005216850084252656 
0.725515439093182723517827525939 0.943998588934946813999715686805 0.641445335143307371339460587478 0.014750560788065358863718756766 0.298586822243837590740156429092 0.013853762046002637831065840146  | 191.801506945672912252121022902429 72.564344710639787194850214291364 
0.182343404996354707670036532363 0.061983789989229709505025311955 0.266338751020329000951392117713 0.763670491948061580522733038379 0.300392324809834243559691913106 0.497504924829829331400787850725  | 48.129855211849815077584935352206 215.821863869034928029577713459730 
0.897847102686996079157211170241 0.266901564722703543708348661312 0.351111154702415273476390211727 0.705296992976080172610409135814 0.473585362021011424538130540896 0.947090189321399988919836232526  | 311.595186392703340061416383832693 35.451861440039316164529736852273 
0.304540759348564948894022563763 0.046126718773485064772899022500 0.274085937627774112179679377732 0.505061582426167055004384565109 0.060446522855762019332814816153 0.962533619606494084131043109664  | 110.397689399785832620182191021740 252.107775011397080788810853846371 
0.617205007830660346002105143270 0.079639961635275424711721825588 0.992075265198737676897167148127 0.259262107280175291279533666966 0.767813497019148583078163028404 0.686864173936651334351211062312  | 154.945574320575730098425992764533 96.098361413476879988593282178044 
0.565617992788131074277657717175 0.284570033395875832127330795629 0.525503448214537871585605444125 0.498911169061983739148047334311 0.374194500523876039110859892389 0.245567787684964122796316132735  | 130.599394992933781622923561371863 100.297423457206377861439250409603 
0.048830981764333536432332039112 0.486089947593244087187258628546 0.427799020228211479555113783135 0.265231868323498987116693115240 0.990445913338236283429694140068 0.244122461478478047780527049326  | 13.655779085178556542246042226907 265.998214993491103541600750759244 
0.158116307020931712301603511150 0.885165158082846903475626731961 0.650828674028931741801784482959 0.542407279491623595113480860164 0.058626410689217700600295302138 0.370972082020908477950627002429  | 61.604181718608593598673905944452 328.008900444089078973775031045079 
0.257291032372097494551610452618 0.640454926009934033537263076141 0.578963762011756810643703374808 0.508600875376894467905231067562 0.535528606633489667743219797558 0.923483600460081266447787129437  | 70.206139820021803643612656742334 202.660501402392867476009996607900 
0.159897446305051649240169808763 0.659428555539070981872384891176 0.115941886928769499753855143354 0.515839391726081619715671422455 0.924392321719961551629296536703 0.768285974361038515034749707411  | 44.394771758347907564257184276357 233.250511416792704721956397406757 
0.133512423232021171237704493251 0.575893842395985622317766683409 0.838539730792117521396278334578 0.498438623624562593406039923138 0.309946411471597960129997773038 0.253382463351351283620260801399  | 34.007332219385986604720528703183 220.705535663232012666412629187107 
0.739730795666064366855607659090 0.381736406639856640232721929351 0.700282480673483531674605728767 0.162889713484456577496928275650 0.414958951331793723937835238758 0.576118107300491510969209230097  | 140.907898921754878074352745898068 49.577477308768770569713524309918 
0.664085833338630915356759487622 0.467162956761728254129195647693 0.765485062250879644274448310171 0.969532975792677387261164767551 0.136962922395680752885027686716 0.802636173301442434890873300901  | 218.960487460686664462627959437668 110.756661239629380588667117990553 
0.957776452291589364129720252095 0.963698074706505924957866682234 0.476235873472656057181495725672 0.334869785560213739650237130263 0.999527522658110068043413320993 0.553351750704630163113506569061  | 317.937130144450350144325057044625 14.016249356318871477355969545897 
0.989724150392145451959891033766 0.446030302603758310731052461051 0.027064824589975278179565520986 0.188964757590385779018049561273 0.120812037172524755490599090990 0.505836992018899755940708473645  | 228.272934161757660831426619552076 2.370052645538152535920062291552 
0.667094575124476896199610109761 0.785807466919760555512652899779 0.264909306743754902058185507485 0.850272916991705263178857876483 0.414327806037744772460484909971 0.508252424429457172472268666752  | 158.476948971800396748221828602254 79.085991698537540628421993460506 
0.494030473682300796944844023528 0.418002201321118649346431084268 0.885343611778052097527336172789 0.572874303698946207852316092612 0.921663488293536947715267615422 0.568335908719466043059753701527  | 114.957750270067975861820741556585 117.735891912002273329562740400434 
0.299514580080508130421890200523 0.676756851303428108579396393907 0.102727888539100753462207649136 0.173731089816680728254993937298 0.536001083975379599699806476565 0.370131849755451103334280560375  | 78.568956677535240373799751978368 183.752018336156140776438405737281 
0.170173295912906197280278774997 0.213398252935312671141332430125 0.088877062338794221574289622367 0.326874634135695840697621861182 0.803580284547436796138697445713 0.262448982342138759094041233766  | 32.844693410832725533055054256693 160.162636174194943805559887550771 
0.466417848107544275038094383490 0.790086375476225066805113783630 0.573630424048362619338092827093 0.648165706632857330227182046656 0.895618605433853187669512863067 0.745130038921894111147992134647  | 130.514174246229998743729083798826 149.308252738032166462289751507342 
0.245700321983763569910763635562 0.963734205318737990886290845083 0.814938868895431434147269555979 0.590015409785510369644612183038 0.493295463038256776222567623336 0.007782198581025467909455528570  | 37.211290310507486367441742913797 114.238614232012778870739566627890 
0.987328982035202806777363093715 0.364435068222627500666987998557 0.591753972434198916019454372872 0.433531891817297787561358290986 0.766831072640229649550747126341 0.632462877388536237610594525904  | 312.540668500080244029959430918097 4.011032287466105294981844053837 
0.744378199356276692988387821970 0.874821012367711703383577059867 0.149361239336960216483873864490 0.531289501012776943511539684550 0.737078540315971308949372087227 0.086933902597085888075412185572  | 256.932756317239693544252077117562 88.231511711337688552703184541315 
0.199637774915920385154777250136 0.872399878555395691392959633959 0.378899117957117947952383474330 0.293346152156532591348536698206 0.375681998250630644342606956343 0.260136670035136186029944838083  | 50.372308268997393554400332504883 201.946213564920242333755595609546 
0.703360369805738905313319264678 0.970868598024329121365383343800 0.674893896958244532413573324447 0.356977453953448486956290253147 0.406545607456719304551029381400 0.071896967460944427585900484701  | 208.218027164193614453324698843062 87.815181561656771691559697501361 
0.506701491647097990167480929813 0.053567133098491148679443085712 0.293589639343853181507881799917 0.139342411881648420290957801626 0.154832415653307298164520489081 0.935873031330929805449159175623  | 205.611371681341552175581455230713 200.172655148687113069172482937574 
0.555136380724231437433502378553 0.801935838935716405195819334040 0.953366649202140536978333784646 0.642441588803903784743454252748 0.798922543659408290750434389338 0.283197947158365215258868374804  | 134.550132415597801127660204656422 107.822980007809889002601266838610 
0.970535520996985812125501524861 0.340998374379916979748372796166 0.709977944381676273621906148037 0.033528481979163249349085162976 0.427898286296806151796090489370 0.002312312307002573064096395683  | 256.537697605909784215327817946672 7.788225614685572395501367282122 
0.763057478301805369724775118812 0.819217777451895945439730439830 0.898736527090118086924519502645 0.291188252679408843270891793509 0.489072997977133883118483481667 0.673233071460949683562091649947  | 94.587071127785861790471244603395 29.370918692706634800515530514531 
0.738998830336665579743282705749 0.910167072220246842206847759371 0.521349229551578252639387756062 0.450672997903861949353654381412 0.338463047384949478058047134255 0.071909167250095662460296352947  | 232.820300033887065183080267161131 82.227965912381293378530244808644 
0.185393143099486401581543759676 0.411068419020486963688654213911 0.949312383630295131276000120124 0.634609348157889496810923901648 0.483633125481864434291878751537 0.661927356391550425485093001043  | 58.207090377555317672886303626001 255.758622725005324127778294496238 
0.403379824976359713240015025804 0.164843067986035429761670911830 0.115832757357796967134788701514 0.103391214715970791715449195181 0.734766228008968735885275691544 0.323876424295280518350637066760  | 102.707131960409810744749847799540 151.909300496094459731466486118734 
0.380419997464024439715046810306 0.973663351465277604468440131313 0.087710865277709104681491680822 0.804273154179398708230053216539 0.702448926789680960780515306396 0.521137839698470606286662132334  | 51.607329804876982848327315878123 84.051495043723107869482191745192 
0.793193297585492063106471505307 0.449519368472750868725995587738 0.224220899054382583059918943036 0.018514406568499008898243118892 0.334636440206623642090733028454 0.190677891216663120133034681203  | 227.392338011163644750922685489058 59.287262917580733301292639225721 
0.321308348547611588585937170137 0.642498714078004184990788871801 0.344277255713558050231881679792 0.504733063723758923480033899978 0.671199290171442863872641737544 0.273945674939379379964066174580  | 101.350921536280466739299299661070 214.081036563813057682637008838356 
0.151756555747871724193487352750 0.637092770949680975434148422210 0.837533891844343569843545083131 0.539050374087932993028005057567 0.064156315650439554865158697794 0.959321522863084696908231308043  | 69.643088576441002146566461306065 389.270124320575462206761585548520 
0.590115523532961372410454714554 0.367335022914639375279932664853 0.622267079103967168940414467215 0.229255327799764541119031946437 0.725449359507125191015575182973 0.481174472608531966777434263349  | 158.549147573167289237971999682486 110.125613978519623969987151212990 
0.969864180716313306618303613504 0.369698408979145076713734852092 0.674515628035735503864600559609 0.272673846110909834372648674616 0.154436557770510241027750453213 0.482555180244286563429056968744  | 302.413329067289453178091207519174 9.396649154543441184728180815000 
0.417690481789053991157345535612 0.267668358142242657216058887570 0.177071973838020202407506076270 0.945939934180103025873620481434 0.667263757213506614185405396711 0.797963492310716282496230178367  | 130.352482391613307299849111586809 181.726648148510321334470063447952 
0.548300372149805426147395337466 0.573534527176143393845109130780 0.410262009542362138247995062557 0.570453032507449941945765203855 0.524311602618779737383647443494 0.071811832858589053074638286489  | 135.502632408803464159063878469169 111.629485845133686439112352672964 
0.036044802061720337960082360951 0.542575988882068260821256444615 0.886577429558032426015756755078 0.377941855208845600699874012207 0.253591755400436769107841428195 0.354012243578967211732333453256  | 13.058375962395373903746076393872 349.223429331894180904782842844725 
0.010721588484879363001311958215 0.299147723429542100603839571704 0.815037019166799270308843006205 0.649836596408888467202302763326 0.219893746545394397351458337653 0.103447357909416615129316596722  | 1.893025625923652865978397130675 174.669022860957142029292299412191 
0.525524939443249405890412617737 0.272447394634730666318489511468 0.278280964874279557186298461602 0.351250649354992394712837722182 0.536672947895907359594502850086 0.461215370720253536873656230455  | 197.573108523472086517358548007905 178.380711542202817554425564594567 
0.773007976397806162438541832671 0.068964186901860791145679741021 0.934015246171195911983886617236 0.934280031216308981534268696123 0.146887687552663126488994294050 0.202133842080790326889427888091  | 279.579119763462188075209269300103 82.097768832555217954904946964234 
0.115711753686151386233404991799 0.094516782067612714612891977595 0.950956462286311143827788328053 0.161108518879087392328131045360 0.810564560250002785757317269599 0.605309279284117485175897854788  | 27.138676190791951370329115889035 207.398225431155907472202670760453 
0.579393935048082009409142756340 0.068187299485097274676093093149 0.807230059937167898631571461010 0.579418731390876073916729183111 0.505555612961730793664116845321 0.377727114699115351648117666628  | 99.782564421778275232099986169487 72.436298058198573812660470139235 
0.444339241273063900727890995768 0.097251014344414410395245340624 0.396234663161455946678302098007 0.921423196755917439659810952435 0.617763609874602881433247603127 0.021339809524033026555400738289  | 61.236937623906229077874741051346 76.578793996956235901052423287183 
0.644682505391247828718803702941 0.198704171240381866070379146549 0.243056727666824290423619459034 0.011659902963794044339351785311 0.520376069660843487696411102661 0.595829650229925955606802290276  | 107.299989807472073266580991912633 59.138511175819495235828071599826 
0.453783590082192711534503359871 0.622578064889832250017320802726 0.249153490663274745919864017196 0.759888472257447156188447934255 0.919002323334662252207749588706 0.492417897810507043665495530149  | 130.113008306723457963016699068248 156.616197311215302079290268011391 
0.000000000000000000000000000000 0.500000001058259591069088401127 0.500000000141309408618894849496 0.500000001077561928575221372739 0.500000000448390324869762935123 0.599949364811626084659224034112  | 0.000000000000000000000000000000 0.999746825087488133476654184051 
1.000000000000000000000000000000 0.500000001058259591069088401127 0.500000000141309408618894849496 0.500000001077561928575221372739 0.500000000448390324869762935123 0.599949364811626084659224034112  | 0.999746825087488133476654184051 0.000000000000000000000000000000 
1.000000000000000000000000000000 0.500000001058259591069088401127 0.500000000141309408618894849496 0.500000001077561928575221372739 0.500000000448390324869762935123 0.599949364811626084659224034112  | 0.999746825087488133476654184051 0.000000000000000000000000000000 
0.159989772530737262012934252198 0.499964133201106275539160606058 0.500028571456964665564726146840 0.500005806927098284120347670978 0.499998441416691086214285633105 0.599958325435903661038139489392  | 0.159984326749255362232204902284 0.839981634940696664237691493327 
0.731430947662646380180717642361 0.500001161411281480617674333189 0.499984739781205722586321371637 0.499983193673252279687346799619 0.500009705649169911012563716213 0.599946960769416004488618909818  | 0.731290306204287143820863548171 0.268517411176541931361327897321 
0.708528529053792377467857477313 0.499995547779594262660651793340 0.499985243624256003869277265039 0.500009328633760352644799240807 0.499983386744571711712836759034 0.599928895675832518641357182787  | 0.708420482114460403622047124372 0.291427023053078493308731822253 
0.953475340120642500529868357262 0.500015315522567838080192359484 0.499943973100342942128548884284 0.499998032876036613281200970960 0.500005388694803376559150365210 0.599940492236737177300653911516  | 0.953562083111475944363633061585 0.046528892488189241283258468229 
0.186018456503207224583817946950 0.499993529764453936703461067736 0.500012076836589103301378145261 0.499999309419610016291812826239 0.500001290576643442342685830226 0.599959416064705153281977345614  | 0.185976704358086886159640016558 0.813798844015417577324456033239 
0.416637372873048084098712706691 0.499991772674082901595227212965 0.499995058818273885314908966393 0.499980831742046438748161563126 0.500006166364225346221417112247 0.599945574124058689235994279443  | 0.416552951823973505174336651180 0.583244423412692225561215764174 
0.272608626297948630767820077381 0.499993768198452925854979866926 0.500009043677534292804409687960 0.500005890412420050950004224433 0.500002837639309749562244178378 0.599943485995916847564046747721  | 0.272544936844553720156625331583 0.727221433522151849970782677701 
0.295158721121507039431008934116 0.499993992505585016505875728399 0.500010485493929790479228358890 0.499994317571702040492453988918 0.500010790648339420449985937012 0.599952316592113343851622175862  | 0.295092839365257930683839049379 0.704683952741718355738953505352 
0.573492969447948697236938642163 0.500011035493734934398446512205 0.499950721048420365644204821365 0.500004853681365935003100275935 0.499999569068908245039750681826 0.599947150694463915421295041597  | 0.573493815666024642219156248757 0.426507659884890588664063670876 
0.256118045600297661312794161859 0.499988734381015154095706520820 0.500010934893198477624309816747 0.500013602674249657553673387156 0.499988152328604051888305548346 0.599949980363525758875198334863  | 0.256067675881625433920163459334 0.743735658090589835111927641265 
0.473510257590653682591153028625 0.500002664202039093233054245502 0.500003882553553213874408811535 0.499998895314798685873824979353 0.500007555814227511170599882462 0.599956987121594953471515054844  | 0.473396856280607014610950500355 0.526363653004611631303077956545 
0.150582529323786018515818341257 0.499975366952622901628444651578 0.499992562579959887170133470136 0.499990300574753410156603194991 0.500002189607702041129755343718 0.599958564952608797149480324151  | 0.150556979410792962648102388812 0.849273346769091275199059509760 
0.839119089690142372361947309400 0.499977798626807856674503227623 0.500005118261661607448331778869 0.500000586028628069001911171654 0.499993684019731265966157707226 0.599945546074625135624103222654  | 0.838954200327320820385068600444 0.160849296739010438894723620251 
0.624924424862428939952962991811 0.499988144076255913716977374861 0.499990599974053373522053789202 0.500018458220198191988004055020 0.500018057866200571481840597698 0.599956412619778722827845740539  | 0.624824548253024469879335356381 0.375015629846228937260832481115 
0.661415548124364427451382653089 0.500001669594689612807769663050 0.500025450386227476862188723317 0.499993925584901577341412348687 0.500002967070754311684765980317 0.599966576364400094867335155868  | 0.661312912862341839570490265032 0.338531911979901956044614053098 
0.591087857875460032097691964736 0.499989683226536529847550127670 0.500021705531642712827533614472 0.499998715778238012052980820954 0.500008191468897744691446405341 0.599928951263130505466847353091  | 0.591000255879021052507482636429 0.408851539424719634396865330928 
0.328357200089219536387474818184 0.499991191046683824961149866795 0.499997696595468388292005101903 0.499999651608013573333977319635 0.499976213760048970868865580996 0.599959713474482070338922312658  | 0.328298577591587925628147104362 0.671522889708000225716943987209 
0.536080154528694730053928196867 0.499995831481649999350480584326 0.500001159153235286147776150756 0.499998513782050402198819938349 0.500007635210240941603387909709 0.599941322738503646228025445453  | 0.535952050084014919306696356216 0.463808984821684144872477872923 
0.206988965924283674358008511263 0.500012850933635566441637365642 0.499984109718284164269874736419 0.500023034845778702184304620459 0.500034775743113280022100752831 0.599968911754779066214382510225  | 0.206988470867155160970440874735 0.793009137425024657197525357333 
0.486559813693049014737823654286 0.499974805041061065580265676545 0.500005291736112744693798504159 0.499994171839567069781651298399 0.500002604402447370368633983162 0.599940175782843976293179366621  | 0.486474488101373225834578306603 0.513350146837077248029856946232 
0.098191305277995466482821029786 0.500013681434887002907885289460 0.500017886372547071260896700551 0.499998199637230134051435470610 0.500002262099664140926336131088 0.599962390889231200752362838102  | 0.098173088784172010679007769340 0.901641390779248763642783615069 
0.856463042841030586238559862977 0.500032918698311124039435071609 0.499976159638857442502057892852 0.499991458246246800456447090255 0.500004538836545719959758571349 0.599936449599927645870423020824  | 0.856407941614910184213727006863 0.143527722595494483526223916670 
0.925293201210245497279061055451 0.499983153719610884380131210492 0.500007940437522391263769350189 0.500002230582057505259285790089 0.500016038700832776697779991082 0.599959604827929982029388611409  | 0.925124170117360034026887660730 0.074693151470365481969793108874 
0.034390776782702504876798599298 0.500000803597835941083360467019 0.499993650678176804191821247514 0.500008789300778744291164912283 0.500006543883388832050229666493 0.599967074863971050469046986109  | 0.034383681867380007368684147195 0.965410015280918520907960100885 
0.088344745434660837402063293666 0.500012894582543165888921521400 0.500004869156836728727455465560 0.499997110605016614748308256821 0.499997686026027954309114420539 0.599970345645516434096577995660  | 0.088327995676667714342045201192 0.911482408916036601631560643000 
0.194298723616153135029804843725 0.500019099878340256282172049396 0.500024298192914162797251265147 0.499992740392180057273918691862 0.500017870196258873427552771318 0.599943555981477971705828622362  | 0.194275644462901297959689372874 0.805605573731319024588515276264 
0.556776134246252052406589427846 0.499977002384862589945413446912 0.500009043677534292804409687960 0.500005890412420050950004224433 0.500002837639309749562244178378 0.599971448238405979935805589776  | 0.556697909326281048514317717490 0.443161594493729327215447710842 
0.465126182417603006857831360321 0.500002905869829206153553968761 0.500007840589055341240509733325 0.500001718589199284359381181275 0.500000276737145754601954195095 0.599983963336217729356292238663  | 0.465066754065178833421612125676 0.534805477697575804008067734685 
0.647331760572798842190422874410 0.499990377718331213685587499640 0.500011242219511209405879981205 0.500002341286531093444978068874 0.500006711383801816239724757907 0.599957076026054525463848676736  | 0.647188900019539770092080743780 0.352590408579295799817998613435 
0.130204557494662698235998732343 0.500001535722841006226246918231 0.500007279466334164652607796597 0.499993676273045972724418106736 0.500003972580805200465192683623 0.599938041429429413931018189032  | 0.130174670230540273641040016628 0.869595788924673041009327789652 
0.579166136642916162813321534486 0.500012379930469541555737578165 0.500001779988002659216306255985 0.500000683209421370456482236477 0.499994101999280293746608094807 0.599925861749712630022202120017  | 0.579062060630341157718703470891 0.420758239615149243206815299345 
0.969387767458509519435949641775 0.500008565399777338278397564864 0.499974909154107527431420976427 0.500001042671197826194884328288 0.499997039373309359877595170474 0.599945249947960612679764835775  | 0.969212192241184711249957217660 0.030606688063252056319907268289 
0.514386446813435593838903514552 0.500003070799920235067759222147 0.500006496110625531237303675880 0.499977917415116379640238619686 0.500021972104027212502330712596 0.599972994199343578891614470194  | 0.514336490363747955711914983112 0.485566391117680851152726972941 
0.938963239558126105954727336211 0.500006092671125279558452803030 0.499999776238758242286053246062 0.499983380060959603508052850884 0.500007782688333235476818572351 0.599940251211095065819733918033  | 0.938767892341495158170516788232 0.061024062009430356245953674943 
0.362635785157141066203934087753 0.499977013234351674864086589878 0.500009008714012881391397513653 0.499990149855394805378239198035 0.500035980919995792781662657944 0.599938449066743983983940324833  | 0.362619902381462522189536912265 0.637336299470840361713896982110 
0.223486205121987302479880099781 0.500015053285901789337231093668 0.500012212705330583162322000135 0.500014059422864254322860233515 0.500040726012939806821577803930 0.599943742266333845947201552917  | 0.223479578904356268598263568492 0.776490771759446918309777174727 
0.438747811321108516224853701715 0.499997771754234210384026937390 0.500029997766949896309540690709 0.499990624520997739566041673243 0.500011519072786958517440325522 0.599943881190929118041310630360  | 0.438686792588330209952118821093 0.561174132683081250405621176469 
0.378036919507582336308360027033 0.499992560485071402265333517789 0.499998605091577730252794253829 0.499986568950958609747203809093 0.499980288979389508874362491042 0.599930466782356286437050130189  | 0.377977918113283961609738526022 0.621866008785773360934001630085 
0.764889672358940564400597850181 0.500002905869829206153553968761 0.500007840589055341240509733325 0.500001718589199284359381181275 0.500000276737145754601954195095 0.599943842316815301174415253627  | 0.764703834940406834697057547601 0.235053205290035038821372381790 
0.270907614027111554033666607211 0.500008391733031243298057688662 0.499992932533857681320910160139 0.499991134703743789202690095408 0.499986138231937216058753392645 0.599919330802538341984586622857  | 0.270873620335241094281286677870 0.729000898910027950172718647082 
0.313006943451505703635007193952 0.499992564597681932170303298335 0.499995051907781262734431493300 0.499990278878357452541081329400 0.499989362028250838854148696555 0.599935749838929166521950264723  | 0.312942311535481743067776960743 0.686851201300651359460403000412 
0.401181730760403809643577233146 0.500009786355965601956086175051 0.500012638996931824131308985670 0.500009631391072351114246430370 0.500017170670996158321486291243 0.599952206843822000159605067893  | 0.401105958525137140657790268961 0.598705168878089777351192424248 
0.503554504586603890459173271665 0.499987334407258621205016879685 0.499993420829556722839726035090 0.500005720907460093904717268742 0.500013939034494314661571934266 0.599950175680775354969398449612  | 0.503448467433410873361765425216 0.496340955256234062087372649330 
0.015794512194392207327098276437 0.500004343483515523161031524069 0.500014732474637679793261213490 0.500006652349341829122408853436 0.500000343573425154453104823915 0.599931849735904854092893856432  | 0.015791429033624057587381628309 0.984013366408602818680151358421 
0.450354863209705580384678569317 0.500022557797443867322328969749 0.499986583984912025258040557674 0.499989147580553294769600825020 0.500003753607589418450629636936 0.599943097118201040807150548062  | 0.450279089243116215079965058976 0.549552656846957421343802252522 
0.079348139279046714378296201176 0.499994679515031459349216902410 0.500009597785677328829478938133 0.500005668054881780015819003893 0.499983193468530595637844271550 0.599937698870867341938151184877  | 0.079332525136089182549170573111 0.920470694660878940851489460329 
0.599979989472809394079888534179 0.500000316140875700199330822215 0.499998604640850885516556445509 0.500000164820958437061904078291 0.499999639899781300744763257171 0.599971961620848315277498841169  | 0.599858471372533230692170036491 0.399938991705555524358572938581 
0.107789085260180939052077064844 0.499992503804183419102713514803 0.500011894009904755975526313705 0.499997995641853154591416341646 0.500013491856160396942243551166 0.599966941338791470705871233804  | 0.107769168002802687156282956948 0.892046052088079632902406501671 
0.905348001185354300801577664970 0.499995831481649999350480584326 0.500003631388951652603225284111 0.499999101127703626801235259336 0.499977847404124542407544140588 0.599953489660319805309995899734  | 0.905166987028464986586584473116 0.094633074211354042959420951320 
0.633441821843604757624746071087 0.499987120713947796879494944733 0.499997914016541755710676397939 0.499991989593724317497702713808 0.500004969684417543973609099339 0.599956853126361044914460762811  | 0.633301163725062843390389843989 0.366476782546099777437831335192 
0.612117348905513836143654771149 0.500010951976628925663703739701 0.500009884076413890774404080730 0.499992495133924075290110522474 0.500019118448026489431867958046 0.599940953311809299641765846900  | 0.612005305678587796514023011696 0.387811652250923011298056053420 
0.741495204374808314362610417447 0.500010761825888661036287885509 0.500007706063907764182374648954 0.499997838221799217883756227820 0.500000498357981437713704053749 0.599982568516329028973643744393  | 0.741401387532316324957548658858 0.258472088598158344918687134850 
0.369780418073052175031989463605 0.499998962428795323820196472298 0.500015919960399179977628136839 0.500004897781637813736210773641 0.500006652289564312852121474862 0.599945609492168907550535550399  | 0.369699099409210696354222136506 0.630080989909025168671519168129 
0.352508667940079900571248572305 0.499982045644700667796911375262 0.500020070850301423526218513871 0.500005197343000862275630424847 0.500007594669229171735480576899 0.599961591114536174629279230430  | 0.352452816039355965038737394934 0.647388742748260970216733767302 
0.869209799610358269106313855445 0.499992560485071402265333517789 0.500013967845046036764244945516 0.500008124338924275775752903428 0.499981037713318254844807597692 0.599930466782356286437050130189  | 0.869078414646702324120042248978 0.130770430863651060393593184017 
0.675465533993598543638370301778 0.499998589727201847576765203485 0.499992383459192279993033025676 0.499995170244314057761414460401 0.499984571462787463769217310983 0.599961298677483934049803337984  | 0.675325456948980495930356937606 0.324467164528254803368412240161 
0.827284927371571776610892356985 0.500056616804854581204153873841 0.500003759015866688919516036549 0.500004019106804586947134794173 0.500067569279638135526511177886 0.599960322328809469993871061888  | 0.827722588095400779728549878200 0.172806444538155745682672659314 
0.886658168928943224429417568899 0.500006961446729958353785150393 0.500008909090490227811187651241 0.500007162614329758731912534131 0.500004150856800722024786409747 0.599939759920229409573266821099  | 0.886458959403798152365538953745 0.113316366046159966440853850145 
0.525547598569949592217653844273 0.500023439749102460716301266075 0.499979402152617491417174733215 0.500006669867350539426809064025 0.500086505550897508776131417108 0.599957077950844852587408695399  | 0.525858815413422941986709702178 0.474733360907656665172993371016 
0.427721694953551667683910864071 0.500006961446729958353785150393 0.500020424328556978288418122247 0.500007162614329758731912534131 0.500004150856800722024786409747 0.599931742599284389960700991651  | 0.427649082885683928800801822945 0.572181152361383449367338016600 
0.874130223620261825878685613134 0.499999483759322738141150921365 0.500039461890131375909618327569 0.500003688442122062873806953576 0.500002942903651659278807528608 0.600009539380379375295149202429  | 0.874357826050005559892497331020 0.125902549834037341680570420976 
0.454995794872554759624705411625 0.499987297803769326076661627667 0.500005217236025534255361435498 0.500014227761077179046367291448 0.499952690741554683917513557390 0.599929668591240417008236818219  | 0.455016156913211122780893447271 0.545028595238096325026333488495 
0.683423689570705095164271369867 0.499972895037426312558892504967 0.500014298487927888459125824738 0.499999009269404326438746011263 0.499988977451677529817430922776 0.599977709954345739262748793408  | 0.683376526699442266021833347622 0.316554463589623580332954588812 
0.818328046895407279492928864784 0.500001766606731012920761259011 0.500003086649467132218660481158 0.499997233815159980441222842273 0.499990279468612242030900461032 0.599959151418094638330558154848  | 0.818137881644270814618380427419 0.181629735692250993128737945881 
0.046653167449854038295598002151 0.499980738535762414542773512949 0.499982238754849594997153872100 0.499995401811661799307273668092 0.500001501404974235676093030634 0.599941453111439759737777421833  | 0.046644914621615019001410473720 0.953178187888029437857539960532 
0.306445349813002254624194620192 0.499992564597681932170303298335 0.499992932533857681320910160139 0.499990278878357452541081329400 0.499989362028250838854148696555 0.599933775146260783728280330251  | 0.306384588496453946770969878344 0.693417133681463293548574711167 
0.668171251638016050478086071962 0.499986884706459855376436962615 0.499994002419078042986910759282 0.500007523700909728425756384240 0.500001094988652750039648253733 0.599924060127184355373231028352  | 0.668061872430276149081862513412 0.331774428207514293642788061334 
0.894643503526523109492529783893 0.499991957883968829445819892499 0.499997743329423871561090209070 0.500004853681365935003100275935 0.499967866032040908486067110061 0.599947150694463915421295041597  | 0.894516901794897734134792699479 0.105341587389759239190567541300 
0.119800801687199476308620660348 0.499980191986220068312007924760 0.500018662352705534068775250489 0.500019619184256303157098955126 0.500011533487460524405321393715 0.599959354074383721666663404903  | 0.119786540285314616061107528822 0.880094417089894887062939687894 
0.796211142132968507922896606033 0.499983153719610884380131210492 0.500007940437522391263769350189 0.500002230582057505259285790089 0.500016038700832776697779991082 0.599959604827929982029388611409  | 0.796065691545688403074620964617 0.203751630042037112922059804987 
0.936157209973209281095307687792 0.500012894582543165888921521400 0.500004869156836728727455465560 0.499996199364056870262373877267 0.499997686026027954309114420539 0.599970345645516434096577995660  | 0.935980282412298580929643776471 0.063830724159006077544908919208 
0.333582297318623266502157775903 0.500009372523459783010935097991 0.499997072437164791214314618628 0.500003543344816669957708654692 0.500006076977221214363567014516 0.599931473279848304080985599285  | 0.333513193003031782613021505313 0.666279648775003230376512419753 
0.232592136622231770992641486373 0.499989399339806128708119103976 0.499974051517266315780574359451 0.499996226699253254466270846024 0.499985863105704808617701928597 0.599938494274857458954386402183  | 0.232558926901991563918059569005 0.767298292173758444967290870409 
0.138522415802149412300536823750 0.499992564597681932170303298335 0.499992139790216727490701487113 0.500009227263757960457724038861 0.499989362028250838854148696555 0.599919330802538341984586622857  | 0.138503997955126328944785996100 0.861363042719002658387239534932 
0.755213436613904720573486883950 0.500035304187467444236858682416 0.499997311440231961832125762157 0.499990696354894459396689399000 0.500005306600945109707367919327 0.599949364811626084659224034112  | 0.755124277921939479618629320612 0.244757664469916008664895912261 
0.072229289888367312344463755380 0.500011687049553010808722319780 0.500015876673161718812821163738 0.499997838221799217883756227820 0.500006392388932519033062362723 0.599954073770655682551478093956  | 0.072214258198038380753835951964 0.927577631070814034863758479332 
0.396725665446513331424682746729 0.499998594546182895115293831623 0.499995058818273885314908966393 0.499991010116036749266754668497 0.500003212752890613401746122690 0.599991803035170856439606268395  | 0.396700382429405862261262427637 0.603235888350859839057704903098 
0.801721944731064506406426062313 0.499996793562994423787415598781 0.500002653911985950330176819989 0.500017297392488124785359104862 0.500010560386381475161954313080 0.599928157911982173899900772085  | 0.801588460143956238468376795936 0.198245042496222767525182462123 
0.700110171963717053955633673468 0.500012894582543165888921521400 0.500004869156836728727455465560 0.499997110605016614748308256821 0.499997686026027954309114420539 0.599970345645516434096577995660  | 0.699977434290511735248685454280 0.299832970302192580724920389912 
0.493472400903390895354760914415 0.499991439709445928407660630910 0.500004267309437366861857299227 0.500000730381639946209304525837 0.499997298788797284174734159024 0.599959604827929982029388611409  | 0.493357415086715489493940367538 0.506409571240250544477135008492 
0.521054799378559252431841741782 0.500002937746936715335266399052 0.500000366953886055121358822362 0.499995292263381352348972086475 0.500001020807460117012510636414 0.599946572991701398969155434315  | 0.520924927366547052542955498211 0.478825824354448315034460392781 
0.772021751046666149242980736744 0.500005604897264754882257875579 0.500014333755602446984767084359 0.499986592447216937618037491120 0.500008690794863541739800893993 0.599943514611719797002820087073  | 0.771866423398072321049312449759 0.227932380653260102665313979742 
0.848842605673950423295082146069 0.499977002384862589945413446912 0.500009043677534292804409687960 0.500005890412420050950004224433 0.500002837639309749562244178378 0.599943485995916847564046747721  | 0.848685367211742702764354362444 0.151129394133697914082148372472 
0.917085124599745893370084104390 0.500008391733031243298057688662 0.499992932533857681320910160139 0.499991134703743789202690095408 0.499986138231937216058753392645 0.599919330802538341984586622857  | 0.916970048066158671673520075274 0.082904471179110469924999904379 
0.341828283804882726570895101759 0.500022020610592532463556381117 0.499997979878232134964832766855 0.499995694579932870027505487087 0.499989626366935446810657595051 0.599945988000885388480298843206  | 0.341762889839962835658582207543 0.658045803682433816383934299665 
0.746886176112682820260602056806 0.499988710855041929015385449020 0.499983011811276023550476566015 0.500010582118980195787116826978 0.500009000721453156224072245095 0.599931310493519887039326476952  | 0.746766041423914894714641832252 0.253073111190485866561772354544 
0.787948435787036327582200101460 0.499987334407258621205016879685 0.500002957403337555675193470961 0.500003166778083318888548092218 0.500009852533323528867015284050 0.599968673110741534948431308294  | 0.787799448832597670744348761218 0.212011469055335133315765006046 
0.989341188816046934739745211118 0.500026729241876410902989391616 0.499959286426487625742964837627 0.499987217975345898945960243509 0.500071139779496909305578355998 0.599935505990082051930301076936  | 0.989851584486289515218970791466 0.010664310005936544420435119207 
0.388064209354361255854826140421 0.499994029912544435401144937714 0.499987063031670453394639253020 0.499993325584240644321454283272 0.500011558872250905238843188272 0.599940336166011278784537807951  | 0.387983691091543958506804301578 0.611808821949142656038134191476 
0.498106309223687315768103189839 0.500017568144830559795366298204 0.500014295266638542081238938408 0.499997210956787896396491532869 0.500017274262031463649691431783 0.599972669179064888034247360338  | 0.498047205218246746838417493564 0.501834137369979726983615364588 
0.546003578957363955304060709750 0.500022555086514053357404918643 0.499999659155857034686931683609 0.499995252254167521499539361685 0.500004925598701910338661491551 0.599930643982339639741496739589  | 0.545914198849295484450294679846 0.453922102392100901280258540282 
0.386633386765385778094383795178 0.499980774747658784917803131975 0.500010682469500311597698782862 0.500009260489147511208329888177 0.500011961345684596835781121626 0.599964027400635924180960500962  | 0.386570913058901177716819574925 0.613267503103222755278522981826 
0.640866529828232556198486236099 0.499978195893165111574063530497 0.499998739482590326410615944042 0.499993169087503630532154375032 0.500012442431941650511362240650 0.599947510453430643551087086962  | 0.640747432632287283738037331204 0.359066729614604895903795522827 
0.809291264787441289030311963870 0.500006268471496317928881580883 0.500022878104583567981933356350 0.500014272839659601466166805039 0.500002604402447370368633983162 0.599950151187251257134391835280  | 0.809148211537709549645569495624 0.190675024847068053102105977814 
0.006468909427845644447008233158 0.500007540223446067528811909142 0.500010943111972028241041243746 0.500010582118980195787116826978 0.500001248172060597241284085612 0.599931310493519887039326476952  | 0.006467665219283545360862142104 0.993339998100789656199083310639 
0.297433029779160917893676696622 0.499978798746703978483907349073 0.500006185327721897060371247790 0.500006966061691038305525580654 0.500000321962139171461103615002 0.599962113426838250518358108820  | 0.297378254223808813350160562550 0.702437584805929104980748434173 
0.048867624922409542975731966408 0.500008928721767609282267130766 0.499981654608682046792011988146 0.499998515465799209245290057879 0.500013168490310744296323264280 0.599936136791182184069270988402  | 0.048858953395642418238153936727 0.950963597285285899829432310071 
