0.691629082508763315395583504142 0.851393414738511489225913919654 0.819874531828262309574029131909 0.214674519293716281609363250027 0.130828441864779043690703019820 0.181929854189623485538618297142 0.083522488244036519056123779592 0.756202903672984261262968175288 0.969665403865518138459833608067 0.132367111100516354760259218892 0.449060382267605917583352947986  | 0.997500942598343542933037042530 1.895665837799564545917974101030 
0.885350546001426152997737517580 0.581879896818601083374744575849 0.218722378744944934148008996999 0.917832108215385189531332343904 0.127295879910718223726462383638 0.608929757159851536840733388090 0.981503736370663237842393300525 0.056248853596353343142766334495 0.841466677748124891600411956460 0.714373208292680805797658649681 0.983308122388549032955040729576  | 0.400524902914717262358834659608 2.199918929494675712277285128948 
0.310750640243417808328274531959 0.591724989803154799439255384641 0.717405990396424941835107347288 0.368165442936579934141150260984 0.950313670429344226064927170228 0.874774016749223393141221549740 0.672354212352032298838366841665 0.045175364525941286153454257146 0.801828057757389633941613737989 0.143132940913064166110757469141 0.877727321681509908835039368569  | 1.778792233184067761442292976426 0.944509046912058392031497078278 
0.785464997114868834771073125012 0.246816562395738126056699002220 0.770701092002852305995475035161 0.399623839552062154467648724676 0.812404587009592393798129705829 0.835664216430770379062664687808 0.438514852430565094110193058441 0.340871023524246918867675049114 0.963007472741326475684786601050 0.025406148443015696969382588577 0.595149689062610787182450167165  | 0.606903787851480025494765868643 1.732255200067539968600272004551 
0.921127993209263085105931168073 0.426629143525582121831973836379 0.996142747504580650108607642323 0.767376580568280397542935133970 0.873558936698386800934201801283 0.493930701427697682603934481449 0.753107021382458441394192050211 0.035777447207836932108193650492 0.934400399345287513419577862805 0.902991339823925764918044478691 0.548496141595699149284826035000  | 0.258968755954120610773827593221 2.079574994182781466633969102986 
0.973666093057001580390874551085 0.034409534713393474802956006897 0.967857956897978155552664247807 0.360127349861926737695227984659 0.782306014637561331070969572465 0.271117901234444125257994073763 0.920538687242213882200303487480 0.531150551434953044349640549626 0.791496087576269435892584169778 0.486052909526279441898566346936 0.859944397558410456028354929003  | 0.081874010041583927810293630500 1.978167603477230196418190644181 
0.986730207755990296192294408684 0.297594385535681849042077828926 0.491202964689803067699358507525 0.131153132406137573617854741315 0.841553176591571139297798254120 0.107944799672276436908191499242 0.562318152168655660538831853046 0.088359656365666450206219906249 0.678595761084843873689464999188 0.048907723043261519535462866770 0.407759300419492043410230053269  | 0.038864830803449372520486093663 1.864274577667137888781212495815 
0.230243043481806353156571276486 0.168909848800725792550281312288 0.394499349879578353750275709899 0.915904135715950751261971163331 0.906916059851245237588557301933 0.312226862490105561143138857005 0.262869349888379955082484684681 0.530710156522945508683619664225 0.222594253670850283910453981662 0.346576770246556864485398818942 0.993968909538599398878488955233  | 1.773569184727858294436941832828 0.670949838035698964411324141111 
0.760763652869458684158132655284 0.910756694444441849967120106157 0.412893631796071858275354315992 0.514810201473910544756051876902 0.344461251740967311363306180283 0.307361720024427520492338317126 0.499317846932675779569876794994 0.855062673069050038776595101808 0.463087996274360036430550735531 0.506790032696944336976230260916 0.242532232124419211416466168885  | 0.525409305656928893313306616619 1.331697321889145024798040140013 
0.377721420482320602296510969609 0.588383447085088606698377589055 0.537133537086474044386363857484 0.704649087897661008383920488995 0.099431351548119328853658771550 0.837202885666507690132220886881 0.128861387356591694519636348559 0.622173536855181952276439005800 0.640121989935545809835559794010 0.325901887924848865374372053338 0.627089322810444715905475732143  | 1.280109672151951372143230400980 0.863280005901749913910236955417 
0.040440625174794075924467051664 0.207094304028519471394531592523 0.449370655417484887728107878502 0.369412382841489472795615256473 0.756307699760533580501942196861 0.576077435501246570836997307197 0.223788831410525523857302232500 0.292178240643593656322707374784 0.630990236457229403121971245127 0.396856401284050419597804193472 0.479940175059045959216064147768  | 1.321901924987949561440814250091 0.084085612590722308423707431757 
0.055062153411262637625611660042 0.113481544207482465402847537916 0.542769685321048966919477152260 0.304419639505097094911434396636 0.403295711774615428524271010247 0.462886800620536331685173081496 0.251156770699158760073999019369 0.549734373728252179169828650629 0.426734186188079567259023860970 0.767637310483946233574670259259 0.399471253683403415557506832556  | 1.346653897652075659863157852669 0.116765329125397623877269381865 
0.843007960875876927175909258949 0.767410027069133637844799977756 0.875463510541156675337504111667 0.699821755822725766194025709410 0.862856207072620673415030978504 0.893456967046890482286869428208 0.774402456762411928181677467364 0.646516818169603713073456674465 0.122787938836031340628096586443 0.701790668895005742555781580450 0.129773416412229281036161410157  | 0.477412799056495418259515872705 1.896556999152663625096693067462 
0.513900293160391430369315912685 0.932953456737025899059290168225 0.459748048062647907130440216861 0.230979707533484845960458642367 0.764592034703378553572861164866 0.194898207427578684658442398359 0.451766961294434610252324091562 0.000201195653823704745377654035 0.255633261997785576902231241547 0.692797858396167032246637518256 0.950987234294241035037487108639  | 1.367052685674592815701089421054 1.428093078726592191074473703338 
0.820746136601142373123707329796 0.137662283403070628828857024928 0.861641127021784081208011230046 0.332021324478985691008858793793 0.961739375125351014794716775214 0.429039631533865928325610639149 0.759317329782561278861408027296 0.746665022888655327548690365802 0.679385069755245152300915378873 0.504301383974413375277379145700 0.338649956279788333368685471214  | 0.470939889345283968502542393253 1.628105710721241994320962476195 
0.077320887616290190358370182366 0.935470362257093457358791965817 0.436458926104463573736325088248 0.296559651697885673371501980000 0.345097727967761724876538664830 0.459196796707146970284441067633 0.097280033216014971664264976425 0.179223275162794792869647153566 0.396655205630226714852426539437 0.224306913061260382313832906220 0.362264295015095605378974141786  | 1.619440154427315148311095072131 0.197662587944892415015019082603 
0.162494309913241430365360429278 0.722023548719906593795769822464 0.166757356102026466082577371708 0.541654584752831347316259780200 0.130865476141550640676314287703 0.289417395573807745279282244155 0.120694742194386250844218011480 0.667416856405518288397615833674 0.020972287595290906025979893457 0.343101920647412406140119855991 0.163622891120631774874993880076  | 1.820852101617917107034827495227 0.475127563293564370017207920682 
0.263108643094720262567420832056 0.536813554261368341968818640453 0.622500868206435575835655527044 0.927385844815527216056239012687 0.456998040942426908550544339960 0.477842805064526254810175487364 0.301419090201841988196918009635 0.663591142128884370343655518809 0.604510635678990770891516604024 0.950550141249434488166514256591 0.117245087530164715516889373248  | 1.490907709650183265992495762475 0.653835224161529393605007953738 
0.708646543675765516745457262004 0.097483753047552301751466075075 0.068485397620243415595098213089 0.042568485983471959777091342403 0.028140851325552218575865026651 0.910112376541603262936064311361 0.869335719512273064069063366333 0.966215866423977831622948997392 0.572103116201780781402419506776 0.283570377888722746639871274965 0.799773849005851467097727436339  | 1.079867097904726458423851909174 2.192472473058723281269521976355 
0.794560362755658222688737168937 0.698018235901152306333017349971 0.068912681384265428441437961737 0.424925820863982672825898134761 0.806538763327430352489955112105 0.831931484967034062805169014609 0.289666981946228418998146025842 0.377965979553403164103997369239 0.840710241845529004933723626891 0.734139320600797562477168867190 0.126770746366855702191855925776  | 0.572158476261925841299671446905 1.711036747570314764388399453310 
0.818225274726928741841902592569 0.727812382428698056990867826244 0.199075898650333371620035904925 0.276612330347518309281440451741 0.416628310723675010507349725231 0.069139181890462753088399949775 0.269110898621191529933582842204 0.527319486117953650783363173105 0.258091046637282550690883908828 0.790161178813314823976554635010 0.878923932024518683725489154313  | 0.485960364178328441120413572207 1.655447036435607532922631435213 
0.922249699714055126698042386124 0.372196993346368243393840202771 0.843636348851679040983242430229 0.061952794757285212234876325965 0.864491574709825072453384109394 0.314155978866955898354262899375 0.835485371438484225592446819064 0.731305305649062487027833867614 0.764575392675947651532908366789 0.785656911567228610770996510837 0.422398401249191257633697205165  | 0.221404028449008583034895991659 1.803834752988936251938412169693 
0.802674233660570779491649773263 0.495730121839579873643799601268 0.109160570088598474214336420118 0.729185658513728851559676513716 0.278766906414192883190139582439 0.024806759854323678915477557894 0.246962831405209359836305793579 0.535371453788528017803116654250 0.681439242628242958232931414386 0.589925601412211064733526200143 0.450555497038482966054573353176  | 0.484609310475678234375607189577 1.513071431777548880859285418410 
0.307322574234237477774911440065 0.189561465595724731869609058776 0.120318786269416833079048956279 0.655943857979183975182024823880 0.066476027689924221952821881132 0.807382924754987851834187040367 0.101724291714152759169564887998 0.257947137334824883048156607401 0.448085006450238521047424455901 0.068468543356788980069893568725 0.029984970079710571155828802148  | 1.925849066931315300976734761207 1.009337414963655810140608082293 
0.912361324333923695562020839134 0.646514280135074170807740756572 0.622251587203411893334248361498 0.310808641487850478846155510837 0.722770914878435588590832594491 0.560481323432499567438469512126 0.353159219699079485188519811345 0.593747410440319645097417833313 0.198767866812269544674052212940 0.445331503738612743958924511389 0.228299673314717677108376392425  | 0.181606511524381203370737125624 1.310871445302173921021449132240 
0.277256885390215090936294473067 0.891753324416095893845124464860 0.087050864751793577411831392965 0.296309524454258177428300768952 0.413195323911278777906375125895 0.202634870931267307980760961073 0.719936561362965798949176132737 0.156366754923129791521319020831 0.532214041478489940928398027609 0.430838925574280162678064698412 0.853781156357266146628148817399  | 1.594700245099886393163046705013 0.742033011872211711867919348151 
0.342212023266657672238011400623 0.931275024517755345421221591096 0.415438514622211041427135569393 0.242239987506413179119135747897 0.003347337379105419508107388538 0.112714456560048637001614224573 0.170823982216562919589364355488 0.464815771118675780115836460027 0.432497691868149125582476699492 0.828650990808871612536279371852 0.603906366848301234817597560323  | 1.622764530878259670032548456220 0.967326573031631831156573753105 
0.050398618100967129684875089879 0.880860896773880797105960027693 0.451928773123513760623382040649 0.387013581998096989345015117578 0.937755895102530101503646164929 0.950653306950951182408005024627 0.122176129877249239896741528355 0.478804371696975650252170453314 0.869989040049245265784350067406 0.294188742115353174533254332346 0.775108532755747536846513412456  | 1.946868694633561380769037896243 0.154448528090665754275434551346 
0.758722540021444569191544360365 0.266537629912150686450900138880 0.313731834712526302944013423257 0.135201003172168876531600290036 0.391944410132776810407051470975 0.859484304207739580050429140101 0.254599799955719463540049218864 0.335370549890189884045810231328 0.897644561140226060480529213237 0.565169198961034791039992342121 0.479863632465774569979544139642  | 0.596897296379118702525090611744 1.498796563433582917923558852635 
0.817863289326202558271461384720 0.018345220355110658516650801175 0.260410023386883349161280420958 0.841910018104554791484872566798 0.108552550308985806815087471477 0.415403324596549383684873646416 0.643094103489368462689412808686 0.076591736935020304777310684585 0.966527132041637093706754058076 0.358310633265472411324026325019 0.983068143274861916403040140722  | 0.631454526208500621642372152564 2.146562901618238594636522975634 
0.116644791660348356998611052404 0.328328324730349008220287032600 0.029771894542107490977400630072 0.099463489198752474962361702637 0.067433867759098431449160671036 0.327992151230188988542124661763 0.296882450715390211470889880729 0.277614241522770477388348808745 0.095468375684090278632254467084 0.956136595217040086147619604162 0.777042824305622881198019058502  | 2.130615460835144414630804021726 0.394810509828886380123691424160 
0.451411392051980775441677451454 0.597575225296008483155674184673 0.223894767151302520602484946721 0.742937313992222070346826967580 0.270804438455493845516741657775 0.062271431907577112774276884011 0.552069731559500898043779670843 0.017094367271599741897603053076 0.185556887319503149846866563166 0.527314629913280930040286875737 0.083871486059330035978121031803  | 1.440212923999651506434815928515 1.235590613015045136080516385846 
0.522550263508408385781933702674 0.468860629848651844220341899927 0.270368790337748632346404065174 0.609427570372181093283359132329 0.920881412408843691430604394554 0.022712640678496764934379825718 0.411370503937877218803009782278 0.541996888819056277242225405644 0.997306291399962963062364451616 0.497494291232977059458164603711 0.663254164337354290559289893281  | 1.195706831417293170005677893641 1.283563991008527249704229689087 
0.310401034695110600303280534717 0.536689010406903421745994364755 0.683789611120188101089922838582 0.794369184836768327251377286302 0.635589537056437059447944193380 0.511662485963497393193222251284 0.064566111434696038529068573553 0.835373129232648947706252329226 0.013099467401533892996212671278 0.462769265194174828081941086566 0.632306402006699408424594821554  | 1.500433166419463670848699621274 0.795649035613043897896545786352 
0.491030590441829728476363925438 0.176538537327553313183159389155 0.319359754596146405702938864124 0.639691920460333962594745571550 0.805975754224368290401514514087 0.722212691080524771258808414132 0.053879096256523539842930858867 0.555156628103759874903744275798 0.816313744446416134081800919375 0.985761851874898953340675689105 0.619150500427371297540446448693  | 1.327920178831123898532950988738 1.291019197554262420979398484633 
0.665074160392994717660997139319 0.719370859846996890674120095355 0.562774478791849053216367337882 0.383644256638910330359237832454 0.533622966393420661290747375460 0.661292913658953152022945687349 0.765951755559273084195126557461 0.030902264249394240103185893531 0.120763465984391138441367274936 0.763943356904088988201806387224 0.988642126857805947359736364888  | 0.921868799455371590312324769911 1.587539142892807175755365278746 
0.965268823289309074731079363119 0.732864176709472792126121021283 0.566398776664668757163667578425 0.951444683859347439813802793651 0.422579511447243150179531312460 0.909692482338074648318126946833 0.211118613047231451496088538988 0.463344196238978378588058149035 0.473435533656757390197356016870 0.528714857955570161074376756005 0.706236519061992251700132783299  | 0.085344727663232061720677279482 1.562809912267401513119580158673 
0.483098777973752890879666210822 0.651218289910377334805957616481 0.944353409979186375622361993010 0.201510552561846800756484299200 0.459938161886647711718012487836 0.027726247298966888443771949824 0.008373922425635615951478030183 0.336013377741009811039418764267 0.731542535673703975263038046251 0.632351900087960050456103999750 0.189637568710719461861913259781  | 1.429561012630991001515212701634 1.355602075005675644092661968898 
0.772745653502814433544187977532 0.695147484262382153730186473695 0.829100361547459252520297923184 0.902725360346964267321823172097 0.945263709298828636029554672859 0.113121427575348598715265779902 0.412793617785405797526721016766 0.103406985063459244678085724445 0.251650652146943376585852547578 0.168962205767721029836536672519 0.017595056785072338279007908568  | 0.777630753371643668181434350117 2.085092593958330464687378480448 
0.647823679371983152108782633150 0.613123235534154154002806080825 0.156593142486581071715079360729 0.861622344245181914779152521078 0.520702138518677970502324114932 0.593940934369875828124918371032 0.527430380804792986459972325974 0.807939822020780518130322889192 0.649748474133889142301256924839 0.887607964753667322277408402442 0.032722260305034667204893139569  | 0.923325447853766467787295368908 1.495232435460281728012432722608 
0.529733291136277428812206835573 0.790028825289034619672179360350 0.688496772376528176629051358759 0.704522604845961408770449452277 0.758567553311988884701122515253 0.820688046260444448165571884601 0.917780836674045641387920113630 0.707969848198985340914646258170 0.660536371840629743523720662779 0.736991474710862570773883817310 0.796306617521588044894542690599  | 1.157240439801356934879095206270 1.270720758310726505868615276995 
0.715269119924400453847113112715 0.918575097292685605054884945275 0.338321448325193285810996712826 0.265986368960662078464451951731 0.918533523027025733398431839305 0.349496268802049536716936017910 0.942642057720300408085734034103 0.879494599286881562072437645838 0.001284477150777174614404430031 0.898296697041211733569809894107 0.833350303839863748578409285983  | 1.000074729528222849950225281646 2.084909115618640118583471121383 
0.763610325156710012528549214039 0.911631149674151708417468853440 0.671777261425569371944277463626 0.669909336597613092045833127486 0.339229474922438711814720591065 0.303851317579674207181028577907 0.577445824429020926338296249014 0.910854489413259527097466161649 0.714571063413914409068183886120 0.481667720511734120947267001611 0.112209281662184690020467314753  | 0.603665139398253058899967982143 1.550313771516485195078871583974 
0.958156009551519582956302656385 0.032793744025871207625755232584 0.187456240422563813474710059381 0.026688612006143030974669727584 0.774799979250155312904269067076 0.146807248824743719062269065034 0.184873462036433511279653885140 0.902154383344893839868916529667 0.226320148047420621750802638417 0.138100457498190776206570262730 0.646539202221205977494378203119  | 0.146378649445026431941130340419 2.223815317461746765559382765787 
0.714826538492942420432996186719 0.323242838646717323136670074746 0.949991194571030206361683667637 0.848924877093108598558046651306 0.924031597772262736079085243546 0.188200905882354274645251734910 0.504088504441106310949294311285 0.072302649704868215962960675824 0.976753475340407795179942240793 0.318151196891120258136709253449 0.048065570624543307864939833962  | 0.987533090024999005152039899258 2.055097834080951813007231976371 
0.677819543626849929651712045597 0.730340762825008593672748702375 0.671728860820090201144694219693 0.571111312889425071226412455871 0.793999434254301417190902157017 0.142980857423890328483651046554 0.561162599374241621852377193136 0.475662909804196232244066777639 0.834837091365968730904967287643 0.569986469474167423143740052183 0.577168662426209677640542849986  | 0.692616406976825360608529535966 1.249706423708473401745777664473 
0.272035895071479627560506742157 0.623494909832250865378000526107 0.942743530313944755327781876986 0.690984888872686831007285945816 0.399505074231019330355252350273 0.093717180627191809527687382797 0.955463001514618825993352402293 0.813083571268422899969152695121 0.394208192600105422620515582821 0.761047654134995532615448610159 0.786856849816302217348606973246  | 1.720061145991574225178055712604 0.783269119703220551009792416153 
0.593479952783031450280759599991 0.623711690801026064079337629664 0.992089792970763162394121081888 0.608888712097430118141971888690 0.632122456759584006036334358214 0.006334511539595855111883793143 0.116855055158958109906564004632 0.571590205990024080584532839566 0.920505121137492499094889808475 0.636546371857988457776400537114 0.123318918185550852051335368742  | 1.203857060690777025513398257317 1.621775098307661533425516608986 
0.462807274551703784482015180402 0.610287577996354135834167209396 0.754652716934663403414162985428 0.151305069417904447526268540969 0.204063718510798963734487188049 0.493888573163746680272367939324 0.502649309113874509513664179394 0.132602967420228812223115255620 0.182637455983571950213217860437 0.833455630952783077525225507998 0.320618345892836997812480603898  | 1.244285699803320488499025486817 1.106775080971049707301290254691 
0.562195184511721790521221464587 0.356511241787998756080924067646 0.225213186292082534478709021641 0.931941804801499573684964161657 0.579312193784924156503279846220 0.871966047681522304912959953072 0.065968138165272360851076882682 0.859898420181449685273378236161 0.746560990901096177552176413883 0.127560449487050808770050025487 0.041273171768861471875311508484  | 1.368019129460311233970060129650 1.665309540237061458611833586474 
0.607021844639457741621413333633 0.208921586268386416662679039291 0.960823734893070935392245246476 0.039346717319638013776739171590 0.991675788005985880957382505585 0.357098880863442658117890005087 0.981774336640449551971698838315 0.332187782252094221391303108248 0.437383502053938610920624796563 0.394531206442637727427324989549 0.438580264118696550035281234159  | 1.186904621350609811969434304046 1.672111944089577306726823735517 
0.302876563939413867565519922209 0.380548345802222964806560412399 0.250293104534650145964747025573 0.042993832443020574274328282627 0.868503994335109275048978361156 0.023521196713119252308388240635 0.233771377483498743465872848901 0.522242144918583117707555629750 0.695079515969723171764371727477 0.926958429634852532075228737085 0.846918961881935272728583186108  | 1.831565650236697262442930878024 0.943677923575412802570383519196 
0.496151241313975255309287604177 0.950816621201901690518809573405 0.001866867457972376520558555058 0.423200870491197589373655318923 0.045510776646524919719638546667 0.077508337839320096129824833042 0.579914417984038199627150333981 0.563406240274049840976999803388 0.654772035217538905804701698798 0.791131135933456630660032260494 0.025423772497765173561390383838  | 1.555529363856875013638614291267 1.536833895268494343255838430196 
0.215756371553716408406842219847 0.316072452815966853378881751269 0.848428505478490579960748618760 0.823515372708575998927926775650 0.243595468629096534307620913751 0.459655476670853935239335896767 0.264098973085119537174136894464 0.159116259270452697904829619802 0.599684253469284334059352659096 0.798376200974253880104924974148 0.867115668541998618756849737110  | 1.634286611975802605556395974418 0.576102683593778697179743630841 
0.509592279906063483352340881538 0.729061944978107279169421417464 0.981125183599597883166154588253 0.577445326326951779982721291162 0.448765177190324715539304634149 0.020457361518747441131438336015 0.782390082342129589143553403119 0.166646572917057977925026079902 0.564154209213000967793050222099 0.386501136551322566070609809685 0.815890708706001110961381073139  | 1.274492802350453812820774146530 1.313490234695271485776402187184 
0.183497813770621243101288655453 0.745067363339354526985403026629 0.723274264503671160397857420321 0.143247282527495300996633886825 0.533583508154866659189963229437 0.738178868011353017664077924564 0.872532305581240286151967211481 0.173284528968819073746487902099 0.235414947172185029522495369747 0.838896010649412215975928575062 0.504500362965159987460594948061  | 1.654257591047748610080247999576 0.490478362262093070533808258915 
0.513432677260224346049710675288 0.736559749831465992997436842415 0.533401552536957090921987401089 0.139442049357001995879556943692 0.042396013113521369142233652383 0.656326051156546963483151557739 0.073476967728258402168250995601 0.674622154450975730632933391462 0.144568347292722942931675333966 0.680272388964877294803557106206 0.931997032100974287516237382079  | 1.369378592131657690345036826329 1.428420924550804382846536100260 
0.564315484650579124448199763719 0.185976158751971265559177481919 0.239703056720576346272366663470 0.300443413307170392734235520038 0.354234073335648935731967412721 0.436667135456542898630516447156 0.029822732119183181787036573951 0.916593167206185888140623774234 0.918598830352216344508065049013 0.852139243528946099814902481739 0.980341424381531378884346850100  | 1.363005294376171239179029726074 1.670518586339008848540288454387 
0.477176442166554637402953176206 0.343928142513330592500153670699 0.310082695448351652878216100362 0.507035718797630541310184071335 0.926253924133896844317348495679 0.124656923728117541294579950772 0.116720246156931328762595967419 0.943358202312737370576201101358 0.724899233245995477936673978547 0.192493514091022888123916345648 0.829319890941186188548783775332  | 1.449437694266567655532185199263 1.349065113252805092614039494947 
0.797064912877132991653184035385 0.416809698949018758717954824533 0.391469167574980514423543809244 0.209062120469748369266937970679 0.720013948211577048397202815977 0.428156009006480653411585990398 0.729979437460515079294509632746 0.534331477093817786006013648148 0.469907969345136677929986035451 0.897291878353784766453316024126 0.331358570241675143286386173713  | 0.438183585972787781326331923992 1.327730317417917582645259244600 
0.764725938957823148101056176529 0.246097822337116522994904244115 0.799319140014164708496480216127 0.223500812706515006311747129075 0.231143149213722476353893853229 0.946278381447343441834618715802 0.048627605240701532451907951327 0.118694701015253700759899402328 0.895537808336674845399727473705 0.779601129719164509523920969514 0.320939163169201457925794329640  | 0.764967787303117541242158949899 1.974794175513674643340777947742 
0.367394742421004782961801993224 0.704081661595770902373203625757 0.342377136479869004226372908306 0.625586314164502610424278827850 0.264856883581566449059607748495 0.864414847258510032901313024922 0.954608206239398682235730575485 0.716412338286242289520089343569 0.950292951504362215509047473461 0.397665555007156501510223733931 0.094407515305442446518213728268  | 1.593631231143207038769560313085 1.037509352524403904993732794537 
0.288684280398186499105861457792 0.908344486478901202985980489757 0.535717474349347244633179343509 0.108136250998532412737063168606 0.637347995442378190134036231029 0.806321919412668175475289444876 0.685450017992463411786729921005 0.972320448904872902673446333210 0.803511638288244567362994530413 0.861646723366277678124447447772 0.581638633829879792003225702501  | 1.727147514242877601731152026332 0.841699083992487162575457659841 
0.564327012794166082976232701185 0.989143532279150194952421770722 0.139640976376625758348382078111 0.222172262538125941944144869922 0.782279787248248537068207042466 0.491133931992428718338317139569 0.678501318731170921516593352862 0.860484385987485445035360953625 0.237885307851624205888185770164 0.879026939436823973039736301871 0.399399357869976490142960301455  | 1.207680663655315234095155574323 1.480205240432010738160784057982 
0.322402183643576312199741096265 0.102784887176794015317682351451 0.300717633990847166280957480922 0.184296473862229803764023472468 0.320019758007948240674522821791 0.092631442018136889160473401716 0.728009557681149610530724203272 0.784457951352673266143256114447 0.924971429448911863779869690916 0.527846931953430575923391643300 0.903079215591545469976608728757  | 1.724705142216883535510874025931 0.956657117858558114775746616942 
0.664459188507236730991678541614 0.234992127219998625520247514942 0.234357280427364811359325358353 0.091502172837096718005511775118 0.724106118909217499890473845880 0.266347817992452995383700908860 0.627560769022824982421582262759 0.217036489605503923883134120842 0.919116743731679064488560015889 0.083053855317577252037608559476 0.714642073296785862446256487601  | 0.957911480488169209124293956847 1.645944393085273294019543754985 
0.825054722158946929333467323886 0.942977778609892514083412606851 0.303184130520926298224537731585 0.162071996404772433741925397044 0.563697213267662866620355544001 0.770311732377168878471707103017 0.396392580278294048845566521777 0.857661509486225326348574071744 0.669655997326006890979499530658 0.309949563952769180374957613822 0.363712850949274635325991766877  | 0.447311400515450541259809824624 1.586568596458376001478995931393 
0.380497554525470627062588846456 0.632638258757801774656570614752 0.443677062491295681745384626993 0.402355868222379564613788716088 0.571964638985303364115964086523 0.593947845155366693781218145887 0.248214329995655402782972487330 0.537163820295791571979293621553 0.234085954343452695702865185012 0.364602144224375868120091581659 0.645210269062487018487672685296  | 1.007849594111889457437314376875 0.686085980292154173909580094914 
0.906089676961572942914813211246 0.424998903079839895902125590510 0.397117540379179012610677546036 0.839302008638356022984794435615 0.187949801471502420113779407984 0.516429322326398487774667955819 0.296787172719822578415005409624 0.467573575474455327416478667146 0.021365429950598646691162230127 0.729743360543969599163460770797 0.012452619690807131824783482443  | 0.263226242988616909723731396298 1.771453445120178216143358440604 
0.739072036227519379991690584575 0.920220079465376539218368634465 0.551658215104428029107452857716 0.876342695516652558929138194799 0.690275573795757324546684685629 0.156044918695846246414760116750 0.190510106197306572362037968560 0.676757099453256460996897203586 0.990683111657639003944098021748 0.668993261248092774273743543745 0.299857044282860862871586959955  | 0.761828083973227654368542971497 1.753463962858230251740110361425 
0.589781858157511607032574829645 0.328267603465791868444512147107 0.666503269757256822103386184608 0.326988578530038487279796299845 0.427045809354096972398906473245 0.439610967551322562307802854775 0.700607167279105436108466165024 0.622329571011856486073554606264 0.615480279843121924621129892330 0.458281984450860990776277503755 0.803689292208348282642305093759  | 0.756050842619455654158855395508 1.006246887246676768867814644182 
0.213234418065922914919951836055 0.290731510830119166399754249142 0.422999960177253053750234812469 0.643477133802286327401986909535 0.218653517272740849364254245302 0.520049884761641489916428326978 0.167385935690468001801889386115 0.513611078630160644564739413909 0.119439457755462608012919645262 0.686955751496018174329094563291 0.389814442867831623118490824709  | 1.371878014713604487795350905799 0.477499477332302024734644874115 
0.963644997509709000382827071007 0.143820018208434818873797667038 0.812574010064867957581213886442 0.243697035519511495671451939415 0.927444575398109871677831961279 0.921225751465616915503176187485 0.110118010941694599580387148308 0.794474986792130133395062330237 0.663994976945270432011625416635 0.022880698050630532414118079032 0.290609397118451018293683318916  | 0.124852325682722392619083962018 2.183937091523201257103892203304 
0.966716918628978905125848086755 0.593428248170830729968372452277 0.626067590572433108064842599561 0.897218290641383253714025158843 0.093429362149145434024433143350 0.653310038917536251013018500089 0.248920058201714478052224421845 0.853979494260130644889272844011 0.216132281913808954598721356888 0.893013161935344523811863837182 0.052116284731501205662596021284  | 0.104262930095520442441703323766 1.992464462658834145614150656911 
0.530405636597544916099877809756 0.588013217594719028724625786708 0.732522677308217740055340527761 0.877701563730889366965470799187 0.912347883176334750743308177334 0.263065530799196700684206007281 0.755531347987639545493721016101 0.880565100715944404363710873440 0.874518274455962640878681213508 0.635862067337590430859961543320 0.566901160106881074618456750613  | 1.213240332710538549321199752740 1.335041613972171470337002574524 
0.037658206347340850150828828191 0.699786351128277916977538097854 0.733560330359207757311423847568 0.800978218781663864334063873684 0.542392676909939308593777695933 0.607177805129960002084033021674 0.969019532094320235060536106175 0.366560221641407446568905470485 0.721971780366577609022726846888 0.949709797948217637753032249748 0.997102136152113960321230479167  | 1.931359562149036923628386830387 0.114379871858640028148279554898 
0.397718348894774642587890411960 0.370883675445751848087638791185 0.113071497204741411302109099779 0.630640299678021820639628458594 0.787527207453423749861087799218 0.289684371959578634836418586929 0.601263195453825893821431236574 0.856373926956265907328713637980 0.931424403508378628835373547190 0.509249342151887218754779951269 0.089126723053746359504145857500  | 1.462156267194218983718201343436 1.054332880655306281525440681435 
0.507957950870844388013836123719 0.245672849957986882962757135829 0.206038829172170645520623111224 0.227658224269831954700293863425 0.187665421106409158191752339917 0.309139792160030735246323274623 0.252082309882190824801284634304 0.056817171815310429927592394961 0.053861165956310297353581972857 0.924049175477043571724777848431 0.244745138262401296103121239867  | 1.439109127777457919350467818731 1.475545136587599559518935166125 
0.643718450222613092215340202529 0.628965454420319147743612120394 0.499499941746608611126134746883 0.722545686703393585936794352165 0.540238541712794839710909400310 0.618279758523692657412595963251 0.564295122300552010052854257083 0.614869086459983060777290120313 0.036639234979078616483150199201 0.120691881223122576827222474094 0.021156294445657697345097858488  | 0.895586712189600842037862094003 1.429607980147696855155459161324 
0.498886494540972669220479929209 0.224564726437373352041504404042 0.632028713772902484002713663358 0.706309054004164105222685066110 0.035407306529364745983912143856 0.567865926881230387301968676184 0.571425308555913669117387598817 0.622435964573771816077396579203 0.579044895522280000932369148359 0.513039994150570777264874777757 0.113609030870297278426050979760  | 1.085265706667392304751729170675 1.081475876150218784488288292778 
0.455041212865876620874416857987 0.089841880136594665096083645039 0.172012764361344716590451753291 0.042892735163330697467642949050 0.884632118426566416147238669510 0.428780990381525395349626705865 0.748280463117714789156309507234 0.773188783735717977130263989238 0.385414675647665627700177992665 0.382233049692130899543940358853 0.361079113915696026104740212759  | 1.374792108639339094366960125626 1.193139847493352334595329011790 
0.250191794222629271260416317091 0.091915202759083713957011241291 0.131753805137049151419148529385 0.562962481016050397819583395176 0.657655658186676150833704923571 0.894954141449661788598746170464 0.820966620426901161344801494124 0.363558476627148241533404871006 0.937824033595973549637392352452 0.466690758479974543426749278296 0.928913055348564387081466975360  | 1.833993845953578061269695353985 0.760312530410420017723538421706 
0.732632855807416105697882358072 0.092429798301873367094572131464 0.772617011403955333825877005438 0.097823540969814493095668694878 0.137127027798686018655871521332 0.209189574718860127333641685254 0.172185053388744013780353725451 0.625080175574784902003955266991 0.175768712359328782568468341196 0.471556354526683318972857250628 0.258303774574947464515162209864  | 0.777109221083573276089850878634 1.740260067752256833983892647666 
0.246732404728188248199671761540 0.138420827830912585021394534124 0.472353892480764314676378035074 0.448323338953711125753898159019 0.486525953386643505993447433866 0.906639464113875859219149333512 0.719914945010321272178543949849 0.215672614552177455138348705077 0.757133404595974335293817603088 0.083332260849684147707705506036 0.032195736060998125793730650912  | 1.747494626792245098201306063856 0.713349856375058988255943859258 
0.295651671088808964960037428682 0.899395857965486378304831305286 0.613879255702290738128112934646 0.262790295125409412158035138418 0.470042385911415894206299981306 0.434298280757227650461516077485 0.413246389854911688743754893949 0.406859842133535987152015422907 0.887959818575785875260919510765 0.937840318510968495857582638564 0.983484858339193301901559607359  | 1.632730931234015914199630969961 0.817919090195558085021332317410 
0.831538105561647200580921435176 0.925280359633156468390779991751 0.904471907332418112446248414926 0.412278225945802101470860634436 0.980457651427814269595728546847 0.261754509731071283162862073368 0.387368268120908743057384526765 0.478775211533789768481028659153 0.662318104681809627365396409004 0.145406499363518570966391507682 0.493058389626654935966598714003  | 0.472089545226136830802232680071 1.742195726334437866356097401876 
0.008582941909399566249305735255 0.099558069076051025625417878473 0.267310809927241432859545966494 0.758259800221189772528873618285 0.281074885747371050470633235818 0.558176325301491749186766355706 0.893516090715732347327104889700 0.503525752838745899175876274967 0.053444368625062854682994384348 0.522053213215028399929451552453 0.844673037231630230436962847307  | 1.805909798687106215808739761997 0.024348848026937354449561468073 
0.154589479790904871236989492900 0.789132153064762031924317398079 0.266285435408167292514747259702 0.211846668165529550265091529582 0.304717667386442014887393270328 0.759906827442941912309493091016 0.644622524146970632408226720145 0.914014202628257499405606267828 0.084188086405774575915472723864 0.779528563041157696034133550711 0.584414300046378620834275352536  | 1.725277415437978190126955269079 0.427380145075065387416657358699 
0.993014328467394014055003026442 0.979295502854109378709779321071 0.439740397044311559504592423764 0.386967884310592480368029555393 0.148379663892686086690275715227 0.438840059262950221707910714031 0.657496289250685705951582349371 0.863617313880241987966712713387 0.579806508010938248531829231069 0.978751367435935271110736266564 0.773598457873780565030585876229  | 0.020200569692096961155192147430 1.840848923655477253902290613041 
0.054722820733856147867868457979 0.459289775911385866891123441746 0.473658142060647380233717740339 0.203756950503248601691552721604 0.222451612591698100196424547903 0.108528722468469673856361623621 0.646953014690594074842522331892 0.243337294428815242852692790620 0.023826115882710996451976370736 0.899296771933418725986086883495 0.052009542520489504546787884465  | 1.987375013675026336201767662715 0.171253584693968730068291961288 
0.340866059586777847556504639215 0.911457578865024098391245388484 0.432982723091692722761081313365 0.540717254383502710091136123083 0.874786625420478802794832517975 0.268858562433340941844051030785 0.330395547641103681790752943925 0.223478045418859405657485694974 0.487910210112832865014809158311 0.629441075746412947999886000616 0.428776433898461317717476504185  | 1.287098994712902788606356807577 0.763553508141732506508958522318 
0.120806701640115754514681611909 0.493712352053460867828960090264 0.703536979487333624661005160306 0.821785109835985183579509794072 0.084518183240844368953048615367 0.689759140212483745635552168096 0.281074140247047798979451727064 0.944915646156593180826632760727 0.875100198524434325086929220561 0.601335742802814987584270056686 0.130763363908193874785013122164  | 1.852958975817595943524906942912 0.355904863999817244746282085543 
0.889835381131343305938230514585 0.214275892887677787967959375237 0.870980608578751702708586890367 0.393260088521417916496147881844 0.326924104351249189548411777650 0.103905269763467922317090597062 0.039227577207778696610773749853 0.815329523972433634071421693079 0.449133015400054014243380606786 0.360936254627519215176789657562 0.505104118354561149040193868132  | 0.301528446360904256451362925873 1.725046277165482422333298018202 
0.349854427107696430709893320454 0.010963963145850241787115919578 0.266161182670476725853347943485 0.444842684405352462029270554922 0.617054949426965038128400919959 0.572978106009841336998533734004 0.173858173667758242331160545291 0.298732367763890449552377504006 0.033835721279342090284103505837 0.898498259349346239943656655669 0.453387077931041160283598401293  | 1.569987376791367905681795491546 0.961595755252823369829684452270 
0.328526412003191992106110319583 0.583822760929304074295487225754 0.989481057615570813723593346367 0.351471004012946397487837657536 0.715268633947051757360213741777 0.320028910339344885294110554241 0.139432024665347320535602193559 0.984598538674932299841202620883 0.083967247960985091914665190416 0.602876527120435490303407277679 0.979929804959258632379714981653  | 1.849364287239196658063633549318 1.049192786018423806382315888186 
0.406353460510462949351051520352 0.083128295983996292051187992911 0.529753291237652468304020203504 0.608625442750002076941484574490 0.644061208799234008459677625069 0.885552863235751219761482389004 0.606423095991894367529084775015 0.914932104102991528016275424307 0.455582902078654705668725455325 0.130044066134570868165099000180 0.086970980360773664230578106071  | 1.484790418348594487341074454889 1.101569697950124160357177061087 
0.595214092704114627885303434596 0.250149901556292464377406759013 0.493258697832793191473399474489 0.500695422311540294657561389613 0.700278082596912931911958821729 0.929603136234101401491614069528 0.229647012209541423466419018951 0.555071288185089439792818666319 0.461903718137467667048667863128 0.146164825233261574943810501281 0.805868133170358214023565324169  | 0.940344913662580661473100462899 1.274021574855155103378478997911 
0.611399365767242297664552097558 0.891050803619493070328871908714 0.986906628010954967145096361492 0.243795808367252897497223784740 0.574151978525815454013070393557 0.430602134457776619669289175363 0.171268315173199625611744068010 0.563580152164302794481898217782 0.754513158635624847647704882547 0.590172014251569621023918443825 0.894271525029041725041167865129  | 1.035449199251096352725198812550 1.480200722581020311707789005595 
0.880919897011279373622016919398 0.179190202309703061622769837413 0.194692782849059997651863795909 0.123796251594171846655001445470 0.072282683698301042340972344391 0.473580091070845310419201723562 0.369129231529789048060763434478 0.804188709069800666817684486887 0.343426971164256800150837989349 0.991483359793573493234930538165 0.182361586769930417162299818301  | 0.371537409811527441494405366029 1.963074079268765759209713905875 
0.777954627758945860271921901585 0.378081691848328516059041248809 0.460420200393453327158965748822 0.728362005936096790215117380285 0.076233101972091987796886769502 0.565280046139531866522531800001 0.553996404217155680171913445520 0.912698932787785466302921122406 0.039296374956132695821509059897 0.225416646323633784732010099106 0.816181446258893328327133076527  | 0.619701598594536107178498696157 1.704088921719413285416067083133 
1.000000000000000000000000000000 0.499990849300448458869539081206 0.499994782452977848397068783015 0.500007723859736796789832169452 0.500000511584155260536022069573 0.500001898299537117509316885844 0.500005701741633834522815504897 0.500002513826162342525094572920 0.500001896695447589635818985698 0.499998523140679662635221802702 0.499999873386787307971701466158  | 0.000000000000000061232339970784 1.000000000219105178445033743628 
0.000000000000000000000000000000 0.499990849300448458869539081206 0.499994782452977848397068783015 0.500000593539226434458555559104 0.500000511584155260536022069573 0.500001898299537117509316885844 0.500005701741633834522815504897 0.500002513826162342525094572920 0.500001896695447589635818985698 0.499998523140679662635221802702 0.499999873386787307971701466158  | 1.000000000159799506960212056583 0.000000000000000000000000000000 
0.000000000000000000000000000000 0.499990849300448458869539081206 0.499994782452977848397068783015 0.500000593539226434458555559104 0.500000511584155260536022069573 0.500001898299537117509316885844 0.500005701741633834522815504897 0.500002513826162342525094572920 0.500001896695447589635818985698 0.499998523140679662635221802702 0.499999873386787307971701466158  | 1.000000000159799506960212056583 0.000000000000000000000000000000 
0.144354517417374733634360950418 0.498384546302489683800018838156 0.499215197464939752780566095680 0.500920429244137377366996588535 0.500000511584155260536022069573 0.498933208153880813906511093592 0.502228526370765426811715315125 0.501695170728362893619589613081 0.497223536706597302181620534611 0.500574616343940292928493818181 0.504990680892687282543818128033  | 0.974446650158673821628951827734 0.224823756118421258509698645867 
0.167852598402692815282577498692 0.499308306937205625963827060332 0.499976316678488852396355923702 0.490001938780385282168339244890 0.495576161646445578767838924250 0.505402863895586751397104308126 0.502413721776248878292392419098 0.498587964890506829540584021743 0.500428225437866580627144230675 0.503228565226643387298111065320 0.499583356629635377821330166626  | 0.965604010757058262015561922453 0.260661709095161564508913443206 
0.286051435124792863273768261934 0.496686496841730273921200478071 0.503918937227324503780323539104 0.493559411607907949637308320234 0.497880124225682785255031603810 0.499300607470254398378983751172 0.505855010793623494080861746625 0.496302016912882948407315097938 0.492194461396994353830081081469 0.500348452716823710595406282664 0.498049262012291715784328971495  | 0.900906146842099131433201364416 0.434441447268071156972979451893 
0.213595559927772904451614977006 0.495712610848527857054790501934 0.496691797427398384900953942633 0.502112102616489530682031272590 0.499029910080949767881008938275 0.503597446652774061170987351943 0.502470796273951192389972675301 0.499000359822251160490935717462 0.499830164046264791011253691977 0.507351433527667872169786278391 0.500278033362168361719568565604  | 0.944343678393229080114679163671 0.329291475420440127308552291652 
0.740769260744729152179388620425 0.501071547086096802381405268534 0.502717204895695934929733539320 0.499203995152766422105372612350 0.498575751136163425325520393017 0.495473006025523410311706129505 0.501020365395074995795710037783 0.501912875377988565439579815575 0.503478476875787728239686202869 0.502948330976007884629552791012 0.500329405418169836927688720607  | 0.396061318790388805499702584711 0.918286454132021146001818578952 
0.461553570958040282334877701942 0.498499617028069053059624593516 0.504404524347104921133677635225 0.510754699724936145344145188574 0.501986747152112333658635634492 0.499125984845425807456820166408 0.499876770956397320500030900803 0.503228838395659683335736644949 0.498365227599264215552210544047 0.504667056915023115593044167326 0.499453087053167266162745363545  | 0.748627657223461140389986212540 0.663257944298720314435513500939 
0.046418908336478548193326787441 0.496343873647981714825050403306 0.493375023041473237395138085049 0.496024796253807520596268432200 0.500829502871691145671206868428 0.504479509315181928741367300972 0.504220132964339429193501018744 0.497772147822256150195840973538 0.498177081103172880727214533181 0.504383421605494652872891947482 0.498799630855665587780833902798  | 0.997483095943605735378412191494 0.072860299034712375232381020851 
0.339418987934130389483300405118 0.497719624835000429285969403281 0.500374015302044616859689085686 0.497188351686453811062449403835 0.495276342182033701977417194939 0.508433750492042646484946999408 0.496973375603151357182696301606 0.499532381943191439166440659392 0.506896245543331458449642923370 0.500780976211561923427950659971 0.501624064233954114477853636345  | 0.861349956536996530509497915773 0.508340459530720045755458613712 
0.228234461687975731525312994563 0.498452342141743220960137250586 0.498809928685258974212501925649 0.500801367280923837022044153855 0.492794660334658851663647283203 0.503408757307732934727084739279 0.498555147566021539251579497432 0.505458131149323697250963505212 0.500654194398189700265788815159 0.498712967207506074895917436152 0.503268377459583970967571531219  | 0.936526198863247172354817848827 0.350918741374975140523417849181 
0.570522093160495735730819433229 0.496561074476993324910978344633 0.501699018992021739116182743601 0.504539415539428603985072641080 0.497481936318241113603733083437 0.505496106347547269344033793459 0.499838417389406264312867733679 0.503299463084001419410640210117 0.505323124400038126147194361693 0.496496710660152773542108661786 0.498049262012291715784328971495  | 0.624681859045105869476799398399 0.781042238563777302395862989215 
0.022805081365837254203654538287 0.498919309652483322636840057385 0.499591472793471824687117077701 0.500632651516908278033213264280 0.498417720411240217082138315163 0.501857381330922946993666755588 0.501817103770705874588031747408 0.505091547478098368273435880837 0.495232049355459391648537348374 0.500242668992712857800597703317 0.501737039097157278000338465063  | 0.999421139357615340159668448905 0.035816723638580620636684415103 
0.412493058235113230214352597613 0.503682985240561542639170511393 0.490037639335175745358696985932 0.487696836731473015724702690932 0.502509807693342969159289168601 0.501593546118367705766161179781 0.498250832405019439264037828252 0.496862120038052412773765809106 0.502958153718114808761185940966 0.494889819449210011104156592410 0.505908600235784211562872769719  | 0.797610845383782463002830809273 0.603761930463970197813239337847 
0.267049019463016346076500440176 0.500518943555744111328920098458 0.512535003194200533549462761584 0.500779875318248857141156804573 0.501905499168397106757311121328 0.492962806812070608586395792372 0.498186453543157270473784592468 0.493291988239334344701347845330 0.499401659621130977750880219901 0.496605050849631524112481884004 0.501261351940350263767243177426  | 0.913550263720171895620580926334 0.407396399028598199532069656925 
0.445694709609949279993657000887 0.499042192060125233687983836717 0.503131813569586139323064344353 0.503435919699584677466930315859 0.495998368059504812777049664874 0.501522137421028468828865243268 0.494514090459396038479411572553 0.499064847059331184730979202868 0.503305248978375474599999961356 0.496933402125312118080557866051 0.499929455085591778473741442212  | 0.764851074030771238554393676168 0.644350193707661222930482836091 
0.624162815242544133376156878512 0.497978205463106782246995862806 0.501823385154403389663002599264 0.492270325958641730146325699025 0.499428004319085516726772766560 0.497322711423106411654515568443 0.500652786287066997594763506640 0.510458694848923033582366315386 0.500519935764645040876530401874 0.501868001134510133276478427433 0.497820705743061364678681002260  | 0.556770595694045966617125031917 0.830898604305245869205975850491 
0.426119823114048057455249818304 0.496485021246896585100927268286 0.499799561428648619898496008318 0.501810964714941243336454590462 0.500634957841225136654372818157 0.498494390953115706910381277339 0.497970860795333647441651692134 0.497236848951718879430217157278 0.491018015803658558482425178227 0.505102837952447036862224649667 0.501216449062963920191293709649  | 0.784335173864359691542347263749 0.620560180981126197075070649589 
0.824808243553649456103471493407 0.500618718381061644784324471402 0.498083432807350900972664931032 0.499093828480718593176845843118 0.501822998810083409360061068583 0.497285522627055276423391205753 0.499820726668992021402004866104 0.496963802934254073040420962570 0.495988085112255172592909957530 0.495025025958104158974038000451 0.493415134194484794605273236812  | 0.271759964620901406373576492115 0.962478355679834307601083764894 
0.322153578626947600938024152128 0.493039231606701322530028619440 0.495969916347145101109816778262 0.510287748338889124433137567394 0.498935602441223535752357065576 0.501065253286622103168213016033 0.505619669605810950763213895698 0.496589680402516719937011657748 0.503826577985831636219415941014 0.501825277140888093008186388033 0.496571816450939951259613280854  | 0.874886916048764562425787971733 0.484834423993572682931585404731 
0.402616409002794328753083163974 0.498511960034472567659946662388 0.498252198196610429636876915538 0.504763196754247522868297437526 0.497377720146967461367637497460 0.502434460007470828912801152910 0.496194865277033381190108229930 0.505073805563927891171260853298 0.503752420174975901190350668912 0.496661806383499992989527527243 0.500006116102119868571662664181  | 0.806680127893652954007563948835 0.591167993246595413481259129185 
0.200575448516322862868577203699 0.506271580269879728497528503794 0.494821872980606258796143492873 0.492516890576945531865504790403 0.503646946034807974079683390300 0.510465202935219686253276449861 0.501513490531710015574162753182 0.497420304415986169743746359018 0.498600049540417922244728288206 0.503653850432213556764793338516 0.509405025020252200107506723725  | 0.951116871449604661670207406132 0.309987374526873082913880352862 
0.987269851021024602566455996566 0.496028449472163901479149217266 0.501825248264004653009351386572 0.501617264724914635465324863617 0.501938565259599345225183242292 0.494463502245110708699371571129 0.501893643971058622810232918710 0.496693753422971784328154853938 0.494844256542127325371183133029 0.501583503031532318416907401115 0.497882190256191625721271520888  | 0.019997222599541352588969900239 0.999904278971216364801932741102 
0.192421512183516330019017459563 0.500843902075520652772411267506 0.499054451555646261251553141847 0.492193868223378794279909698162 0.497669946347010616616302058901 0.499178502322976003213739204512 0.499491681129958065010754353352 0.497632920646956466992349987777 0.497162967922053222746825440481 0.503113245382802776184405502136 0.499843908754595112053920047401  | 0.954755751178308353921408979659 0.297701208773133940699295862942 
0.974349139437667322027891714242 0.498376229914606894144668558511 0.499837954761193248298667413110 0.497896593773713314057260959089 0.501424132647650622196522363083 0.497573097220786408900750075190 0.499151233687521900250771977881 0.497912596973870802408157487662 0.494430961856769157769520006696 0.502222443109338945177455570956 0.496791814751747551337501818125  | 0.040284048047882672904940193348 0.999254650927619558764547491592 
0.757809911827471593959160145459 0.502836338613453559531762948609 0.498252198196610429636876915538 0.499251481266542396220131649898 0.498643732706809617027943204448 0.502434460007470828912801152910 0.502151897333090513342312988243 0.486679439967379279252668311528 0.491899406091694746390174941553 0.496661806383499992989527527243 0.497101018363906466124291227970  | 0.371427412096917042294563771065 0.928770737112245337030458358640 
0.611471914930642124197390785412 0.498789178931660193150321447320 0.498142608559210886554069475096 0.482378124994996659857804388594 0.499847714245893914863927420811 0.505044318403455871901996943052 0.502425432045658260094000979734 0.497445070826197488500497456698 0.507209434690339855400509350147 0.507537375111007937888984997699 0.499912668549781114002428239473  | 0.573376937411207876493790536188 0.819855684119221606032112958928 
0.675639735864195900560957852576 0.494664844390139191165900456326 0.500617245390280185546316715772 0.494633238878841197116997818739 0.499486365896388506691039310681 0.499837695757202216118031401493 0.507023997494859712809045504400 0.499773579104463183675477466750 0.498562865652266928861990891164 0.502229408419581191402869535523 0.496220185128499136073543240855  | 0.487806975402620413007070965250 0.873098886998427525796273585001 
0.295657117811234049220558972593 0.503631319870560645313162240200 0.501844645117453191929257627635 0.504273224636472838788847639080 0.500508681775209463005182897177 0.503005144305540108362606588344 0.499406011791467208116301890186 0.499623807540702180585157066162 0.503172914447960195616360579152 0.503568947377887377037097849097 0.496916679287295715017336306119  | 0.894151588283456755235079072008 0.447936193724241427105425827904 
0.512285553896502765525156064541 0.498929097512576413819829213026 0.498603706555129033706208474541 0.501343360007669658351403541019 0.498832565298898855665754581423 0.498039586748758977829965033379 0.501476764131772112520479822706 0.505142395489968865085472771170 0.496371765349272908718347707691 0.502231650367001791757104456337 0.499610143721932464799806439260  | 0.693369683237197831360276722990 0.720661184495278717143662561284 
0.497862853563433738202093081782 0.505594753363529103573625889112 0.499321674020296202289870279856 0.501198340496107785924095878727 0.501901561408608531955621856468 0.488168228022894890028027248263 0.502972341259553479275723475439 0.503878936269320787388892313174 0.503798304238188499049044821732 0.498387382340591100771121091384 0.507163946376033014651341090939  | 0.709667439153827572795307787601 0.704918625098142737073203534237 
0.128154776539863346496161966570 0.497179045562580135264596492561 0.500335064309486154954242920212 0.502436799629871533312552855932 0.496703388492085784466922859792 0.502300726777099360020883977995 0.502773935249099190869515041413 0.500634072802407903424182222807 0.510244065753830189358097868535 0.498274659583875512147699282650 0.496361312511075014608508126912  | 0.979962673658145488886361818004 0.199980075789416927856123606944 
0.586522501691331910045335007453 0.496264867527190789431301709556 0.507144680858734431261325426021 0.491668618595078155131261610222 0.497914558055230549449277077656 0.506364666735455437596158390079 0.508043669706239930938806992344 0.493468260405865277729020590414 0.500849657222814048651571283699 0.502725739812273419993005063588 0.495250865124223726976282478063  | 0.604971395953012303081663958437 0.796645709382091116168567168643 
0.597885777783309313448967259319 0.497584242774175844470363472283 0.500823174996001818648494463559 0.493230538979312904679375151318 0.502242453458387250186945038877 0.500971145933771566660652752034 0.498470340534201472593167636660 0.498852219367086680001932563755 0.508003441836388791585932267481 0.501537927087652435353959390341 0.498251468556422605349354171267  | 0.590546376129972183655070239183 0.807166579096278646865414430067 
0.715060084234410364700806894689 0.496468178819044370086999151681 0.493424861927098057368112904442 0.495246645676344687814207645715 0.505841231835934102001317569375 0.501839582148131624350639867771 0.501254018337931150917086142726 0.495187751220963479070746871002 0.501202647377389176597262121504 0.502820333779372852234246238368 0.496466447983757164230667058291  | 0.432857794196024214805618157698 0.901642390037706187300159399456 
0.578862669887588054962179739960 0.499669307578015919890646046042 0.501034138542171714192363651819 0.502766878363688829445266037510 0.498421486253995460469212730459 0.504464823063908718303594014287 0.501583667018963508255069427832 0.499653490624302643041687588266 0.503360001949512914087847548217 0.502742024242766594177567185397 0.498113077016306970978831714092  | 0.614352257832507131496413421701 0.789103175580227911289910025516 
0.555175225332512289888597933896 0.503181326133853468185463952977 0.503208898254108194514344631898 0.490701152832357212485447917061 0.496071467750681782682420362107 0.494408810936447729034171061357 0.491457189879338840476918903732 0.510676342827212081942889199127 0.498365227599264215552210544047 0.501542165654028204713199556863 0.498321945616161554593048776951  | 0.643469260369401774291020501551 0.765927056424735908102263692854 
0.799605612204893345662526371598 0.495789296245171928756434454044 0.494806818703863560138245247799 0.490886090238933314733316137790 0.498567605644698097488998200788 0.500322437210786952199725874380 0.506489546403972812349536525289 0.498817162093321053717431823316 0.498719350278334194737084317239 0.499729045469485821939770175959 0.498019706861719146928635382210  | 0.309661557420120969741361705019 0.951035165015552630407569267845 
0.080585270837792072340377558248 0.497082673844988387479304492444 0.497882833567993787760030954814 0.515315180623102664370094316837 0.504930503950781650601697947423 0.511226758012715554180260824069 0.502608521033786281861921452219 0.500843986067998181432869841956 0.500721819718295102497052084800 0.497468197496537423152318524444 0.492873536331449757508238462833  | 0.992458484694164422279527570936 0.126303740714795498245592852982 
0.962416420243357384478599669819 0.499927227755822600752111384281 0.507611910149195155739221263502 0.503769595779938517132734432380 0.500582437706933558452249144466 0.508246263593795211122028376849 0.500558012373087724000697562587 0.499131492312674451827803068227 0.493058041546224901097161819052 0.500756459198496095552854967536 0.492823234565546608454411625644  | 0.059016130700063083869277846816 0.998499282407496524527346082323 
0.353291376439774207351973700497 0.498314539260581224056068094797 0.501034246638923486116823369230 0.493395719434743862397141356269 0.499392967137290588741649344229 0.501619930597924423842925989447 0.501015789203078321101259007264 0.511679685892329816354617832985 0.496522815552944030148552201354 0.502768451101921032275754441798 0.500306355103332767164658889669  | 0.850104048647269960881089900795 0.527009279495380900115719668975 
0.249660021908212848007480033630 0.498919309652483322636840057385 0.500746663983154816079945703677 0.503072272148266885771761280921 0.498051632880368078115651542248 0.501573577306244300366699917504 0.502298959988261572995327242097 0.489701603240822902485263057315 0.502109648593479840350539689098 0.502317167682951648544076306280 0.499521103828191370688216466078  | 0.924212056274889670604011371324 0.382243051230928998496239046290 
0.702809536372971388473729348334 0.500854762810628129088286186743 0.500039675067346700565451556031 0.495586137329571241316727991943 0.499704567940843058515554275800 0.495450440133456460056748937859 0.502557002808495023593593487021 0.489357980022087912796990849529 0.503939301606188938542629784934 0.504667056915023115593044167326 0.491921843360998423122509848326  | 0.450172413479834665483991784640 0.893236565399900261930099532037 
0.117858443760705450253922776938 0.496860691963792344694184066611 0.497590161851316659102906214684 0.495571501990474283516618925205 0.496482833502457809871089011722 0.503163764233383603574623066379 0.496961187619434474616042507478 0.498346330583988084139690499796 0.494143537586094028224437124663 0.497408003232636952706258171020 0.498764196428204520383786757520  | 0.983022282957917159507132964791 0.184096543919247151999130096556 
0.693318860764568389853934604616 0.503443530840300357276362319681 0.500959042495468187539131577068 0.501576369885347927990437710832 0.498018650965339371161633152951 0.501699439767453125860185991769 0.500392708835271093903429573402 0.492614993112261534413676145050 0.491716005294380253953789861043 0.499998523140679662635221802702 0.498778128439531509563664712914  | 0.463384236380936176402656201390 0.886323216508382860645554046641 
0.953267966340002104175255226437 0.497306524493084378679697010739 0.501570575635100102118713039090 0.496695431218181437937886357759 0.497005675775572253183298698787 0.498485797310547096294897073676 0.502093754817253712374736096535 0.513648690726630774427974301943 0.498261075521062968274321747231 0.502820795403470244266941335809 0.502210404089203699129484448349  | 0.073358086391953444826974362059 0.997544747553818278440473932278 
0.380645296233997065815657379062 0.503389958823460381687198150757 0.502248748463654082208051931957 0.510175071773685262499498094257 0.501861128468261030732833205548 0.501056920914202841288442868972 0.500320215231365605923485873063 0.502184283674180664824859832152 0.498250415228512766319113325153 0.496721702843905876800789656045 0.497445455162829397455226398961  | 0.826634274006291525083156557230 0.563005806396205787933695319225 
0.504953406640438529073833251459 0.500901114156622306872179706261 0.498374913259286678179904583885 0.490600470244611508441323621810 0.503287377360757903765886567271 0.495450440133456460056748937859 0.497290042275021604289975130087 0.500042463597848430012504650222 0.498909784319879978653489160934 0.500514081231620111545055351598 0.499138958060195647714607503076  | 0.701676785875311903595274998224 0.712681839591080112938925594790 
0.362529332398907833123757882277 0.496280483065487165728058016612 0.500099772622947358335920853278 0.500626770331803028213357720233 0.502749095053641070762751041912 0.510465202935219686253276449861 0.501363560203945568538586030627 0.503930713387694573235364714492 0.499053158538178609493485282655 0.499734294029733183695185516626 0.501823690016702794736147552612  | 0.842321178578906426537287188694 0.539259577766649900176787468808 
0.367724904907074989779403040302 0.499996816269195676341041689739 0.498393511252324672433644536795 0.490001938780385282168339244890 0.498946492644460781740178845212 0.506314225186338506823346961028 0.502349437636631868109304832615 0.502482366545592529227803879621 0.502691942826927085086197166675 0.497906103890918549925714842175 0.498654988117559705429471250682  | 0.837905352231898103987361992040 0.546124469233227882725145718723 
0.637785247592069781674695150286 0.499049642702647733294440968166 0.503027967753629567937423416879 0.500179387276753595337197566550 0.501161318923215692855421821150 0.500073356028005178153250653850 0.501209385443947108562667835940 0.506304731929264617562580497179 0.503561805678643947814521197870 0.505368309005748250761769213568 0.503457947505753344863421716582  | 0.538818080236644791902733686584 0.842548131191886762181297854113 
0.811855454043469260128063069715 0.498132347222537075204229495284 0.506950093642373533775469240936 0.504349308876441804194712403842 0.506803981643122569700210533483 0.502572352606054817414360513794 0.501712945189727532735446402512 0.488712457226641472374240038334 0.497722184601419703753322210105 0.502717041658384600211206816311 0.491826362759245960809550979320  | 0.291350469791634480998254730366 0.956964836262992779580827118480 
0.054920838994847967495793739090 0.500854762810628129088286186743 0.500039675067346700565451556031 0.495586137329571241316727991943 0.506784810182883016516086627234 0.495450440133456460056748937859 0.495922602634991827041943679433 0.490171730400662419846469219920 0.503939301606188938542629784934 0.504667056915023115593044167326 0.491921843360998423122509848326  | 0.996582695049456290803391311783 0.086188566418170978189472464237 
0.318588711421851633609492182586 0.500219408126638231948390966863 0.502338143375680501456770343793 0.504273224636472838788847639080 0.505200711759279164070335355063 0.500618546914299189509733878367 0.502964697590360998447067686357 0.502331759771409425141541760240 0.495101776979131713574133755174 0.497709360298383918230769040747 0.500321875386269598884325660038  | 0.877455653261489665339922794374 0.479855328271673542417374846991 
0.521872319757563207787143255700 0.501282334847352739615189420874 0.497679925402277789636684701691 0.492102995835908885169374116231 0.506022677489065264566647783795 0.498400084859814518356557755396 0.502981838251941204553929765098 0.499926228394442617730675237908 0.502123000077656422845961969870 0.496289938601291336084386784933 0.502263728805780407249415020488  | 0.682496115236158495953588953853 0.731081461051798719985583829839 
0.346670932692599909064057328578 0.504508669587042546389454855671 0.503077127115752809061177686090 0.498340469026550436648648201299 0.502887309515757663369583951862 0.487815615403252467174866069399 0.500005701741633834522815504897 0.505424382391520543578167234955 0.495644885765527620780090956032 0.497786245832170404224115145553 0.505613048169671452924944787810  | 0.855595281382834027539274757146 0.518174757103208594166687817051 
0.901343910016630278647653540247 0.502458844685713335032062332175 0.501952514711125341584363468428 0.502525890339742042911552744044 0.502509807693342969159289168601 0.496539554131643023904274514280 0.488078343331998010246053354422 0.505514274852773781709913691884 0.498909784319879978653489160934 0.501054442985101933238922811142 0.499950679882738946435694060710  | 0.154381411828517334239307956523 0.988223213555494250925903543248 
0.488378536764389803437325099367 0.497307395814097719100033145878 0.502248748463654082208051931957 0.510175071773685262499498094257 0.496219430554383722498101860765 0.501056920914202841288442868972 0.497662181533013336931503545202 0.505075086579412246834408506402 0.509516047340770827922540320287 0.496721702843905876800789656045 0.498677891309092902183408568817  | 0.720087596148298647591445842409 0.694265775199555901231462939904 
0.859230944114580785786472461041 0.500070567412854272149047574203 0.502649656925491128411920271901 0.500498650220461027693374944647 0.503014952975831652892679812794 0.499553015579823900260691971198 0.497609311815468913220428248678 0.502265235991869563036971157999 0.498241664099918046826331874399 0.502309790012326118358032545075 0.499224938390496975060273143754  | 0.219330010547619108640660101628 0.975688077440983625443493565399 
0.664413220370162704853100876790 0.499910647291494758537311327018 0.497069200364446406315011017796 0.493473335676677671290946136651 0.498539988294940117352638253578 0.502033300516727010176509793382 0.502980863713256565183939983399 0.499653490624302643041687588266 0.499764879066634470916596910683 0.494076255859977886419898140957 0.499616792531595577120384632508  | 0.503113527117117875775420543505 0.864338075000537719994042618055 
0.853073196103198316819771207520 0.499237089780725951104756177301 0.501867269350883327128087785240 0.499971069710951399045484322414 0.498417720411240217082138315163 0.499806685002298078934757086245 0.499077698379503609249496776101 0.505681865720738477065765437146 0.498470837274870404165483250836 0.504103398740579522474547502497 0.500325518232138888308213608980  | 0.228762179723276615206373207911 0.973542974161622276518812668655 
0.376898174777613892416638918803 0.509418706380592056781608789606 0.496682302993321611594979003712 0.487662577754260306850397910239 0.503636029257826467464553843456 0.498099826196700845581943895013 0.504278235305850475178601755033 0.492065853561024779683208407732 0.502846055507324751765452219843 0.505268429338216584767451422522 0.510164271548468994943448251433  | 0.830215335583880054137750903465 0.558319896125541004217041063384 
0.014880334876474693439618590673 0.497884675853601466055664559462 0.500746663983154816079945703677 0.503072272148266885771761280921 0.498061162915716504340224446423 0.501573577306244300366699917504 0.502298959988261572995327242097 0.489701603240822902485263057315 0.501321690815003884189593463816 0.494020043144248022226605598917 0.499521103828191370688216466078  | 0.999896579175800992445033443801 0.023375815233569786216749619712 
0.391607068821866466379333360237 0.498097219344601105373016025624 0.499342473181241808255492742319 0.496980763352610210858983919024 0.499547111950635447374935438347 0.499968298072540506815641947469 0.498404038177208519311278678288 0.496173658269987216673513330534 0.493193134001931210441682651435 0.505818440587881612557907828887 0.499857946383478246588083493407  | 0.816786047558069605578623395559 0.577132659014490401183650192252 
0.615308684696118213253157591680 0.501282334847352739615189420874 0.497679925402277789636684701691 0.492102995835908885169374116231 0.506022677489065264566647783795 0.495508375141779811023923230096 0.502981838251941204553929765098 0.499926228394442617730675237908 0.502123000077656422845961969870 0.496289938601291336084386784933 0.502263728805780407249415020488  | 0.568252744985397129084958578460 0.823046233825347584023290892219 
0.433790813239117500899055812624 0.498861506155273970453123411062 0.501139586845632090117419465969 0.495003770681912369511223914742 0.497751464794873033081756830143 0.504727405718731869654902766342 0.501892739482731053968223022821 0.508228688675851580924813788442 0.493321653018459538309059553285 0.501538269710687378832858485112 0.499999873386787307971701466158  | 0.776828066560418917241293002007 0.629987800336327286032656047610 
0.652953749615800327354975252092 0.498482894308402701977200877081 0.506838192787916197445952093403 0.486692133229836898511422305091 0.499192656087442732104619835809 0.503321859132815796478155334626 0.506369277124995353922543017688 0.498057157515540138703613592952 0.499581729548892572445595305908 0.498889719853322644027571186598 0.496584097629061138601258562630  | 0.518690033809482309301586155925 0.855307704576932281703705029940 
0.731360377296071506592056721274 0.498750501041880733854583240827 0.498100956139958639390385997103 0.502950323431416435049357005482 0.499700789445873483352045241190 0.500106536311695770713470210467 0.503309175830230159931488742586 0.498040526249328929786486241937 0.496285905254526427121675169474 0.500417365054047325045871730254 0.498996189414613489088168307717  | 0.409583779243395229574531413164 0.912320452756102517888336933538 
0.942510221804168546455571231490 0.497004746549492282259308240100 0.499842352046490301376024945057 0.495554112634756016575465764618 0.494413675017615517059965668523 0.495099648456908347782245982671 0.496719476440247109660930391328 0.501558438808340834036414435104 0.488584943036354468759441260772 0.499515490402859363427978678374 0.489275325094830570993309493133  | 0.090212952221829498244964895548 0.996266631613807684964001509798 
0.924484908250593595546718006517 0.499850600797815347586805501123 0.496476244078861483899345330428 0.490824105788671305461434712925 0.486782348724252800220568815348 0.491700058701910525105205351792 0.500529724413797172388740364113 0.507611782633143659992924767721 0.497961468385961059102129411258 0.497590106556527689285474025382 0.496694484455494300600975066118  | 0.118390479958531164017543346745 0.993389426222870186578006723721 
0.179613324536549989751677003369 0.499656561247967645478240683588 0.501253726677291289171023436211 0.506313084257725365411317852704 0.500695947636166205363394965389 0.503150319435919035626625372970 0.499408842543219377851926310541 0.507496272223681876845091665018 0.500251377907279581869204321265 0.502507772793886142714825382427 0.496093275601625638415725916275  | 0.960587932099095653803999539377 0.278444007519480341006357093647 
0.868745396936765779116740304744 0.501820985104523997755165964918 0.499048332250662862730195001859 0.501863362549842317861248375266 0.501139869339175536566699520336 0.498981791639101723845328706375 0.499911301040693312192075836720 0.499546582562988505937795480349 0.501710084602888795046737868688 0.500729291562189371411761840136 0.499470348220033999453448814165  | 0.204719542010811633714340018741 0.978834955165787889974637892010 
0.438614739701690459217076067944 0.498695678728025837411763632190 0.501421601365601987687625751278 0.501300549005517570577694641543 0.497749336639182582420204425944 0.500594454406949385116831763298 0.501015789203078321101259007264 0.500819906613271581541368959734 0.503769937251798971544758387608 0.501349557720752958545062938356 0.500044102272303225831251438649  | 0.771920482681732522678430541418 0.635764039345771636568827034353 
0.530360210318988389843752884190 0.495880718247479534976918102984 0.500617245390280185546316715772 0.500550275387750098765593520511 0.499486365896388506691039310681 0.492438616589738642481677288743 0.502771624120503690669181651174 0.501694636409077521221888673608 0.498313232758477830941501451889 0.499481909651437516739491684348 0.495522528097098013954990847196  | 0.672667091946319684048205544968 0.740092295988114212690334170475 
0.470127086604544164316621390753 0.497702618439880450917911502984 0.508536749625406625519019598869 0.493455593315930751696640754744 0.497837043480072960477400556556 0.507077406801092700483479802642 0.515167788535283999173941538174 0.499738780133683946349520965668 0.482346911017772606022901982215 0.504005676293698301471124523232 0.500938934313850392499034569482  | 0.740039844648664346671296243585 0.673654546315753610663534800551 
0.726609521762858534543738642242 0.503631319870560645313162240200 0.501844645117453191929257627635 0.504273224636472838788847639080 0.500508681775209463005182897177 0.497166392897779696458115950009 0.499406011791467208116301890186 0.509157724277035206306152304023 0.503172914447960195616360579152 0.503568947377887377037097849097 0.496916679287295715017336306119  | 0.416428885313888497154977130776 0.909343906993978268182843294198 
0.709484309470809315634198810585 0.495780904524143306577599332741 0.501861404670864597044044330687 0.495554112634756016575465764618 0.504247802806489286986391107348 0.495099648456908347782245982671 0.496384882899736812333912894246 0.508137341906362949295328235166 0.502105193239819502792897765175 0.501684066525624028365371032123 0.496778979963067357505934751316  | 0.440745795485579350270199938677 0.897832506829653320679085481970 
0.543136906205449632167869822297 0.502792451200553269785586962826 0.491579828787294448311229189130 0.491952066764014206423638597698 0.500381962566263549518907893798 0.503750626460311545784520603775 0.499174051421501785430479003480 0.500354613788958069164891639957 0.501484573372971698113076399750 0.500219362944877343757354992704 0.505799881193131795065198730299  | 0.657735548726872787383967988717 0.753506962004353963990865850064 
0.551907956470639060597704883548 0.499656561247967645478240683588 0.502079286540414782002983429265 0.502936311224685850262972053315 0.498714635109877901797403865203 0.498526143441772928710520318418 0.495608259340138579407408769839 0.501262365509211438308057040558 0.502132073003691670187720319518 0.500708656931586504335029985668 0.500901495185604006543655941641  | 0.647194425399996386971679385169 0.762382211382074070904479867750 
0.889875879917634393656555857888 0.497296033792137437412606004727 0.498913144768401928264012212821 0.499203995152766422105372612350 0.504744034314611678126993865590 0.496080189424747797222181588950 0.496292471996688744351189370718 0.501912875377988565439579815575 0.503478476875787728239686202869 0.502948330976007884629552791012 0.498002966943041969205552277344  | 0.172136511387096791114714733339 0.985163638430030963455408254958 
0.239719041556729905995126728158 0.491116764000280259239161750884 0.504341800165732490057735049049 0.514389831219012827467906845413 0.498751393577935631107322933531 0.502283532712533120623277227423 0.503336567410845203696112548641 0.505421751517251438556854736817 0.497384547104457341859529151407 0.512557565081216748303916119767 0.496840635938623431666627539016  | 0.930428608309468607728831557324 0.367907835410226313754833427083 
0.094033036587889515245386462539 0.497970259883326105132539396436 0.500422524812423774598357795185 0.509205872611619869694266071747 0.498817702955112407536830687604 0.502288114021511411522169510135 0.499473855814317413415182045355 0.505171118572112609612645428570 0.504299489327446170960911331349 0.493555668846996975496210779966 0.497882190256191625721271520888  | 0.989296335711352892161585259601 0.147197790579906284680333783399 
0.595142852264440969101144673914 0.496403979445049103880194252270 0.492240123134250473491135835502 0.494617016018711497249427111456 0.503636029257826467464553843456 0.510722619070255179352102459234 0.505359749518783152311129924783 0.502028548905481764030866997928 0.494684976244980423309982597857 0.503271729673599677035156219063 0.496155661260478719754019039101  | 0.594128768478457969237638280902 0.804763874487625208153929179389 
0.307913232062400343824748460975 0.498366937934830223078108701884 0.500739237995440400474933539954 0.495825213721490243301559530664 0.502661456434784881253108324017 0.502159232658283549710631632479 0.497862979271970984562756257219 0.493468260405865277729020590414 0.511107315624415470267649652669 0.502725739812273419993005063588 0.497030902901467674936952789722  | 0.885488789211546500901306444575 0.465132372768795099293726025280 
0.661996152760521816560412844410 0.501104468722630813637408664363 0.505889161680777688090415722399 0.480409432617300236056934181761 0.497691301429292465297038461358 0.499304972862875229289159051405 0.503271719656997684744226262410 0.505589321488669973803098400822 0.493643571094530830833946311031 0.499432483627248124946618190734 0.504965172997488553896516805253  | 0.506609811507296670107791669579 0.862793394533009294633529862040 
0.880430190257455058677749093476 0.500696992251818850938605010015 0.504699344960001905491253637592 0.499676170705909861169402574887 0.498665536057791458635080061867 0.502354768203480461785659372254 0.501846170749658315735075575503 0.501141681612040090776361012104 0.496586448084801956870393269128 0.505708178646094186348136645393 0.505462188101197917866613806837  | 0.186737811533156827792367948859 0.982520517796027226253841035941 
0.809050759822615317418126323901 0.497179045562580135264596492561 0.500335064309486154954242920212 0.502436799629871533312552855932 0.496703388492085784466922859792 0.502300726777099360020883977995 0.491562924613618890123944993320 0.500634072802407903424182222807 0.498046024194372993765256296683 0.490798677920823378517667379128 0.496361312511075014608508126912  | 0.295525265998011599233308288603 0.955547912980910019165037283528 
0.393294120486709086748078334494 0.496337242219133445431111795187 0.502376394038892448712374516617 0.507917455062613099059376509103 0.496619270786724853472549057187 0.506478877473415356469388370897 0.500700132261222785601262330601 0.502313354007556833735748114123 0.503249469912505409396885625029 0.497287666832950225881404549000 0.496962555786596538176524973096  | 0.815300535180436103388501578593 0.579328353852707311766323527991 
0.913131800136660287670054003684 0.496019215387630163505150449055 0.502079286540414782002983429265 0.503052910455797919198062118085 0.498070689800215182785336764937 0.493950537378537890553786837700 0.495608259340138579407408769839 0.501337200610782574017321167048 0.496397157038447445209783381870 0.498296805684309673800669315824 0.489542748433533569940578900059  | 0.136058602867044464712620310820 0.990918938333117726990906248830 
0.303882815379943271860696540898 0.497212650854405580069794723386 0.498604361165363829666574702060 0.507337114466896554887398451683 0.501135636309277265887374142039 0.503816603839401966347111283540 0.497613969154248048099020707014 0.506508476746184266303885124216 0.496737212119259086140488079764 0.503977119361789238638493770850 0.503057827023252523979124362086  | 0.888366053034975067248524283059 0.459491381257767506074429775254 
0.106459495287101579830135733573 0.500843915684588747438965583569 0.501363442912140855334257594222 0.494177603177175683857313970293 0.496886850104198474209482583319 0.494309950794319885591932006719 0.509772780825850424513134839799 0.502972746741748300003393978841 0.495117772447410398051204083458 0.502170210871167088662048172409 0.494135130373775599554875270769  | 0.986292653159316135003109593526 0.166488788450012609176908995323 
0.005451293541872626047251060299 0.499990849300448458869539081206 0.499994782452977848397068783015 0.500000593539226434458555559104 0.500000511584155260536022069573 0.500001898299537117509316885844 0.500005701741633834522815504897 0.500002513826162342525094572920 0.502444336688606441043702943716 0.503099757358117405381392472918 0.499999873386787307971701466158  | 0.999978921696902722793254270073 0.008562900667280713348783471872 
0.484523535626604828774333100228 0.495556770545665659088996335413 0.495558438119992727965978929205 0.492881396870444965507829238049 0.497425719712583758180812765204 0.503549840158151185143253769638 0.507630665749642440154332234670 0.498564762922406701228794645431 0.501147793365937066489834705862 0.501713032206985598548953930731 0.496655253618908998358705275677  | 0.724220207631950496640627079614 0.689837171101530644001798009413 
0.646792535065909057756528000027 0.498793694276853605273913672136 0.507056875766855097431573540234 0.497354026434358886810116473498 0.506747731610780793864989846043 0.502354768203480461785659372254 0.509441401932593351808975512540 0.501141681612040090776361012104 0.496586448084801956870393269128 0.510488979174782642189711623359 0.492964097024895020471291218200  | 0.526983162343383049197598211322 0.850312169999780764761965201615 
0.537691865588878714632414812513 0.497854702389881165203178170486 0.514604291825546455996231998142 0.501364169841297502294708010595 0.503636029257826467464553843456 0.504841707255724192471291189577 0.500815686565266204866020416375 0.491983050939031552051261542147 0.500218254151061469947592286189 0.504302682033217375412448291172 0.496643616028705547904564809869  | 0.664260311614820464498620822269 0.747971062468253289345909706753 
0.783562160630291049123741231597 0.498919309652483322636840057385 0.499591472793471824687117077701 0.507060010053375309624357214489 0.498417720411240217082138315163 0.501857381330922946993666755588 0.509716586438547003545807001501 0.495858178423137507806472967786 0.496398313419700532023171035689 0.500242668992712857800597703317 0.496263008783292158820898976046  | 0.333533271586442636724711974239 0.942945907673010230709564893914 
0.835471504472327985979518416570 0.495006619802485392511925965664 0.501363442912140855334257594222 0.494177603177175683857313970293 0.496886850104198474209482583319 0.494309950794319885591932006719 0.509772780825850424513134839799 0.501501055112532734270303080848 0.500704249650250621250791027705 0.502170210871167088662048172409 0.494135130373775599554875270769  | 0.255634772033682400316223493064 0.967021804172917387454333493224 
0.930363414403038713196281150886 0.497796428414854830180047429167 0.494530340385874012110178910007 0.491542947773862870519678835990 0.490669616300045741130730903024 0.504605069159410390966513659805 0.497673953587545569998695782488 0.503260130552744100462803089613 0.500019369572502925258561390365 0.510646045036673879025101996376 0.509127860916429697546448096546  | 0.109213532480855496364924306363 0.994448134625915636242154960200 
0.105108956794286251268388809876 0.512736383811810525479302214080 0.498104025074361689284785370546 0.493548539042586886793628764281 0.503131034896281192914102575742 0.504212385553873265742197418149 0.502734365139072658656971270830 0.500287749318632624095926075825 0.495137016340918223455958013801 0.506711996852293844462167271558 0.488248680702812076770413796112  | 0.986844363611330432917156940675 0.164429520687488756047756055523 
