0.598520835719969612753743604117 0.050642131773832033125870566437 0.425177296514482216949204484990 0.352317974657120891457395828184 0.892468510897195477227228366246 0.879456656192434182983674872958  | 190.647053889191312237016973085701 127.883300463233425148246169555932 
0.264769956908046721899552267132 0.338007554293955014834693884040 0.446855411269523550288340629777 0.207652293863920367478215212032 0.610551608130700640408861090691 0.816980991441925818996594443888  | 63.405581549263224871992861153558 176.068648418918797915466711856425 
0.557675757627069668131980506587 0.147138793701472536668006796390 0.127018875077860138311791615706 0.732705214314747999004850953497 0.746639371317446731701750195498 0.214188617298387340426302216656  | 206.219383436536844556030700914562 163.564277797022413096783566288650 
0.911439833675796395873192068393 0.048528656974352712971665368968 0.483093665360120883001115998923 0.518822570005303740359181574604 0.323419287950122535946206880908 0.493734013667175508643936154840  | 198.392944197982046716788318008184 19.276875430014797530020587146282 
0.461750836183813295754418959405 0.063304096435094159289747040020 0.437056758713794457626988787524 0.598081768027249993657790128054 0.051531355622590480081157693348 0.301358359518914542540812817606  | 134.341186969139954499041778035462 156.597510791358644155479851178825 
0.552211034533879097097042176756 0.003199938082292463903399948322 0.287303031481153325898958428297 0.919366581213939770833576403675 0.086730674527807583018557124888 0.633961982883851637993188887776  | 96.735766122690648671778035350144 78.443214508048157540542888455093 
0.656512859671317672294321710069 0.771110257948554922435846492590 0.254037750155720276623583231412 0.402733554407107563477552503173 0.918689459740772762508242976764 0.428377234596774680852604433312  | 176.699836171267889994851429946721 92.449249894970677132732816971838 
0.189813363590768502398020700639 0.179606968100190278470051907789 0.268499480730304940223618359596 0.193766078251937368115420667891 0.808436729013273902566538708925 0.221316659035018403756112093106  | 33.484640272588777065720933023840 142.923593790322541963178082369268 
0.477977491912403795737418477074 0.924002872622544546565848122555 0.500467576535697178385930783406 0.451518489288379121227023915708 0.717057426114864671085058489552 0.378805104289422045482638168323  | 106.871108899579837725468678399920 116.719145260684030063202953897417 
0.595320897637677148850343655795 0.763339100292678707226912138140 0.505810715300542446115628081316 0.265587300129313308438838703296 0.258506528013343839234039478470 0.222943796521116510689353162888  | 187.330154404201806528362794779241 127.340731747378001159631821792573 
0.493659698959491799463705774542 0.083969804138234738211110652628 0.044121856862415986810788126604 0.288962834123147604969972235267 0.182174373533925959556256657379 0.627167627851157316598573743249  | 120.503739790478505256032804027200 123.599110907015187876822892576456 
0.378068789526879389661928598798 0.878639312971167596444388436794 0.933252796825922770196370947815 0.924268485301474096438312244572 0.525322712282428327945638102392 0.736211125385983544688883739582  | 122.274406682458604223029396962374 201.144003061108207930374192073941 
0.987436961053251849307343945839 0.548061080438655534585734585562 0.031575176071741761774092083215 0.801765143890439069274123085052 0.944614183660700490463568712585 0.843438653667924809198552793532  | 389.945780601341027704620501026511 4.961232181940333774150531098712 
0.866429938546136146904075303610 0.299964996142415452062834901881 0.931246043413252011511360706209 0.332494467897936685218951424758 0.793024827609246640847118214879 0.078414562997798031851459654717  | 183.916590129370035811007255688310 28.352840954672245743495295755565 
0.058551335574387297633336402214 0.919230133944057725692289295694 0.243181174618737339088170301693 0.630403747090792165863604168408 0.904556300993881623462300467509 0.006794355032694321394615144527  | 13.742272078043159311278031964321 220.962401064452677701410721056163 
0.278444070144438282632393111271 0.892470944977387325991458055796 0.320784953329797506427212283597 0.478465069105633467039240258600 0.393366747458344434562604874372 0.692166109210791136163720693730  | 28.976258498929478690797623130493 75.088656526549499403699883259833 
0.202376402537516653090676754800 0.631545887661534743884317322227 0.236924304658563178449526276381 0.392000934361498298841297582840 0.863822545352573412102969996340 0.377878005367093594557559299574  | 59.965302048774049126222962513566 236.340498908714778281137114390731 
0.611547553366267648833343173465 0.624037876480129094503013220674 0.569221533122445166874570077198 0.119024021390442436008072490949 0.924032598505618030237940274674 0.300390541291624013631178513606  | 130.337098816381626420479733496904 82.789579720618775127150001935661 
0.676090763693619423158054360101 0.520157925673941368138741836447 0.875406968209750280252023912908 0.361030999135431684976538235787 0.251712172980649517839424333943 0.944499726376678228056960051617  | 263.983273133280022193503100425005 126.472102548953017731037107296288 
0.601188753982104473472247718746 0.763184850808437231783898369031 0.565656787756782519771547868004 0.895596086664803170407367360895 0.490008264323134823392535963649 0.424791225313640663507896988449  | 141.020020451465939004265237599611 93.548606319060226610417885240167 
0.746522901865344645777611276571 0.641715008312604417994862160413 0.541251862464424471355073364975 0.060445939948900684335342248232 0.147444706915334733388078802818 0.124663572019715895855540566117  | 334.764798861708754884602967649698 113.667255969065251974825514480472 
0.363399084573122754804330725165 0.978839547316210367711164508364 0.912551154681299325766019592265 0.877732545384821039036182810378 0.644223642369076476832390198979 0.251694629243061407386505834438  | 117.182143252820608836373139638454 205.279162312855220307028503157198 
0.190339174852516723746020943508 0.779807070468474083924093065434 0.055839075203501731259336793300 0.971463468762505000242413188971 0.541312654628597123007693880936 0.133914836621119803794499603100  | 75.050103670365970742750505451113 319.246570824089189954975154250860 
0.457362581592282824161088683468 0.156045283135620493908390926663 0.677524386861954819316622433689 0.734807660425988995456236807513 0.414548036670746800069764503860 0.582003129719053657886718156078  | 126.717963819511055589828174561262 150.344412770959877434506779536605 
0.531921168279093636854781834700 0.250755936664782907996595895384 0.779533090865373035072138918622 0.418019129156732782703898010368 0.245922040543009701174526071554 0.567502537191075240308180127613  | 184.589675415650560807989677414298 162.434820738257428729411913082004 
0.838977317964393898286346029636 0.652706340345324376173152813863 0.324373149977263852683506684116 0.514268388976677259805114772462 0.219598902983496935270579797361 0.126183376124032187171053465136  | 224.258330903008015866362256929278 43.041304142102362106925284024328 
0.421208378513750925087322229956 0.844230806011655010578920155240 0.513382457918943435615233283897 0.147560552627937435765659301978 0.382719943877020907230246393738 0.166475704670504209836678910506  | 140.650641286724038536704028956592 193.271114455682919697210309095681 
0.520045480557998929249663433438 0.842633538811986548822119402757 0.140599307783761284795787105395 0.946482962464684884906773731927 0.669709043261595859952706177864 0.412578558097584591202178216918  | 203.237388930269645470616524107754 187.569562631351033132887096144259 
0.350432817317321565475651823363 0.983651759943064196711759450409 0.147637658600049737067649857636 0.649674046121793469232841289340 0.922505727132059583084355836036 0.585813907349246765221550958813  | 109.746348451452419681118044536561 203.427369956534590755836688913405 
0.093816561520020269604458462709 0.317341858335340565311355476297 0.026983473487747211549958592514 0.840847036965403749064762450871 0.021261330791302546217025337683 0.703455193505964970768218336161  | 23.197134043743101727841349202208 224.063410021207289446465438231826 
0.519168278561467744225410569925 0.465457089397266932095931224467 0.764990602053361890000360290287 0.495012601507800131805936416640 0.477747937698572266995711288473 0.117313186410480829735547558812  | 124.430015825906679083345807157457 115.241822697591629776070476509631 
0.670293694294517794496357510070 0.937173531656487535101973662677 0.915239767419740446463549687905 0.024980506297820115335639457044 0.871603611367001263054987703072 0.721336278523535212592321386182  | 197.253370912082402810483472421765 97.025648256807457414652162697166 
0.106929764274961258685436860105 0.172393523192556297196631476254 0.529886728261905082248972576053 0.085133614304195526223395518173 0.492042309538687216985408667824 0.996189222369806892665167197265  | 19.024235801169556481227118638344 158.889144352276474592144950293005 
0.438104606759073367250323371991 0.933414078329442342685240419087 0.752549617377625823522180326108 0.577172092191329033639135559497 0.224660709751707154957500733872 0.864047343685110269539961791452  | 163.090333619195689607295207679272 209.173119225261302744911517947912 
0.319809039402926154060935459711 0.187249250948057444077221589396 0.559382547923901962683146393829 0.019255787468877127999178355822 0.741850965284924668274868508888 0.008870189713551357435505906324  | 87.106933146893126718168787192553 185.264771259958990867744432762265 
0.750914684219233130590964719886 0.907057274355167475476946492563 0.598142690499202989151683595992 0.122580046330117320430019844935 0.511116332510019644175258690666 0.445139426146968997244357524323  | 130.315530659422449843987124040723 43.226861569754156278122536605224 
0.347651957365442632053031957184 0.312746810550081466573146826704 0.055465693479565758572391587222 0.454440652925997667921365064103 0.673519820891788967287538980599 0.974473951338511223951854844927  | 118.771452868035495953336067032069 222.867506302805736595473717898130 
0.417018738987879222790411404276 0.231102142565438373189579124301 0.570465566408720703428514298139 0.425013336370086314275340555469 0.058458383446949313544394044584 0.266004867946320611160615499102  | 154.218448851764691198695800267160 215.593347198597172109657549299300 
0.906567310571962825527236873313 0.757959310411438602628209082468 0.007727686018870083550780236692 0.098996071680479080789893941983 0.012391141077751188781519431359 0.952540509286731840177253616275  | 235.376524352968203857017215341330 24.258388144005333941777280415408 
0.612111004206300268748464077362 0.867314398898063942944247628475 0.642410555723244569570340445352 0.983896268997780487630677725974 0.032608511551603269751353764150 0.089861507852861510770026143291  | 191.734171724311124762607505545020 121.500144284964221697009634226561 
0.322641736929075162443325552886 0.624426721106406068528826835973 0.859774073940174687891158100683 0.570539853371822447414274392941 0.198083790475212295767448722472 0.746862327185023988640466541256  | 102.563141828908356956162606365979 215.322395253525399994032341055572 
0.689911025287082035895025455829 0.941291380627117924007052351953 0.959421161853184378820458277914 0.660120277934109211948054962704 0.433583926091737903441014623240 0.730184354423486281504551698163  | 304.279335985185866775282192975283 136.762080708467919976101256906986 
0.531537296187110541723086498678 0.175454767918003740057031336619 0.744821931358755739971400089416 0.478176020510849952849241617514 0.212269568673955966175981302513 0.911506834398378429362708175177  | 124.419843217078991415291966404766 109.655628268333018127123068552464 
0.707698035196625885312471382349 0.319934852049993501132973960921 0.916971992200657393112805948476 0.035359518471096640368500629847 0.709242453733321398523514744738 0.919008681860689846665479763033  | 150.653059508269308253147755749524 62.224540846254868142750638071448 
0.428272947290157968147639167000 0.282630553248761406948119656590 0.738368616559028301260525495309 0.552040192958294873015745451994 0.313032542034807348407809968194 0.698277098961945008603890983068  | 102.549610428137725648412015289068 136.899579806751518162855063565075 
0.406360576738324708045979605231 0.353325648696897087752688548790 0.395345415545456546624336624518 0.020856726834259764480350440863 0.943335466468302685782987282437 0.442936655151400682228768346249  | 143.280346865561966751556610688567 209.313765524988980359921697527170 
0.241563971069875482733380067657 0.486280211206682633218179034884 0.092289545897870750579272680625 0.212743767696130348099359252956 0.146951549048570884181685869407 0.558306832749694725848144116753  | 60.433680175240873211350844940171 189.743032467720496470064972527325 
0.586632458521969324394262912392 0.840987318210781209515403133992 0.972368167547773443182279606845 0.389753617947157682266379197245 0.093382459217061342116039668326 0.524267561996573872029614449275  | 140.069474041958073939895257353783 98.699233702010872093524085357785 
0.329480450957538861800344420772 0.128945782339035641683722133166 0.090370362764949696554594993358 0.670863726962973139222867757780 0.334331412589658261147462781082 0.752320854582324227699530183600  | 109.689801190945502185059012845159 223.227678046939729483710834756494 
0.916281160190750454397345947655 0.271101072409508980776138287183 0.464428658394718141266821476165 0.549683126537562682933923952078 0.254748324006909609984461440035 0.303925672033623306411698195006  | 321.137780253986818479461362585425 29.341738704072618304508068831638 
0.448347054217206553161645388172 0.455011169420435290788873317069 0.867131615955313628241185597290 0.447376510237978863848695709748 0.286632377043167019259328753833 0.171877521673791555656407581409  | 162.345362557039663897739956155419 199.752171105777051707264035940170 
0.944904837665141217328823586286 0.334467449707222530541628202627 0.772453763810982296789120482572 0.088422402563692270582862420270 0.118887109456894624059941634187 0.387239272401804557333093725902  | 205.123121017051232684025308117270 11.960243191253841388288492453285 
0.378217584239087023512126961577 0.190989069710957859449251827755 0.826601629435707696558210955118 0.364495791508123501145632872067 0.374911041143663137376051963656 0.166687827278365618965949579433  | 108.384288524063933323304809164256 178.181680485853206619140109978616 
0.511991787099407513750293219346 0.011529480839252426171981369407 0.273939958164310159993704019143 0.002357066420732190081821499916 0.058284218027897738423348528158 0.394351426928321702192192788061  | 102.708959965504561751004075631499 97.897695362665274387836689129472 
0.951349407317889417257106288162 0.486194032741583459511502951500 0.947968905307477682775640914770 0.734224349791092745221021687030 0.771457944794511130126579701027 0.498031817486259464899944759964  | 259.744646060957222744036698713899 13.282954590256130344982921087649 
0.907096521362652952191751865030 0.713826447395700336429058552312 0.003867143334178479996410260355 0.093856658239235724039417618769 0.759712276646766326848592143506 0.180089248510607702336017155176  | 163.229459160563550312872393988073 16.717718803869601629230601247400 
0.395643388811011464945011084637 0.014385688775073512957192178874 0.607872376039649942036646734778 0.014842576803494544890327233588 0.926694631938695723150090088893 0.012275774897166358279321229929  | 63.453081584038486084864416625351 96.926399985785920421221817377955 
0.317950970118286435628363051364 0.855005824174725481690018114023 0.088013296344217506472773493442 0.612579508935075400799519229622 0.939979985661336558955269993021 0.863127255528993497790679612081  | 105.697897210221157138221315108240 226.736682784608404972459538839757 
0.964931752872861037140239659493 0.784907039667925521264635335683 0.516459753087240458491180561396 0.815458776746469937712902265048 0.483290379212398479857881739008 0.805893854547363841511753435043  | 105.971004750590793719311477616429 3.851274840775793073532895505195 
0.541250532854553600969893523143 0.741184722024734954359814764757 0.863264472621135148244775336934 0.353519851998743139809278090979 0.526920100396400692410736610327 0.991788273163183853320390426234  | 195.206660675784405611921101808548 165.451941628522035898640751838684 
0.549261448854129752383812501648 0.320081760932149017584436023753 0.164581387771332354752473747794 0.073579825760197725692535186681 0.192192477518198900909851545293 0.374963497504638199053772495972  | 136.248693352510201748373219743371 111.809300953757755792139505501837 
0.060266614120800587883763910213 0.335983245536232377759233713732 0.738588333091490190085437461676 0.751916282573048100346113642445 0.434931055482326578420781970635 0.303560571749372121175269967353  | 21.673225647283683059640679857694 337.949194882946926554723177105188 
0.547060034226546476610053559853 0.226622441171326904907346033724 0.757480205077069701502523457748 0.186898289674262252368919234868 0.574993838815499258565466789150 0.588457572380957860680439353018  | 132.060700126703153500784537754953 109.340045430254619418519723694772 
0.210164685293154462897291523404 0.622929560120448311266727614566 0.594449053308734542966362823790 0.207304249394692052810285076703 0.779669671631327276806189274794 0.948770368632129712516132258315  | 43.515439644058993451380956685171 163.538564616267564133522682823241 
0.587014760430503934607315841276 0.549245059624367981676584804518 0.930287317573980754303875073674 0.901664180721036823129566073476 0.384748779142128127794819647534 0.119822634389807114452253244963  | 145.364138846919615843944484367967 102.268712395718125662824604660273 
0.059660143274779087185777370905 0.275797355683583322871754717198 0.855956093466601841690533092333 0.579911521321167966469545262953 0.623134060189323601974820121541 0.465215740670619881669267670077  | 18.633376372268624976413775584660 293.691994461122533266461687162519 
0.091328528946959530721017017640 0.097525619097655780187494656275 0.901115006669955254103854258574 0.037585670119576142234052440472 0.351522413280378698274830640003 0.515184189330216368851722563704  | 21.514462629608665622527041705325 214.057738934083744197778287343681 
0.754767067579706574242948136089 0.161977479547477209997907721117 0.922010699778505915524817737605 0.608154527351777884902617188345 0.703620707581071203051692464214 0.857123485915234128995621176728  | 191.783969395738751018143375404179 62.312927029177878068821883061901 
0.954235772424049666362577681866 0.191939662400366972683229960239 0.932977155047154393940900263260 0.451855671277706316679712017503 0.142171321254272564615916962794 0.871965638773376738868137181271  | 345.016496441850677001639269292355 16.546658506117402964719076408073 
0.489601305579350665198035130743 0.044284405248565694712681306555 0.308625294304730513061940655462 0.493668304439029759222989923728 0.569058417328875298935031423753 0.909747756834018317384504825895  | 101.129033073973999989902949891984 105.424813742890364665072411298752 
0.968938085173841057162746892573 0.238457626438576597571739057457 0.837473326421534935981583203102 0.714330612453471958112061201973 0.083408642201947880145951330633 0.788376382419155752323547403648  | 246.056110643895721068474813364446 7.887990025601453680792474187911 
0.792292966646839902367105423764 0.064644961623849694909438312607 0.835469505298563785977705720143 0.578743762322484367466302046523 0.871373131234428055513774324936 0.731334086465723731684818176291  | 281.549040342838566175487358123064 73.810722011757036398194031789899 
0.018225022892787490214061563165 0.689952405073293917325827351306 0.142593382031028226286650806287 0.065132928140419488194368113909 0.907704032857950537938052093523 0.459169063052779047318097127572  | 5.605746178706910498590332281310 301.979391666325454934849403798580 
0.542730355181938239894634534721 0.240619765319637468614644149056 0.436619013134950995080885149946 0.332605763392161524194534649723 0.475001022308109810410314821638 0.150884549215966057289506352390  | 222.202088054507271408510860055685 187.213169325041690171929076313972 
0.821202516836202489614038313448 0.438324029262048386890171514096 0.141625481013129883578471890360 0.496502879119220086323593932320 0.834757677770167849651272717892 0.672922774023779979302162246313  | 271.870794438030600304045947268605 59.193454470327409921992511954159 
0.026683567323109835811578705034 0.262056113799091994209788936132 0.322371244347470886637552212051 0.166212538885148086720278115536 0.620188326814654966590012463712 0.121476895555488906275343197194  | 7.920538919309971781501644727541 288.911545914048531358275795355439 
0.736542044686919084028886572924 0.472025074474183292672080369812 0.779417317747477689238166931318 0.543021599211358396708249074436 0.795916674723120665113640370691 0.397954422862455081677524049155  | 149.035853197157706517828046344221 53.309490523862557154188834829256 
0.411505417242111426467943147145 0.951319897080729504068585811183 0.496358141912203398860015113314 0.119249907885544792485177367780 0.667170298946162754205602141155 0.721081089557410681578630828881  | 109.732927564095362527041288558394 156.929242522315433916446636430919 
0.668398788743148175583996817295 0.605960375986517307822509792459 0.166999813291600629483468765102 0.997165425319809672899395991408 0.734300739558707449283758705860 0.236824982810238338082342579582  | 177.076032300939289143570931628346 87.849690610545437152723025064915 
0.942254517850731221351168187539 0.976401512639484603361950121325 0.515102082074064049344030991051 0.548118073568323871391783086437 0.463220315387292913555938866921 0.666899486863666846048204206454  | 318.145940256693904757412383332849 19.497376097341884815250523388386 
0.055750921959920818338218850840 0.592619887149666402237357942795 0.056052187551086096739538788825 0.035722163111125970758052972087 0.075456456511307390400133954245 0.333379663603268650007294127136  | 18.874765850735759187273288262077 319.680457761615912204433698207140 
0.066905125812057986145475751982 0.193594263161090518465812237991 0.023343474145483433801473438507 0.397962629194256733988765972754 0.186622943300539856359421264642 0.790770274309630871734100310277  | 6.706751630207147485407404019497 93.535965931478116885955387260765 
0.936769979195420932072124742263 0.073619952028036839131175383955 0.439453587815141322181489158538 0.598305023833454074910775943863 0.238176039497871472327972242056 0.208630031365234835938338164851  | 239.773366206141560041942284442484 16.184202387249595034290905459784 
0.844801004196717886252088192123 0.923221947187984337546140523045 0.593507407444806012186688803922 0.033282563731927172767655065400 0.167858190906501003603068511438 0.617171852063859160963943395473  | 209.895171073564426933444337919354 38.559991776465579960131435655057 
0.434063680173443433574220762239 0.206003926248005897470250147308 0.286649081236344915879499239963 0.090756082373840696320144161291 0.286808663211386316582718336576 0.139275019022872870166906977829  | 68.509839142765201813745079562068 89.323774384609407661628210917115 
0.669636918874861097883410820941 0.278430811313092774206268131820 0.756073843601994255436693492811 0.145058970017101662719483101682 0.609293731422580808754219106049 0.607184148552824209943423738878  | 174.316615316081907849365961737931 85.998505315218679356803477276117 
0.474735438046690494395818404882 0.877699945052692664937410427228 0.056904554097062076678525954776 0.520944884052090717574401423917 0.428994259448291281877629899100 0.512451058192175845640292664029  | 127.708117771516953098398516885936 141.300908175597584204297163523734 
0.823597784546430289331908625172 0.682738428798532970276369269413 0.573492405846794617296779961180 0.963882861587882500131740926008 0.566442548652206445680690194422 0.619653130746379177118399184110  | 236.189831769496066726787830702960 50.588297313949610156669223215431 
0.508190837677287787776947425300 0.770397586391478705891699974018 0.228453000837719133464531751088 0.457361991194483175071638925147 0.176411652175906596973220530344 0.527624467840793975881297228625  | 171.134566242224622101275599561632 165.617995107373729979372001253068 
0.386114003085059720454808029899 0.314189075836573628031089810975 0.299978343949091841302845296013 0.890663193094024308038569870405 0.466162725088726581645914848195 0.726195515050444440063870388258  | 66.231070812253392432467080652714 105.301352987623374701797729358077 
0.189205180759365321208065324754 0.136689709064028441787286283216 0.502398590093392716227072014590 0.968968369745965452111136073654 0.674171885108364010719128600613 0.967172489763200582402191685105  | 58.523685139836054247552965534851 250.789648168238443304289830848575 
0.254031550396887961795755472849 0.500127546181242221834395422775 0.475570726227258822049748232530 0.031862475181247629230085749441 0.618522908751492295209573057946 0.700439193687947048161390739551  | 41.542443848243621573601558338851 121.990171621525760770055057946593 
0.074403417805239180360388218105 0.694768946350265204081608771958 0.136145416250322837115049878776 0.856870911556020575794434535055 0.640233723065707027721771282813 0.231057848978799440509135365573  | 26.766472819291642792904895031825 332.981420608889777668082388117909 
0.119874604336869805543130951264 0.906025582298914056167404851294 0.395985888142320607840929369559 0.624593357285114114674229313096 0.560613148160941876518847948319 0.631808580536947328454289163346  | 26.970571737279737334347373689525 198.019299023731861097985529340804 
0.480431738115495776675345496187 0.141741102249064332418981848605 0.253675253508601539209621478221 0.176090600271136210608347028028 0.935121846314216798035090505437 0.640011658789623627541232053773  | 208.738583231491105607346980832517 225.742669090166231171679100953043 
0.220703887649802532600062932033 0.377572398871450443103015004453 0.581333827869803254628777722246 0.489082408870843088344315674476 0.810471350696798986668056841154 0.812011864504228797478901924478  | 26.302145252351497362042209715582 92.871764788081947017417405731976 
0.749194366741191108971520407067 0.987969482448267766194760497456 0.437346989596471780181730082404 0.107011950031861924337306390953 0.926208825586499417958918911609 0.388595281767579736609263818536  | 149.482316332664112223937991075218 50.041763089976178946471918607131 
0.388316233340417982233816474036 0.864372004092564649724295122724 0.832467112695398525623602381529 0.832768633909369060397409612051 0.615798504014964720454372582026 0.895815887303846647427008065279  | 107.997648039061246549863426480442 170.120130118271049468603450804949 
0.905682264969563943779462533712 0.172447973587509295612107962370 0.046303090440490302093223817792 0.714572592822888097430222842377 0.531040878774509783610824342759 0.086183856260820812522638334485  | 262.155074931732656295935157686472 27.300824859506548136778292246163 
0.811632781887914878105050320301 0.555355881194225187158508560969 0.013316181222549627882756340114 0.158497019049166465443079232500 0.862160020604135213240226676135 0.217978123022009473430671278038  | 284.359125820115139049448771402240 65.995285886464571944998169783503 
0.000000000000000000000000000000 0.500000001272947081076836184366 0.499999998831737124671548144761 0.500000001854851272575785969821 0.599949365084441299522666213306 0.599949365009604496101758286386  | 0.000000000000000000000000000000 1.499493650175153902637248393148 
1.000000000000000000000000000000 0.500000001272947081076836184366 0.499999998831737124671548144761 0.500000001854851272575785969821 0.599949365084441299522666213306 0.599949365009604496101758286386  | 1.499493650175153902637248393148 0.000000000000000000000000000000 
1.000000000000000000000000000000 0.500000001272947081076836184366 0.499999998831737124671548144761 0.500000001854851272575785969821 0.599949365084441299522666213306 0.599949365009604496101758286386  | 1.499493650175153902637248393148 0.000000000000000000000000000000 
0.300404263027325646451259899550 0.500014489597468969606097743963 0.499984050469425955753877133247 0.499992974157038472249325877783 0.599942028980043229324792264379 0.599959449321230686713590785075  | 0.450474136117001933143910719082 1.049085595750137045456540363375 
0.394848205630314474934294821651 0.499999254626655342814700588860 0.499986242583989271004440979596 0.500001983716161446658077238681 0.599944813817485211870916828047 0.599958072617595261633027803327  | 0.592083695554845412800659687491 0.907438619887046549195019906620 
0.660183345298125279221324035461 0.499993469267885515261440332324 0.499985639374573520576916507707 0.500008796828970925041346617945 0.599964140853101568495731044095 0.599937155984993863988563589373  | 0.989985953378844429906280311116 0.509576191636775588378327483952 
0.416435597398328583018667359283 0.499991016463719850637659192216 0.499979448909094792430352072188 0.499999041033060587224667870032 0.599955561499637246569704984722 0.599950530300843776210228952550  | 0.624464892743272659281217329408 0.875082448177153193746846682188 
0.232157229725518443608223151386 0.499984596136573478108999779579 0.499994106091988299578332544115 0.500008938285905202292269677855 0.599957862288801435646234949672 0.599946252490159537273939349689  | 0.348128236547690317337355736527 1.151408249820989215805866479059 
0.636235977499376215149595736875 0.500004000013142713143565742939 0.500026962291296728224665457674 0.499988626960541859833853095552 0.599940410608683860615997218702 0.599945807788128226967216960475  | 0.954092444255305260902844111115 0.545496510153109404051008368697 
0.164197287623555232549676929921 0.499998183502130155719811455128 0.499984235487306472034418902695 0.499990987680187293218381228144 0.599928450828801751448793311283 0.599945807788128226967216960475  | 0.246225487114910185360017180756 1.253345490448469767841288557975 
0.204534649423847914029295225191 0.499985388102406391741538982387 0.499995911448406604726812929584 0.500000380805595612265790350648 0.599957012868004069261473887309 0.599963890733881011207984101929  | 0.306708503629181228333777653461 1.192834505309138259931955872162 
0.853436874974639381186136688484 0.500004217656865090901874282281 0.499984235487306472034418902695 0.499983580489524737089368500165 0.599940410608683860615997218702 0.599945807788128226967216960475  | 1.279776161189555949704299564473 0.219779574819139011943036621233 
0.731522756054977740802769403672 0.500007378897208920598416170833 0.499997788709441948196143812311 0.499998696782281926154212214897 0.599937592928205032372090954595 0.599888808322516786653011422459  | 1.097193037709637275511909138004 0.402682432503592202532871624499 
0.712679065779411202719018092466 0.499990489199829857280832356992 0.499993927605057064678106826250 0.499961786009152253651421915492 0.599910718184416658083080164943 0.599967434806086163945337830228  | 1.068897549270422464573471188487 0.430932599523744908065481240556 
0.350136797827595325216520905087 0.499991077576499853840630294144 0.499998064569897870956793894948 0.499999396340784496572950956761 0.599958483112422835681343258329 0.599947646193102257505813668104  | 0.525033776296621956802823660837 0.974476642357359645885139798338 
0.320554312304310862202783027897 0.499998001539987690922117735681 0.500006485813861090150567179080 0.499975469888489676417719920209 0.599957109911084196518515909702 0.599932522824939584715764340217  | 0.480700537905671076988056711343 1.018891011651550604355520590616 
0.619883240338118257639621333510 0.499992046616437479933381382580 0.500032080106096232796630829398 0.499979113629754889913670012902 0.599931645522350787125276383449 0.599959132736130884566705390171  | 0.929629610626008795470909262804 0.570055410893427594309912365134 
0.598408218710695383180109274690 0.499961349707340074743910918187 0.499997302494290640773044742673 0.500042850642857361620485789899 0.599945068900695877012196888245 0.599910855224879746572241856484  | 0.897595247605553314684811994084 0.602376209236188397966316188104 
0.186011774851081751469550340516 0.500005856889337407800155688165 0.500024408106699902454295170173 0.500002653611271163924811844481 0.599995351807964594215150100354 0.599933595112450368525003341347  | 0.278978589506801211150843755604 1.220811355135935860616314130311 
0.182245826582345532562712264735 0.500001440274103425842611159169 0.499982163479373631354008011840 0.499999820066114597505446681680 0.599946893416999360582053668622 0.599982119907903843625263107242  | 0.273301640511241228370664657632 1.226330178973817019993930443889 
0.253332854459021483695124743463 0.500024094941059482621881215891 0.500014769329172881207057344000 0.499985160264795613915822514173 0.599945283963262632198620849522 0.599940030795840795185824845248  | 0.379899091621079987302067593191 1.119705420522967953544934971433 
0.040082602023990832051936195057 0.500005645351735639181356418703 0.500015342679605012676802289207 0.500005020882417383631945995148 0.599945243770645730840840315068 0.599954657069464047935980488546  | 0.060104942912956822731462835918 1.439422030834454302450353679887 
0.364838001166311154399579663732 0.500011328318143211113522283995 0.499983955482196318342857921380 0.499987985394690026552666495263 0.599950174799519286850113530818 0.599932124104216590865235048113  | 0.547102096221435019174350600224 0.952473316626084809399799269158 
0.934710960134827018030989620456 0.499992847661276718085332504415 0.499977267024677041185043435689 0.500005532718919232237908545358 0.599953885309955969873385583924 0.599908635407033319353331535240  | 1.401803394821520720725516184757 0.097915186224451111751676535278 
0.899459864633103456377227757912 0.500005179417990164303375877353 0.499991854872120111696887079233 0.499976786911197290663722014870 0.599956826767213180495730284747 0.599949365009604496101758286386  | 1.348795435366673123311898052634 0.150766121965134086702065019381 
0.493694777961620090422911744099 0.500005008086705560188534036570 0.500009045616344627305238645931 0.500005532718919232237908545358 0.599976287963218446463997679530 0.599961982479923716660152877012  | 0.740341986172439625590868672589 0.759252539070835119616731390124 
0.026240147672320274230273184912 0.500017446138669607869076116913 0.499998590941345188998212734077 0.499998102549746192835300462320 0.599945644337798289491558989539 0.599944117448392599811768377549  | 0.039347845156845646930054982704 1.460180497755346973320911274641 
0.224619249497180234476090276985 0.499995276932361232269386164262 0.499998224025694548711129527874 0.500004687645050460709228445921 0.599958817788957432526331103873 0.599894790743443984126770374132  | 0.336884232255654614274220648440 1.162917022577955261652959961793 
0.754945619937384848618933119724 0.499998854140779880328437911885 0.499978480960176330238908803949 0.500003955243128461738422174676 0.599934832333313905472493843263 0.599966889144909920617010357091  | 1.132110585800128133016073661565 0.367481644291921871747774730466 
0.212027896734500231890052646122 0.500002814680393647961409442360 0.499967810891449093713134743666 0.500007019511929384769644002517 0.599957938743923113733558238891 0.599953620144861088370191737340  | 0.317959294009800830238532398653 1.181651365279750676151593324903 
0.099485046285786901676395643790 0.499979364238271273279679007828 0.499999902430619480586670988487 0.499981971853086015755707194330 0.599953167839756940082907021861 0.599940919495109192816073573340  | 0.149185414194100335327775042060 1.350390851424162486082991563308 
0.778026100155660094159770778788 0.499990898730811150763031491806 0.499984235487306472034418902695 0.499983580489524737089368500165 0.599965469936956430352381630655 0.599945807788128226967216960475  | 1.166712264941796250994343608909 0.332867588109883538738387187550 
0.870541212997181346189279338432 0.499990232043229232417047569470 0.500015830213878742505073660141 0.499997551135812956513149174498 0.599923632371929360651563456486 0.599964255095980281140555234742  | 1.305477260661528138285802924656 0.194138428028164083949391738315 
0.019996837204470509913312170625 0.499952776266632925583621727128 0.499982143743289975112986667227 0.500078857468679305320335970464 0.599956365455431517297313348536 0.599907675802531570319331422070  | 0.030005971204248322453667086052 1.470529883412808880294164737279 
0.795572147624296177603753221774 0.499992306619471416073707814576 0.500021990435795093965509749978 0.499990256060953708328042921494 0.599985164981583274368404090637 0.599974434530723188530032530252  | 1.193155540014770643608699174365 0.306589698148381661901851202856 
0.582578762095625646288965526765 0.499995276932361232269386164262 0.499998224025694548711129527874 0.500004687645050460709228445921 0.599955204854995427510289118800 0.599894790743443984126770374132  | 0.873749179972156619911061170569 0.626046619018431504954946831276 
0.809540818407099349585109848704 0.499989380837777441790592547477 0.500013088982819930983225731325 0.500004223435639549855125096656 0.599919292305850504476438800339 0.599951479202413318070341574639  | 1.213998103179496634851375347353 0.285615104179499146308529589078 
0.844570225883437109004603371432 0.500000419347258473479200802103 0.499995911448406604726812929584 0.500000380805595612265790350648 0.599957012868004069261473887309 0.599963890733881011207984101929  | 1.266451586351839520006024031318 0.233070356926596805591245242795 
0.284782544905728629558439024549 0.499999707351879096872693253317 0.499997761302825471929622835887 0.500004428159468883308136355481 0.599961321832614635773950340081 0.599941704692312338664805793087  | 0.427035983029324717197283689529 1.072480018454144534700844815234 
0.439458229652200271786455232359 0.499996549834216041929835228075 0.499990890132378074106611620664 0.499997518775326610374065694486 0.599963842593865703811673029122 0.599847621285848231487136672513  | 0.659427511584228076557678832614 0.841118995659743129422736274137 
0.823653255583171373110928925598 0.499991816942469691209538495968 0.499993106563413391985051248412 0.499980094139769293271058359096 0.599969982582856498076750995097 0.599955591569600876766799046891  | 1.235142091684917842187019232369 0.264447794365371580127543893468 
0.790830243388111919777827552025 0.500009601281905413650008540571 0.499981456618311614903404915822 0.500001377968747662272619436408 0.599971773108925798823065633769 0.599959017675483652354273544915  | 1.185925615222135132142966540414 0.313670063037888358081772821606 
0.081647150367349929922511364566 0.499966875280607514486774789475 0.500008943446015763356626848690 0.499990015391121034316057603064 0.599913099498392332620255729125 0.600018798406027564773523863551  | 0.122489150333967233841292454599 1.377736513181041511089119921962 
0.507158665082903192811158987752 0.500008612608264679799674468086 0.499976230357966788808710134617 0.499981971853086015755707194330 0.599935598545135007064743604133 0.599936432066100366888861117332  | 0.760547351453653375230601341173 0.739076738236956076733008558222 
0.450102779791416107713075689389 0.499989899219684230669003000003 0.500024408106699902454295170173 0.500002653611271163924811844481 0.599933071303571319177194709482 0.599933595112450368525003341347  | 0.674980439384117669732177091646 0.824633581433334317267735968926 
0.577846109384942963060893816873 0.500017969121581806746235088212 0.499985379034161458999818705706 0.499986794796244637950621836353 0.599941982708948828850736845197 0.599953393596869610782107429259  | 0.866521179415534081869054716663 0.633049667116349024098553854856 
0.058187157120632229667656076799 0.500006674902790493320026143920 0.500023374393359087974886278971 0.500000878535839299310339356452 0.599946146989300266305633613229 0.599960775635855481091596175247  | 0.087255479929518139914357277576 1.412310476671904346801511564991 
0.565284058361089192246140555653 0.500002032385313377460533956764 0.499996963842777530917516060072 0.499990960321118782516691680939 0.599950798946098706743157435994 0.599963157693374604662039928371  | 0.847655896321805268911475650384 0.651866129435277219528188652475 
0.741967083629996526639160947525 0.500015262902123058808001587749 0.499982163479373631354008011840 0.499999820066114597505446681680 0.599974995652695741732429723925 0.599961976321646606180593153113  | 1.112675093262329939491905861360 0.386953553090393864710705429388 
0.272542882649321638321993077625 0.500016938670950539247428423550 0.499978053617417206311301924870 0.499991544652518604685553782474 0.599948408641164054877492617379 0.599961781630610757609645133925  | 0.408703103732188766095134724310 1.090888812810585806190033508756 
0.890204565534545300131696876633 0.500000829993850426369306205743 0.499967810891449093713134743666 0.500020958441242724390463081363 0.599891683955634968938852580322 0.599875987019760747998020633531  | 1.335751609409015827623079530895 0.164748007335738577694428386167 
0.680355917704691837144537203130 0.500001781750743945487158725882 0.500010927973803975810085375997 0.500005828269935559404757441371 0.599943782537976311175498267403 0.599960852689190859976520187047  | 1.020210856312516733979123273457 0.479314362420626971506010249868 
0.124737732512172738719158360254 0.500020196413517026279293986590 0.499986072388140079247875746660 0.499976668910457666683555544296 0.599931426133979872616919237771 0.599942426390784766532249250304  | 0.187062112883567804866302708433 1.312581251768046630701292087906 
0.596469334718054300381595567160 0.500002821811710518318250251468 0.499982143743289975112986667227 0.500078857468679305320335970464 0.599933400110398307170100906660 0.599907675802531570319331422070  | 0.894904867963178141110347496578 0.605431890147264617496603023028 
0.424235292630219695819704384121 0.500024072434173461054740528198 0.500019113325123831792495820991 0.499997889057688604808049603889 0.599933234228708145430175591173 0.599953580491958571307975489617  | 0.636189537931026838357695396553 0.863425296060530866881777001254 
0.462661830699938381172842127853 0.499985951338476120042741968064 0.500016453274098715553463989636 0.499976857243929428964435146554 0.599936322221828577383462288708 0.599950644571963787043955562694  | 0.693812177210408331795576941659 0.805797540238670895185180143017 
0.371442411371632585925794955983 0.499996727796920781283773749237 0.499986945173315711077322021083 0.499991715846468065542751446628 0.599942669788676830044948928844 0.599873507082023471603804409824  | 0.557197403080486708404350792989 0.942893555899972923839413851965 
0.530242089979649833253461110871 0.500009143016562185302120724373 0.500024387112040669123302905064 0.500005532718919232237908545358 0.599976287963218446463997679530 0.599980207088789185831956274342  | 0.795219524687983625454990033177 0.704509636228878743935410966515 
0.138900732430182971555154836096 0.499993605236279503589713613110 0.499996776747564208864815782363 0.500003145350272237834587940597 0.599922192480996985253227649082 0.599954014461099638388930088695  | 0.208292028851410598866422674291 1.291282704896710376019086652377 
0.432242194866299223043881738704 0.499996727796920781283773749237 0.500007549264675499323118401662 0.499991715846468065542751446628 0.599951097100284935770275751565 0.599898607502812319935969753715  | 0.648260335329934211934244103759 0.851501471891254690937955729169 
0.114292478906049627118690636962 0.500002814680393647961409442360 0.499973550780728026587951262627 0.500007973178623443821777527774 0.599928737354466501408012391039 0.599953620144861088370191737340  | 0.171394554920330594027788606581 1.328219037862269358285516318574 
0.762069960794248824065277858608 0.500014771633352284041507118673 0.499988413251040320073315115224 0.499998683576583280441241186054 0.599954092169527219979840992892 0.599902343183684294558588590007  | 1.142913784864782122951964993263 0.356835376844213847391529270681 
0.814028344910804557699179895280 0.499988349099054762980642863113 0.499999544660842121235333479490 0.499994920388134977962124594342 0.599956773311696944794846331206 0.599957501968192308261507150746  | 1.220653070073077328672184194147 0.278868510108295608596051806671 
0.978344128618294339716499052884 0.499999707351879096872693253317 0.499997761302825471929622835887 0.500004801899881501370259684336 0.599961321832614635773950340081 0.599957464977689425289497648919  | 1.467043678587895527698492514901 0.032473347859420804983887620665 
0.472400202134453606195307884263 0.499989615771864737148177937343 0.500016300126417068128148457617 0.500002700185581017144897941762 0.599952864603034430324157710857 0.599973922420184213599725353561  | 0.708407570593134416903069450200 0.791184443534558301536208091420 
0.486549228505529618438174566109 0.500002187078226079108844714938 0.500021136655195430620324259507 0.499979952697194973687544461427 0.600036492376745722587827458483 0.599980301112291614096250214061  | 0.730029179049878185203681368876 0.770392846676510312242669442639 
0.669297021625952393009129082202 0.499996219997951962810134318715 0.500039454749434009173114645819 0.499984270025160326689217527019 0.599964966372874441979945459025 0.599990006363298800096117702196  | 1.003852061973463438704357031384 0.496008283340433120400803090888 
0.340548723759676374989169289620 0.499991283350841753119198074273 0.499996658926075365769747804734 0.499979951903160746429222172083 0.599967029126198703181671589846 0.599950384129392055854168575024  | 0.510677622702721434322370441805 0.988895234493196939595804906276 
0.007415200482125768391417075520 0.500002187078226079108844714938 0.499983456186320784908616587927 0.500004233510075835056341020390 0.600036492376745722587827458483 0.599963201864368800286797522858  | 0.011124961681287166490039730604 1.489166461066314006700395111693 
0.146777104165599886487214575936 0.499989408569979809637828793711 0.499984235487306472034418902695 0.499916806756300735603559814990 0.599940410608683860615997218702 0.599945807788128226967216960475  | 0.220198221084238171529889882549 1.280023644826139728181146892894 
0.068680034255256761088759276390 0.499978493669292867185305340172 0.499997720334737494329857554476 0.499993981592172453964906253532 0.599925417097719959613755236205 0.599965954791324418415854324849  | 0.102994448826636969540615496044 1.396632770982936699866172602924 
0.557679688084734781483575716265 0.499999320421651238799398697665 0.500011516887321150193201901857 0.499986987925520542930257761327 0.600021098727347657053599050414 0.600006697087579032867665773665  | 0.836718181350114775796100730076 0.663638025317004220937633363064 
0.089924244749869097770300641059 0.500004649852508031848685732257 0.499997720334737494329857554476 0.500010295230047474568380039273 0.599925417097719959613755236205 0.599965954791324418415854324849  | 0.134849549633470705556348434584 1.364741022503828116185786711867 
0.834989986292859254213283293211 0.500011096576219449261202498747 0.499988032535209181439483927534 0.499989717717428339138763249139 0.599943511181725952496890386101 0.599887470471358263957029066660  | 1.252411550793288030902772334230 0.247500509653895445216775783592 
0.456905824150577843933973554158 0.500004981283876714925895612396 0.499984439221428877964115145005 0.500006142711140300072258924047 0.599920184159376090882176413288 0.599931344929642951235848613578  | 0.685194197554558015461623199371 0.814445687378809513035093914368 
0.911243513332464227794105227076 0.499993605236279503589713613110 0.499996776747564208864815782363 0.499995159484890816514734979137 0.599922192480996985253227649082 0.599954014461099638388930088695  | 1.366478966999629562906193314120 0.133097103509060205039915558700 
0.156102450603695652731062182283 0.499990780533337897395540494472 0.500006590140204432159976022376 0.500065631898447215952785427362 0.599929671222200644464805918687 0.599929107457092714028590307862  | 0.234155315632444072093676368240 1.265855188538978381984634324908 
0.883095276420553854102024615713 0.500006618466622421159684108716 0.499990530860947079982992136138 0.499998198116401781909701185214 0.599973601690584557033503187995 0.599942133050106907177223547478  | 1.324263466058527294322288980766 0.175306853721868882711731885138 
0.944458424871380319842728567892 0.500004883493315510634147358360 0.499988044125909192327839036807 0.499997152142036993538454225927 0.599962082919043626638710975385 0.599954014461099638388930088695  | 1.416242823269039163847082818393 0.083286204132996130566901626935 
0.923527886800972974690182581980 0.500007123288832899810074650304 0.499985578357631577084418950108 0.499970549923369422806729289732 0.599943849094878745020764654328 0.599937193981226246641824673134  | 1.384943173628634394134451213176 0.114679299522628216911890319807 
0.047569741206626867113804735254 0.500003949745674303173359476204 0.500005984340257003673002600408 0.499958026346182304866516687980 0.599941882585233843272476406128 0.599956175031496563576638436643  | 0.071339522894263415753179913281 1.428343281441136758402876694163 
0.957482858077312815048287575337 0.499992306360440452728255422699 0.499998626001465662493927766263 0.499996974933355042836069515033 0.599956625688092048953592438920 0.599929824557401070173057178181  | 1.435787191043691013447869408992 0.063756303580164777611294368853 
0.831743689588351098329610522342 0.499993318491858074192890626364 0.500006478909734930482500203652 0.499950353174778039377912364216 0.599965502830275831946948983386 0.599974515361799576318446725054  | 1.247477273933986774423487986496 0.252356496432689147990657829723 
0.380239771171149099071584487319 0.499990232043229232417047569470 0.499987421463659431619674933245 0.500026539343617626443005974579 0.599923632371929360651563456486 0.599949088997018820101914116094  | 0.570227956627469168005006849853 0.929425682630599769851187375025 
0.384991487197598347691496201151 0.500001248920422192156820528908 0.499984235487306472034418902695 0.499977305519472614570020141400 0.599946705995928475374512345297 0.599945807788128226967216960475  | 0.577322127305157861698603483092 0.922249022975484722408623383672 
0.987578984735674403339089622023 0.499969817471371369421717645309 0.500014541602517681440076557919 0.500000224792247927041444199858 0.599984642755851949047496418643 0.600038450053234639902655089827  | 1.481873174768276069102057590499 0.018637870598793529475223351710 
0.702437615687870220426702871919 0.500004792361171013226339709945 0.499999302665534550715875639071 0.499982639895111935501859079523 0.599952466736528799984284887614 0.599906769214684998381414970936  | 1.053449793556811453498767150450 0.446256045124974465299061421319 
0.685635187451022587445947920060 0.499990635465080102139978635023 0.499980027562913931227228658827 0.499974506407391494633429829264 0.599962082919043626638710975385 0.599955435115240742760533976252  | 1.028196001732047948351578270376 0.471429485044031093554650624355 
0.548464608531711639294314863946 0.499996973578387904346698178415 0.500019232568723270837551808654 0.500009523857933624313432119379 0.599911921668850323108301836328 0.599970198033952684113501163665  | 0.822544074792816215513369115797 0.677177259998209879476860351133 
0.953178573388382965880794017721 0.500000000092404639495669016469 0.499991390447915351469276856733 0.500005849784939893076796124660 0.599957070735622988166824143264 0.599879099083493128041766340175  | 1.429765710664354649850338319084 0.070232034335082169085318071211 
0.992012912917568323578620947956 0.500000444608705407745219417848 0.500026962291296728224665457674 0.500044988116502775454819129664 0.599940410608683860615997218702 0.599945807788128226967216960475  | 1.487795647234494200716881096014 0.011978829348476575586412984364 
0.051899533140826001331724626198 0.500005316984147740733135378832 0.499985379034161458999818705706 0.499986794796244637950621836353 0.599943580566113632279723333340 0.599999272877555833716201050265  | 0.077838090963659831156284951703 1.421945938932162922796464954445 
0.114577236460476628021609712960 0.500017604371363888482449056028 0.499996658926075365769747804734 0.500018036314989311463818921766 0.599946929602354961374999220425 0.599909123650582243314488550823  | 0.171833540278899687958613640149 1.327884428029522556613528649905 
0.920367624825506602803670830326 0.500006688498351392624385880481 0.500000629541816898893102916190 0.499971114651296399955526794656 0.599959275683673354251368436962 0.599963890733881011207984101929  | 1.380193442743727461063940609165 0.119417588234681501524470093045 
0.738431622492391803724842702650 0.499999505197139648693394065049 0.499988255571115758346678603630 0.499979269494277678287375010768 0.599942643108448137034827141179 0.599950254861081777590925412369  | 1.107318293277029130905475540203 0.392235977624252607487420618781 
0.072347883272677659949323469846 0.500006295308182524550488778914 0.500005554454510559025948168710 0.500012765283363025403673418623 0.599928984313926827454110934923 0.599962398134020635787067021738  | 0.108491040179157907652474079896 1.391083450068987259484742935456 
0.706236978072053989130552054121 0.500012559564764869080022435810 0.499998224025694548711129527874 0.499992970993623830899821314233 0.599960342867106422026779455337 0.599929113102299793602867339359  | 1.059049536792207257818176913133 0.440517279552203266934640168984 
0.878255249433357088051366190484 0.500012832980787802483746418147 0.499990425510702163336418379913 0.499957811970535737078336069317 0.599947858493635521881515160203 0.600002026058852999668147276680  | 1.317355455316955969990999619768 0.182613325019856886921587602046 
0.973504842767485278898220713018 0.499992847661276718085332504415 0.499970161466276263872998697479 0.500005532718919232237908545358 0.599906465929451182539366982382 0.599856222020341056655468037206  | 1.460868659572132521873299992876 0.039759375743199369679370391850 
0.281281389771334655591772389016 0.500022380670794630574960137892 0.500017295110542936420472415193 0.499955847859022251000737924187 0.599941835755552266284951201669 0.599932522824939584715764340217  | 0.421865477562214818973984620243 1.077933275228244669463606442150 
