0.465520521576992862833321851213 0.417718530437674928634805837646 0.727629105236406559242823277600 0.720028956859016133762452227529 0.523578684972454411195030843373 0.393279889476879418452881509438 0.620245127062336365497685619630 0.126802062085021205461998761166 0.154326258789037606966587645729 0.494100517142751272103851079009 0.918401367907687671277017216198  | 628.108527797723354524350725114346 563.507160359641375180217437446117 
0.449365143101077890719352581073 0.287438704761163066336848714855 0.905021669096710112967230088543 0.315146190005030746306147193536 0.058399746743374780777457999648 0.479892386496045375565699941944 0.915973233156416100086971709970 0.082041026101293823558080475777 0.063299917449796794244321063161 0.390851754725607847262836003210 0.036882227869702077782676497009  | 691.402332083310398047615308314562 589.321954837802991278294939547777 
0.478046586364682446479434929643 0.526600670308981833045436360408 0.837839533684567427940237394068 0.053682227540026161705100093968 0.180927236908983601892941806000 0.253117098399943785125287831761 0.240932648133654225830468931235 0.516800276307801453867796226405 0.829120016038741525221666961443 0.104317361076425640931120142341 0.261874586857382740667787857092  | 998.988368935571202200662810355425 932.360656925555076668388210237026 
0.821045672862279474202296114527 0.388423619974336276072790496983 0.898730286202155781438705162145 0.628534528395253033750122995116 0.025368060739875630815731710754 0.630292380010061492612294387072 0.231833638675275621743310239253 0.710860906356172606024301785510 0.831946466312832200173943419941 0.612638839836909809832832252141 0.733288144632624039331858512014  | 261.311188840057468496524961665273 904.984703124718407707405276596546 
0.223101989442174186706324690022 0.326932324748501201838735141791 0.173320281473292370222338831809 0.117899840347785556105009163730 0.858800411053872281286203360651 0.169596880420476381345906702336 0.875158016715214870373529265635 0.773736846341096295986972108949 0.358370571378440416765442932956 0.644019654908191685471763321402 0.361203160500567221902201708872  | 1353.606942186640480940695852041245 494.792106310941903757338877767324 
0.155843943580292187967017980554 0.906583432374127085040527163073 0.331605336884679857689661730547 0.624848398770298629756325681228 0.764745361081626384702758514322 0.594877066322460734681953908876 0.496509682074959712849704374094 0.922492620113761985223277406476 0.783239610786578666079549293499 0.086454901594855471103073796257 0.836726303264168080886520328932  | 810.728231971846753367572091519833 202.527384425411213442203006707132 
0.554150560128539027004990202840 0.681919679654535926260905398522 0.988213865256529544467412051745 0.885079465270082410555119167839 0.361992546148259819460690778214 0.057172822102543818800768349320 0.912444145680817442212173773441 0.188141900734581923870791797526 0.617114908384511551275863894261 0.678511656491261661017233564053 0.834026931456490761007671608240  | 602.332205260866999196878168731928 714.622672239410576366935856640339 
0.966360954471316091485277866013 0.476636373184000206038035685197 0.897838283959733973738082113414 0.274343804534856516852414642926 0.921511761515263927435626101214 0.616084249363355596074143250007 0.752054915226175069165037712082 0.234242949716280790539713052567 0.607807679001465928081415768247 0.339381966743620755444510450616 0.037806062075700808122746821027  | 58.939667441406939474290993530303 1114.396351593971530746784992516041 
0.301968718379480804969716700725 0.062003982937987700552184833214 0.074383968266714006745132792275 0.343448381085339704554826312233 0.642078514753531948144882335328 0.346754173405193211188191071415 0.348868360207912786563611007296 0.774773644210288381373175070621 0.700194694156092367620658478700 0.545146243898042115461066714488 0.605987081057662635430460795760  | 1261.478378036986896404414437711239 647.676953909339204074058216065168 
0.648420668257239540821501577739 0.339293350016801609214667223569 0.151538885876469464619731297716 0.382164037869872075248167675454 0.271758596460742407607824588922 0.600814212180358353521114622708 0.852225084825832368551346007735 0.742286322015084820691299682949 0.891964739682016616306725609320 0.753395481499101293820785940625 0.816461976836671432522507529939  | 668.679436995303149160463362932205 1085.133829561592392565216869115829 
0.868777370298426276917780342046 0.029636618505199052719945029821 0.562844415832310929204140848015 0.690361392814912377957625722047 0.251428685237121030127127596643 0.854431167321427764704822038766 0.575738446708568774035086335061 0.434371250578665879515938286204 0.311681257384567089729898725636 0.136531609108075713265861850232 0.009004316230496911543923488352  | 257.405959478004660923033952713013 1231.055493816731086553772911429405 
0.075932598596873290830444602761 0.339793196999290003645910474006 0.545786115253280801340451944270 0.210453660271790354840959480498 0.675008784232671743552600673866 0.640685549220075034604349184519 0.587327688554223570349677174818 0.764889823558679182724517886527 0.936225334476176840325933881104 0.942062191774474144700945998920 0.640364188349931140464832424186  | 1460.096864845684422107296995818615 174.983121862466560969551210291684 
0.723240891684898912217249744572 0.081376307123062541215574583475 0.405566434236430239934634300880 0.891875143010064874715681071393 0.053239833531044666870002401993 0.061693522411262691207411990035 0.982814264479159760412585455924 0.753376511680038163376593729481 0.763643520035051981409424115554 0.603434811497034928606808534823 0.990287460994913715239817975089  | 431.319441258952736006904160603881 928.845000637369821561151184141636 
0.925472373829911987286322982982 0.065379652036217095201209303923 0.267515782488466413724381709471 0.302285317754241944498971861321 0.800968058151912409847739127144 0.138414699936122431722651526798 0.099764859977616637820574396756 0.059509144936017333016309294180 0.957818555343818545111389539670 0.841097257498983452705942909233 0.712195333781062700495567696635  | 138.459527522413424094338552094996 1177.322192277455769726657308638096 
0.397231158242327464513721224648 0.511174697526538324154898873530 0.658923146184973163030917930882 0.190382289337679866392250005447 0.195247777943928113586480321828 0.960349941815767493835664936341 0.689046488484040153821297280956 0.830271217270753925099313619285 0.000018969819063130444192211144 0.052818456801619451113083414384 0.265342558801391348310971807223  | 835.422663042201293137622997164726 601.436063361199444443627726286650 
0.039349157510285337480127054732 0.637372042002398941917817865033 0.624981740778695282756416418124 0.983912902748654616402745887171 0.552145849567185820205850177445 0.774770388556656364187347207917 0.295956550642543447793286759406 0.211916397406950451909324328881 0.077022464172058380249552556052 0.051185760886678366432533948682 0.234835341097889838124501693528  | 1183.334917724271008410141803324223 73.234639911418511815099918749183 
0.627597863218227303150342777371 0.148554957010953336826730719622 0.699278962745252030686060606968 0.016085638047698580521682742983 0.450303259882395168212099179073 0.392079910610295456763196852989 0.804539881742911688888852950186 0.247178845992136686504636600148 0.111790974503720219601632379636 0.297181686707705949856972438283 0.723221921865835781773057533428  | 474.734635743053900114318821579218 716.805572308811747461732011288404 
0.028557850321443090102491169091 0.140223875435038891623662493657 0.852525985499779537235554016661 0.415867791528645724952184536960 0.436711781632567408450995571911 0.998901361730505144009839568753 0.201230662112852343170743552037 0.988873131478395617222076907638 0.307478260854491480813521775417 0.778371063587963263330493646208 0.848449909657853607036770426930  | 1014.413301276947322548949159681797 45.535674192013225081154814688489 
0.014193891149538728768675355241 0.032680441390576575599880015943 0.674687454536014641348629083950 0.652413101140959073021008407522 0.439135737190870401036590919830 0.083679221929918057298891653772 0.609205885053622164804210115108 0.565738644733523088348192686681 0.036557375756071763817089959048 0.465016487788926013990931096487 0.285440183738607244912088845012  | 1281.702609938587329452275298535824 28.581208415711746084753031027503 
0.213993010818832374297926435247 0.935701224319137381257860397454 0.161824439016236776289758836356 0.055023902508889221962817828171 0.107823956315987956600110919680 0.273178696955394428869112743996 0.393559435638186516648318047373 0.798788307706210787273448659107 0.063945325323223833891006506747 0.957864297946899867497450031806 0.260978093922322074149633408524  | 1245.464992155985100907855667173862 435.164402087605196811637142673135 
0.788922132344545334881047438103 0.610787849629156553987741062883 0.951232461358078040802865871228 0.877458395031171178857221093494 0.122357287415697291166338800394 0.856820813451673046756695839576 0.128237175477032394610432675108 0.467816579118436215445342440944 0.485447116153155278084341262002 0.198277965341818074307411734480 0.162581375429301289159411680885  | 375.269589840487014953396283090115 1090.046931063365718728164210915565 
0.863114773272346091914641874610 0.485285951926419656388134171721 0.080384413728561199263822345529 0.288478820866158391922340342717 0.337056008101406234800379024819 0.696715925426923732288742030505 0.974000149036742257635523856152 0.718231538865533702953314332262 0.952900546795985903258952021133 0.924433614159624994499608874321 0.964612524998219256211484662344  | 221.901645344694173900279565714300 1016.056800720855108011164702475071 
0.182359577488139024126212461852 0.591547891577457463085920608137 0.626945659184100390071137098857 0.825923932003410854463254509028 0.047668900372427103206973697525 0.323772267081681164313522458542 0.866515844062698326055738107243 0.450657447402818434056825935841 0.650133888110930868720060971100 0.380633330539417391591427985986 0.528746774996383450684334093239  | 1263.779938320332803414203226566315 372.246970593665650994807947427034 
0.834402476048758501292468281463 0.512106079106713352189217403065 0.789298327868612981106366532913 0.953849785264450744648456748109 0.003294808201356858035069308244 0.320727064187463772881869772391 0.228682636632116853547813661862 0.339841450329148031528347928543 0.491016338752183756355407240335 0.567208644873073541958774512750 0.261092464022846471038974414114  | 267.084863859598101498704636469483 1003.512473304814875518786720931530 
0.011267610159512386758251523133 0.197211914018017520078274174011 0.872664325020750197836605366319 0.516276064738530493514190311544 0.646233037771294038797975645139 0.567635503634775662185063538345 0.475016040624529622959926200565 0.197429481260525507835268399504 0.507206850544081433440624095965 0.610844205811391205429572437424 0.408288801805127943289619452116  | 690.621693069431898948096204549074 12.224673191799803717572103778366 
0.082041074632773103303406969644 0.116829985309319539510397589765 0.365352315924457826668003690429 0.333058959547084310059972267481 0.902971028187222302108239091467 0.124942367275675536575363366865 0.147089514930972442563472668553 0.256764479521038424536527600139 0.858436515012670042779063805938 0.671565036677117532804004440550 0.295906128399272549955867361859  | 1236.730663577682207687757909297943 160.265439229897197037644218653440 
0.224193487903573185349159757607 0.069116803569048812505570822395 0.091266906848140871844066168705 0.464391683080656036963773658499 0.180439860688393238774551718961 0.327767111265448218837548211013 0.150596035230758040768250793917 0.656288307256692959867905301508 0.449417573535095371539682673756 0.767183043737693748376216262841 0.675152726944057590685588365886  | 1322.970853412659607784007675945759 486.166466931266143092216225340962 
0.980703685766066257656348170713 0.218656857378972446781517646741 0.743882857370637751159847539384 0.930838915063107563696576107759 0.958419951157223337645518768113 0.533456884515614015995765839762 0.547686419215596131948586844373 0.525191520835255332144697604235 0.233543815608444949027955317433 0.271982295475345026147806493100 0.975965961036088458513404475525  | 44.871979905849251224481122335419 1479.953138882532357456511817872524 
0.840541042429595819385212962516 0.493392199469340431150499171054 0.729656297360877559299296990503 0.934178004632308045529498485848 0.229460157339322901037803603685 0.764290953551460816584040003363 0.159401589640754792753796209581 0.163249227486735537517859029322 0.416612609642315501190523718833 0.604804156766153511171069112606 0.561850036624417015218568849377  | 303.517095723495629044919041916728 1186.305680087673636080580763518810 
0.430028870280323771702057911170 0.197511598076692607151017000433 0.535572378972464235857842140831 0.427576180392321592016457998398 0.823752646264137911025215998961 0.516596089467306285314407432452 0.663972596744911491839502559742 0.959520431328485301492037251592 0.085652684976135873284874833189 0.174744986196682994261664134683 0.810058779157428077155600476544  | 787.137870404914224309322889894247 630.674957198496940691256895661354 
0.140864024273231080996993114240 0.524811273494862007282790727913 0.839666760077743878909473096428 0.173314730826344742808942100964 0.190764362643367491045864881016 0.917629357591649541525669064868 0.492473525969577607952487596776 0.699034925371915250025267596357 0.508315809190381995286145411228 0.879293518756957048765343643026 0.619389331137419674178090645000  | 677.194531899931803309300448745489 152.336219602301923714549047872424 
0.507266766944631797287001973018 0.661238036567817100142008257535 0.266880085003963429812756658066 0.644867481715929002916709578130 0.900190930873126626821090212616 0.326843388966620129743034794956 0.290514982780507580173434689641 0.932821484067789086225275241304 0.103210446992782256536713703099 0.715632295615572289193551114295 0.895051000789930384371473337524  | 654.487834881392586794390808790922 669.602466822572523597045801579952 
0.043911871182289452519853512058 0.933824078213209674004247062840 0.789974890789876482699582993519 0.433608677662361330362728040200 0.693790124437870137086292743334 0.374371688389251389139644743409 0.334427158191887841098832723219 0.315914458016795407502286252566 0.779508769505767418195318896323 0.276931035664173208488136879168 0.332225233239213824099067551288  | 993.751076603774890827480703592300 68.654491790186341404478298500180 
0.614098680712383382385155528027 0.110266966223457885121206345502 0.426911237687676248242496512830 0.568222120771505800895795346150 0.497410868547497386771283345297 0.514534107924825789837086631451 0.263058296613608910696768816706 0.089769220675695371447488923877 0.314289173985645930997634422965 0.629028552556627928993293608073 0.326818423287541515165344208071  | 469.231866330316677249356871470809 676.871105266102176756248809397221 
0.481879302461120317957465886138 0.640521378182533851486368803307 0.383664309210032139496604486339 0.889928568050928237020968936122 0.082987411804944954951679392252 0.970182472307041354753209816408 0.585148742939233912352392508183 0.751225526784248032186042109970 0.858830528179887586759377882117 0.030550009651660658960281580221 0.863932988609057872508856235072  | 922.994637969386303666396997869015 871.891336023985786596313118934631 
0.192586040255648183183723176626 0.225568079365360496524317568401 0.063047764602886857687735755462 0.763853124955691242803368368186 0.349407236820143740629873718717 0.995062657422080221181204251479 0.184500817447089460188180964906 0.245257512576773084589376594522 0.789524298081261677317854719149 0.305100157151773743180456222035 0.878238214388003868293708364945  | 1040.893616858736777430749498307705 324.854936751845400522142881527543 
0.334419613280275584976664049464 0.785000782542843111855290771928 0.004346103533395151430340774823 0.516526621663094487324485726276 0.436914820915691892722065858834 0.714716549094198683178547071293 0.849834072262844131273595849052 0.133027974685740901783503886691 0.130483552676338376841158606112 0.143825474005682352185431227554 0.185081343002401865760475629941  | 967.418849431820262907422147691250 560.742679744471502090163994580507 
0.903274068561549015043965482619 0.926041902180818610190726758447 0.241022637406713147179004863574 0.468222045072509640561975174933 0.311323923786364531451908987947 0.570574033236196598295464355033 0.966507221196651666872412533849 0.784446112083687197014114644844 0.092430218217083748299955914263 0.086967720662440739509690956766 0.824574382631121705067300808878  | 154.865512417492709573707543313503 1011.420925928058863974001724272966 
0.805166809071684141940750123467 0.548673023299672379948788147885 0.233802507491230215919131296687 0.712410086004654274915992573369 0.510188004391430638406745856628 0.746531674950514423372283090430 0.652854399760003478725423065043 0.599572624891447247819087351672 0.779194480293783797719697759021 0.193790448601800613381840321381 0.351395749784781941116307280026  | 337.337380108241063680907245725393 1067.623813777000350455637089908123 
0.496695904176851499300937575754 0.198582966207630273736128856399 0.986654499489379221977003453503 0.841964774398231807772674528678 0.501960427234531714191234641476 0.273824819152869380900483520236 0.180651493548051433890577754937 0.892323306983235919886965348269 0.246103897567973461946166935377 0.771502770391974124208900320809 0.105618319593207443674032219860  | 594.458444221024137732456438243389 588.319697706755619037721771746874 
0.400993696734238791457016759523 0.257880955531202715746985631995 0.215180101656018862854580220301 0.115604729328913524710742422030 0.282652571417425946265211678110 0.674312813055658821781435108278 0.498725837626258661217093504092 0.136669898321258198592431654106 0.705527532260326495361368870363 0.099043734094220070574010605924 0.140629164678474971594823728083  | 705.487888230994485638802871108055 514.251337995617291198868770152330 
0.433605032758061170738983491901 0.507650199356543652129403199069 0.317943655455464213588356869877 0.450260321426312670745062405331 0.064960017588708396374386211392 0.007869297864612323500921320374 0.631067547451209187592269245215 0.856658733523468995940675085876 0.963173980457630918294853472617 0.292758036019165945873510281672 0.657170170993575553097798547242  | 952.592045108714501111535355448723 772.067208727331262707593850791454 
0.154539131788844485981826437637 0.135404317813505703504972643714 0.067228348338270849104958415410 0.053442968255161815704923355952 0.355393931580177735440884134732 0.850902491867738142161670111818 0.501793540666261250748902966734 0.418117405161424926518520805985 0.588241883036182078292597452673 0.687904484309863506474869154772 0.099639276811357646579381253105  | 1068.003201661313596559921279549599 264.472655333482634887332096695900 
0.449629289205452309374777541962 0.093173342812755244324307568604 0.278805053246593104177009081468 0.002537805034886986277342657559 0.428588019495050209783926220553 0.202594078333690807980360659712 0.534612607302738851444701140281 0.771325182429171474218776438647 0.562722901150591425789571076166 0.494737016261312945175632194150 0.533521923719220581006084103137  | 670.016719445423177603515796363354 571.573913754329282710386905819178 
0.905824930188464327862618574727 0.329484328495803668879204906261 0.706560456584726104267701884964 0.434732078896260865086276226066 0.220381850897707565195560164284 0.825257561967873698449693620205 0.041420815115497777725295236451 0.744310356901712211197263968643 0.353385365230549197690379514825 0.517376436557025365381434767187 0.713089212424375284982147604751  | 175.457434412619790009557618759573 1177.420918129240135385771282017231 
0.158241678719845069167604378890 0.765550812450566553479802678339 0.022431386516158280386434853426 0.003847518170832842088202596642 0.671775008020771835504092450719 0.070137818131208451433167283540 0.934075819987567390612070994393 0.170914924957587643916667730082 0.327718551665048596355234167277 0.577906263527883545805252651917 0.938868016496748225563351297751  | 1237.875405477670938125811517238617 314.190597495097733826696639880538 
0.974128275637323071123319095932 0.412118725266999885725738295150 0.120775992930509001865857499070 0.569742617872062595552051789127 0.301308841279886219233219435409 0.196335468554948322505993019149 0.636276882625761430745114921592 0.137916418489757219845159852412 0.251337220903668168148215045221 0.912859814091863341900534578599 0.801153766558295288291446922813  | 35.846040407751338818798103602603 881.569912480153448086639400571585 
0.618027881256480338123537876527 0.354139135913895564122810810659 0.895201289535316746537318977062 0.589843119129611181961081456393 0.828471105351579861775235258392 0.497946022495428408660700370092 0.746342397140653091014428355265 0.518104064904973626859430169134 0.753828664322296115862798160379 0.928724351853770002662713523023 0.121910737540403713019543374685  | 607.141348323283523313875775784254 887.455284395897706417599692940712 
0.515267079284871698519054916687 0.339937036749844878613657783717 0.028409529397563915154023561627 0.016469294228050324058187925402 0.081818085403181806114503160643 0.964869989430676255892649351154 0.470016341149285254985557003238 0.366387432595643103283578057017 0.858460133635551514430517272558 0.395605505229463361160924250726 0.654487709284796159714403529506  | 927.007336328244036849355325102806 972.570750146229556776233948767185 
0.416624514403940326978670327662 0.088532575328245766144164008438 0.080592942982365300963465415407 0.325180561362390818658241187222 0.235414442838262516488612163812 0.212949709763917915950059978059 0.246364334406283802536563598551 0.607042968089896106675951159559 0.999272371652051738522004598053 0.959260548102079169119349444372 0.229517326866075066504890855867  | 807.012005968387597931723576039076 619.157200071008332997735124081373 
0.643640074910162840460259303654 0.507164307231286581867379936739 0.663910481420987963474544812925 0.643365478623207920350068889093 0.053668523903158127374979358137 0.852257734584385584497567833751 0.206044935526911388024018378928 0.857702210515763341369677164039 0.211518830932240442521674594900 0.080407882861196711132834025193 0.578522770407859709962394845206  | 644.308488364601430475886445492506 1028.215958358994612353853881359100 
0.757631015982203726011334765644 0.704151478526568674887187171407 0.875678984713712083021164289676 0.212776265951640453089055426972 0.115742525572583021542527603742 0.311096321263370612086873734370 0.902501975651494703356547688600 0.038387511139750252198155067163 0.666495479685579539363970980048 0.194110798468399181615495763253 0.618755509604428599601533278474  | 256.461512775742448866367340087891 640.771078804393937389249913394451 
0.394878587811816395003461366287 0.665683962669241680032428121194 0.946203044219448341500822152739 0.321306798120293279907855321653 0.834035541074440445186155557167 0.102976918517445170664359466173 0.464435541001815499484450810996 0.901570929737910531365230326628 0.722679416326858614638695144095 0.264208527024640371649866210646 0.303748248352631255997380321787  | 880.754251659867918533564079552889 629.142567754759056697366759181023 
0.259529153888648167480823758524 0.449886758989704205191628716420 0.258838278245846598046853159758 0.377666606876613131227315989236 0.089191004716964172871485061478 0.257240075197644801896501576266 0.250644907023060081741050453275 0.547363812372180902343643538188 0.493103529577968657804376562126 0.616100198145045907516248462343 0.750129034718360787614699347614  | 1267.306602853158437937963753938675 547.300068134160255794995464384556 
0.469777065723817166542630729964 0.685714355170548905960004049120 0.659496598693149138625813066028 0.289211398618814174987790011073 0.891642911643624636042204656405 0.412328793331843357350408041384 0.504066049572450936011591693386 0.534836830650236239037553787057 0.057689618364168637754119117744 0.506837910539216451866195711773 0.379431547885522468810393093008  | 565.643365592577083589276298880577 514.333892486788727183011360466480 
0.203416058878655325869999614952 0.404381327532339795993721054401 0.193478719633503715158440172672 0.794830245657311529328126198379 0.474591127707772453270251844515 0.116853930809947215152533317450 0.600462135318118539473175587773 0.960873923909180360780624141626 0.533044070489015808789190487005 0.085419240829891052158018283080 0.141530817837157818495086303301  | 768.341376079947394828195683658123 254.215382304430903559477883391082 
0.954022443808207887272487823793 0.375726150023760752105772553477 0.742999200227823286546424697008 0.430028170402034115582523554622 0.651599722570221473461060668342 0.613290577032680528368757677526 0.146744599496125616155950410757 0.254166686353736182013562938664 0.690044748895948245603904069867 0.083918678954192360563979491417 0.337188969447647757249342248542  | 96.230452676058646943602070678025 1330.119819598835420038085430860519 
0.158846052130025228166232409421 0.566771496333925872690429059730 0.117890739241637954037855706702 0.429654213542100649192434502766 0.909498198883941455505919293500 0.669605295344503970156324612617 0.426979802030138078094978482113 0.605825485516911399486161826644 0.663746391706521832176690622873 0.342874324443450895216756180162 0.726485083399632358691633271519  | 1082.573362786018833503476344048977 275.866914479783702063286909833550 
0.364467518159813153033610433340 0.117307460408688779551766856457 0.423644163068405243954828165442 0.713464854693203420765712508000 0.514240874969821515350076879258 0.820616736621025966158526898653 0.895764089801959428882582869846 0.879812952545288129435618884600 0.469355598648920291360298051586 0.495962348364624605601136408950 0.385858386769624805978651238547  | 504.447224728178241548448568210006 325.119929522046788861189270392060 
0.348525385722901148710661800578 0.500650546563123910459580656607 0.722439902284888302297360951343 0.773752172401986682004348949704 0.982674579789742708157973538619 0.594567850688509480505672399886 0.865231535305732268881229174440 0.630709816334030559659140635631 0.901012425022305052380033885129 0.715685156179000636633702470135 0.860541734435204430653243434790  | 729.381946036335307326226029545069 444.645198168840067864948650822043 
0.677896244132707437302087782882 0.829011201473690562124829739332 0.677522785248622749776359341922 0.050946964639367209315423679072 0.403389076116743794386820809450 0.086221260348297024123098708515 0.140257187288154394622097242973 0.637279980687056379906607617158 0.205606288284602922722399398481 0.672175219188237527134788251715 0.458060095443583281671351414843  | 576.277537381545243988512083888054 1040.088602273451442670193500816822 
0.565818064229757666794284887146 0.357140813458198480567773458461 0.081502784679132966871861754043 0.150949176007097563001480011735 0.890850674747792226071396726184 0.372992427094138934151601461053 0.271492106563993473855589400046 0.095476898207438765098231669981 0.218687143648460091682750316977 0.706479153113617197590201612911 0.257833627107720175786198524293  | 662.911187749118653300683945417404 816.399619582089712821471039205790 
0.851086340154925236056726589595 0.257349004806433523384612271911 0.751757969409393211890346719883 0.080486997410250893381089554168 0.992082510095881220379965270695 0.376032837390770868779554803041 0.202436409400167605099341017194 0.577525131358224808053591914359 0.202617137155296500594658937189 0.089205102712575978785025654361 0.158861229875210230311211034859  | 222.026359485678966620980645529926 931.808278615102153707994148135185 
0.445132241220451252416978604742 0.965584067624821962283476750599 0.147646790463445753971427620854 0.157100061511623034782303420798 0.739113951941892999286665144609 0.744814913794861865881102858111 0.988962277797495903364222158416 0.096363171554781357208696590533 0.224470241800631131745547008904 0.167171243121164714295900921570 0.642046232609283951120460187667  | 1143.400507871870104281697422266006 961.533944364800163384643383324146 
0.242816919455403734673382132314 0.871353562129963066240634361748 0.516403167595553158619736677792 0.230916610380349496267626818735 0.514080853278258587124582845718 0.873149025209851048501263903745 0.254676978943259690879585832590 0.698576015622137447280692867935 0.138160024820775828580110555777 0.657924597279907930058584497601 0.588691141420131458517062128522  | 1020.908083443154737324221059679985 409.440761051421532101812772452831 
0.670149971598480331813618704473 0.232390544028171497359380737180 0.085362897014545247031946928473 0.255742285653298040415393188596 0.929121198836673989340795287717 0.401143235346261395335432098364 0.892465066892194514025504759047 0.216644010487107019358177240065 0.575812047633456169926091661182 0.233589853642952149925804405939 0.851386876643193346581028890796  | 547.033683815523772864253260195255 959.577321175641941408684942871332 
0.189969570337033766271872536890 0.439456552069849015751401566376 0.908132256551693828328097879421 0.019497112617829159830762364436 0.856589259498585775531864783261 0.040575496183643977587962581310 0.581396044929180177973648824263 0.345538118438609043181486413232 0.451802174170357506710615780321 0.559257611485582728505505656358 0.712926315334149407476616033819  | 1325.187382840036207198863849043846 407.611535058544291132420767098665 
0.599424407526525593326027774310 0.163066827989261753373284591362 0.410337025811770561567470849695 0.759691966067709723020584533515 0.290669940376225621747607874568 0.946694123746869564683947828598 0.648403932521550818712796626642 0.801473901809035105259226838825 0.196740035820381464759520895313 0.942217219388103210953033794794 0.869320193586995082490886943560  | 711.063294674600797407038044184446 976.836148940335760926245711743832 
0.731994213981869812357672344660 0.296259913820252407390398730058 0.967130491174589268510430883907 0.299657399872043983535263578233 0.836682657243168037553004978690 0.969465165179666743533459793980 0.239773912056195581676831807272 0.183894745616987154157584427594 0.821633124682555671114414508338 0.190244058438926444409844407346 0.683559307969821006167876475956  | 379.539949171978435060736956074834 847.657560071530269851791672408581 
0.158427246795813658764018327929 0.916978760069027565293708903482 0.067849782391087742894342227373 0.103743827466488025557111996022 0.113457059142141325480679370230 0.964007038567034069131977958023 0.751881891875267882596745039336 0.489756092299225009867313929135 0.856450695470872824799357658776 0.391951105599749993757541233208 0.727932752210377120860584909678  | 1019.568846078040451175183989107609 259.097613056480895465938374400139 
0.363070350441176414868493793620 0.353368683032675434674274583813 0.959482371833045633024994458538 0.961990707662084720830364403810 0.101485835474217411800168520131 0.055782409649026476472499780357 0.247178845307440275824717446085 0.336038135577260588249259853910 0.049695108025964995768219978345 0.718351733985809204341421718709 0.368336445654478095157458028552  | 1369.409865769782072675297968089581 878.346877741127059380232822149992 
0.249212493630922571341557159030 0.224572948581872822160221403465 0.861069865822015501066744036507 0.939610499429558210238155879779 0.972725713792556234693620353937 0.477652217462692152416536828241 0.232081059296467717700807043002 0.487795135603323437578637822298 0.807375719610314845908760617021 0.223170223034924397609302104684 0.742973712055652768526670115534  | 1114.076823747072239711997099220753 459.851980308282008991227485239506 
0.771115722389511759615743358154 0.682404273601393440706885940017 0.396621615626533308152090739895 0.937301257343550187073333290755 0.987211751913823931658953370061 0.686413224859466097882432222832 0.699988066334817693459058318695 0.140957626171354988287021114957 0.695038374080662935128316348710 0.533282058009734494241627089650 0.682299105955904816589452366316  | 268.268769016744499822380021214485 713.733190726093766897975001484156 
0.577908179834443203048977011349 0.598794045520111173352972855355 0.050444906241121412193706419202 0.612109708661295215392783575226 0.108395299357651242466715757473 0.300163412626637371438675927493 0.211169031824430919463964073657 0.589552065386087953413607465336 0.702448922835603006831206585048 0.876183588359506160259115858935 0.935257023760889261154716223245  | 387.012196719744679285213351249695 495.562221406810124335606815293431 
0.174005048013374796767038787948 0.296734060001575983278598869219 0.421339553865094584850226056005 0.716835443515608017328588630335 0.026705781223483882058644667268 0.764670139961443950937791669276 0.803342867439758911984881706303 0.156462629136055131340299340081 0.250993479428395005470520118251 0.032894378129714185732268560969 0.829788292431441920626866703969  | 1128.702051216813288192497566342354 316.423416876840917666413588449359 
0.671069577076770618084822217497 0.381574191998602429976017447188 0.363196662141973547477391548455 0.051040929233095999606462100928 0.443672700987731261079716205131 0.138783545949789033358001688612 0.035874722950623216810583926417 0.838526076201534076304255904688 0.062968808791117214518351374863 0.778784380268390141743850563216 0.546763570795319564510350573983  | 827.296395704123597170109860599041 1456.083823556930383347207680344582 
0.348389360222366661901105544530 0.925812842061126239912027813261 0.765605451416183413471117091831 0.675991653790980251415021484718 0.056312663597597567566310772236 0.515245615780859700372218412667 0.461089354379839555519993155031 0.042705579648870894970968947746 0.419827355595165485624420398381 0.586511082919597637186370775453 0.520122242961116754145223239902  | 1023.747908932647192159492988139391 623.796328772786978333897422999144 
0.649509895471679254974617379048 0.566833323195091387525224035926 0.266231680266779568988511073258 0.605637559915221501682935922872 0.323216562717492550405040674377 0.648947137101721693852596217766 0.697284925183623727207304909825 0.556254828130873901770314660098 0.497407335059111277431043163233 0.843773029754370740285196461627 0.514939371043325988530625636486  | 551.496795156517350733338389545679 898.407744046587140474002808332443 
0.820009665251721031609122292139 0.503681335445801847683355845220 0.263720348438928553491678030696 0.182582457296525002554687944212 0.534557961210453957967558835662 0.535177378033450668048942588939 0.074306449605228253041389052669 0.241359568455763451311213430017 0.833478008710635265288146911189 0.515429668165723775530295824865 0.587493965093777159580668012495  | 308.326255043143191869603469967842 1061.326073900036135455593466758728 
0.776611817040459229133375629317 0.771829658393415329875608676957 0.150002120320516629803364594409 0.760474100956704313070133594010 0.159032580046222449254855746403 0.480126304722266361579841031926 0.507515492034333437487703122315 0.553708554244771278263215208426 0.476639549998840283961953900871 0.332380957372330643195823540736 0.827296547322399877799625755870  | 468.036928938298558477981714531779 1278.629657623761204376933164894581 
0.866634820955276441445391810703 0.543186996890252515868269256316 0.547359593787294151923106255708 0.179952352548802707588038174435 0.956201088653264030803313744400 0.501316761740169258843025090755 0.303348698168083408255313315749 0.463898547194022792261591803253 0.704477930663161888702461510547 0.305404002339556113199137143965 0.514911351511731396612958633341  | 189.896824023337046583037590608001 893.174616772987519652815535664558 
0.410383173895402464381731988396 0.178111486322406253890449079336 0.899379836750521022281645855401 0.284483005204182237690702095279 0.365243495460343070568853818259 0.700615253423135242449859561020 0.883672999602648445716113201343 0.939701050872899124044579366455 0.078995590885264199698667653138 0.966413688716345475882008031476 0.172870345472838971012663478177  | 776.930795823981839021143969148397 584.067713793228676877333782613277 
0.234452365822760744329400495189 0.438935132944379691188885317388 0.739002738959945060237544112169 0.780029565827240034536771418061 0.101587543314427541929489962058 0.517332572634821019619266735390 0.600053739477609870967000915698 0.996090573318942018588018072478 0.540424331586287332029883145879 0.051040823849303196269033833232 0.115531734588559142906660781591  | 930.771895206075669193523935973644 359.168289404240965723147382959723 
0.198277333106245734484218701255 0.748808996927197156878719397355 0.772199283401122538172955955815 0.356446474888047704077109756327 0.635797541282929645767296733538 0.709062954144885182472535234410 0.540744315032628208861353868997 0.949805009107986819572033709846 0.575728617292824651485716458410 0.508498374208512959882000359357 0.810198128324113753251367597841  | 1193.557932422441808739677071571350 384.242919707564794862264534458518 
0.598959312920576358862945198780 0.915549754497755885473964099219 0.321538968012324621881248276623 0.420029841086277389017311634234 0.700096738895026327043069613865 0.405927948719905895558213160257 0.036375981609950258643948473036 0.876585810521230412994952985173 0.336290384053388624607805468258 0.286872215736112545769742609991 0.815593997105973245176357977471  | 456.910858870150093480333453044295 626.726804030646007959148846566677 
0.427655262301693372961608474725 0.349082260681048417438887554454 0.431143355621605550709318777081 0.184001805252141492630357788585 0.144870286852121554765915334428 0.667551156885153762488016582211 0.149311290801110607695534326922 0.995414976518276706229926276137 0.764659687306927904337783274968 0.565106342403744577040924923494 0.834654556602577812896015529986  | 1164.892256620226135055418126285076 926.231173427153407828882336616516 
0.669613112113893294008448719978 0.089181708426407269030278257560 0.685523692283605878827756896499 0.449693740962587185094889719039 0.379076285410810620568611284398 0.463643158516371056698801567109 0.239604311977872797001509752590 0.673067642165358304140454492881 0.930037707106395217238059558440 0.296284534951608558017710493004 0.898161981769372119721595026931  | 495.188754317746145261480705812573 866.933692649760246240475680679083 
0.152062917208267145419142707397 0.923408741853971815061186134699 0.352374303525546661575162943336 0.752505282633379124490602407604 0.086189217013215468909947958309 0.416051934225468378336643127113 0.851220286466820463822102738050 0.872873174701133569541866563668 0.901729533048192588573499506310 0.120116758070282436676734505454 0.433617645799317830146435426286  | 1172.951715143575256661279127001762 285.623868759625679558666888624430 
0.183702654523452579837794473860 0.937544726798544725276940425829 0.686833362774154410068661036348 0.546615832856522376737018475978 0.259369213182297997377645515371 0.161668029621817588292742584599 0.486161850591615762873232142738 0.336124305314951854484206705820 0.835430732043154655741545866476 0.880160421217718536013308039401 0.302674777968967800845234705776  | 1209.968843544824949276517145335674 359.172758190703973468771437183022 
0.017387772728383765752369072288 0.169476050804057476462105569226 0.496621099232305573956125499535 0.347722435369479665467906670528 0.653422666086526771067610752652 0.950186764596734789734000514727 0.460533876295762034658309858060 0.485070097586568160785702730209 0.413999041034978976227876046323 0.913864464057780656602858471160 0.307538504231410936284873969271  | 1093.752054972640962660079821944237 29.880697065232666886913648340851 
0.915464614881730587292452128167 0.247440701098152970871524303220 0.246457078453596767353417362756 0.458036924077967144697254298080 0.120935324028631385750998106232 0.520247726691804301957233747089 0.736045763335978708852280760766 0.602991657685110316045040690369 0.078944491812128814167692780757 0.498530251287625958411808824167 0.834182380070738638266902853502  | 157.443739964958240307169035077095 1178.701530864196911352337338030338 
0.209021287208688733016970218159 0.382848914314638077982522190723 0.432305968234203419342520646751 0.209600234606753144106505715172 0.967022059284065482742676067573 0.891881876608393131533603082062 0.019644976078831533072843740229 0.979850942509660427504059043713 0.835750658655846523359400634945 0.413091884182803958935892296722 0.738063876173288169191266661073  | 939.262324101152103139611426740885 319.968969715227956385206198319793 
0.009544277796191158458327663539 0.044835799294135725290288974065 0.837040667751648537198150279437 0.838748515915062498038423655089 0.169594855771871610983225764357 0.393183362388853319124848439969 0.751937850672502183790868457436 0.381481806356388286616265759221 0.384070994734303727824453744688 0.830625988114207514101394735917 0.104758162711323765670101693104  | 1218.668380981970585708040744066238 18.271787312110841838830310734920 
0.439014475510918766865131601662 0.852650982703415771801758182846 0.337594545647833643720048257819 0.827063244948094578035124868620 0.952067795015064444186236869427 0.519139791307550280130556075164 0.444242428706558722950603623758 0.815785755964323122668702126248 0.900309478708058108509248995688 0.466924119313121277485834070831 0.604295888545579806816476775566  | 934.771529729596863944607321172953 770.875945752927009380073286592960 
0.431412174630769307270838908153 0.487076821436114415497797835997 0.302886636075343940177617696463 0.816381998334878233869460473215 0.111438248681672291695576859638 0.290939020523890423675084093702 0.091886735197714841660854290240 0.662061190362476792437007588887 0.532382657701392369986592711939 0.923467509497107208460420224583 0.084838626767523073191057392251  | 524.493248864004385723092127591372 422.111936034111067783669568598270 
0.142682538386829205201422610116 0.807442602942678000488285761094 0.605385941374551372895496115234 0.783340778380797742030949848413 0.274033076897136074201455357979 0.908982518387884130817155892146 0.650923862670045871858803820942 0.559804700504578534037136705592 0.054287822581067235461205200409 0.018396624106415515598200727254 0.308711808500630624507721222471  | 907.585654042397209195769391953945 206.888630015025142938611679710448 
0.915924795001516800496688119892 0.828010079688623612526043871185 0.778188059975983836835666807019 0.479945237847951067244878231577 0.588995240533049191355985385599 0.203262977743953299203383267013 0.868412693827988135808482184075 0.544811638131956099684316541243 0.321205148985089117275038006483 0.076002685810811376754259072186 0.477161620094798788471734951600  | 124.968651196473572895229153800756 940.758338906641711218981072306633 
0.121368289797028516829868749483 0.752202040984125464007092887186 0.696065977528233292837001044973 0.362152252829193610494940003264 0.787797421014301946229352324735 0.968597072291704441759918609023 0.107448729459252212414810401242 0.475088476346419597007297852542 0.179702125444161642242590914975 0.544953462206745231632964987512 0.384726652929851531403926401254  | 1012.105062330208511411910876631737 195.324775387799235204511205665767 
0.834254358597000256203557455592 0.028882737147203019212327035348 0.999053165259470965509080997435 0.173879735039080607350570062408 0.039194553459599212885677843587 0.855247188173509531594618238159 0.612522778220369823465318859235 0.031896784880069972700766811613 0.922112481181165177801517529588 0.283090739560490689541438769083 0.355409488819957930516579835967  | 320.007640670603393573401262983680 1201.233590546405594068346545100212 
0.009915201341315627026062884397 0.181518346278315423347748946981 0.064179957350752769862367586029 0.415372271153438998858575814666 0.928786767694696813180144090438 0.304089314183412895431501965504 0.693464118070772350677088979864 0.424933928242140157571782310697 0.448379033150687611453122372041 0.905136501323361430948466477275 0.597729076180083973568457622605  | 781.511954861129083838022779673338 12.172846861803114038025341869798 
1.000000000000000000000000000000 0.500000016528677648786072040821 0.499999987138618040560800181993 0.400050613407905986118606733726 0.500000000064962923929101634712 0.599949359795496350855614764441 0.499999997514768201867241259606 0.499999992294916373314350721557 0.499999981444917751538525862998 0.500000000439450364986271324597 0.500000009521931132461247671017  | 0.000000000000000183635009920129 2.998987300632038000003376509994 
0.000000000000000000000000000000 0.500000016528677648786072040821 0.499999995126247931409579905448 0.400050613407905986118606733726 0.500000000064962923929101634712 0.599949359795496350855614764441 0.499999997514768201867241259606 0.499999992294916373314350721557 0.499999981444917751538525862998 0.500000000439450364986271324597 0.500000009521931132461247671017  | 2.998987300604149197624792577699 0.000000000000000000000000000000 
0.311679138716686399135369356372 0.499988791195728754512828118095 0.500014170970198179588805942331 0.400055132920070721791461210159 0.499999128416766025484463398243 0.599995433442592318584729582653 0.500031326111116669608236406930 0.500007518929245331484878533956 0.500015305007492694144843881077 0.500010494175704311992092243599 0.499993707470715753604650899433  | 2.647369592857723219481158594135 1.410662760664350257044930003758 
0.451798216515013506544562460476 0.499998704593664966555621731459 0.499995061029800291763081077079 0.400079365249225105127806045857 0.500025258205014200285631886800 0.599952079520787107114188074775 0.500011969110836118623808488337 0.499955443359834827976584392673 0.500015909863008478630774789053 0.499985472712538292494599545535 0.500018305977857790978191587783  | 2.275600111199125308303337078542 1.954689482228018748699582829431 
0.036474008238009426874359775184 0.499983482174787718932407187822 0.500007286246831772480447853013 0.400047368837242955930122434438 0.500008396853527048442344948853 0.599935952368586544736217547324 0.500004259427272002014319696173 0.500000211159298380003690454032 0.500029775312515134544355532853 0.499997264511475858483890988282 0.500000097487692363174005549808  | 2.994362139913701703619608451845 0.171744662518005547502397689641 
0.065976235765957819134897022195 0.499994349905786672483287702562 0.500010877713473411709799165692 0.400033592968094375841303644847 0.500034648747099685905936894414 0.599964290232682273540376627352 0.499997990540964443173521658537 0.500042980330986264192461021594 0.500020937348032212810267083114 0.499998691422880281454155237952 0.500053416252743909709010949882  | 2.984273493191053283624114556005 0.310387878295431907105239588418 
0.968826983966220467436869512312 0.500009277312149391647722040943 0.500007286246831772480447853013 0.400067207129438551227451625891 0.500008396853527048442344948853 0.599935952368586544736217547324 0.500004259427272002014319696173 0.500000211159298380003690454032 0.499985318013383139845728919681 0.499997264511475858483890988282 0.499972677403331067225167316792  | 0.146807080772422077208361201883 2.995718517583076945243192312773 
0.295921537070868934105050129801 0.499980828978557556574457976240 0.499995453438823789227285487868 0.400041297119485883548861693271 0.500011608061759815768709813710 0.599954457169376453862241760362 0.499990081250852480554414114522 0.500027113237104026133295064938 0.500068840149010207518642801006 0.500010554522836048185752133577 0.500014283768338008151488338626  | 2.681936516479537679913391912123 1.344942745212875934157636947930 
0.805071098844035826225251639698 0.499996617006403687444304750898 0.500000114299814391038978556026 0.400086878572709248036431972650 0.500031552043248561645327754377 0.599958898856233213692235040071 0.499985492823633803638472272723 0.499997754996411303274328474799 0.500020058784559462417007580370 0.499984109585772718009621939927 0.500002070331072245856773861306  | 0.904184787545228796368235180125 2.860116726858651148290846322197 
0.944546470472012011931894903682 0.500003151718488192400968728180 0.499998555219266505034170222643 0.400064721338888651391840767246 0.500033662783761490011613659590 0.599931568422072181157034265198 0.500004566503981728864403066837 0.499977201463588261098891507572 0.500011406154792448219836842327 0.500014367682052429664452120051 0.499999241753874501537069363621  | 0.260943773924614930148635494334 2.988116448019350723797060709330 
0.549589216358011056762222779071 0.500000016528677648786072040821 0.499999987138618040560800181993 0.400069456899757591727961880679 0.500000000064962923929101634712 0.599949359795496350855614764441 0.499999997514768201867241259606 0.499969792922796862910672643920 0.499999981444917751538525862998 0.500000000439450364986271324597 0.500000009521931132461247671017  | 1.949320113963297185222245389014 2.279380725191272105689677118789 
0.823620832782682610329061390075 0.499985246118223258804391662125 0.499996993784634025104196553002 0.400064557156444844387976900180 0.500001835688901774545911393943 0.599932990357085582644458554569 0.500022164685673842221547147346 0.499996002825090768428850651617 0.500035377643117562307395473908 0.499974097639832082418109848732 0.499990257619643163611300451521  | 0.820471361155623912786438722833 2.885231764941769139198868288076 
0.706603367554259453875431518100 0.500013425297467839492071561835 0.500037550310000966646839515306 0.400059627328612499308491123884 0.499953786845037495556454132384 0.599970478291324660347072494915 0.500018926073420244549083690799 0.499993017944307061029007854813 0.500001486700022645948138233507 0.499961363098526345716265950614 0.499982682175533321711213829985  | 1.334289229503922813435679017857 2.687237299864668305104942191974 
0.681074707114637578619920077472 0.500007559436783322048825084494 0.499930548987702894070395132076 0.400032952285261034219843168103 0.499963725171383932543989203623 0.599912509000914084822397853713 0.499993959497070261654982914479 0.499959350769236587908039837203 0.500007179691336123283917913795 0.499977787160906350649725027324 0.500013792185139305246366348001  | 1.441310742798163069267047831090 2.632250582023870855152836156776 
0.504117534495920782688926919946 0.499989149092331552903800684362 0.499976309496802051590691462479 0.400050213982113767041681740011 0.499971973523038293318876412741 0.599942534090990964301681742654 0.499974634310379695278925282764 0.500008841801724224218617109727 0.500001522549432975139893642336 0.499996587275398640670687200327 0.500008040279228738178574076301  | 2.107165039273232398642221596674 2.134600346192886188845250217128 
0.438494892955884174590153179452 0.500007035938808797048693577381 0.499960692283036800542816990855 0.400009724132770028148797791800 0.499976507743956688489816997389 0.599928545917555511302055037959 0.500012599061797291533082443493 0.500059880168401638123043539963 0.500061136837824049550249583262 0.499986225347327117862761269862 0.500006674360412017854571331554  | 2.317097498535282795728562632576 1.907660521070684511713011488609 
0.324931989449358249455457325894 0.499998158361354083645267110114 0.499998555219266505034170222643 0.400064721338888651391840767246 0.500033662783761490011613659590 0.599931568422072181157034265198 0.500027432394449578012540769123 0.500012375023684674246737813519 0.500011406154792448219836842327 0.500000831894521047260582236049 0.499999241753874501537069363621  | 2.617224666313021419483675344964 1.465348969637477294369887204084 
0.421630260988737903815604113333 0.499990276973142744321165764632 0.500008952858155497622760776721 0.400070206198161804067581215349 0.499972968379457649579222788816 0.599964863500712208832510441425 0.500020213481168984692715184792 0.499994569800409127680040910491 0.499992348064160985199322340122 0.500013061348963616659091258043 0.500008151912491038970642875938  | 2.365302389626458445803791619255 1.844437435857584794973718089750 
0.855927954838173521423527745355 0.500000016528677648786072040821 0.499999987138618040560800181993 0.400050613407905986118606733726 0.500021905014762180208265363035 0.599949359795496350855614764441 0.499999997514768201867241259606 0.499999992294916373314350721557 0.499999981444917751538525862998 0.499984939324154942230649112389 0.500000009521931132461247671017  | 0.672947218851750572632397506823 2.922653581542240086577066904283 
0.238620658054681022974818915827 0.499970863569908108292594306477 0.500030242742870889571804582374 0.400111695023897540046675658232 0.499969475470835644781431028605 0.599896683725280821519731944136 0.500026991838024015279984269000 0.499982556408494094313255118323 0.500021742182395700915265024378 0.499988168825579171183903781639 0.499983500011387249628569406923  | 2.792816353220616498731487808982 1.098760544001810668390817227191 
0.517891818910481860349648286501 0.499961446407560738958153478961 0.499961806258739704933447001167 0.400053232395044366942471469883 0.499996166314638001981762727155 0.599905868698021649265683663543 0.499987092962481671776231451076 0.499975753282749346695368330984 0.500004047982564259200444212183 0.499967402460480381254370740862 0.500032997928850586610849404678  | 2.061231967648037066709321152302 2.180473979169836873381882469403 
0.484272591868236845780160138020 0.500012099806891208153558636695 0.499989443698998281551126865452 0.400008889118218469160837003074 0.499998243437195510896486894126 0.599967477561459627821704998496 0.499998505173224860875791364379 0.499966957847397253100751868260 0.500020866688910659014766224573 0.499996799514666967478859760377 0.500006571255840248646507006924  | 2.172900425300976934295249520801 2.068106906846104653396878347849 
0.736080494455883305171539632283 0.500007534060094904759807832306 0.499993395868263190706670684449 0.400103297962710047208645391947 0.500020904096496243695924022177 0.599884863919291189127136476600 0.499985587743445480946036241221 0.499999812068993909619507576281 0.499979771944043915876676464904 0.499978107344937194866929530690 0.499981827992299954210864143533  | 1.208671998504193156875885506452 2.746557747541821914438742169295 
0.196763476894426303509533227043 0.500003077102715298707380497945 0.499998215919936983553384379775 0.400046959823572467751517933721 0.499957591051462313380682189745 0.599958678546012147414501214371 0.499979966377928908283223563558 0.500001540291085677658600161521 0.500002700359932328311174387636 0.500006990480761137618515022041 0.499995969620882829698160776388  | 2.857330172796316958283568965271 0.912369168656131490635630143515 
0.875118243515784932640144688776 0.500000007610053920359405310592 0.499990030922861872220153145463 0.400058394480516388291846396896 0.500005379123272031272051663109 0.599939692892849874006344634836 0.500002007331846853865897628566 0.500001147549788971247153313016 0.500002931578238496435062643286 0.499977140918279938652801774879 0.500002475491996389855842153338  | 0.584558814015595284985238322406 2.941630963435793333360379619990 
0.559333033267604196048239373340 0.500020592324676327322663382802 0.499982767685186901829297312361 0.400074668172263059329196721592 0.499980804433931280694736187797 0.599906527224632002415205533907 0.500031663198118425661675701122 0.500000523593427170787606428348 0.499983553225505195083400167277 0.500003147835851646796356817504 0.499978441358162661867226006507  | 1.914708066141069586763023835374 2.309553630350249964209297104389 
0.222295559998889391550846994505 0.499992188796825554053526730058 0.499989503547445424125328372611 0.400060658308379779590779889986 0.499916319069885928261243179804 0.599937337252315794344781352265 0.499985530381749365691490538666 0.499997420403804460065089187992 0.500011596950575620823542521975 0.500002007762993638806392482365 0.499987389788009939373125689599  | 2.819480097666942519651911425171 1.026574675277540205087234426173 
0.591195188464688659024659500574 0.500023597118892437762838198978 0.500008611050117068863585245708 0.400074036977927371960817026775 0.500017677168726915049035142147 0.599964121729031796270703580376 0.500015415150682818179461719410 0.500009201356350296840957980748 0.499977811407079364425243284131 0.500010632104632812833244770445 0.499950549245774478190895706575  | 1.796748097828120060981405003986 2.402424170243067980123896631994 
0.135546492203399621123693918889 0.499972800332822209234961974289 0.499988867909231526898139463810 0.400049427192608719749955525913 0.499984866957622953176354485549 0.599953774299985087559150542802 0.500013814084078300759017565724 0.500000136536627670658106126211 0.499984945347070885990348187988 0.499997471277347060869544748130 0.499997338550258185740915450879  | 2.931565038885705298810080421390 0.633783109926263854561057087267 
0.477613428663652306305209549464 0.500001479019087313737657041202 0.499961156082360080876725305643 0.400050613407905986118606733726 0.499973215992414621311468181375 0.599958717711912226100423595199 0.499998148347957416248732442909 0.500026895084349720654870452563 0.499999735682975177120113130513 0.499998901202049705894125963823 0.499980614559488001358289466225  | 2.194342458220510216904131084448 2.045198601919854475283955252962 
0.840555977194899939242134223605 0.499988559214549765918889079330 0.500018159519768912169013219682 0.400055741358425642761886820153 0.500017798186210504773896445840 0.599958678546012147414501214371 0.500023576332689012602372713445 0.500003004606022205535964531009 0.500006597807190478199856897845 0.499996402584741317376426650299 0.499995154444231981738511194635  | 0.743355854201122712154869986989 2.905712540874548110991781868506 
0.985873808375193450004303485912 0.499993770182910080013272136057 0.500004012879930903601177760720 0.400049505647665670782231472913 0.500034932699387035803795242828 0.599943974706055094259227189468 0.499996045186700266427237693279 0.499993359019716310243097723287 0.499996670541298871004443071797 0.500001607424602090290477462986 0.500027727027976265361530749942  | 0.066549588985252053352503764927 2.998673084454791304409582153312 
0.287578607026972521421015471788 0.499985669288834422285816572185 0.500009571672760055882633878355 0.400032331725211576234357835347 0.499983136327697530454372554232 0.599928140196237635883846905926 0.499976472427349161176124425765 0.500002003733056032963588677376 0.500017127560946184061663188913 0.499992137117604096285816694945 0.500029463813359553725490513898  | 2.698731349055565775785225923755 1.309390302050299936809096834622 
0.385911061766214258383911328565 0.499981330685132174806994953542 0.500008143902452961704341305449 0.400087520445140287783658550325 0.500039714516334665717067764490 0.599973634752098083922078330943 0.500000988731788109653564333712 0.499995557299341142343251931379 0.500050544738015689816279518709 0.500009185566854696958216663916 0.500026452248187980309523936739  | 2.465830791054652415539294452174 1.709460180469553947091299050953 
0.012527836296386844414096906064 0.500006153834693711779380009830 0.499981410228797384931453962054 0.400044384258180896196677167609 0.499971546827986446093206041041 0.599929650277824966231321468513 0.500007032809655860283726269699 0.500012513020852034095753424481 0.499996780161167386768994447266 0.500003509093435050125719953940 0.500014280086294671257007848908  | 2.998812093003696777060440581408 0.059020280009778040841705859521 
0.749968245823084744827724534844 0.500015964730743611710295226658 0.499998696929850772185943696968 0.399972429916329974552979820146 0.499974224586471283071631432904 0.599964063977588946130481417640 0.500008179127566343424859951483 0.500001370620739460370884899021 0.500027042219944095613470835815 0.500019610933793212659281834931 0.500032744808265205982422685338  | 1.148519768835699839115704889991 2.772380866750792538510950180353 
0.278892484545455954236814477554 0.500002643406993851904474013281 0.500007868767332830373106844490 0.400048164425143182310051770401 0.499971898439133310976245638813 0.599951348638212422770266130101 0.499981732090689856562448767363 0.500003161798909134816426558245 0.500000122188056006500289640826 0.500004557558823448104590170260 0.500017665830880364552513128729  | 2.716058493531134487852796155494 1.272313474683516743013456107292 
0.716762640665356220992521230073 0.500002983394709832332125643006 0.500001235942628463604364696948 0.400045971736653016570528507145 0.499958693818220223370474286639 0.599951050202166213942689410032 0.499997442748454479222175450559 0.500003744485492118698743979621 0.499997970145982406631190997359 0.499996355898957078878197535232 0.499991708172446813751577110452  | 1.290846291685706193064220315136 2.707365838034479832430179158109 
0.886816194020192960500992285233 0.499997719790262418193549365242 0.499995148429554114866135705597 0.400075159963352799952218674662 0.500007959037800708834708984796 0.599945916263987188976614106650 0.499987113841695085536542819682 0.500001407690483290480187861249 0.499984405619552596533594623907 0.499993667931282137484316763221 0.500009335299350543557750370383  | 0.530425058160555296105087563774 2.951956574813062506024152753525 
0.098194960314452253702377504396 0.499995243657672283621451470026 0.500005239441406290623604036227 0.399996091281799193151158533510 0.500018208386759588357506345346 0.599957508616726697958654312970 0.500008603586607369706484860217 0.500007385951877658669673110126 0.499980047436680175021450622808 0.500007346672087682470930758427 0.500046784226892415681220427359  | 2.964591496490573518940436770208 0.460932494861970909472148605346 
0.465583458526402482746675559611 0.500002634224671616003377039306 0.499986107046714700619105542501 0.399995813616824347214162571618 0.500003994526194484038228438294 0.599893395085720149140229295881 0.500024543682459854387900577422 0.499996663131752727693424276367 0.499990517730614869584826465143 0.500027348652549941121492338425 0.500019220542350373293061238655  | 2.233294687830681635176688359934 2.003997414890474892956717667403 
0.639538045892386275426133579458 0.500000016528677648786072040821 0.500028590711163567483765746147 0.400072195211751857613080574083 0.499980528975272231484439089400 0.599900614716654234648274268693 0.500003954998796240616343311558 0.500016933260815976680646599561 0.499998602048906837236330602536 0.499985279594806153458108610721 0.500003307807840302601221083023  | 1.609258882005230262279837916140 2.531723681690161154023144263192 
0.120213010952565646505263430299 0.499979215766319207148171699373 0.500004878901968430326974157651 0.400059578815877392443667304178 0.499949238410248741892871748860 0.599916199140988148919007016957 0.500005005746457342752364638727 0.499998379663913750103887423393 0.500017629155177445454683038406 0.499990517228440067842853977709 0.499971504695877588808627933759  | 2.946736550613617389160481252475 0.563141973091957126484885520767 
0.694713263891237664537925411423 0.499994617640668825853111911783 0.499973054057510857273172177884 0.400061208993754136020726264178 0.499945150370548818674620861202 0.599923309868495735486249031965 0.499985204747132205849169395151 0.499984329790474357757545931236 0.500010530547115306099215104041 0.499999982194748282537943850912 0.499904143209407514358844082381  | 1.384959461669874603018115521991 2.663227476879725053038328042021 
0.496011559692855485970142126462 0.499983036799353852686067511968 0.500009302177586656412699994689 0.400040313612967768364114817814 0.500008302401154458571852501336 0.599936320705329761970858726272 0.499968245012589740383646130795 0.500003719786222267096320592827 0.499997750541461893902805968537 0.499987004942911539284722266530 0.500045060763552928762010196806  | 2.134402760699430690038980173995 2.107824741493567799466291035060 
0.106958081576235791709805766914 0.499991911398929844700944613578 0.499992637116280669307144535196 0.400059608089792073659651805428 0.500025396495118013007186164032 0.599973181004778921554532189475 0.499960168143542160734682511247 0.499972273148039381140961268102 0.500009229195724991257065994432 0.499974689983642917034956099087 0.499989620652464383798729841146  | 2.957656248866360471083680749871 0.501642826135850428137530343520 
0.217433862425368690241000990682 0.499985604296775743016212345537 0.500033066840899653726637552609 0.400072861727595985303906900299 0.500018655565484637648410171096 0.599931677473589108906537603616 0.500003939646184392131544882432 0.500004515879002631173477766424 0.499971682446995302484538115095 0.500004765172416432150725995598 0.500060354232679915575943141448  | 2.827056299559331797865979751805 1.004948915253923935608781903284 
0.398550410503370700077141464135 0.499975193217930158340323032462 0.500044724686848907069247616164 0.400078001640986169462621546700 0.499997791713535255642142374199 0.599895244618135925485091775045 0.500009580667518660490600268531 0.500008295158158144744220408029 0.500013266312221205112109601032 0.499976419908003899550408277719 0.499981344397881499741487232313  | 2.431445767967089111039058479946 1.758103805036086653146298885986 
0.909519058111870282168354151509 0.499994300929665291821635264569 0.500024721726352261441661539720 0.400063258259934773075627845174 0.499990466387472243248168979335 0.599976811686574018622764015163 0.500012485275688756125589407020 0.499990637947974603250145264610 0.499987809801733407155666100152 0.500007727572634008694762997038 0.499991762431216124618060803186  | 0.424864520135317558224841150150 2.969171931474137604567431480973 
0.917951709120798708951838307257 0.500018165577690743006655793579 0.499999167952456524677273819179 0.400050613407905986118606733726 0.500019429347333121960161861352 0.599918993551820212140057719807 0.499999997514768201867241259606 0.499999992294916373314350721557 0.499975955923307346928652350471 0.500000000439450364986271324597 0.500025084365147587384115013265  | 0.385515847184280557868873984262 2.974670462773207013640330842463 
0.341661092751769535080796913462 0.500006220255823641274162127957 0.499982789059153387434264459444 0.400059242932074954346433059982 0.499991866957492592238310180619 0.599948812757328142630797174206 0.500010950691841093984635335801 0.500018861210606790912436281360 0.500043589475232419516714799101 0.499991232126012541403525801798 0.499974452797735502418419173409  | 2.577970079080884602262813132256 1.533700465958601544258499416173 
0.373241184013663573892927161069 0.500012031744044072034682812955 0.500023121366133804777120985818 0.400053426189648786426289461815 0.499934860718972917670299693782 0.599966657393427027500365511514 0.499995657651385039255131914615 0.500007303658341784036167609884 0.500000314626513620019920836057 0.499995068233639150534486361721 0.499959548672901321619832515353  | 2.499305786596909939589750138111 1.660013381603666182684264640557 
0.537612972305582470511353676557 0.499982929138896581289230880429 0.500000350740270604887882655021 0.400059385840087156083200170542 0.500003547916425539199281047331 0.599950344737728902266837849311 0.500008384560668872609312529676 0.499991324218391375300285517369 0.499994015763154553422253911776 0.500007088233014540534782099712 0.499989357405896950314883042665  | 1.991782071065367976103743785643 2.242228727527506570993409695802 
0.271587259346423026684647084039 0.499983274088315443606234111940 0.499992902799143712488927349114 0.400045193054711201163797795743 0.499958651102118456499567855644 0.599925096907802601897685690346 0.500005732038513950321600987081 0.500010665027322387388153401844 0.499989674919163129551691326924 0.499996051664010454640418856798 0.499965406758806019116292418403  | 2.730942802691788351410195900826 1.241274292314992200303436220565 
0.691608926651482658343184084515 0.499985503370444339665823463292 0.500008952858155497622760776721 0.400070206198161804067581215349 0.499972968379457649579222788816 0.599964863500712208832510441425 0.500020213481168984692715184792 0.499994569800409127680040910491 0.499992348064160985199322340122 0.500013061348963616659091258043 0.500008151912491038970642875938  | 1.396831445570219543128587247338 2.654355615738658524804804983432 
0.612046909099763558614881731046 0.499977820003512207769347241992 0.499979662979852690352089439330 0.400067207129438551227451625891 0.500003738534902097967460576911 0.599871978577574349600354253198 0.500022876399010440806591759610 0.499993333896980696184897396961 0.500001152028550999162348489335 0.499983788167256526513426706515 0.499991059206730981134825242407  | 1.717450481560598429808806031360 2.460463309344221194407964503625 
0.182934365193996306686585739953 0.499989760906483504676600659877 0.499997045920070548596925164020 0.400042498903404375454329056083 0.500056788891012016229353775998 0.599953293932359188467273725109 0.500001683534160301647375490575 0.500027236397279528645753998717 0.500058145491848571317916594126 0.500007846668473754370154438220 0.500011844930387860941323197039  | 2.877488789942413305311674776021 0.850389832122510180845154081908 
0.203964168546716756447167995248 0.500011273457088845084683725872 0.499983450218071390214191751511 0.400060097328849673115058749318 0.500001851569990662937925662845 0.599961393992791469642611446034 0.499998989308118368946054488333 0.499992442675532167140062256294 0.499994270226487402819515182273 0.500006742542827953279527264385 0.499998384923191430129207901700  | 2.846526219660054479732025356498 0.944528737556123432206334200600 
0.977653025252974483549905926338 0.499991571507561571863220706291 0.500022307093295870217275478353 0.400048411688006977371401262644 0.500009277067129720428795280895 0.599951635309148190167150005436 0.500010456242563350315322168171 0.499990705595267481697874245583 0.500026639598057598412594870751 0.499996295099208232226573045409 0.499995730376015912188591983067  | 0.105261575945049729030600360602 2.997456047990820771076414530398 
0.393804900311169492344021136887 0.500030818356176909311727740715 0.499973054057510857273172177884 0.400135082988731793918191215198 0.499993407694470648472417906305 0.599962205972938367182223373675 0.499998842427956280420886514548 0.499991097803124617815484498351 0.499980970685171832723625584549 0.499990450853246781726113567856 0.499977935492505687342656983674  | 2.444885194696122088231504676514 1.740216557635234195799966983031 
0.377558565901025378064304049985 0.500001652610325031389493233291 0.499973521662911535301532239828 0.400015812135059267706793662001 0.499951338733394201607751483607 0.599962166004248786954633487767 0.499977160082081761860450797030 0.500001309875092614376512756280 0.499988674602337923591477419905 0.500011458354764681821791327820 0.500015654619101357347688008304  | 2.487747287439521226559691058355 1.676760667399726401072257431224 
0.169728030721370160005534444281 0.500000667780501339976240160468 0.500012212484109208610050245625 0.400066872460248745824173965957 0.500036578396542363833532363060 0.599991468073439282449044185341 0.500006392216720607635238593502 0.499999019174916514707263104356 0.499989191158867585240699327187 0.500002507299767362525244607241 0.500039341864752961974716072291  | 2.894030907655031459313477171236 0.790388538344253488432400445163 
0.774592037768792152085950419860 0.499954375157514008254366899564 0.500022138811048066919795473950 0.400036595680904105698516559642 0.499952211285059067158442758227 0.599815817844358001309501560172 0.500013323867437464720353545999 0.499987433664100255903406377911 0.500012883770686866746757459623 0.500018708257178534637432676391 0.499971971546090965254904858739  | 1.041482754520770770412241290614 2.817501031841945557943063249695 
0.409653877599851168334055273590 0.500000016528677648786072040821 0.499999987138618040560800181993 0.400019310489450274914702276874 0.500021905014762180208265363035 0.599949359795496350855614764441 0.499999997514768201867241259606 0.499999992294916373314350721557 0.499999981444917751538525862998 0.499984939324154942230649112389 0.500000009521931132461247671017  | 2.399489451111419313633632555138 1.799548469118002591571325865516 
0.669356591521983346204649478750 0.499970863569908108292594306477 0.499991549614771213505548530520 0.400033346020570335088706315219 0.499969475470835644781431028605 0.599864061240779844474957371858 0.500026991838024015279984269000 0.499982556408494094313255118323 0.500008222673469560071168871218 0.500011151409632814690553459513 0.499983500011387249628569406923  | 1.489577153528357511547142166819 2.605384855358717111073474370642 
0.657669602991955981607929970778 0.500006729993319298799292482727 0.500041379327267554444347297249 0.400061569461656330037868656291 0.500002174467035653826485486206 0.599908002390301509088033071748 0.499992156302910106813186530417 0.499996347887013081745521958510 0.500011282884994523456612114387 0.499986984347682461571338308204 0.499979375846900497837310695104  | 1.536491766791025392890901457577 2.576493421262894489842665279866 
0.602139800188433937933041306678 0.500000189975211117854314579745 0.499981911563915082385989308023 0.400078103272544727264659059074 0.500018691916931157237513616565 0.599958598236979834261717314803 0.500009590966358330454966107936 0.500014767878054211536209550104 0.500023671447784257004798291746 0.500001823379744192443752126565 0.500031154136081235073163497873  | 1.754983849778717575063069489261 2.432681208940034700560772762401 
0.900781447812765811988811037736 0.499985466990616411742109903571 0.500026320397030321629472382483 0.400058477055108885345191538363 0.500035001346424756718533899402 0.599953387423192374683367233956 0.500001002728045818024327218154 0.499999490937959867320472540086 0.499990542570359464136231508746 0.499987344641644515519374181167 0.500019633195437962491780581331  | 0.465595855330421803941476355249 2.963193110238364180730741281877 
0.767544444701814265741290910228 0.499981584560192815480661465699 0.500007388227197480112806715624 0.400074139644498172341258168672 0.499967271320357675712386935629 0.599950340664005432600447420555 0.500009979328488785021988860535 0.499992297147327957596019132325 0.499972897449583508766579598159 0.499968044743138995134046353996 0.499991441698274363680809528887  | 1.071162036924866223230878858885 2.802014067812701458848323454731 
0.894999870021870425063070797478 0.499994854951955003397046084501 0.500020084974168388392001816101 0.400042257697256098403215673898 0.499981586214235884657597352998 0.599948063726279068319513498864 0.500008543001849159459482052625 0.499993877307987333313832323256 0.500024231719928158312882260361 0.499996278510089098290336551145 0.499998893442384961804947351993  | 0.492445246204099407183463199544 2.958591362226352661224382245564 
0.467685846445336173005102864408 0.500012314663959012150939997809 0.499989443698998281551126865452 0.400008889118218469160837003074 0.499998243437195510896486894126 0.599902835306507564716582692199 0.500004830011973600001340400922 0.499966957847397253100751868260 0.500020866688910659014766224573 0.499996799514666967478859760377 0.500006571255840248646507006924  | 2.226313204362626141374903454562 2.011044453478967763970786108985 
0.670004874416323392694039284834 0.499996500425989087723621651094 0.500002978547159249167464167840 0.400088171207619414104783572839 0.499950096501466378917655219993 0.599984432473097406557371868985 0.500021462730882770841844831011 0.499971779203535526825419310626 0.499946966045052676452797868478 0.499971927590670717211907003730 0.499993305786114117239549159422  | 1.486837942449394045496546823415 2.606750781761870694452909447136 
0.088841904238984165109727086929 0.499988559214549765918889079330 0.500018159519768912169013219682 0.400055741358425642761886820153 0.500017798186210504773896445840 0.599958678546012147414501214371 0.499974909206216622248319936261 0.500003004606022205535964531009 0.500006597807190478199856897845 0.499982051656949255669104559274 0.500010925539681627682853104488  | 2.970226014524850022269220062299 0.417214503300871897284451961241 
0.077460604535727867192562712262 0.500002983394709832332125643006 0.500004878901968430326974157651 0.400035860740129367574269281249 0.499932183990754730462668931068 0.599916199140988148919007016957 0.500005005746457342752364638727 0.500002637541363204043420864764 0.500017629155177445454683038406 0.499990517228440067842853977709 0.499993724481039680807015201935  | 2.978073952747084085501683148323 0.364155506179850763093241994284 
0.585045328531316410902718416764 0.499988559214549765918889079330 0.500018159519768912169013219682 0.400055741358425642761886820153 0.500017798186210504773896445840 0.599958678546012147414501214371 0.499974909206216622248319936261 0.500003004606022205535964531009 0.500006597807190478199856897845 0.499982051656949255669104559274 0.500010925539681627682853104488  | 1.819504183183718204475098900730 2.384473746238719993328913915320 
0.407897936877509692532584040237 0.499971857144376086168335859838 0.500032831561572410628002671729 0.400017746941306095997958891530 0.500029160621109469708756023465 0.599903541987454991257777692226 0.499930157669909669415631014999 0.500016933260815976680646599561 0.499986667533013684483478300535 0.499985279594806153458108610721 0.499971057818749398116153770388  | 2.406123756591542761640312164673 1.794175936504744495181284946739 
0.176581730435633299514108784933 0.499977815799681368780227330717 0.499999070828719804904238799281 0.400042625008898034000281995759 0.499986063709406958199821247035 0.599922368637188396789383659780 0.500028521124018299204294635274 0.499962849927187480414403353279 0.500011345007297935971735114435 0.500021644042084045800322655850 0.500040152493861689286802629795  | 2.885477031185430529802715682308 0.821533558673937958083399735187 
0.616425136284783237172746339638 0.499990548818005531295227683586 0.500004642251007713760202477715 0.400048953707542676028197092819 0.500003630330650983282225752191 0.599949069121828104655946845014 0.499995428590094381782193977415 0.500017081810152919096879031713 0.500017863414262575538771216088 0.499999480051438627281612525621 0.500018387655516094447705199855  | 1.699705474443409691787110205041 2.471077859165311085831717718975 
0.852317653595085267248521176953 0.500033608664992912373747913080 0.499957550195382349755846007611 0.400062461157038029568866477348 0.500023008656059420040662644169 0.599923441188397466028447979625 0.499996159895429836961255887218 0.499956483431702736197621561587 0.499980885443406464219151530415 0.500003173433335446063097151637 0.500012510154360545477914001822  | 0.689783539531815037548767577391 2.919944757841425264643930859165 
0.567484724666364126477446916397 0.500013425297467839492071561835 0.499986769038555545208168950921 0.400031028751430650647336051406 0.499987877880639031147325113125 0.599950044155210804319722228684 0.500010635615171561418890178174 0.499960694285302209571852927183 0.500007426294095114194249163120 0.499965333034235126508093571829 0.499997465036342791933066109777  | 1.884800006589726573125176400936 2.333659302645937128062314513954 
0.939221660735585106571932101360 0.499968314005888370132879572338 0.499999884209747280650049106043 0.400087337443205015574676508550 0.500052240452742657872420295462 0.599935571028375025370849016326 0.500020523889613377477303401974 0.500039115419916302407443708944 0.499960834243227736362058521991 0.500018909995621263497866948455 0.500026933245715565767852694989  | 0.286064972953923413179211365787 2.987264596026793839200763613917 
0.140073326804849296323141061293 0.499992042131429448303947538079 0.499969742245305548422606989334 0.400054058415010294069702467823 0.499993575461897266087873958895 0.599921031964686601867242643493 0.500003969118256619275086904963 0.499958084228127097592420113870 0.500008139447183919124029216619 0.500004223211472087484708026750 0.500012687239524300508719534264  | 2.927429068729893835154598491499 0.654711965552205343854552666016 
0.730351600506367937271079426864 0.500005794470844144861132463120 0.499998372340487051701529708225 0.400067055125222614808677690235 0.500019697787455474902174046292 0.599975840465471921270079747046 0.500008201240321858982440517138 0.500006090475952791329916635732 0.500024483472204406275807286875 0.500003403507893962043340252421 0.499986318151771247375592110984  | 1.232803053086833688922752116923 2.734381651678355673595888220007 
0.350018970068995793898380952669 0.500009803330545454791433712671 0.499965760830639316392165483194 0.400095002150438472376947629527 0.500011295689752999216182161035 0.599892204661835237722300462337 0.499991794554647595028029627429 0.499978238060949098375829180441 0.500007095498342102324329516705 0.499969381386192235350307555564 0.500003285552277354497618944151  | 2.558386262206877148628336726688 1.567885983015290030095911788521 
0.576773939135490798513217214349 0.500018166275057573955109546660 0.499985625588392601503784362649 0.400033939805899574349012937091 0.500023163408723103628972239676 0.599938969139898081728290435422 0.500010966851949678613209471223 0.499979499629980450592370289087 0.499976150197727342572306952206 0.500014747327437891755153032136 0.499998056569639470758659172134  | 1.850425045976264781799613956537 2.360753668789228765234611273627 
0.603107783966258415020433858444 0.500006828135743264240886674088 0.499984974014062166780547613598 0.400000045520264913001540207915 0.500035001346424756718533899402 0.599962363429157430338989342999 0.499984191163688640457962719665 0.499999490937959867320472540086 0.500004409692729412384437637229 0.500005507500297818879175792972 0.500017950982504788548510532564  | 1.751454400667195709928591895732 2.435585323670408364193917805096 
0.363774780779219208959318621055 0.499991718437747867387344058443 0.499998410005607907269364886815 0.400067498372154994878968636840 0.499999489354941151209033023406 0.599956198789516448321990083059 0.500001738197986211886814089667 0.499965127186732694042348157382 0.499994387089542025037758321560 0.500006804059220155700415944011 0.499991835049718114092343057564  | 2.522849445351659891656481704558 1.622112079482788793427516793599 
0.877161299526845628093951745541 0.500004676220734523006683502899 0.499994779069334815968517204965 0.400025736356249272951401962928 0.500061514819529318032209630474 0.599925578589590724476465766202 0.499995424067867677564436235116 0.499986926918963736632406380522 0.499985853988255291024955795365 0.500011130721857322001255852228 0.500001162860810977051073678012  | 0.575293891643131827251522736333 2.944404997509969312829980481183 
0.833304518139099448248430235253 0.500009565458162996698376900895 0.499934563395454389933547645342 0.400078795814281407139390012162 0.499937555129359945116362951012 0.599884621258016448308580947923 0.499986872721638608840777351361 0.499976325525300302476949809716 0.499997719195287571025687611836 0.499978717861493282548224215134 0.499947738034186961453286812684  | 0.777204433386654236493029657140 2.900041370913537530640269324067 
0.251265664181418768574616251499 0.500006313484014586201453766989 0.499995068075411386310236139252 0.400020986591427540890464342738 0.500007579265973389759381007025 0.599943138906925854669793807261 0.499990461774909578096526274749 0.500016687546467109015679852746 0.500028587010468816842490014096 0.500010930209646153876690277684 0.499957968426244514503764548863  | 2.769165531796536683373233245220 1.153481197766313526287262902770 
0.789718112805612992843862230075 0.500002057193718818517425006576 0.499959419992697162715700187618 0.400050497490403389466706585154 0.499953994745179264302947785836 0.599953493060832676597726731416 0.499979605738738452913594301208 0.500043557536947291808360205323 0.500002173664835902755498864281 0.499993164265496392584253726454 0.499896607993131403269160273339  | 0.973759051794290120263042354054 2.840013361645551182022018110729 
0.531107724362844257903759626060 0.500006220255823641274162127957 0.499976432809316528871335094664 0.400054204159836279686146554013 0.500013492771855028173888513265 0.599955951712490609395445062546 0.500010950691841093984635335801 0.499999885804096655395056814086 0.499960593431013899934356459198 0.499994125831109970103938167085 0.500006073637436432299807620439  | 2.014835132953609164729869007715 2.222029805222564213806890620617 
0.115344819032483905663077905501 0.499993770182910080013272136057 0.500004012879930903601177760720 0.400053059289492529693177402805 0.500034932699387035803795242828 0.599927410464612842488918431627 0.499996045186700266427237693279 0.499993359019716310243097723287 0.500001876094784969417617048748 0.500001607424602090290477462986 0.500027727027976265361530749942  | 2.950402027054010556383900620858 0.540490610796196868648166855564 
0.162173116045742554680586522409 0.499991911398929844700944613578 0.499995400176401927350156029206 0.400044207933787698827643453114 0.499993130928438056503892994442 0.599933592876529475645952516061 0.499999716150183015628272187314 0.499980554008771116425435820929 0.499999324687319834925602890507 0.499999646766853156343302089226 0.500009835172777750145201025589  | 2.902377701827460132477654042304 0.755773701436004419207392857061 
0.432431911321714324003551155329 0.499998370447179429909567716095 0.500000974470926617954091852880 0.400047011136360874949957633362 0.499965651482162376506579448687 0.599965276577234529753468450508 0.500026634591918317518377534725 0.499989077902720013835136114722 0.499972897449583508766579598159 0.499992136255211938600240273445 0.500006616072148912799377740157  | 2.333800078428560631493837718153 1.884408801870165905967269281973 
0.569994466599096138992308624438 0.500005794470844144861132463120 0.499998372340487051701529708225 0.400067055125222614808677690235 0.500019697787455474902174046292 0.599975840465471921270079747046 0.500008201240321858982440517138 0.500006090475952791329916635732 0.500004782995980723292461789242 0.500014155753004674309636357066 0.499986318151771247375592110984  | 1.875350930643611802040027214389 2.340778905375120011456147040008 
0.084163925851158297164467114726 0.499996698788285343084680789616 0.500049080499556874990219057509 0.400051359370689751937533173987 0.499995109535053217086897348054 0.599940090575828866015228868491 0.499964104156079891527753034097 0.500010281888161323138319858117 0.500018728898998565668421178998 0.500013361608473871910973684862 0.500026176537633482155342790065  | 2.973823354451908596018938624184 0.395459123213219132519924414737 
0.648755576469298822495090917073 0.499995550391133469769755492962 0.499964390450048812297723088705 0.400026849585410126941553698998 0.499976204591343564853644920731 0.599952028874663034763159430440 0.499988797394707640275868243407 0.500016687546467109015679852746 0.500007253266810280933896137867 0.500011593936864562337518691493 0.499954739325047858855555205082  | 1.572486402586242837386976134439 2.554841246623859252196098168497 
0.331497817384607484925140852283 0.499989965359740218264761324463 0.500001201346053414376058299240 0.400039309910449669693832674966 0.499989330411048815694385893948 0.599938460680429663796076056315 0.499981396346615813985891918492 0.500007046361458873384719936439 0.500016689676513581552796949836 0.499996208795752294928860237633 0.500017100862480190492931342305  | 2.601759182792383384708045923617 1.492141027349205950613963977958 
0.021576750784985249120850880900 0.500033529527774578404830663203 0.500020798191085025230506744265 0.400059584992522032642625617882 0.500019382924185795680216415349 0.599938969139898081728290435422 0.499987506433627881818893001764 0.499958635883302637825664760385 0.499987439288789081714980966353 0.499978740607700644638100584416 0.499971275631762968050253448382  | 2.998335275022542045775253427564 0.101660549913377376562984011343 
