0.530784143282582832057414634619 0.212431558470562720231100684032 0.140510935709276196803330094554 0.929588823363287630741069733631 0.640590531072886548713540832978 0.625595190826210512113902950659  | 178.113608667930435558446333743632 157.453327387099733414288493804634 
0.939978345782353841286749229766 0.277174071129801191659680625889 0.722874135023413799672198365442 0.892613302710056899513801909052 0.689505313500699656970027717762 0.769953926824237910864212608431  | 175.310594217769192937339539639652 11.194334331256417414124371134676 
0.848382192500890752739906019997 0.749520378765202721638161165174 0.209338293775523709427943686023 0.028081821123143058116511383560 0.711955727261473825251414382365 0.072675158354998714571593154687  | 228.252744286984267318985075689852 40.791969645698394231203565141186 
0.769239684461467732035089284182 0.849373773212860783132782671601 0.008765035680509569715468387585 0.838781284890485423488826199900 0.157515533280408348559831210878 0.800062754939569131806820223574  | 249.803340546830639823383535258472 74.937238485716179070550424512476 
0.656418261304311911885633890051 0.636783024015077359081260510720 0.648722660726809507991674763616 0.059382159237916454230798990466 0.338701689526875071578615461476 0.936012022934473719715242623352  | 307.206345316048441418388392776251 160.797614088775702612110762856901 
0.829975581041884069577463378664 0.004839381000721232339856214821 0.175492275008297227145703800488 0.316724991065466809914141776972 0.391934880534808627317033824511 0.539907853648475821728425216861  | 160.050275980409367093670880421996 32.787055184798198581574979471043 
0.224292965854107961831687134691 0.540547348628205526210876996629 0.418676587551047418855887372047 0.279867114331544541983021190390 0.186092676252945565806840022560 0.145350316709997429143186309375  | 64.456196782985827553602575790137 222.918828722323837610019836574793 
0.270747764550618441603546671104 0.229568875931249749555718153715 0.721600784985117371661544893868 0.231474182964152674912838847376 0.506453710141760993224124831613 0.799271408060061361311454675160  | 52.023328196156832348151510814205 140.123514761176835463629686273634 
0.156379334108793344171317585278 0.553989842511368735245014249813 0.495636075271217890758634894155 0.951646858160879460797332285438 0.752261557728001406530893291347 0.550452135817636190040502697229  | 64.689179022842381527880206704140 348.979157599169411696493625640869 
0.525944762281861599717558419798 0.036939283462265493085396883544 0.823785944643809386889188317582 0.537653942828479003424035909120 0.100682677424410726985115616117 0.401302224972102550282215815969  | 126.847571305959604615054558962584 114.332834704016221394340391270816 
0.399430997154148315075872233137 0.858497483578753772803793253843 0.443007020691869257689177175052 0.706520626457111333706961886492 0.544154996790702227826841408387 0.499206162273619469260665937327  | 119.220744326006283131391683127731 179.255701356542090252332855015993 
0.618813316569641003184187866282 0.027919593780085349976616271306 0.977864110811371034515104838647 0.521628110981382064892386551946 0.912684319201412463939959707204 0.916295824246205370400275569409  | 135.505527031682674987678183242679 83.470896718941219205589732155204 
0.215249841950098996790075034369 0.353737697941642892374147777446 0.057118177519630108918136102147 0.086519727162484016957932908554 0.607063397462772158519328513648 0.550063437957280854107011691667  | 72.337826154174607040658884216100 263.726653609506513475935207679868 
0.130473499022450312168075470254 0.599843740552811865995863627177 0.824936716083000121102486446034 0.521728216409437450806763081346 0.238019012102464344593499845359 0.534709797962371169433026807383  | 34.513703254489847438435390358791 230.012836717823944354677223600447 
0.430544583887735754501591145527 0.146341897421967459536062960979 0.732485254316427969456526625436 0.610204364608355476207179890480 0.847779883744106399490192416124 0.040701691374856352467759279534  | 171.853188131626865242651547305286 227.299871883262284200100111775100 
0.605479649284466958647499268409 0.512627754848120176234260725323 0.440812476739676384340782533400 0.758239003350162477090634638444 0.273408357051533101866880315356 0.229054492463792058742910739966  | 198.672129727813228328159311786294 129.451416559161827990465098991990 
0.055497922600519444813471636735 0.875831177989606857181570376270 0.664482607465487262743408791721 0.144954455801668657954905938823 0.899390312678988834704796317965 0.249207970102780507204442983493  | 19.529729061537690171235226443969 332.370452898694736632023705169559 
0.025905835086343032003242115024 0.954146101958556869249150622636 0.670699359188217769656148448121 0.429918641751442009990569204092 0.514242545625537061937393445987 0.015742337855265020607475889847  | 7.573991790277190716551558580250 284.792255622068410048086661845446 
0.379602864859894140181495458819 0.304454029145837523628870258108 0.213581580035453910682008427102 0.689874059084372603933843492996 0.059980986049554374517356336582 0.795822575687635591634716547560  | 54.445059090368211229815642582253 88.981306014813711158240039367229 
0.886803242306028138841611507814 0.417685006839077388463010720443 0.684768017341706780598542536609 0.433112269405578231840081571136 0.315100504326910169083930668421 0.443708239673100024447194300592  | 217.326318262030667938233818858862 27.740803613729493548589744023047 
0.742982138580034146002617490012 0.363436986314598087233207479585 0.832909655009702376560198899824 0.622237798302393230187590233982 0.663476349098631956735516723711 0.890389989159862338397033454385  | 228.138730453347534421482123434544 78.919432330161157551629003137350 
0.261103739991542127540924411733 0.683038338753425122717999329325 0.627199535768188098927566898055 0.572277181536946955020539462566 0.591321059607507137911852623802 0.730608704862728330908794305287  | 57.974992162511149729198223212734 164.063160812199669180699856951833 
0.750870634162556171986580011435 0.295389711406974342366993369069 0.611355136047546210420478018932 0.831854157325064846872919588350 0.178038026052909970076143508777 0.738887222274735577798310259823  | 173.240951166866381072395597584546 57.479153315687405267908616224304 
0.543741341581707615659979637712 0.728656890582890071073052240536 0.047717236974721188857984088827 0.177092095202777244367098319344 0.532679379417196230406261747703 0.596993451701756328020564978942  | 161.757472210316052496636984869838 135.732271239711622001777868717909 
0.862497510704432812644881778397 0.149190768533522089001053245738 0.607902821729974007780583633576 0.136001205047769246903044404462 0.609932007952901145131363591645 0.338664503303929720345877285581  | 259.510973369140799604792846366763 41.372182985929519816181709757075 
0.794394182608977317272547225002 0.192792839236181734463571046945 0.037283071697299163815841893665 0.572677274264721702934366476256 0.308069253071481696792943694163 0.518599265240052176295648678206  | 160.425876552799991259234957396984 41.521569771547049754190084058791 
0.275035200923786860016662103590 0.658756390551582526882157253567 0.059344223140671559235670429189 0.598064484426377163117649615742 0.336204519572627091861249937210 0.276855115580529442809165630024  | 89.922133724674068844251451082528 237.025593048640956794770318083465 
0.650945974277004069108443218283 0.256736792171116334770886169281 0.036489484832676666314910107758 0.157194679667176373527581745293 0.462987534347798046496791357640 0.933325064983202778989834769163  | 300.979673800712873799056978896260 161.393066325695428986364277079701 
0.737612473772506049840558262076 0.809782185109103380682427086867 0.548766812293937533695498132147 0.823180261452677086708717979491 0.976436001022980448738053382840 0.649314057064122707174647075590  | 237.399380230357706977883935905993 84.449000418877716356291784904897 
0.550189299343852411539046443067 0.326153914617298923417365585919 0.260232380744980673625832423568 0.314168545230911533394646539818 0.144877083858579780439868045505 0.615354788236075478380371350795  | 162.147887741429542529658647254109 132.565019134085332552785985171795 
0.602347349439959600658767158166 0.623694115612753563482328900136 0.029135051341810935809917282313 0.236072661964319863159289525356 0.314465944026977695102686993778 0.454895313349883423370556556620  | 195.988072492818929504210245795548 129.385771477842553167647565715015 
0.099924659885552102878136793151 0.038652919235858007596107199788 0.574865651214869544105567911174 0.674659477657888473345337843057 0.715050491705111923579352151137 0.805562157291532798808475490659  | 23.282776330492271910088675213046 209.720531933543952618492767214775 
0.806128867809201565819421375636 0.918874705473786690390625153668 0.498950424680783655162485956680 0.353911833750100157658380339853 0.556243378394215781668208364863 0.947679394637633620845917903353  | 278.940478035792750688415253534913 67.084195158039221951185027137399 
0.312308211360580401105835335329 0.823036853916223165583687659819 0.347670440984993334154751210008 0.821832659816857713508397864643 0.465054924094321364691495546140 0.723309715067854241965505934786  | 100.559808262132079903494741301984 221.429190438991270184487802907825 
0.192046833169017716613780066837 0.569098723623428170981242146809 0.008148020355488228005924611352 0.336604612300401839775076950900 0.993603309044504001690256700385 0.063703951890168752925092121586  | 53.826036652399871229590644361451 226.449538654943694382382091134787 
0.175110541038234757138525310438 0.620103471315724519286050053779 0.484478571925802015130102518015 0.923405006768488689772311772685 0.621154027867515168281897786073 0.471292958288996644000690139364  | 37.185685441579209964402252808213 175.169808528711541839584242552519 
0.732071268803217378717818064615 0.757786367490332679608400212601 0.682577651082576508656529767904 0.600951301272960591859373380430 0.515308139710164425650873454288 0.621016853622622377883999433834  | 136.946004798070589458802714943886 50.120488088542096249966562027112 
0.914575619856282884256870602258 0.462111744124110046527675876860 0.726934152477079820187100267503 0.358125337358355722017222433351 0.253126285955126206772547448054 0.457267223895104990560867008753  | 399.761633801870573279302334412932 37.339055438773542050512332934886 
0.981090575720424240557804296259 0.318005894261810695411440974567 0.923627768444578833850755472668 0.320565236186407531704389839433 0.081173131968411027514775923919 0.440244247197840721241846040357  | 249.534549470271855398095794953406 4.809499535637957734479641658254 
0.982243878124235081372717104387 0.139215543686951548352226382121 0.105730044573322246037605509628 0.614918634096804694877391739283 0.843172985737981051101996854413 0.985310789646240081651740183588  | 256.332292852741659316961886361241 4.633744769455179657313692587195 
0.367853391082334724160318728536 0.280866551745525327987706987187 0.892288000132293035449038143270 0.073708176384927881485964462627 0.199742351994947497928478696849 0.184545303668910420924476056825  | 52.508837524327660162271058652550 90.235089260827024304489896167070 
0.891553247952918681562550773378 0.456762961349676643862949276809 0.772016272203703834975385689177 0.995786496391744435641157906502 0.303117092439089574895660916809 0.490412170742528630285050894599  | 164.846318174033513059839606285095 20.051576093677965673123253509402 
0.331217635640156160548031039070 0.505030959654412470172246685252 0.424042672540414500303995737340 0.501267423630450181804008025210 0.383881792125910337176719622221 0.283065467870013520723659894429  | 34.016818170286974520877265604213 68.685497497601460281657637096941 
0.209802955044782635241062962450 0.429883179936476622629015764687 0.902417975782165981968319101725 0.721685978203597144897685211617 0.150430323306522950588259845972 0.078393162243928671273351937998  | 56.865220186288382819839171133935 214.175862977437560630278312601149 
0.807257149955900032978206581902 0.339236919570199191298343066592 0.592190571793508979681064374745 0.849696830383560808286347310059 0.421411675872567670353419089224 0.286747654620086223076214082539  | 210.675862979937676300323801115155 50.301525689145989872486097738147 
0.275308307453540734854868787806 0.985770095286628844633014523424 0.686791154690832073015371861402 0.297834208833871016963712463621 0.024895968967635795365822559688 0.289799217982466217335968394764  | 34.298776781341466346475499449298 90.284375462001236201103893108666 
0.409544660201870414084623917006 0.038069071583695546223680139519 0.225666728846629638383092242293 0.974243545232445384840502811130 0.970060818085112686048887553625 0.247464268850322355319804046303  | 162.227114395809422831007395870984 233.888694600077286622763494960964 
0.551207395783947617928788531572 0.415587918479644713443121872842 0.201941790240981688953070261050 0.170134912879884581116129993461 0.002779969724482356241423985921 0.632987097241940688263639458455  | 102.712517531679282001277897506952 83.628446536115433218583348207176 
0.643006958554035890074374037795 0.547024971893442568671162007377 0.256033214189761437751258199569 0.193506958224237024523972650059 0.556425331117894828025782771874 0.407279513895515421495474583935  | 199.123363057167324541296693496406 110.551921802807868289164616726339 
0.092545083628793989305449940730 0.295096456458896483354692463763 0.205496845441460962433666281868 0.775873967551056864522251999006 0.174846383027311702562656137161 0.894746085686444203588507662062  | 11.990485495512841040977036755066 117.573236588392489920806838199496 
0.482008587751048267477926856373 0.418693889765981097639269137289 0.546349543357074196592293446884 0.021542951159299050800655095372 0.333056274353976888846773363184 0.242947901892206274965246848296  | 171.167701459552944243114325217903 183.945684088588023996635456569493 
0.780010239856208542619242507499 0.089443041174767756729124812409 0.222100882299432811350925476290 0.331132510750565600687878031749 0.381101822401427980935295636300 0.650078370628072832460020435974  | 208.794277834763335022216779179871 58.887179620530638146647106623277 
0.566795996490746745166688924655 0.882858208043034053957853757311 0.646384761592404544217060902156 0.528179019979360120373712561559 0.594004992188628122562477074098 0.671113648348413249777877354063  | 148.149061887391980008032987825572 113.230804598327978283123229630291 
0.714712066327106043672756641172 0.044140463111302707943650602829 0.386693726352048017247398092877 0.073822862832503943764095311053 0.246565292845255967790762952063 0.392001568933642019487706420477  | 211.737223050769074461641139350832 84.518056559778571568131155800074 
0.856614417687559637215599650517 0.439420551929554648040721076541 0.665248203531533022214716766030 0.964777934479894128116939100437 0.781948067075429520400575711392 0.509788978126257674716725887265  | 259.477984000495382588269421830773 43.433079183520540311747026862577 
0.320101619027102657355499104597 0.815968189284262734872754663229 0.894534218096064037695214210544 0.593141722831017403905207174830 0.319982447457039853588867117651 0.680668272359575610153115121648  | 36.696142745762607262349774828181 77.942898622708526090718805789948 
0.668349187740913563970934774261 0.769203156887240169226060970686 0.673762770261621568579357699491 0.576129920691256458553652919363 0.331666321376069106463546631858 0.918275030914834644590882817283  | 189.855832720382835532291210256517 94.210993727202676950582826975733 
0.598866495442733182130723434966 0.160331245541394551423763914499 0.182210351357257493987162888516 0.946941665378981056733209697995 0.164423762184252808538076351397 0.311256825895839028817135840654  | 202.758751095443699341558385640383 135.812120106070324254687875509262 
0.235930665941234352089850290213 0.855675904529341835313971387222 0.540248641909927940218949515838 0.811096033071162736405312898569 0.392898315951882182162080425769 0.384957107560186528871781774797  | 56.156779377419802301574236480519 181.865603823106312120216898620129 
0.161906968723945610122427751776 0.602725700481718362766514474060 0.651815325261010158897079236340 0.428401228328281646895447920542 0.013073826896937035257906245533 0.562279629532630664812131726649  | 44.893466496490148642806161660701 232.385929506743934780388372018933 
0.111661052115294978648307733238 0.320239884287527587503063841723 0.548338112037811242771567776799 0.755002590059309142134225112386 0.049435501025358874471749004442 0.731803339713238187869137618691  | 47.072207470344366697645455133170 374.491145002281712095282273367047 
0.967929501048013563035965489689 0.722526962501639502534089842811 0.464174410235147050229898013640 0.581237354600379063640502863564 0.429581230004375314024400722701 0.359856822452574220960741513409  | 304.045661002119402382959378883243 10.073973406086738080489340063650 
0.478781400385871691582906350959 0.188464558581960872629679215606 0.846445084442120077028448577039 0.262726829761341207358782412484 0.853666976893373785628682526294 0.007044461373455490615924645681  | 159.072299817092357443470973521471 173.171809266695674978109309449792 
0.253888717205841274449085176457 0.787605226668544489143641840201 0.236846975203251375319268845487 0.951704107582957092859032854903 0.219668437542798855588443984743 0.398127926010962696068418154027  | 64.654392882522529362177010625601 190.002031373241948131180834025145 
0.999861734739575069852435262874 0.267630077246451492101186886430 0.139531628036754895560989098158 0.543706221805658529433458170388 0.588179107743801665719729498960 0.712738771311562047117149631958  | 298.794663089067341843474423512816 0.041318634837395354364453226026 
0.945822225239274061436844931450 0.305028746652093118996162957046 0.092525415661242504938854835927 0.146548690686881144529252196662 0.971809498923494885502805118449 0.439493630528962953007976466324  | 269.021612928850345269893296062946 15.409864520089143979930668137968 
0.410401936860772309501044219360 0.313886161099274474395315337460 0.919483521595916286628380476031 0.093274688485607271104527171701 0.157379300810797317922151705716 0.377141106620108246261224849150  | 89.963013154837895513082912657410 129.244074031394347912282682955265 
0.982041948735393077640765113756 0.068070677860797346170329547022 0.303401666706676564899680670351 0.859391925488205643546280043665 0.173229878409083326573636441026 0.986829181549223832803363620769  | 266.027996718722420155245345085859 4.864705025123864601255263551138 
0.162045233984370540269992488902 0.335095623235266870665327587631 0.512283697224255263336090138182 0.884695006522623117461989750154 0.424894719153135369538176746573 0.849540858221068617694982094690  | 45.453140466014140486095129745081 235.043479819641106587368994951248 
0.165838826876020917211462801788 0.015211137635434468506900884677 0.455812696376568737832712940872 0.608453899372427997604972915724 0.077626002101863988968943885993 0.292309709184275234861161152367  | 32.548658587554434973299066768959 163.718157819000424524347181431949 
0.557527564187241253534921270330 0.408640801402365028138774505351 0.544690888639230763601517537609 0.487962666114771792535975691862 0.272201929193577996102249016985 0.982715715832465974699516664259  | 121.975428010322985983293619938195 96.803760401890656339674023911357 
0.496739451650478613942141237203 0.120393880721163526459349668585 0.543043417735443512128767906688 0.403334904273135563812502368819 0.680437098484290459055046085268 0.020215279824231657812561024912  | 110.260698116649109579157084226608 111.708178626066256811100174672902 
0.918793093970574403783757588826 0.275321529444289225807551702019 0.352151968680628257857279095333 0.526809388429821723320856108330 0.370127579321730237893461890053 0.232289099134941778856955352239  | 321.542481735459602987248217687011 28.419314718527932228653298807330 
0.984650597104140601345534378197 0.811817380869882754268473945558 0.531077728664326897956016182434 0.466080219703794540464514284395 0.295869398559526430858568346594 0.155211207124320793582228361629  | 266.727443905434768112172605469823 4.157928723069922227750794263557 
0.537181423836909033298070426099 0.760337858012862355394645419437 0.604562749546470712402879144065 0.874346761493303148427003179677 0.989093783091028910803288454190 0.942754178878484339065835229121  | 152.188337908512579588204971514642 131.120673079770796221055206842721 
0.290008056139608783041694550775 0.770842743363830962266547430772 0.516148617322780722815878107212 0.412837590001316812049481086433 0.137164020986565660109590680804 0.605070621328748003975306346547  | 58.213742605865178347812616266310 142.517724584278340671517071314156 
0.063248854764818673857007524930 0.792749148416508120362777845003 0.951249698026048307042401575018 0.332582537058383920225423935335 0.803102299087353088680174550973 0.754540082414282053946408268530  | 19.038107579046645412290672538802 281.965090816196664036397123709321 
0.177394636880229938924458110705 0.523278242365384116396853642073 0.981205968559928365380073955748 0.418614786818828576997475465760 0.129025320593608938679608399980 0.694329651096747824112753733061  | 34.224083855343643278956733411178 158.702176246028159312118077650666 
0.628657403039111883913392375689 0.254873279622572113112255465239 0.851249946830098025429833796807 0.734107137879124849177969736047 0.088532219010835078165655431803 0.349555530305790895795325923245  | 257.129476580480684333451790735126 151.884201358317710628398344852030 
0.267519508047632470493226719555 0.637798058038534065872227074578 0.028542271316450040785639430396 0.075125076113454980486494605429 0.135037908207012335992658336181 0.377645094503717970724210317712  | 92.793502116746140018221922218800 254.072798565236439571890514343977 
0.433490596885659940085133712273 0.327644732304655406096571823582 0.591793719709395205086366331670 0.070752367214751643587078433484 0.877334799396937370374871534295 0.265675197409949603866152756382  | 116.947017906090508176930597983301 152.832808337608042847932665608823 
0.395514851605190287386903946754 0.294115560884360860427477746271 0.933537181861799680859803629573 0.397784067836212784641247708350 0.675797928224982413780708156992 0.603631696095829894943562976550  | 56.490315361232767088495165808126 86.336977045026529253846092615277 
0.729777317481568488233278912958 0.960567434039784728838640148751 0.796970590785202048778046446387 0.377548000692959462298858852591 0.946313868253735535063242423348 0.887691699076688323089001642074  | 203.561715986838123626512242481112 75.375037883947058503508742433041 
0.899383365798374967425843351521 0.731795586696412314609005989041 0.529437673433015731916384538636 0.739308853286290812434344843496 0.611448688587310940079078136478 0.509263581992824398980701516848  | 225.694951943833189034194219857454 25.249151012180121256278653163463 
0.962363323834953376945122727193 0.179049023654435757180181099102 0.445396250108029079228799673729 0.535502790604379441674609552138 0.871488823576616056243437924422 0.010394772917617700613845954649  | 300.230183971032829504110850393772 11.741580263119047344844148028642 
0.667734003159628386470103578176 0.498633587532147259935300098732 0.017712516164248626182597945444 0.934798469222171135584176226985 0.127304370862370674899466393981 0.150908386318452159002845291980  | 199.458770176782479666144354268909 99.251149091923537071124883368611 
0.447617319398661450691179197747 0.562710808325599387558213493321 0.184235377774726316602027509362 0.041066786125869114698616613168 0.182711452339873403616365976632 0.806637952020059501023752090987  | 114.923197206257356128844548948109 141.821106970014483295017271302640 
0.729274037240736916487549024168 0.523077692926159798503249476198 0.321812273397082293513449258171 0.994798284592834036743624892551 0.477083530423524138086577295326 0.840291948312966496814624406397  | 175.975642449530880639940733090043 65.326849430404877239197958260775 
0.305156184212679093548103992362 0.458749034384098308692045975477 0.583146021208420961556839756668 0.539622285509075538811885053292 0.263549084630396279749220411759 0.367250321586100270110364363063  | 112.577657128579318168704048730433 256.340500040793813241180032491684 
0.765756593726031553615030134097 0.829011144772508146161271724850 0.574081203545146578903768386226 0.135953897992580508002902206499 0.750030428534566695475405140314 0.114766811091497444863307464402  | 260.734905469087095752911409363151 79.758284671658188358378538396209 
0.832804043279590899828690453433 0.109880183109634543825450236909 0.892470395735930566161187016405 0.215072615496339381024881731719 0.869159976204922912756956066005 0.874357658855092978456013952382  | 157.619583250509919025716953910887 31.644127129428170519531704485416 
0.206699624555408689730029436760 0.638755160642702435325190890580 0.802172306192368012034421553835 0.900464470269435324212281557266 0.106021919940769038248618016951 0.582535514864009229540897649713  | 29.227948506700940356495266314596 112.175058729366796228532621171325 
0.440634331414276658733797376044 0.148649565487991353052166232374 0.989815387923940193104499485344 0.475759768655894532685124431737 0.244198367001210669968713773414 0.743506988266792845365671382751  | 165.181547563695573899167357012630 209.690621460271813703002408146858 
0.133352179062445230783851002343 0.604967820109289178276412712876 0.309442352115448571225897467230 0.785472362069812746199204411823 0.756722012485118611380130460020 0.863336243905148847943564760499  | 30.174531721280001050899954861961 196.102473524731607312787673436105 
0.834929959880037486641413124744 0.388753404422512716109849861823 0.125242120428318060021410929039 0.719725853725831754559294495266 0.258144394657447762142510327976 0.276550727463359180546831339598  | 209.711712141944303766649682074785 41.461107398602102591667062370107 
0.240917694843252760961149760988 0.923955647682896952233022602741 0.382063071582358304567605955526 0.140602315856433790486335055903 0.076689532399104365367747959681 0.224102437156050271482854441274  | 69.402922933599398902515531517565 218.674393175351127638350590132177 
0.288639705826460257753751648124 0.374428127438168445451083243825 0.331996885473142100408949772827 0.519038515936939504058500460815 0.232885163422313468117863521911 0.096784960046173651448953023646  | 70.423669367737389279682247433811 173.561021394379821458642254583538 
0.171804005150233862764252990019 0.853781214274809130415633262601 0.273703669092972390330942289438 0.754149923439262792612680641469 0.506827072145277668369089951739 0.503914077680951422166799602564  | 46.311337066217681979196640895680 223.247786574239796664187451824546 
0.930826633845994066973617009353 0.440257740349995430051421863027 0.448839083116828518882357457187 0.416228044266748753443607711233 0.491886033877118933332894812338 0.838216083628138264316476124804  | 292.983117723221027972613228484988 21.772720872277620429713351768441 
0.908848395596693947595667850692 0.727817111527276239257844281383 0.751868079879496775674851960503 0.138383083097235015657133772038 0.645057539048872641274101624731 0.585717953028632720702262304258  | 342.064431657384716345404740422964 34.306845790716245403473294572905 
0.000000000000000000000000000000 0.500000000825693069472777096962 0.400050635568237555883541745061 0.500000002459952797018161163578 0.500000002054165060272339360381 0.599949366216094071013742450305  | 0.000000000000000000000000000000 1.499493650175775627531038480811 
1.000000000000000000000000000000 0.500000000825693069472777096962 0.400050635568237555883541745061 0.500000002459952797018161163578 0.500000002054165060272339360381 0.599949366216094071013742450305  | 1.499493650175775627531038480811 0.000000000000000000000000000000 
1.000000000000000000000000000000 0.500000000825693069472777096962 0.400050635568237555883541745061 0.500000002459952797018161163578 0.500000002054165060272339360381 0.599949366216094071013742450305  | 1.499493650175775627531038480811 0.000000000000000000000000000000 
0.347684060545108031270444826077 0.500008312756140438359864219819 0.400043770069386184218274138402 0.499992310159436403882438071378 0.500008839502724344860951077862 0.599947620200757647523914783960  | 0.521358848831655619093794484797 0.978160134046811124974851736624 
0.851334100139056193512487880071 0.500022086995447367918643521989 0.400049651693166030685944178913 0.500007274751964603254350549832 0.500023641656698436541717001091 0.599936230899407396677247561456  | 1.276677106221750568337824915943 0.222942262969756249679775805816 
0.681387820613752026588372245897 0.500000327031469349314818373387 0.400051938226207881577067837497 0.499977045973720057858713516907 0.499994264547667599529745530162 0.599956371598518889420859068196  | 1.021777799555983134993653038691 0.477776152898918171629816242785 
0.921693277697655966029799401440 0.500002316550828718177967857628 0.399986500731688787713125066148 0.499962809458148138563871043516 0.500037236953783104098647527280 0.599956783115713987442063626077  | 1.382705153590013669173686139402 0.117474121932036879023542041978 
0.455494144026413860792956711521 0.500008592509644023138548618590 0.400063673111020312589403147285 0.500001400880315416408450346353 0.500002916058221225092950135149 0.599945115727367528357660830807  | 0.683022826203231625541434368643 0.816497716839410747624583564175 
0.660043101429544698532936308766 0.500006098602816306808449553500 0.400042251443305463265431853870 0.500003347990583990601010100363 0.499990890981149238569969384116 0.599952287766257086332188919187  | 0.989744139762422037165379151702 0.509770267128278220525317010470 
0.816412492548359014499226304906 0.499978763245704560524984572112 0.400055886645840075299673799236 0.499972411496179602874434522164 0.500012812248168514450696875429 0.599925161779170879050582243508  | 1.224365749014416859807852233644 0.275324371102030673874594413064 
0.314896859703624465431914813962 0.500008724047491082131955408840 0.400050529014732592081315942778 0.500011144337563773198951366794 0.500003206827135504575210234179 0.599950995829100719447524170391  | 0.472192472863761092405354702350 1.027322235883034728942675428698 
0.486096203573800733632737092194 0.500001089128272901973559783073 0.400051416893930811280455372980 0.500010890932113927220825644326 0.500007037452540381572418937139 0.599928692230769833315662253881  | 0.728926840847802681722100714978 0.770625789863361831955046454823 
0.086273610437703415754207014743 0.499997690404486383464188747894 0.400024085849515875779047746619 0.499980800051301355058086528516 0.500008296892374470843378730933 0.599948554690690638580008453573  | 0.129376513800482095817301342322 1.370230528771388511799500520283 
0.065988808107941443470423337203 0.499998214512476224502535160354 0.400046415210057793032660811150 0.500001957720744294455528233811 0.500001830357462040410609915853 0.599952253313643879550909332465  | 0.098950036710040087384321338959 1.400547219675954968565179115103 
0.598958895070306196473097770649 0.500020765254983512448916371795 0.400045189749381580046616591062 0.500029268826964079508456961776 0.499995914372348027043813090131 0.599967225101787238195072404778  | 0.898232837255717564417523135489 0.601424058482148415905044203100 
0.784293922261724563149698497000 0.499997601666371083162232480390 0.400042473883998106476411749099 0.499997675391539664335738279988 0.500007140333204036508618628432 0.599950082338825185779285220633  | 1.176053766861044458380547439447 0.323452647098627643629242811585 
0.044206960592771626927799388795 0.499997318086669140235756003676 0.400053304441113921630090999315 0.499998856075190956094189687064 0.500006177544963237302511060989 0.599949390164419060766931579565  | 0.066288291508372232385681854794 1.433210670182542223471955367131 
0.832578419116384638165584419767 0.500036928227261423529625972151 0.400036321594033073001384082090 0.500006939218187840268114996434 0.499998895093430983926907629211 0.599947154722500042289823340980  | 1.248579471435235399567886815930 0.251074426344570889035878735740 
0.328595560746201276192124396403 0.500006966839195987617472383135 0.400052939627231152197595065445 0.500000365217580844401368267427 0.500004919142510995122563599580 0.599950328721117420727182434348  | 0.492729523677384317892347098677 1.006771938114900510896632113145 
0.611402226490242783896178480063 0.500008703780794649951246810815 0.400039433485272100110563542330 0.499985977047245788718043968402 0.500010438083664299213637605135 0.599959518756827070440351690195  | 0.916830579684765112347122339997 0.582723298206447637426208530087 
0.368521482274741019047326062719 0.500005606824749593286583149165 0.400062349971102626522423406641 0.500008262871409647765119643736 0.500005616244660222591278397886 0.600003168350559890065198942466  | 0.552710734836046602147519024584 0.947095277623190123783558647119 
0.438146435231597686232873911649 0.499998228945685352364591835794 0.400053497951019410017181598960 0.500000292860829254060206494614 0.500004416620427605266741011292 0.599956205511481543979357411445  | 0.657001159961766445505304545804 0.842500164554283559326108843379 
0.869835746335733128731249053089 0.500005037554228093377162167599 0.400044342349424264515533877784 0.500000002459952797018161163578 0.499992335534923504347659672931 0.599959414139325297732341368828  | 1.304332478775002801540949803893 0.195183360013675422095502653974 
0.468264678197194583741946871669 0.499997260500703921692888798134 0.400027002906613193822238372377 0.499989093765771164257216696569 0.499988919073019622008047235795 0.599945179520071203427278305753  | 0.702198069632706478593320298387 0.797377068804274502511475475330 
0.587649518518042479620078211155 0.500008144471879911741041269124 0.400033992676991856374257849893 0.500004875350976263348456996027 0.500003673514670676780724534183 0.599933226736423463876235473435  | 0.881213917763800091975667783117 0.618343029013047162933958134090 
0.098369069707524903201090182847 0.500011727295153862726806437422 0.400045256972097473813221313321 0.499989870855695295315257453694 0.499990674895121001153341921963 0.599979905651997769133743076964  | 0.147516313646491536992755300162 1.352104594481371213632314720599 
0.304069289585983892898468639032 0.499996177340639169628389026911 0.400076069714215665218404183179 0.499987589600228432562545322071 0.500012234890937712350478250301 0.599961633695802798449392412294  | 0.455983470446492122896131604648 1.043620356915857527724256215151 
0.528177975406289190729580695916 0.500000000825693069472777096962 0.400048556228171592330511430191 0.499978043237956193411974936680 0.500026505364551510091075670061 0.599945515502512405348056745424  | 0.792062303661900446449806167948 0.707550214358420359594958881644 
0.980655558288599515925909599900 0.499997482601096832066644992665 0.400048888746482644851454324453 0.499996714357769656000840541310 0.499995739180435438964167360609 0.599949366216094071013742450305  | 1.470490495039081135786318554892 0.029006940742878611211308381712 
0.996638370091307401743563332275 0.500020122319382753772742944420 0.400022683517615273984802115592 0.499982209370177954621539129221 0.500006997800607755344515226170 0.599934620058850121004923039436  | 1.494627009750789214947985783510 0.005041329943836826178726884251 
0.337267558522429011791388120400 0.499993059777768145135468103035 0.400056867755224698779414893579 0.499999345202455980352596043303 0.500001455349020962337647233653 0.599946082665141267042940853571  | 0.505733903911239845996306030429 0.993769653818601828021428445936 
0.938382023005698950868236352107 0.500004766525297572599129125592 0.400021975012796515702717670138 0.499994582194858039336793353868 0.500003856231142962407432150940 0.599963258425796785999750682095  | 1.407198085718941227284517481166 0.092402344830222304938871502600 
0.839415452785311932970557791123 0.500020260096341706557154793700 0.400035993658437227793456258951 0.500042330217737918118814377522 0.499999288623370563566794544386 0.599941758047821571686597508233  | 1.258903296242660507786581547407 0.240834756071509115127327049777 
0.115962286178039164497022284195 0.499976688774788902147605540449 0.400052781462060969008831534666 0.499997857716065030597718532590 0.499990342394098508105315659122 0.599942738434178446382816218829  | 0.173892610440674916238990022066 1.325669153749573947465023593395 
0.074434148100947061799104176316 0.500020392232142119048887707322 0.400074465761277697772868577886 0.500030743757411078043162433460 0.499992888463851481439803592366 0.599962308726563531280362440157  | 0.111629313310789998747729612205 1.388076348120292902166283965926 
0.569450583063650928039578502649 0.500009476059085189447728225787 0.400063248663668602489451586735 0.500014444039999950142316720303 0.500003742636548675903895855299 0.599949461172018860821708585718  | 0.853914048862402408346383708704 0.645626164562851601047555050172 
0.107231868327298682230797055581 0.500007279729564602099856074346 0.400052375833942652771924031185 0.499988745257754496620350437297 0.500004932873201690668452101818 0.599926174329712402766290324507  | 0.160801392448224389486455265796 1.338765806711432304609843413346 
0.621320481888280928828294236155 0.500003316379238560429598692281 0.400038811497018975682493646673 0.499991758623598236965790420072 0.500014487762440063001179169078 0.599943725230256186264909956662  | 0.931694365169158045247854715853 0.567844749230558720753947454796 
0.205759902417598339319226852240 0.499990849549019567010788023254 0.400103954863754329718261715243 0.500031238130392408081092980865 0.500007271658135521441579385282 0.599935974659671966691121269832  | 0.308619675989381059277860686052 1.191282260020602556949143036036 
0.543617610942936924089963213191 0.500003501823422125127649451315 0.400051934876727743883861876384 0.500031703918430214805823652569 0.500031104220382549563339580345 0.599971412444477825154365291382  | 0.815283887899510006924685967533 0.684453926858462735616228655999 
0.753864215187962538600174866588 0.500014385919474890762614904816 0.400058063065105662392539898065 0.499985977047245788718043968402 0.500021841144402845458216688712 0.599959129262789159220403689687  | 1.130491363698060025555491847626 0.369104108433737920780259855746 
0.018946239259888204842230408076 0.499980782267620937897589783461 0.400038145207601725239499046438 0.500008474613010456266692926874 0.499989463259818522899990966835 0.599954747881697114664234504744  | 0.028411144543160876674292580901 1.471155294655734691033899252943 
0.628765811066997581946225182037 0.500010851178480986156671406206 0.400047842991031854520400656838 0.500030544682840139003587864863 0.500047516387545964988703417475 0.599950055193475328962904313812  | 0.943036275237865484477595146018 0.556784896077985647089292342571 
0.745598033889547373576078825863 0.499997057688944368525341133136 0.400087782877674602577400264636 0.499980086768898546178974129361 0.500025346259710290475197780324 0.599949540771772316105625577620  | 1.118198249799437604679042124189 0.381535117208189333837253798265 
0.910984573561534061170164022769 0.500002107186100941405015873897 0.400051083059667300645401155634 0.500003325025058065200767032366 0.499995929918239490064024721505 0.599965126698191131282555943471  | 1.366040833537400356334501339006 0.133480533983461074898357878737 
0.773105477526581763569879512943 0.500008144471879911741041269124 0.400059267236546611812286755594 0.499984718042334463916631648317 0.500015803050066431900688712631 0.599960283291999019184004282579  | 1.159323501161562131045457135770 0.340243549987290949676577156424 
0.538385546604921105817709303665 0.499996481435151907124492254297 0.400046513975878204050218300836 0.500009355203037464399073996901 0.500035947921871448684782990313 0.599927821326731502971085774334  | 0.807405297500463414728244515572 0.692273329817804428110150638531 
0.286612020047055326976703781838 0.500002107186100941405015873897 0.400051083059667300645401155634 0.500003325025058065200767032366 0.499995929918239490064024721505 0.599944923731334789351876679575  | 0.429774375446163592329185121343 1.069724408225240619429996513645 
0.962813703438719414862134726718 0.500006214492017320161210136575 0.400067924090333149056419870249 0.500006391099478086914587038336 0.500048181877319697363759587461 0.599934527663268046815403522487  | 1.444010651952378543327881743608 0.055771337850061011853775028158 
0.263508875049643542798349926670 0.500013682157550598539330621861 0.400055472954448987366049550474 0.499975516035198241926451601103 0.499999806042069117051340754188 0.599942768629262990209838335431  | 0.395152096496801663594311548877 1.104425845317709597992461567628 
0.953166005748403044606220646529 0.500027530284899768275863607414 0.400038612827328388110714740833 0.500013851654470653507189581433 0.500014494756293670363334058493 0.599942186654061182515818018146  | 1.429393996424754620377939318132 0.070233547785058858536899606406 
0.762046745722486207341717090458 0.499999742784357492642044462627 0.400068242978987576030647232983 0.500002703846111007379704460618 0.499998919212501113928937002129 0.599952462405387021426861338114  | 1.142708951382453985701204146608 0.356817104987050104369927794323 
0.796739797265461735520375441411 0.499981832263013570294418741469 0.400054002874328018535265982791 0.499996924236547235498306918089 0.499994714666871176156348610675 0.599918092228104549157308156282  | 1.194813011488462084486172898323 0.304814615484925222066436845125 
0.807358994261004103698553535651 0.500009041532862963386207866279 0.400014591799101093538837403685 0.499957079350820232654939445638 0.500029477470488425971950618987 0.599980793578082871597700886923  | 1.211034658026142851738882200152 0.288960593943067223232645801545 
0.217644996834585657818905701788 0.500005852260510086360056902777 0.400034257206321297584139529135 0.499975166995498210287252049966 0.499985212049786909016546587736 0.599945188216579827766850030457  | 0.326382119701749573437155049760 1.173225610540752583688117738348 
0.688651400139892344576253435662 0.500003167604254006306518931524 0.400114136317464286207723489497 0.499975746817653388109903289660 0.500009784142064872547450704587 0.599950340296015571794896459323  | 1.032949865830974367497674393235 0.467010586759612655871620745529 
0.428313300914802852492613283175 0.500017025535979486861037912604 0.400044649617084524528820566047 0.500015875789631469849894074287 0.500011386920624079088781854807 0.599974321294212464827921849064  | 0.642309335320552676762417831924 0.857315668032580302515555104037 
0.032694975534578771259042184738 0.500000000825693069472777096962 0.400037466313610923229759919195 0.500000002459952797018161163578 0.499993753393580042665433893490 0.599949366216094071013742450305  | 0.049026594050840636984656129016 1.450488033173433111144845497620 
0.125854870795998358135037165084 0.500003893250079656240814074408 0.400047741925404043428216027678 0.499956874218491942318820520086 0.499981167659552805382361384545 0.599984718641763170587921649712  | 0.188761926001853180823175648584 1.311076139922687788796906716016 
0.269579034620403612532157922033 0.499992978696899181834112368961 0.400050635568237555883541745061 0.500000002459952797018161163578 0.500000002054165060272339360381 0.599949366216094071013742450305  | 0.404233362958355546545874403819 1.095265155268626555695732349704 
0.642916525325156085202138456225 0.499984607607292574904533921654 0.400040893140487019419282432864 0.499975731362200970231413066358 0.499996949197372697604180302733 0.599897629846013136223348283238  | 0.964278214124939858642449053150 0.535571573741773554466760742798 
0.695750803494415093197744681675 0.500002050737038516992072345602 0.400047770847587691456226366427 0.499982538561312639391331913430 0.500026001357393945490059650183 0.599945134741870500505456220708  | 1.043343389275300348018049589882 0.456250120405318260186078305196 
0.176076407592846650995710433563 0.499997547000697095676002845721 0.400063660481825011938639136133 0.500004940958253984994996699243 0.500008265952850861069123311609 0.599944257367811983883143511775  | 0.264030575649421783701598087646 1.235492155754534859823934311862 
0.555398125138706344472439013771 0.500003515750471194678539177403 0.400033231391076382621463380929 0.499990412424587304940359899774 0.500001678936914828454973758198 0.599977185897435982830927514442  | 0.832880895813039257014054328465 0.666729668419660970180018466635 
0.164442668120091339822863574227 0.500004019242177633053358931647 0.400045634342828582141748938739 0.499948482438616725875846213967 0.499981416118113863866767587751 0.599998024716139832790418040531  | 0.246668557673643012995157164369 1.253359144950974446430791431339 
0.557709191370895807082774808805 0.499981832263013570294418741469 0.400054002874328018535265982791 0.499996924236547235498306918089 0.499994653375928688188167825501 0.599918092228104549157308156282  | 0.836356147083780032680522253941 0.663271544236757049084474147094 
0.465041757419153434227609977825 0.500003893250079656240814074408 0.400069106564236887102481432521 0.499986101361574508672447336721 0.499981167659552805382361384545 0.599955300020689308304611131462  | 0.697370300843512480604147185659 0.802216112027699268516300890042 
0.725259445673526292885924249276 0.500009506624984778611064939469 0.400054048751794344429555394527 0.499979450359714749918538245765 0.500005075416167232837949541135 0.599970606230195380170755470317  | 1.087593640692137597625333000906 0.411998880549861001831857265643 
0.968181759520883589154038872948 0.499977889536340147635939956672 0.400054945976326126189093201901 0.500009303659623038917914072954 0.500001586968298772362118143064 0.599926026679608037639468420821  | 1.451891504571348079366543970536 0.047714835140974208582687055014 
0.237700787169088489925172780204 0.500007881563818146197775149631 0.400047829949749633726696629310 0.499989228089053550085907318135 0.499990070134695985260009365447 0.599948682082171003138171272440  | 0.356437512639420472915219306742 1.143084289052673119257974576612 
0.392704056253047273372658310109 0.500001201313781451496254248923 0.400091070241712754018692521640 0.499973257979629381875241733724 0.500006415542997739720476602088 0.599936883283096022978497785516  | 0.588956065291630581626236562443 0.910789241418733963584486446052 
0.654084361872141473170927383762 0.500003501823422125127649451315 0.400034711702729639526410210237 0.500022638810334041359340062627 0.500005889048404483787635399494 0.599946928188276551452418061672  | 0.980848241742012239008374763216 0.518726276343998260465184557688 
0.149662533017630855480817331227 0.500000000825693069472777096962 0.400028977148307984812447557488 0.500015714297356805850824912341 0.500010593066261832539964871103 0.599958341365437686221184776514  | 0.224431448546594553006272576567 1.275151940972515163252865022514 
0.130043570351179971211763586325 0.500007881563818146197775149631 0.400058911617177548336599102186 0.500025642788767710200659166730 0.500007465947689189178504420852 0.599950780214685286395592811459  | 0.195010370643538155643881282231 1.304566810426749823292880137160 
0.577964990095841346651184267103 0.500007376077084342291811935866 0.400040156440039429419641692220 0.500018453001890184062006028398 0.500005154179271049663668691210 0.599926026679608037639468420821  | 0.866716239479167094295064543985 0.632883657281782752157539562177 
0.518370693863345888274807293783 0.499997937851893003990966235506 0.400040728622584884632829016482 0.499993446106695493824645382119 0.500018351262704885407117672003 0.599980325812401016349895144231  | 0.777367308125692546560969731217 0.722268603642544859688712222123 
0.401957427933752053927918268528 0.500001709128253479796910596633 0.400064026556983698412750527496 0.499998339125192148291176863495 0.499998421768899581341116800104 0.599934866403774136323079346766  | 0.602748396606042846634920806537 0.896784525834150914036513313476 
0.214612406574833214367714617765 0.500009284084243721402174287505 0.400058659680603501129780852352 0.500054503817411122312819315994 0.499994892787055666971696155088 0.599907798314094575786725727085  | 0.321913254823183170305611611184 1.178061793035642290661257902684 
0.195061615013363581772054544672 0.499991544524725162190748051216 0.400074908859122058135682209468 0.499975099610589612808553283685 0.500000921785748730918896853836 0.599938952316509066520211490570  | 0.292520426905015340501847731502 1.207110481436304727509423173615 
0.507158555304463742885445753927 0.499999742784357492642044462627 0.400032523681563167983199491573 0.499997217842546359811706224718 0.499987230857936726380330583197 0.599941341559776075698096065025  | 0.760509240907006778265042612475 0.739040028158262862767458045710 
0.637532245491201576825801566883 0.499997601666371083162232480390 0.400042473883998106476411749099 0.499997675391539664335738279988 0.500028147262566280417672714975 0.599963598543741594149025786464  | 0.956043079484690139224767335691 0.543556487825171075201069470495 
0.245095569174293648195828154712 0.500020550296954691127382375271 0.400003091465875704191290651579 0.500016581856525754723463705886 0.500017249516221728988796257909 0.600040763772837437706186847208  | 0.367800211476653204911713146430 1.132839774451045000702720244590 
0.885058697782815761989638758678 0.500008724047491082131955408840 0.400046513975878204050218300836 0.500011144337563773198951366794 0.500035947921871448684782990313 0.599933588776979553891521845799  | 1.327293576978215705608477037458 0.172373710969187549091330424744 
0.139214392779150764045681398784 0.500005362023585364639188810543 0.400114136317464286207723489497 0.499975746817653388109903289660 0.499990476150328155835467214274 0.599950340296015571794896459323  | 0.208816271820325527475148419398 1.291145532786982297324129831395 
0.228944001471845764994483829469 0.499984527569714842787362840681 0.400078416679429338387308234815 0.499998339125192148291176863495 0.499998421768899581341116800104 0.599934866403774136323079346766  | 0.343327808109562482297150154409 1.156286970623930487889197138429 
0.706820064788230895125309416471 0.499997031375959744003978357796 0.400040893140487019419282432864 0.499999185952301916646689505797 0.499998354338469730429039827868 0.599965029934727001048599959176  | 1.059896800372214009655635891249 0.439631655557751466201210632789 
0.499838726632846785946640011389 0.499998228945685352364591835794 0.400053497951019410017181598960 0.499994241331535638206418070695 0.500007127386151939418823531014 0.599956205511481543979357411445  | 0.749512009726509775831004844804 0.749995671032005928324792876083 
0.185617770287569539000571694487 0.499993387279178802540258175213 0.400031001102761574195199045789 0.499970179062987962748110248867 0.499988801105729130380694869018 0.599945115727367528357660830807  | 0.278359464507633547203369062117 1.221278550087538716795165782969 
0.768700110458618635078664738103 0.500005952600844905120425210043 0.400049282324857258252848168922 0.499980821643217221428301400010 0.500020212954487952572435460752 0.599950387633507276063937752042  | 1.152722773840515468890544070746 0.346851322945788909102304842236 
0.702093901871198133868290369719 0.500012927499968506950267510547 0.400071423568953421501248612913 0.500006041127308176186261334806 0.499981167659552805382361384545 0.599925127571989791341877662489  | 1.052894740575107235258656146470 0.446754719089712482027465512147 
0.905939772460937930986801802646 0.500010108653359708341668010689 0.400034070591592738619368674335 0.499943932689518477641144045265 0.500013829950405996882523140812 0.599993161488534321179599828611  | 1.358954539978064035565807898820 0.141095001159240507337955250478 
0.411643424899178267395427610609 0.499997566336091048277978643455 0.400053748499318129194790572001 0.500010247448133271497283658391 0.500002916058221225092950135149 0.599974580410036040234444953967  | 0.617287795414315554332063129550 0.882281390138701993031133952172 
0.732942498158091093607424681977 0.500002943819047862561433248629 0.400046515739663322008823342912 0.500008245368947834563755350246 0.499990393559995527361650147213 0.599974578701826355420223535475  | 1.099102087836816066257483726076 0.400472695449589355387587374935 
0.382901982181578504071950419529 0.499999212029150041924907554858 0.400051256432020330144894160185 0.499995855682251744145361271876 0.500001611618505981127213999571 0.599954986661993316943153331522  | 0.574161071522590882310055349080 0.925337751260504992600885998399 
0.899985708256954897166224327520 0.500005606824749593286583149165 0.400042806913916582089996154536 0.500008262871409647765119643736 0.499998704484136746728495381831 0.599962159413486184611485896312  | 1.349551858925863934146605060960 0.149974018590130375727653699869 
0.197577165903796647672407971186 0.500003893250079656240814074408 0.400106738752500801226119619969 0.500026954950707480662686066353 0.499978447920782054225696811045 0.599975313474725990836589062383  | 0.296363784974499666624581095675 1.203626275206866491629398296936 
0.892168773231526435196769853064 0.500030385124186516065947216703 0.400054107196990527128832582093 0.500006762535886162268639054673 0.500012190660855782020632886997 0.599928692230769833315662253881  | 1.337938580468367888443026458845 0.161708818781235608152968552531 
0.151448737090698504204056007438 0.499982843842940116729778310400 0.400027002906613193822238372377 0.499980800053626384116256531343 0.499992045577078381146662877654 0.599945179520071203427278305753  | 0.227115894506766835547750815749 1.272506346454894909925315005239 
0.294890757153215554708935997041 0.500001040549590047845640583546 0.400032360044142942800959872329 0.500017817874240155795462214883 0.500012408103974848039285916457 0.599965404756591658141928746772  | 0.442217794008420095330791355082 1.057380899004051189038477787108 
0.434192515294028802408377032407 0.500007592539390977037783159176 0.400048556228171592330511430191 0.499993223894263372208968121413 0.500007425355916690357105380826 0.599938410815948008902864785341  | 0.651081053736672021869935633731 0.848440542796998098395988563425 
