0.890567545158253426329508783965 0.958363454980341811229038739839 0.275243737033187052531957306201 0.143742989744056970380370330531 0.303903162360466105873513242841 0.109470749499103847668379785318 0.681044548351937950592116521875 0.679084262728792964480817317963 0.357512101307506879876996208623 0.579206166229040086967927436490 0.773830052377188715162503740430 0.256117697869872040783434385958  | 0.229278771486664811884992332125 1.618052171385677251436163714970 9.413174763520339993760899233166 
0.875727701335473507349149713264 0.348192925884662218827259039244 0.034004177643452204726770560228 0.724571360055958679780019338068 0.705748757474271792844433548453 0.630163651947846292777910548466 0.850299564071793523289954919164 0.989408056860397899789916209556 0.965804349069761425283786593354 0.014878138480137192978247639985 0.223507742291181199512095645332 0.295525894664884325457876457222  | 1.611946612070076501055382323102 1.035667360341646192622988564835 9.690156752243639814992093306500 
0.554697080092194649836301323376 0.973725751225497981877765596437 0.811890657417032368670106734498 0.116546019494278341177562197117 0.986218713152858139636691703345 0.226323126252240380829050536704 0.575073149517934090191317864083 0.985083566862505533023863790731 0.211140416439288380878736006707 0.454798011414412117758843123738 0.822137948640419002899193401390 0.512235395739744081566868771915  | 0.728785895623933144271688888693 6.048874218221320653299244440859 7.241048063622038455378060461953 
0.754435950612372785428760835202 0.714644827893527789797190052923 0.068008355286904409453541120456 0.363142869229625242510905991367 0.681040898653235915460868454829 0.260327303895692585555821096932 0.690595256995229611618469789391 0.504700589856282300083023528714 0.879282669137258388047939661192 0.622743730036456333287731013115 0.964206668367276198416959687165 0.645939869376788378119158551272  | 1.637952486190003886790123033279 3.113510906427919611161314605852 8.663637721656082035792678652797 
0.000038294657357273997888569284 0.635079863635685359923854775843 0.334756290953735824444947866141 0.623164971267386347264505275234 0.361281279850411141119082003570 0.450168950083704944020723814901 0.905483978295747893305644993234 0.747223038541053430350302733132 0.820445725618774934773114182462 0.321605041103637967481176929141 0.791667766620722024306644470926 0.355034798886731062239618950116  | 5.293220608188338616173496120609 7.808802098574960659504995419411 0.000567469169459189543870680783 
0.966399720458410160794926468952 0.611075907441888555027276197507 0.994369232077881637366090217256 0.898165267575804171507058981661 0.513502748481496129606682643498 0.565522440874642429164964596566 0.371027111479191207266126184550 0.468910256747403830779319378053 0.411260447606995871439039547113 0.760364691688682481363059650903 0.059808888097483414725274997181 0.630125357290489018780021979182  | 0.285072712256498939087379085322 0.391032767813198456341439168682 9.160141616484301252398836368229 
0.215219700436108163366100143321 0.654651765906662075344968343416 0.342639377802375078019281318120 0.653596858629726051859165636415 0.773338792207476255491371830431 0.788809402048772145832344904193 0.649213101796446756530656330142 0.226502712684444551527462863305 0.991444931798257433896992552036 0.794940978390640373696385267976 0.194550946532136115330047232419 0.871288327365509318589431586588  | 4.937207039941705843943964282516 7.746656111209262007832876406610 3.229533529839005545625241211383 
0.608673429059523929396391395130 0.374007659420616977996587593225 0.216771184361406743512645789451 0.556632743838607946251784142078 0.308635200158922873292510757892 0.946712954865101652401904175349 0.383408839133181578162634650653 0.245734571146123959017870674870 0.656747907679908538014501573343 0.602778177540942761147846340464 0.621232010555752500735593457648 0.630201946605203566775799117750  | 4.415909201865214406268478342099 3.077786647882779558216270743287 7.624926472535809907071779889520 
0.475375556559121448252369646070 0.850048823949620224738055185298 0.536643291334883310028658343072 0.969146871406730281428565376700 0.190867876159799942925587856735 0.857130467328016232286813647079 0.350825192860910517467232239142 0.408577150951240808396391912538 0.343311359155478390547955314105 0.828223992876745973568120007258 0.166730333318275025789034771151 0.578880622718195625431292228313  | 2.007656391779792937057891322183 6.637066476515617097220456344076 6.417379052443907383462828875054 
0.531476318875130915309057400009 0.530451854179646686837656943680 0.263812981780166988521330040385 0.012969840944715094188666171249 0.844954811755620371904740295577 0.971625959753549484076984299463 0.720665149312286201777055794082 0.954327999761980017012774624163 0.391591054536938876218243876792 0.276933257020051670771465524012 0.883300801876292562830883525749 0.090146884315520980912594950496  | 4.489065211700320467969049786916 4.892709459346408884528045746265 7.331406397720506618043145863339 
0.520978287529570982528070999251 0.932266965412520520750661034981 0.442113576200265590010474170413 0.569496815528882538437471794168 0.202678420769467182438461350102 0.279300164429578501312789740041 0.806642549484867354969708230783 0.311340406751183684797013029311 0.514415384925629104451161310863 0.486866525311451026070130865264 0.194458169489280630060079602117 0.890766338492183895603204746294  | 1.119585369382871009591440270015 6.117438942847081229103878285969 6.643038616739664448118674044963 
0.117736782921315841221598930133 0.696050858504797864689805919625 0.727631950018090445375662511651 0.781971137445925279507719096728 0.349596134776515743425306936842 0.899662367611959834512447287125 0.888008279747237727619335601048 0.419679659658636960983812969062 0.825180129824467867294401912659 0.279699486818556275480318618065 0.425334398282630310461627232144 0.856566070549580671489309224853  | 4.601242218335721112509872909868 8.234981470930438973709897254594 1.764757465258168123156679030217 
0.862430551603610595634563651402 0.313467605733603438267209639889 0.214634331479642948004027402931 0.033281362012060222710374546295 0.418553589786285318297132107546 0.350901782175625065463009377709 0.668733007074254093282661415287 0.538708417198436539941042155988 0.022227906409254205577497032209 0.482280346095279255358434511436 0.996409706670519312865508254617 0.966364128835832336683608900785  | 1.750975448173889281733295320009 1.010623093217263956944407254923 9.209591512111728661693632602692 
0.233088409939594676245633309009 0.712526292446442943706585992913 0.615679409137387945172292802454 0.046252855430820694060400910530 0.817134198541759282363727834309 0.679218255106235790918844941189 0.111796659216493954325244430947 0.705271724355178819543255031022 0.984113494961610713041011422320 0.587635442662084783727038939105 0.988388741206039700415431070724 0.109195408149938888442420648062  | 4.263726345185568256113128882134 8.077302967141914535886826342903 3.502019714920115767142760887509 
0.407197543578682763509846154193 0.739693668282337069008747221233 0.358309692524878653507869330497 0.858379667233766352474333416467 0.532399019700667497367874148040 0.421413877241266887629933535209 0.982269870331134442587028843263 0.910039059003266315173164002772 0.959833230104986334652039658977 0.573087108858363225571963539551 0.236314291933634845754852449318 0.046211754489983825067156431032  | 3.320724457871937485009539159364 6.904036498682891043188192270463 5.699576545360562462860798405018 
0.094116257038424411263122237870 0.695660997613795739624720226857 0.468162529494808410390760400333 0.669732326769691743706403030956 0.515239914383044839141234660929 0.880731554682833372993400189443 0.005940123704821886896354499186 0.990779134149619045146550888603 0.743518455056479732334651089332 0.194335694783840495780680157623 0.361207393570476043009875866119 0.790466959462020946070026639063  | 4.561376635652608868554125365335 8.142698466614028518506529508159 1.389946148319826102479623841646 
0.480810736168554964109489446855 0.679985991376299891975065747829 0.466870437299589213786532582162 0.421319819584789923005985201598 0.892935378581962813093753084104 0.435152193308313783859375689644 0.880160681272476153047534808138 0.403428546730337123094045637117 0.254801101374656613351987743954 0.460194253153696997138411006745 0.182239297852650472542279658228 0.304690027685641240395852946676  | 3.403140412200964082245491226786 5.762761623799811161461548181251 6.300820278516758854436830006307 
0.574616750035829682019539177418 0.843047419584640800316321929131 0.554065376914445795186736631877 0.812548019325587511652031480480 0.481169792287474473724273593689 0.085632574152998963690208711341 0.227148286234772789349278809823 0.721747158296823898560035104310 0.872160954080908212837641713122 0.851917160646980198279720752907 0.455926804971283239353851968190 0.888751295644214844848818302125  | 1.744368720040661013825911140884 5.564205676720990645378606131999 7.387724018939231029889924684539 
0.431810667840194062350178683118 0.238401287055589605756722448859 0.562793675376820790035026220721 0.694700064080121970633285855001 0.553236547897725916556055381079 0.229034726877462735394885839924 0.003768996848345640415800517076 0.484892566907680455656759477279 0.898115439371181656369458323752 0.676140369381115879932053758239 0.227708992015026256972021201364 0.846797127205437205610394357791  | 6.652757018192707150205933430698 2.958381831187485655476621104754 5.867161370359538885566053068032 
0.139222450746493642270706914132 0.355973682088820519986427370895 0.147285210779398823000008178497 0.091917316570888751847689945862 0.150681717780635882064643737976 0.819063468255211035717877621209 0.372369098741600512703087133559 0.823500043532887526787078513735 0.616245368847828212111039647425 0.213805521798408504352551062766 0.626488618738829994292416358803 0.351507507042037814493085079448  | 7.860418589869274441639390715864 5.179417927702413493307176395319 2.092081097193388750099529715953 
0.574129455864627824546175816067 0.752377847094029439389828439744 0.180724779679658942299624868610 0.499635630703718525147394302621 0.807970845672750126453820485040 0.561432232584558210675140799140 0.477041739320209323693688929779 0.195093424468619436318306270550 0.568754997928407557417074258410 0.745179450203674043073931443359 0.665226386566936556121731882740 0.588355066102876578248981331853  | 2.299194723775943582921854613232 4.961838295945010024468047049595 6.917472637936728396823582443176 
0.740938230525982510776827894006 0.047454864641516603107618266222 0.107515890595257790351979565457 0.368276936582808245290721060883 0.031557580072014590477635920251 0.485626559430430204677975325467 0.202247651294229169316452043859 0.019547376051753273529243415396 0.937820008066617583075696984451 0.598742497527179007299480417714 0.854681173548644479431857234886 0.734125067110961149197123631893  | 3.759399481352899030639491684269 0.562632298396054220113171595585 8.819852217072179811907517432701 
0.653018830370144964803102993756 0.969369311202794459170206664567 0.691436174401249270538016844512 0.352281529943261673132326450286 0.647955959298533112900031483150 0.327319063059656634173677502986 0.236717243371574626031872412568 0.669646289127182048339648190449 0.817614225173146746961094777362 0.029473677513185414511553972261 0.964881481794849338307074049226 0.488096496351480224618057945918  | 0.616045604859759232674321083323 4.854393666998200629336679412518 8.070842412245744057486263045575 
0.956314132206829037308182250854 0.377376676312422665304779911821 0.529838502788373411078737262869 0.644582789309101289454417837987 0.742082432584596052294045875897 0.644549475911208036293942313932 0.119675074694740368741463498736 0.418153674022202936910730386444 0.548542713252219815700527760782 0.237236143022244272415832710976 0.416556650669674732867520106083 0.166044637885066070914774627454  | 0.515499605457029441701877203741 0.363159430447822839660432236997 9.174731219858122344135153980460 
0.402999787538806053532880468993 0.132063869131638256249061669223 0.263963838904566538978713197139 0.565849562499875391452519579616 0.299169555679173360118738855817 0.299325198721451579686458899232 0.337412212493053198514303403499 0.082731557966847391050180249294 0.363110554506512195338530091249 0.470161953190533110635840330360 0.843089363877900788146746435814 0.073335736233077986057082853222  | 7.323078716312074298855350207305 2.017190549137261701417855874752 5.573562531402796338397820363753 
0.520727607113380286385506678926 0.817716748156196771013526358729 0.038916495140034146338336995541 0.100596660894572753619513605372 0.923143953982340503827686006844 0.943805590191668541955039017921 0.621263155831242142035364395269 0.629301190619313666196887879778 0.558973177343037974651451804675 0.131040793560563972874888349907 0.615000929402339857610115814168 0.319581921545364133763200698013  | 2.180184230538197098780983651523 6.197410461689690563957810809370 7.012074396958231758958390855696 
0.799247863755423115783571574866 0.887483506920115017280181746173 0.673856169162051044096983787313 0.032892935027303615846960838098 0.555511617869471119313118379068 0.434799868389509569510664732661 0.315606617877091766288799590257 0.886637753235947068120026415272 0.328325619894737075199486753263 0.882119576752728562496486119926 0.804866595420632324753285047336 0.253983326826578648116594649764  | 0.704519678791554970764821064222 2.871677993343500823186786874430 9.063756769607476115879762801342 
0.419000495215377855018346053839 0.630729793987147902001311194908 0.717017564278573993341581171990 0.106329723530844910683867965417 0.021075891603180796352035031305 0.866833340520238082582693550648 0.327012941587515371111294371076 0.818403498969384690653328107146 0.398797709227809438203848912963 0.029581859906761431844302023819 0.422500511039231918530845177884 0.845301612155784920510370739066  | 4.353671857148998292075248173205 6.348023337111791342124433867866 5.951477642402958068146290315781 
0.232191567774625351461281752563 0.744297504860151892813746599131 0.515649778224916199853566922684 0.681724525152773153102714331908 0.981756782280165163356855373422 0.850438020007974304625975037197 0.516362034302858985412854053720 0.803738249236901181049574915960 0.381844262151837976482227077213 0.760982967079243066699234532280 0.045186228852594712002144206053 0.767870497514245631265339397942  | 3.747870928490975916957950175856 7.907012623409665152962588763330 3.340923911714424487939822938642 
0.918411717277675343495957349660 0.452001763979699489048869054386 0.646092990227938201996948919259 0.363832229659688199951972364943 0.822013472274719991794711404509 0.206502395712839903474389302573 0.193714665525864915274212307850 0.999313249186812080360198251583 0.640118785912224708134488082578 0.071014800987811321775211581553 0.500643442943108585296840828960 0.098503978035883621444668278855  | 0.902438346308008232377062540763 0.788382299084978921399624596233 9.298948882407875871081159857567 
0.389071588056616790574082642706 0.885003685759161773383141280647 0.043323399118121774797884881991 0.449316268407790819772174017999 0.633244147122174694253260440746 0.469143901537389829137225660816 0.282885829452564130370717521146 0.083745257683213836230606830213 0.292011907010213067614756710100 0.271909967948060549147726305819 0.510325389016876407310974173015 0.666929370875263938245325334719  | 1.830407630284639930451362488384 7.267783101930568534498888766393 5.251076493941308598323303158395 
0.397194900599416422792842240597 0.434635989256247579071157360886 0.682232629666798873202537834004 0.518287347093040362544513754983 0.982853123145912332958573642827 0.047480931113738744642205347191 0.419687246028565774658147802256 0.990611008074923193866823112330 0.646002763290762671566369590437 0.605686280587736325387027136458 0.922571913567297174907366752450 0.477761752463621292008610907942  | 5.803271794799649718754608329618 4.826492398502110425795308401575 5.433323494968301581309333414538 
0.442009255828353597728153090429 0.775080099851262915855443225155 0.949481440820018618431674894964 0.396337712784586737591041583073 0.953356609501842089393619517068 0.562415782703220790139653217921 0.148446310091411515230674922350 0.452285597849938825198989889032 0.243739810276855650705840616865 0.171399136135896745791740158893 0.314827411404901225111530038703 0.453243119408557881833132796601  | 2.805282712036233583319244644372 6.647612819863295108291367796483 6.007462446543630818496239953674 
0.081726045046611406341696692834 0.121505619570102307847037081956 0.863556915058797613937713322230 0.778129843933330733740660889453 0.997705297738855967359938858863 0.430130461832904598118432204501 0.498724471249109568837809547404 0.461390755904776295182045942056 0.000090226937175530430579328822 0.758145949071951874564945228485 0.899441558707422816887344652059 0.728740643249218611465778394631  | 8.925596328572154902758484240621 2.324677335507112196921752911294 1.190596341300483196334880631184 
0.751705409697511317546059217420 0.224233149335549164504755026428 0.690637345092206089702813187614 0.674677088203224584184169998480 0.547286833441266495903221311892 0.536088195332662831305015060934 0.240625277965205275343407720356 0.432718087909222948184151391615 0.799583588841266124092044265126 0.277917132271894073980433859106 0.318416735717273469141730402043 0.015900782128831947304092864215  | 3.257980212375365169918950414285 1.372880384368198258826510027575 8.600365266580265455331755219959 
0.201159784405952724029020828311 0.962239638113111528383569748257 0.428454991951415453677043387870 0.493780124014729815407065416366 0.512620091278020439951035314152 0.236798909042359340126893130218 0.898470429350306853955032693193 0.973245233351471283889111418830 0.682142402729623342771958505182 0.760141398021088487979568526498 0.083411564438489516071228990768 0.318740287864520133176426952559  | 1.205377926070842820038819809270 8.668084871657141476930519274902 2.861169458225671036188941798173 
0.195454096693016610153392775828 0.299973662982717104164009924716 0.971325675087538087382199591957 0.058399447146469829483805824566 0.386483718234634343602351691516 0.237136474498416016665203187586 0.009291167919130649544001698814 0.975496511009996791763398960029 0.671564308548124544451241035858 0.077920977067313268449311181030 0.937455827373010142089526652853 0.361255998297268066110632389609  | 8.255952728866024159515291103162 4.542270100102131280550565861631 2.987499627075461461345184943639 
0.186206671978299986847105174093 0.023830605898523371521946501161 0.749959686262125835298775200499 0.658779044857876305840704844741 0.078028502362541884984636908484 0.554772690058251027878100103408 0.108480811695140122452585274004 0.439363216840478965075078576774 0.103415517037709125958144795732 0.694718279494841217669431898685 0.678965009874335834183511906303 0.844095835849074882517584228481  | 9.069028629309043409989499195945 1.055604785775424270255484771042 2.749389997267679408565754783922 
0.303270374556092958684416771575 0.161417092922059191018036017340 0.028764551849637443048379736865 0.699746501925482045081139403919 0.512957840472788473284992960544 0.491604168750802594800575207046 0.742414241778380668002057518606 0.248736638325552372741356066399 0.019073036544081545251572151756 0.596756111135911315734858817450 0.609831006068256353813694659038 0.174832197035394765194382671325  | 7.784161846199026513204444199800 2.505082416377878651303490187274 4.219607107990942296282810275443 
0.054418605986905288496302546264 0.408887482010699576662204890454 0.049623902579140288793269064627 0.619138087414017768139729014365 0.240388233354731584157093493559 0.461128092070580919425992760807 0.092678972710812601576435554307 0.522876421272632563308491171483 0.325039474913706327718898592138 0.799061844519888597737633517681 0.833655081403684605767523407849 0.392703073193284457609308901738  | 7.373257192718468466807735239854 5.693951448425226935512455384014 0.798273532569357180399549633876 
0.595200054794213895270615921618 0.811828140429412092871075401490 0.653377850879985899723578768317 0.060394896095606442898429122579 0.570453723965701042786236030224 0.827136119113717538375851745514 0.946717458367464237412036709429 0.280900626438635558912437772960 0.374569563951626771647340774507 0.448568441078213475670111165527 0.211651521199239578407969020191 0.182717868511510728168900641322  | 1.923446982561371809694605872210 5.318585427907131624181147344643 7.662249862199545624719121406088 
0.600403685908431072881796808360 0.925872608430856502970129895402 0.052426221134106776311512021493 0.837532743712581684292217687471 0.476327735302429222663533892046 0.268577025586455464534196835302 0.663330250705667423538614002609 0.698791130984817043803047909023 0.950897841742237237561141682818 0.825123963454191700073181436892 0.685325429169257427375328006747 0.959572635264037132607484181790  | 1.046270703885707753499900718452 5.566032604711160125532387610292 7.805563339574518977315165102482 
0.296652671265728029581509872514 0.785985365960493065351499808457 0.043020620942102683059715673153 0.124264555529140174883195868460 0.851828890760618295807660160790 0.000475451643625834918793771067 0.356552916188628721272380062146 0.880516466483423632105598244380 0.654194987898010671401038962358 0.251178060847268569411028238392 0.301306319273548894877023940353 0.308886300239291866631674565724  | 3.262186456139498869077897325042 8.119367791776568310524453409016 4.400650918748340245656436309218 
0.142010555869949595120260710246 0.322864029894695869771226170997 0.966646815409974768940060130262 0.759223367423329631442641129979 0.133503270765827131150160766992 0.906255171448939300660185836023 0.391088355281237864957688543655 0.710096351025882532859156981431 0.098726060836903051232127381809 0.794014123959826068066547577473 0.555062804185474156781765486812 0.501555456806543786818508579017  | 7.831066273379026831946703168796 4.661534758124475708029876841465 2.067345443322004427955107530579 
0.796026301445084571994925681793 0.736891055312139497956991363026 0.282018853971603644659182918986 0.674797288990748422854437649221 0.981826190643066309959863247059 0.392227621549658622690515130671 0.238647138605585173998235859472 0.931311673945988460765477157111 0.999182862981975228322539805959 0.809216835248337873487400884187 0.269147404692152147909212089871 0.518249818874425671744177179789  | 1.317934057044950479919975805387 2.713488265949501432316992577398 9.090718573678914893321234558243 
0.623853428472768367640810538433 0.314253811028660789972377642698 0.615346196528297140204699644528 0.315065170312386344519950398535 0.305396349750300277747783184168 0.791629513230272863211212097667 0.890307334882548540022639826930 0.827146547593953451738002513594 0.258412097174280708244964444020 0.282469939527107527510452200659 0.974772278495885435845025313029 0.472550724141370892539271153510  | 4.600948794895034943408518302022 2.660119084821600754509063335718 7.922932090793943338269400555873 
0.926439195393527925581622639584 0.416772277013213399143864990037 0.276100552751488814706704033597 0.843297772811125390113318189833 0.293097807619598804684812876076 0.720925496658451958609248322318 0.365340997319739568816032715404 0.786802502978517837028960002499 0.233803785693764809572314788966 0.855117150836988026973983778589 0.333579071886192624063482981001 0.298865623308126382440264023899  | 0.872369229145599667241128827300 0.688622809731415097544982018007 9.575657117341242141606016957667 
0.732699487715860353631569523714 0.566262655454762842133220601681 0.038848791369713531196339317830 0.936112890534882224891077839857 0.995909969523248617129240756185 0.517256787009019003420462468057 0.251703220987401055097620883316 0.495717482300742418033223657403 0.708234718235694060695095686242 0.476753427896222103932188929321 0.158730992269941695305135453964 0.433704447307568408120914682513  | 2.368063436523041964676394854905 2.853155691944442740037857220159 8.305723341907871315470401896164 
0.464649159887709939376065904071 0.293324074012669133715291991393 0.822625508085414236525423348212 0.950716351148700677953229387640 0.261964996565875352096952610736 0.780629960148091828209260256699 0.430685304125345003178892966389 0.950088552333621660928031360527 0.048215068277838835086868130020 0.819680138153760395880453870632 0.648247118756873685896380266058 0.093361998241532240250251106772  | 6.436419094694032061454436188797 3.465014201848751085321964637842 6.539985466879532971518074191408 
0.505947650889724820366666335758 0.365049018491225618632256555429 0.960334071612261697126200488128 0.873103944713455648596323044330 0.273237435168903530779971333686 0.000993031865406668323714711732 0.128135946172025949607586881029 0.606019092792966729277281956456 0.138592768632075036272510715207 0.156334178042444649214814944571 0.871691902442731869626868501655 0.326980353342562923835146193596  | 5.730636471976541912454194971360 3.877594868316855070133897243068 7.049753744304401159581630054163 
0.596983260869879406307347835536 0.004521039508539215212579165382 0.307695746025580030291735056380 0.020504942961232175413499589922 0.194142318347793607635765056330 0.041865420016025889360378187121 0.976350643059906264653591279057 0.368557208735374564056996860018 0.456420414597728418826250162965 0.195050654054251704216937923775 0.199735809378066564434561769303 0.214977845768727138242581986560  | 5.730372394873956665151126799174 0.500665518543190635192274839937 7.838842302345717882872122572735 
0.000291978828513950183776159975 0.826468431366256139902759514371 0.360699840980309160975991744635 0.581879715668084496194012444903 0.332586040020785955739768269268 0.848959015960027985059355160047 0.604563541543834404023982642684 0.960243562661796112855938645225 0.900256022737638494923828602623 0.779778712492437575676262895286 0.124218067080516747502372254530 0.190276433666456079585316274461  | 3.087518351398832017196127708303 9.141044456714345400882848480251 0.004425131671265757939137674981 
0.654719960117521648790273047780 0.491196442792203202820644492022 0.400538972210114030403360629862 0.456248484934989928518689339398 0.964588673922148087669370397634 0.391839027291542518760536495392 0.488298516827803674722474625014 0.924766865277294569658295131376 0.366205093487685817699173185247 0.755665697094448973736291463865 0.062229187187808787662390841433 0.565652114379364689966678270139  | 3.392859346603017023369375237962 3.310254136049859408075235478464 7.865575454652875997396677121287 
0.430393325296831052995116806414 0.123620120967365521025271846156 0.687515227297529674110876385384 0.237800422485675899686441425729 0.315661078736087730156611996790 0.244402982281504255190895946726 0.901384109345890416342683693074 0.404805455829429505776317910204 0.060078048874623202202371885505 0.093325232221018072920060149045 0.149019368088386783277599079156 0.810716598198950588738398437272  | 7.372160199306089900517235946609 1.919530462421323635524572637223 6.110869699701638069200271274894 
0.636939503379822746786942389008 0.205480120582852698873921326594 0.682344283697085107753821375809 0.191745504120296561545444546937 0.479852875151189350866332006262 0.838681836514759249112671568582 0.672216395592584836649052704161 0.638315946020853397513405980135 0.552030048931131056555443592515 0.958275755773423387751108748489 0.628490203968428917669086786191 0.611472094719194836365261380706  | 4.652101091309488012370820797514 1.819213331645556985805001204426 7.788094691569471983427774830488 
0.852730522092540743628319432901 0.681041981437844889946120474633 0.218619992112052519139808737236 0.879389575318163974060325926985 0.955332827096562309243665822578 0.313593736422836721899898293486 0.595486522999084444407458249771 0.766390382491632937700387628865 0.267374608759291088055931595591 0.432860347579697712916413365747 0.521869441821835367001369831996 0.053772368729451236468719343975  | 1.098194669346812535337676308700 1.869652671958710765665045983042 9.205483505085391371380865166429 
0.967624038164011657237040253676 0.754763442078943413982017318631 0.217911739040553387170007226814 0.588033208372141014130818348349 0.644365191929327396636040248268 0.351594597151696830472644705878 0.982503564524936812141220343619 0.852880496771349805307238511887 0.848508923278982973847917037347 0.497972729161566540767580590909 0.336098469953719170000283611444 0.780366932572347682395275114686  | 0.196316161872642919172804454320 0.430042994634966369016382259360 9.287508738775104077944888558704 
0.635567994735262931094155192113 0.243724883839449679712174656743 0.147585101375633298559364448010 0.876276121776284999675965536881 0.106896360091246478418725018855 0.252058377956527968066779976652 0.834906802297746608587658556644 0.357229738475732583324884217291 0.420140618538238586054944789794 0.804940074905978186770028059982 0.793791636914252363155242164794 0.190630613552053018722176602751  | 4.811893672788828624220514029730 2.172820148578372911885026042000 8.192876988250983316675046808086 
0.933760071181878759105643439398 0.650042013750486091794300591573 0.842166309834069815032364658691 0.505292023848877058789241800696 0.504654176159059386641558830888 0.459122001047253758265753731393 0.784059006608472941479703877121 0.356971197303869725026004289248 0.184371554535518566986240784900 0.855647034166577391545160935493 0.699485942578841668471056891576 0.203113841779496318018516376469  | 0.511004910218205155025827934878 0.787158692905796875116664068628 8.986986300292464591166208265349 
0.428491511753135156936878047418 0.490730844645220098954041532124 0.675753927154846056879478055635 0.851379395682176909332383729634 0.376431826011900949602306809538 0.776565292421448227777602824062 0.495500783616808160303435215610 0.260901362899606303891175684839 0.413679917206074332369780677254 0.085597938403911610905083762191 0.764702213544509290521489219827 0.379833665240957962794254854089  | 5.188104301111269300861295050709 5.055055725027255419945504399948 5.775105848784855666622206626926 
0.945444509248598352613157658197 0.924224072657563122668022970174 0.762082584910414029266689794895 0.928206171420638326274854534859 0.062747440774581608735616100603 0.241089286023811300019303871522 0.183565031555538715757336376555 0.397792244775073688956013029383 0.033540184505034820183766441914 0.732386174205563622585657412856 0.944879249350485728164983356692 0.148480755372200512454128329409  | 0.156865839198546574984050039347 0.831713336204786268801569804054 9.852366332806168358615650504362 
0.554012052771801655204342296202 0.362149652126129706353196979762 0.172754996124136916968438981712 0.646593333479389631435196861275 0.959666643941818220397976801905 0.003801640150899454617672290624 0.140067211118454770790719976503 0.982823520939843375820998971903 0.733905184169558966189583770756 0.790678183372373388770881774690 0.342194146546737187897235799028 0.872224712715570005272525122564  | 5.298055286638534866483496443834 3.553063569489010919966176516027 7.565058571982645752029839059105 
0.889462293049148255974500898446 0.433005665818169460656861247116 0.658058033627824556788254994899 0.876733903485339860495173525123 0.731044196139670754419626064191 0.949541327528241718702872731228 0.750195039626340043348307062843 0.252249768975412402838287562190 0.808626125329034994848598216777 0.772905849643313436203584387840 0.559774926808573658476575474197 0.310641245675053245811625401984  | 1.282530764013119384259198341169 1.060864020618520253691485777381 9.489407546737352205923343717586 
0.421909354482343235126506897359 0.184216201179732808057565307536 0.537778221056128935551043923624 0.895980390224759171147184133588 0.695684302427942213853384600952 0.063046630661041547227796399966 0.445667990813291781115879075514 0.756825660475661132764457761368 0.885075743782472668108596280945 0.509185249135439721435147930606 0.504207113296330944329781686974 0.887102999372299971803101925616  | 6.712129551636379254375697200885 2.406139069566227917107426037546 5.565215176174216793469895492308 
0.062495117798638699646573968494 0.602843329271781747102920689940 0.536946013720734471874607152131 0.354553742264240856485457698000 0.815160886016267571818616488599 0.629638625614617919445947791246 0.693194740273185949774870096007 0.115597947328528127819424753397 0.989176735267100593063105407055 0.368431244612064667798279060662 0.752106195099528362923990698619 0.982418256089973018774230695271  | 5.684797927534820161099560209550 7.623200981408118970250598067651 0.936527933499121445493074133992 
0.761655677073195480630829479196 0.213576043595340880898447721847 0.495761963448905884632722518290 0.836405783980804451438473279268 0.249194946922543514311598755739 0.085434124711158965226331929443 0.108344061958509874088463220687 0.605323991650468573588739218394 0.287679252341664248859842700767 0.137408084343949910000048930669 0.455459530645487276068195114931 0.116698640778599482814570365008  | 3.178612591688376287635264816345 1.282452147857670032848886876309 8.723277904191995446581131545827 
0.077572093319816071144146008010 0.379980191668061628718078281963 0.196959170448824494314976618625 0.436124441108132532285424076690 0.527033260530469616078619310429 0.242586087100952085826577331318 0.196267552775962306199630802439 0.317407718489641332837436493719 0.668881298360723963725149587844 0.508302658873275192696894464461 0.978938001040142391495635365573 0.967123071438268699928642035957  | 7.495737704618232299935698392801 5.319988978824721215232784743421 1.125591242900299882023773534456 
0.988539362553144562717477583647 0.038673725380071521939839840343 0.312864161880129110215875698486 0.936500065662508984765111108572 0.310579979886030144164976718457 0.225207120963894280585293472541 0.816585362831874661537767678965 0.896536948838068559197722606768 0.400370136712179025550994992955 0.440520859579271895078989018657 0.578985661649342731038814235944 0.985474537341225476083650391956  | 0.170291690508465737297072450929 0.023413958712497223019211034511 9.547388696534268248683474666905 
0.065687799145230152397800793551 0.559866490026836638449481142743 0.448951302674340135823172204255 0.982151988604970105356528620177 0.261621026195378858503204355657 0.690835446596337665603471123177 0.745087399308997366809137474775 0.933962030911057783377771102096 0.028643354847459279177712687670 0.375615741224098464989822332427 0.848037814577998871889974452642 0.641099263061473356728470207599  | 6.183000824895836800010329170618 7.324069423496949227114782843273 0.992521813528037255558444940107 
0.654521014893114427835030255665 0.802733785448399017603549054911 0.052676669604591608297994298482 0.057851264726034523633302342205 0.526899074135634082338697226078 0.832091288114644611617620739707 0.945070314241320819093061800231 0.317039094757272321700725115079 0.095391826736726859081727525336 0.395884924401532556359484260611 0.670209285273200783272784519795 0.099959587369933489142681537487  | 1.753751486920993807316904167237 4.672375448767904337898926314665 8.275370069712803200445705442689 
0.042656262813279721690662427136 0.045457501623631935139258075651 0.838727949667324113036670496513 0.155256095738979804643520310492 0.193838504450108417564990759274 0.425863194182261817211099241831 0.332484694010818704335008533235 0.446018160757003845340307179868 0.168315815601365215137263930956 0.060508699884034067295601744263 0.678995445952470744188644857786 0.601486824039478729098107123718  | 9.369990459211797073635352717247 1.383736966569453885611551413604 0.635590256848750367879574696417 
0.541746537882847878364600546774 0.514673933041242315233887438808 0.616204628756132355427155289362 0.450451394147240669063592122257 0.452038926904508309156938139495 0.135031783323624088311021296249 0.043469048311823743624415783415 0.721634630622799200239114725264 0.217472335143402251134148173151 0.540615141260976428405626847962 0.640370694612829360892192198662 0.125247533593960791442611935054  | 4.249344472432703412323462544009 4.427892639407831509856805496383 6.999715137944821030657749361126 
0.771127861208242726398509603314 0.057808999170744446161052110256 0.245114040973199220907474682463 0.246682355129163477513998259383 0.153122467467080913827714994113 0.652989843330406771748641858721 0.619669638388226307057493613684 0.391550674425471423312217211787 0.388442602790306068527570459992 0.303156542652499361167883762391 0.660134202155900129405097231938 0.149088908713489787238870576402  | 3.286240628142451658533218505909 0.544394048625340132296912543097 8.862762331526482739718630909920 
0.230413466267755051575250035967 0.317757402154925427950615812733 0.578191960700218610114120565413 0.923576814319590155832884192932 0.713006031254374783578953156393 0.597630214749649613104054424184 0.932886384270315227595915530401 0.585261450304996766469400881761 0.512061528343615179892367450520 0.417480570113205162741110143543 0.401651540541673290896085291024 0.724420582952595926151673211280  | 7.356454055455393437057409755653 4.315434368262032194252242334187 3.229095768701464752581387074315 
0.173942453033078092694552196917 0.259230095586527875539673004823 0.850277785763527638174252842873 0.149202569272369078845486001228 0.517086817806119869445069525682 0.446969744039526717394039678766 0.422986624425053414633168813452 0.653906827198160511827040863864 0.450285346877018044509100036521 0.852099553086480443475636548101 0.533704302294208288159893527336 0.276774285468772029972228665429  | 7.833005604767834917367963498691 3.774886581201370994165245065233 2.436701804607092736176809921744 
0.102071227743063652759758497268 0.128260758602078417389691367134 0.590123854901146605023143365543 0.136931885564443911462717551331 0.965989414698095960609691701393 0.003856609289829115994052699534 0.608860153612532650768685016374 0.929412482736245548764486557047 0.104143100412517175534787838842 0.032970824034035506322481978714 0.050387386362835018260852848471 0.410611200371028162159348084970  | 9.361461766921804539265394851100 2.499998767756612227941559467581 1.567002777545873914988305841689 
0.869526595278745650929863586498 0.462404535036271324699441720441 0.367194549379874612959895330278 0.391412571988607349560140846734 0.123283876806709491447122672980 0.678277789554434074048572256288 0.117221034010082214571468739450 0.607523652293726401651952073735 0.393014487886718777431838134362 0.712978052834955189354104732047 0.876348181998308883855486328684 0.550918615587343118988883361453  | 1.419311552936068254737733695947 1.276926721632207994971963671560 9.184705057181544063382716558408 
0.491408879786147889667802246549 0.801426819524324818289073846245 0.251510717225862157064852908661 0.337167127954403400558192060998 0.656277592866071013411044532404 0.540228755100957136470185560029 0.301000983531509502810763478919 0.213614301742408252415827973891 0.545221136666183103791638586699 0.873189427956755137572031344462 0.302394830883346621419605071424 0.728103619470903962174190837686  | 2.375405733670790553446749981958 6.261769918354120889603109390009 6.518827466254272451351425843313 
0.470481849234043902896473809960 0.218066900925122153509505551483 0.120648956355007830332226603787 0.294196693306495671293987470563 0.723373750987239216847513034736 0.039736502215600655318894496304 0.056721419022995878123083457467 0.651706443292801473887720931089 0.457263297876808860742414708511 0.436224516437413889491381269181 0.640738635807810985589583196997 0.896051128452183598405156317313  | 6.510583985634451842372527607949 2.669037493975879637986281522899 6.412408392897873454785440117121 
0.931577744638905524965366566903 0.852480007673835693537967017619 0.198774629651155887444247127860 0.514932425132077042917444487102 0.877426709428137274748848994932 0.736545530367814893502043105400 0.801070244211554149948995018349 0.914646456859670164973863393243 0.044902718234963501231504778843 0.263742457607688773890686206869 0.663594583814749339190086629969 0.275752989818925153819861861848  | 0.293995217077824333440361215253 0.987466217271727231263866997324 9.549279963351763100831703923177 
0.138378304378488747872211206413 0.711345581811123395254981005564 0.983494144057509345202561235055 0.738774130727539835028494508151 0.327013635375595801413339813735 0.370874698155427506840453588666 0.812805176255749772806780129031 0.810698091743469850811720789352 0.909931251503065752217480621766 0.955188055551193460068759577553 0.482545240998898505857539475983 0.782226661102250475643415938976  | 4.402695262625527128363955853274 8.295410000175213127704409998842 2.074112441582706356513199352776 
0.264741026336246521033501721831 0.408749022642570514207704945875 0.878082062754641734514393647260 0.835551343406817914605255737115 0.139802651630493990353443223285 0.749848371375788969039888343104 0.576762422926477724693938853306 0.756524101289361317057569067401 0.987768259618173383174166701792 0.673572544139654061368105431029 0.380524603047145859591182670556 0.401850450722468388597974353615  | 6.950211967797967460569452669006 5.360759425823007795486319082556 3.876191244367084287603120174026 
0.589655401720386107555782473355 0.230120157684898907213266738836 0.806447005938643268763144078548 0.546175792581159336158691530727 0.931520132727919114579151482758 0.915298443215154189367410708655 0.659783757490574052084753020608 0.308135649422056401292024929717 0.165460900803814370263467026234 0.811651452307597165436447994580 0.941147089884988741204097095761 0.286630166117510909451482348231  | 5.358490650566530177911772625521 2.298189252597580001236110547325 7.756790490243233193723426666111 
0.791980392686749357089581735636 0.242957420650230959680015985214 0.579181235122167126228021061252 0.600673173030595974886125532066 0.500935984177316995236139973713 0.146202757076394629365267974208 0.354815321712427800271427713596 0.095955906384474376480397950218 0.211006370032982504270080426068 0.841359880992422981549339056073 0.496902106380991415157666324376 0.334695079645346504904068751785  | 2.595907475549666720837649336318 1.181362825098861035755248849455 8.415576088856797198900494549889 
0.211414842491168042393212544994 0.684526299174771257760596654407 0.238455712296320232468360700295 0.717566665026529437731994676142 0.732074451086830224610935147211 0.360454546603770964452451153193 0.478594546887914695787458185805 0.403209932389066993962956075848 0.818033243253694974939094208821 0.927122678419942669592046513571 0.385866545490607060209242717974 0.084244532037916597388971240434  | 4.474509659340597522714233491570 7.701810277128321224893170438008 3.071766713395180481427360064117 
0.020824783569000415717198393395 0.567740671093238891131704804138 0.330750016380898625989459560515 0.354514882520597485182634045486 0.981609256821581510621399502270 0.636023904025855846278147964767 0.168785119951772144553103771614 0.197742652609588009937624519807 0.036722181762218752965054591186 0.338649237025826499447589412739 0.805107571985147485449374471500 0.538433528884620926646675798111  | 6.084431879366866802172353345668 7.370278647089514301171675469959 0.312743977387419491709152907788 
0.892236123751706466933342198899 0.518068388993041084589208367106 0.270201594591643945442172025651 0.941498093052823836757170283818 0.020070056443374895138731517363 0.923255903834553692810516167810 0.186445469331319113592826397507 0.412086914431203932274172530015 0.879324327518700599171097564977 0.160309247090552275949448812753 0.847275600690002517190180242324 0.894473659646153773650212315260  | 1.151444954035182322016339639958 1.211770525852963187318778182089 9.780490508921147352339175995439 
0.092043086397335160953048216470 0.977385633041157775302565369202 0.810946018283216885080832980748 0.830042195486015654815048492310 0.305123185859132894925949130993 0.888339151731848963855497913755 0.623195272734977212536477964022 0.045214768040642949742391465406 0.542459053359948373262966470065 0.262023936004769475438536119327 0.695828412192169509786765502213 0.607769228191773702718592176097  | 1.074505510560365362238144371076 9.363410123905087090179222286679 1.372230221514507686464412472560 
0.462579197960721333338085514697 0.577887517391433291891189583112 0.940804775441338558827908400417 0.899861787939599144792168772256 0.476832049937616520018934807013 0.411439175810792812093552583974 0.024969373159848928800386147486 0.272439384743567325486424124392 0.359131384777619633297263135319 0.557257417935977161782545863389 0.884798850396827707420754904888 0.465980886957617190802238837932  | 4.345992322588134726402131491341 5.416035055568561240590952365892 6.172262950491506749983727786457 
0.386551460490579534834409969335 0.425824299347909218660390706646 0.007087224970478089858261228073 0.097080482933927014776998021262 0.080743359631474165283293586981 0.195905380306067633533473326679 0.397629510834023203180720429373 0.522525903052595941389313338732 0.788290963020950252726493090449 0.092490946515828009744097926159 0.285780844629412000834634000057 0.028254675834082143559555788670  | 6.197419607327136148455792863388 5.020644667998503507533314405009 5.541250324179872954744041635422 
0.590897602560338852661914188502 0.256937877168249451109716119390 0.136860393822619608172885818931 0.861817187088209979428654605726 0.393668396174354673355821887526 0.513464155724771997846289650624 0.619796739008139141446918074507 0.158937004215421451291945231787 0.712944176655666783659626162262 0.056699242655996129336415378930 0.554089169485757704336492679431 0.536704443343974157976106198475  | 4.980257876239846837052027694881 2.375497265980143879460229072720 7.370621117271086930600176856387 
0.760621169983409894932435690862 0.404999689460725842415911301941 0.782243844584773584394099543715 0.079565887459078110666155225772 0.651370220383934883656706915644 0.496844148812130570469491885888 0.569517183344739219563734877738 0.189094670020207522576072278753 0.718455071767388875336735054589 0.544261350856603653980414492253 0.276868510025050751366393342323 0.952627335306908351597598993976  | 2.690379229553277351527640348650 2.055265289986768273422512720572 8.575474709237626669278142799158 
0.032297670174638359874563775520 0.788276890872393498632675346016 0.405598659537328765090080651134 0.400206748916559496009881513601 0.302160016017814836430943614687 0.094305072467001704872302525473 0.842782458952582191891167440190 0.418950513176011840599244351324 0.227860598785671775168282238155 0.843162545283603015455753393326 0.922742880451858815682442127581 0.874734732466818654117446385499  | 3.562097891800901194869766186457 8.928159984200576104740321170539 0.488091508039850963118766458138 
0.264348203176439033867950456624 0.867439695282841483070512822451 0.576887540192846048903163591604 0.477691530476899051116390637617 0.233428630012892823764047989243 0.969136738145486620332746952045 0.817034277145840315270675091597 0.236729629327701696084318427893 0.288632153203089214521526173485 0.552819132077323360796583529009 0.803874849606423413916900244658 0.243278044999159281935874332703  | 2.289035681519121290250495803775 8.280606273743625678207536111586 3.787604149658546415224691372714 
0.365331840659384843306156653853 0.734249012180202442756637992716 0.382692303483621487636412439315 0.692284197599268513734216412558 0.983620828611597164403690385370 0.933949603367080438687253263197 0.171947089384327012062669837178 0.029077278382577675941433881235 0.293697848539016592717132425605 0.939074306636351163746212478145 0.518933663707536019238375502027 0.249115952548332963978339194000  | 3.564037305280575829158351552906 7.274026646006515051112728542648 5.236240866297064755485735076945 
0.752357043725297658376405252056 0.582049464022575402388781640184 0.235252646178767732543235524645 0.823270612643103305572367389686 0.584952431340271084003745727387 0.719670166198133842705431106879 0.523891540655708198848117262969 0.116367536257636627894385128457 0.229424712507450223597516014706 0.275691037852654696749254981114 0.408092175384775601720832582942 0.131512308152745727163335232035  | 2.223247807695908129232975625200 2.805244380665230963245448947418 8.732788078684791344130644574761 
0.835268171164536776807096885022 0.806402366536586034939659839438 0.026170874168120361602518642030 0.560640522245006489576724106882 0.342918906657970312679140079126 0.859697977834549931230867514387 0.860350580790311347811893938342 0.759199612489815822691241464781 0.111900810998312172372948225529 0.461132442280208332263669035456 0.783226352310278817192568112660 0.845189119918668740893963331473  | 0.852630694832146485140356162447 2.305678139227905099062354565831 9.287231272672210380392243678216 
0.090425415227284533514762188133 0.836901049153436438210462711140 0.992607952606904042625046713511 0.019891932640499709883386003639 0.337790449111587731678696400195 0.155064566268684811412015278620 0.740456662520730835019833193655 0.751072159025204855176127693994 0.347462827685395825305647576897 0.202000492624244354367135656503 0.825336454628117222043215406302 0.837624429992740893169411720010  | 2.970612398650058771920612343820 9.273943529203110713865498837549 1.392576519864337392107245250372 
0.981766105981303538463578206574 0.430327262791115661144658588455 0.262461279034968852919007531455 0.992178609832316871219859422126 0.460955942948453101237760165532 0.383580067164609350705006818316 0.504981259869073495494262715511 0.975049399690386620065396527934 0.270791492485309315263464213785 0.231151755319060181470547377103 0.200394476301318347211122272711 0.088760483448411697793289931724  | 0.207698396351419928285153559955 0.170590680466688238148265099881 9.381454923194814554676668194588 
0.335046040230890573852207126038 0.036469325775673633316387167724 0.273805915898516882833746421966 0.601283857524763432067516077950 0.363869097438851207826360223407 0.508659290027602128958506000345 0.001284884700092803200277558062 0.234586636337179577083134063287 0.033252153554523378176099868142 0.997934158014986083529151983385 0.747328001347530190834334007377 0.737904060216830304241852900304  | 8.142674663911616761424738797359 1.096970772404022520518651617749 4.773162963943432757218943152111 
1.000000000000000000000000000000 0.001507444799410302856135235317 0.500000000000000000000000000000 0.500000000000000000000000000000 0.500000000000000000000000000000 0.500000000000000000000000000000 0.500000000000000000000000000000 0.500000000000000000000000000000 0.500000000000000000000000000000 0.500000000000000000000000000000 0.500000000000000000000000000000 0.500000000000000000000000000000  | 0.000000000000000043297802811775 0.000000000000000043297802811775 1.000000000000000000000000000000 
0.000000000000000000000000000000 0.937564737392604263810369502608 0.500000000000000000000000000000 0.500000000000000000000000000000 0.500000000000000000000000000000 0.500000000000000000000000000000 0.500000000000000000000000000000 0.500000000000000000000000000000 0.500000000000000000000000000000 0.500000000000000000000000000000 0.500000000000000000000000000000 0.500000000000000000000000000000  | 0.707106781186547572737310929369 0.707106781186547461715008466854 0.000000000000000000000000000000 
0.000000000000000000000000000000 0.914526561483463451551756406843 0.500000000000000000000000000000 0.500000000000000000000000000000 0.500000000000000000000000000000 0.500000000000000000000000000000 0.500000000000000000000000000000 0.500000000000000000000000000000 0.500000000000000000000000000000 0.500000000000000000000000000000 0.500000000000000000000000000000 0.500000000000000000000000000000  | 0.707106781186547572737310929369 0.707106781186547461715008466854 0.000000000000000000000000000000 
1.000000000000000000000000000000 0.128679374597518464407031046903 0.500000000000000000000000000000 0.500000000000000000000000000000 0.500000000000000000000000000000 0.500000000000000000000000000000 0.500000000000000000000000000000 0.500000000000000000000000000000 0.500000000000000000000000000000 0.500000000000000000000000000000 0.500000000000000000000000000000 0.500000000000000000000000000000  | 0.000000000000000043297802811775 0.000000000000000043297802811775 1.000000000000000000000000000000 
0.461330940543494494310294840034 0.366013764278003139729378290212 0.500000000000000000000000000000 0.500000000000000000000000000000 0.500000000000000000000000000000 0.500000000000000000000000000000 0.500000000000000000000000000000 0.500000000000000000000000000000 0.500000000000000000000000000000 0.500000000000000000000000000000 0.500000000000000000000000000000 0.500000000000000000000000000000  | 0.529429846061568065707092500816 0.529429846061568065707092500816 0.662878628557633242657232131023 
0.019911755999517777304674837069 0.317267326224500101350400882438 0.500000000000000000000000000000 0.500000000000000000000000000000 0.500000000000000000000000000000 0.500000000000000000000000000000 0.500000000000000000000000000000 0.500000000000000000000000000000 0.500000000000000000000000000000 0.500000000000000000000000000000 0.500000000000000000000000000000 0.500000000000000000000000000000  | 0.706760938593330667600866945577 0.706760938593330556578564483061 0.031272213822316569098447303077 
0.629343250539622478534340643819 0.613845836152282053888029622613 0.500000000000000000000000000000 0.500000000000000000000000000000 0.500000000000000000000000000000 0.500000000000000000000000000000 0.500000000000000000000000000000 0.500000000000000000000000000000 0.500000000000000000000000000000 0.500000000000000000000000000000 0.500000000000000000000000000000 0.500000000000000000000000000000  | 0.388827243366241359634472019025 0.388827243366241304123320787767 0.835240533997494316587051343959 
0.552446626054608147526892025780 0.313544027576537820412028167993 0.500000000000000000000000000000 0.500000000000000000000000000000 0.500000000000000000000000000000 0.500000000000000000000000000000 0.500000000000000000000000000000 0.500000000000000000000000000000 0.500000000000000000000000000000 0.500000000000000000000000000000 0.500000000000000000000000000000 0.500000000000000000000000000000  | 0.457159315611645966637155424905 0.457159315611645855614852962390 0.762896270995594205643897112168 
0.048589671932665945419671515992 0.366013764278003139729378290212 0.500000000000000000000000000000 0.500000000000000000000000000000 0.500000000000000000000000000000 0.500000000000000000000000000000 0.500000000000000000000000000000 0.500000000000000000000000000000 0.500000000000000000000000000000 0.500000000000000000000000000000 0.500000000000000000000000000000 0.500000000000000000000000000000  | 0.705048181725464462310526414512 0.705048181725464351288223951997 0.076250396007056769898113657291 
0.134077424017091911823129635195 0.815043475245435300458041183447 0.500000000000000000000000000000 0.500000000000000000000000000000 0.500000000000000000000000000000 0.500000000000000000000000000000 0.500000000000000000000000000000 0.500000000000000000000000000000 0.500000000000000000000000000000 0.500000000000000000000000000000 0.500000000000000000000000000000 0.500000000000000000000000000000  | 0.691482494854536167139258395764 0.691482494854536056116955933248 0.209054822043149762800240409888 
0.241718808544267610427525028172 0.748632552656267491464348040608 0.500000000000000000000000000000 0.500000000000000000000000000000 0.500000000000000000000000000000 0.500000000000000000000000000000 0.500000000000000000000000000000 0.500000000000000000000000000000 0.500000000000000000000000000000 0.500000000000000000000000000000 0.500000000000000000000000000000 0.500000000000000000000000000000  | 0.656746070205779464146189638996 0.656746070205779353123887176480 0.370633509735062594003807134868 
0.775935511638387698241103862529 0.164122806969406703769820410344 0.500000000000000000000000000000 0.500000000000000000000000000000 0.500000000000000000000000000000 0.500000000000000000000000000000 0.500000000000000000000000000000 0.500000000000000000000000000000 0.500000000000000000000000000000 0.500000000000000000000000000000 0.500000000000000000000000000000 0.500000000000000000000000000000  | 0.243766586969007215124349841062 0.243766586969007187368774225433 0.938698941170683753831838203041 
0.864075808859891769664329785883 0.366013764278003139729378290212 0.500000000000000000000000000000 0.500000000000000000000000000000 0.500000000000000000000000000000 0.500000000000000000000000000000 0.500000000000000000000000000000 0.500000000000000000000000000000 0.500000000000000000000000000000 0.500000000000000000000000000000 0.500000000000000000000000000000 0.500000000000000000000000000000  | 0.149829375630616462578004188799 0.149829375630616434822428573170 0.977293362504974338911267750518 
0.670388283972106036046056942723 0.172713523872429802752392902221 0.500000000000000000000000000000 0.500000000000000000000000000000 0.500000000000000000000000000000 0.500000000000000000000000000000 0.500000000000000000000000000000 0.500000000000000000000000000000 0.500000000000000000000000000000 0.500000000000000000000000000000 0.500000000000000000000000000000 0.500000000000000000000000000000  | 0.349967499999048914371968521664 0.349967499999048858860817290406 0.868933540547740301818180341797 
0.739399869096013184766036374640 0.416717513208075318598133662817 0.500000000000000000000000000000 0.500000000000000000000000000000 0.500000000000000000000000000000 0.500000000000000000000000000000 0.500000000000000000000000000000 0.500000000000000000000000000000 0.500000000000000000000000000000 0.500000000000000000000000000000 0.500000000000000000000000000000 0.500000000000000000000000000000  | 0.281437596627565511653301655315 0.281437596627565456142150424057 0.917379833225583585232243422070 
0.881863511545740830221973283187 0.525688999810313695171259951167 0.500000000000000000000000000000 0.500000000000000000000000000000 0.500000000000000000000000000000 0.500000000000000000000000000000 0.500000000000000000000000000000 0.500000000000000000000000000000 0.500000000000000000000000000000 0.500000000000000000000000000000 0.500000000000000000000000000000 0.500000000000000000000000000000  | 0.130464855119395067850618374905 0.130464855119395040095042759276 0.982831543631639159563917473861 
0.698416759233476791557393426046 0.067945005879846143148625969843 0.500000000000000000000000000000 0.500000000000000000000000000000 0.500000000000000000000000000000 0.500000000000000000000000000000 0.500000000000000000000000000000 0.500000000000000000000000000000 0.500000000000000000000000000000 0.500000000000000000000000000000 0.500000000000000000000000000000 0.500000000000000000000000000000  | 0.322585635745954057984619112176 0.322585635745954002473467880918 0.889874718834486988505716453801 
0.297880178309550325277399451807 0.683019392009839076962407489191 0.500000000000000000000000000000 0.500000000000000000000000000000 0.500000000000000000000000000000 0.500000000000000000000000000000 0.500000000000000000000000000000 0.500000000000000000000000000000 0.500000000000000000000000000000 0.500000000000000000000000000000 0.500000000000000000000000000000 0.500000000000000000000000000000  | 0.631102194766486768173763266532 0.631102194766486657151460804016 0.451021107623409356346400045368 
0.922359107656009480358250129939 0.281550531278547788716082322935 0.500000000000000000000000000000 0.500000000000000000000000000000 0.500000000000000000000000000000 0.500000000000000000000000000000 0.500000000000000000000000000000 0.500000000000000000000000000000 0.500000000000000000000000000000 0.500000000000000000000000000000 0.500000000000000000000000000000 0.500000000000000000000000000000  | 0.086023728954272349334075897787 0.086023728954272335456288089972 0.992572332937808554653713599691 
0.681346877985941290489790844731 0.647250016469722355694216275879 0.500000000000000000000000000000 0.500000000000000000000000000000 0.500000000000000000000000000000 0.500000000000000000000000000000 0.500000000000000000000000000000 0.500000000000000000000000000000 0.500000000000000000000000000000 0.500000000000000000000000000000 0.500000000000000000000000000000 0.500000000000000000000000000000  | 0.339339568965762228280880208331 0.339339568965762172769728977073 0.877323950356002413286660157610 
0.416028321588766902827671856357 0.980126418979009095266974327387 0.500000000000000000000000000000 0.500000000000000000000000000000 0.500000000000000000000000000000 0.500000000000000000000000000000 0.500000000000000000000000000000 0.500000000000000000000000000000 0.500000000000000000000000000000 0.500000000000000000000000000000 0.500000000000000000000000000000 0.500000000000000000000000000000  | 0.561416870633440145965664669347 0.561416870633440034943362206832 0.607965619699264214759182323178 
0.092100578413657457899077485308 0.360346390862328280757509446630 0.500000000000000000000000000000 0.500000000000000000000000000000 0.500000000000000000000000000000 0.500000000000000000000000000000 0.500000000000000000000000000000 0.500000000000000000000000000000 0.500000000000000000000000000000 0.500000000000000000000000000000 0.500000000000000000000000000000 0.500000000000000000000000000000  | 0.699719887134649165538746728998 0.699719887134649054516444266483 0.144167122106768186284853072721 
0.120578192273727458072585250193 0.419731803878672315999409647702 0.500000000000000000000000000000 0.500000000000000000000000000000 0.500000000000000000000000000000 0.500000000000000000000000000000 0.500000000000000000000000000000 0.500000000000000000000000000000 0.500000000000000000000000000000 0.500000000000000000000000000000 0.500000000000000000000000000000 0.500000000000000000000000000000  | 0.694461351429194073681117060914 0.694461351429193962658814598399 0.188273372366553892742757625456 
0.961524099207645033260405398323 0.901306090978003293656684036250 0.500000000000000000000000000000 0.500000000000000000000000000000 0.500000000000000000000000000000 0.500000000000000000000000000000 0.500000000000000000000000000000 0.500000000000000000000000000000 0.500000000000000000000000000000 0.500000000000000000000000000000 0.500000000000000000000000000000 0.500000000000000000000000000000  | 0.042709968388379107584462701652 0.042709968388379100645568797745 0.998174191812494893127905015717 
0.434429886779609031322024748079 0.368983276142153593379902076776 0.500000000000000000000000000000 0.500000000000000000000000000000 0.500000000000000000000000000000 0.500000000000000000000000000000 0.500000000000000000000000000000 0.500000000000000000000000000000 0.500000000000000000000000000000 0.500000000000000000000000000000 0.500000000000000000000000000000 0.500000000000000000000000000000  | 0.548757874521319410909825364797 0.548757874521319299887522902281 0.630658061315074180974704631808 
0.443287576518670789482712280005 0.448593855785791417734031938380 0.500000000000000000000000000000 0.500000000000000000000000000000 0.500000000000000000000000000000 0.500000000000000000000000000000 0.500000000000000000000000000000 0.500000000000000000000000000000 0.500000000000000000000000000000 0.500000000000000000000000000000 0.500000000000000000000000000000 0.500000000000000000000000000000  | 0.542500280159467718199550745339 0.542500280159467607177248282824 0.641394490196008915106062886480 
0.610182098145416240697613829980 0.000030507724535228123656071392 0.500000000000000000000000000000 0.500000000000000000000000000000 0.500000000000000000000000000000 0.500000000000000000000000000000 0.500000000000000000000000000000 0.500000000000000000000000000000 0.500000000000000000000000000000 0.500000000000000000000000000000 0.500000000000000000000000000000 0.500000000000000000000000000000  | 0.406424617192782333674472283747 0.406424617192782278163321052489 0.818314157936547381666514411336 
0.846496931620108750138342657010 0.988015386200304268626837256306 0.500000000000000000000000000000 0.500000000000000000000000000000 0.500000000000000000000000000000 0.500000000000000000000000000000 0.500000000000000000000000000000 0.500000000000000000000000000000 0.500000000000000000000000000000 0.500000000000000000000000000000 0.500000000000000000000000000000 0.500000000000000000000000000000  | 0.168851705628860093710841283610 0.168851705628860065955265667981 0.971070647796775654470025074261 
0.258647395433229176919809333413 0.475677782527017534164315293310 0.500000000000000000000000000000 0.500000000000000000000000000000 0.500000000000000000000000000000 0.500000000000000000000000000000 0.500000000000000000000000000000 0.500000000000000000000000000000 0.500000000000000000000000000000 0.500000000000000000000000000000 0.500000000000000000000000000000 0.500000000000000000000000000000  | 0.649545715552892533040107991837 0.649545715552892422017805529322 0.395197073387141661893195987432 
0.403439994464983131550184225489 0.512753450877253214024165117735 0.500000000000000000000000000000 0.500000000000000000000000000000 0.500000000000000000000000000000 0.500000000000000000000000000000 0.500000000000000000000000000000 0.500000000000000000000000000000 0.500000000000000000000000000000 0.500000000000000000000000000000 0.500000000000000000000000000000 0.500000000000000000000000000000  | 0.569807209296118277741527435865 0.569807209296118166719224973349 0.592148198062224517812524027249 
0.510748452486393778038120672136 0.979569530407063182586568927945 0.500000000000000000000000000000 0.500000000000000000000000000000 0.500000000000000000000000000000 0.500000000000000000000000000000 0.500000000000000000000000000000 0.500000000000000000000000000000 0.500000000000000000000000000000 0.500000000000000000000000000000 0.500000000000000000000000000000 0.500000000000000000000000000000  | 0.491487323673457265904573887383 0.491487323673457210393422656125 0.718943962584431606188672958524 
0.282136715285716044299135774054 0.985842292603881231727314116142 0.500000000000000000000000000000 0.500000000000000000000000000000 0.500000000000000000000000000000 0.500000000000000000000000000000 0.500000000000000000000000000000 0.500000000000000000000000000000 0.500000000000000000000000000000 0.500000000000000000000000000000 0.500000000000000000000000000000 0.500000000000000000000000000000  | 0.638795243332770046329471824720 0.638795243332769935307169362204 0.428813798974396809260412055664 
0.262823890261875192653207022886 0.586232989171604934597326064250 0.500000000000000000000000000000 0.500000000000000000000000000000 0.500000000000000000000000000000 0.500000000000000000000000000000 0.500000000000000000000000000000 0.500000000000000000000000000000 0.500000000000000000000000000000 0.500000000000000000000000000000 0.500000000000000000000000000000 0.500000000000000000000000000000  | 0.647698463434832283347475367918 0.647698463434832172325172905403 0.401214906164158724433121960828 
0.153952646057233133447539330518 0.947354299367895946737405665772 0.500000000000000000000000000000 0.500000000000000000000000000000 0.500000000000000000000000000000 0.500000000000000000000000000000 0.500000000000000000000000000000 0.500000000000000000000000000000 0.500000000000000000000000000000 0.500000000000000000000000000000 0.500000000000000000000000000000 0.500000000000000000000000000000  | 0.686531226633798064007407901954 0.686531226633797952985105439438 0.239478077730270300094161939342 
0.312480183029453684184773010202 0.992835014231771784132263292122 0.500000000000000000000000000000 0.500000000000000000000000000000 0.500000000000000000000000000000 0.500000000000000000000000000000 0.500000000000000000000000000000 0.500000000000000000000000000000 0.500000000000000000000000000000 0.500000000000000000000000000000 0.500000000000000000000000000000 0.500000000000000000000000000000  | 0.623622882161380620580359845917 0.623622882161380509558057383401 0.471369283778085790270750976561 
0.910434723089409869700716626539 0.063663452876546899883436481105 0.500000000000000000000000000000 0.500000000000000000000000000000 0.500000000000000000000000000000 0.500000000000000000000000000000 0.500000000000000000000000000000 0.500000000000000000000000000000 0.500000000000000000000000000000 0.500000000000000000000000000000 0.500000000000000000000000000000 0.500000000000000000000000000000  | 0.099154154575549741101880840688 0.099154154575549727224093032873 0.990119642902218100033451264608 
0.651820101234041882065639583743 0.338244357800786599188569425678 0.500000000000000000000000000000 0.500000000000000000000000000000 0.500000000000000000000000000000 0.500000000000000000000000000000 0.500000000000000000000000000000 0.500000000000000000000000000000 0.500000000000000000000000000000 0.500000000000000000000000000000 0.500000000000000000000000000000 0.500000000000000000000000000000  | 0.367737052668254849052686950017 0.367737052668254793541535718759 0.854130505361874070580086026894 
0.750673967671443120863727926917 0.189911774874710226335139395815 0.500000000000000000000000000000 0.500000000000000000000000000000 0.500000000000000000000000000000 0.500000000000000000000000000000 0.500000000000000000000000000000 0.500000000000000000000000000000 0.500000000000000000000000000000 0.500000000000000000000000000000 0.500000000000000000000000000000 0.500000000000000000000000000000  | 0.269906291706287659870611150836 0.269906291706287604359459919579 0.924284148622446455334511483670 
0.818773273212450858338229409128 0.322726578450412637799615822587 0.500000000000000000000000000000 0.500000000000000000000000000000 0.500000000000000000000000000000 0.500000000000000000000000000000 0.500000000000000000000000000000 0.500000000000000000000000000000 0.500000000000000000000000000000 0.500000000000000000000000000000 0.500000000000000000000000000000 0.500000000000000000000000000000  | 0.198584584913852696397285058083 0.198584584913852668641709442454 0.959754304636965760444411444041 
0.394475004474913792940071743942 0.930472406327920054103230995679 0.500000000000000000000000000000 0.500000000000000000000000000000 0.500000000000000000000000000000 0.500000000000000000000000000000 0.500000000000000000000000000000 0.500000000000000000000000000000 0.500000000000000000000000000000 0.500000000000000000000000000000 0.500000000000000000000000000000 0.500000000000000000000000000000  | 0.575646891852301445524631162698 0.575646891852301334502328700182 0.580742035504206999263487887220 
0.781408683656914404558335718320 0.571186168661840132365625777311 0.500000000000000000000000000000 0.500000000000000000000000000000 0.500000000000000000000000000000 0.500000000000000000000000000000 0.500000000000000000000000000000 0.500000000000000000000000000000 0.500000000000000000000000000000 0.500000000000000000000000000000 0.500000000000000000000000000000 0.500000000000000000000000000000  | 0.238051142267275056552122691755 0.238051142267275028796547076126 0.941628008998506293991681559419 
0.946927761308194115841274651757 0.172713523872429802752392902221 0.500000000000000000000000000000 0.500000000000000000000000000000 0.500000000000000000000000000000 0.500000000000000000000000000000 0.500000000000000000000000000000 0.500000000000000000000000000000 0.500000000000000000000000000000 0.500000000000000000000000000000 0.500000000000000000000000000000 0.500000000000000000000000000000  | 0.058880179337340333989292417982 0.058880179337340327050398514075 0.996527093942962127748330658505 
0.064095745135680656789922693406 0.360346390862328280757509446630 0.500000000000000000000000000000 0.500000000000000000000000000000 0.500000000000000000000000000000 0.500000000000000000000000000000 0.500000000000000000000000000000 0.500000000000000000000000000000 0.500000000000000000000000000000 0.500000000000000000000000000000 0.500000000000000000000000000000 0.500000000000000000000000000000  | 0.703525930021616341392132198962 0.703525930021616230369829736446 0.100511350475653654656937874279 
0.933989331225184460372190642374 0.983948295316189103232318302616 0.500000000000000000000000000000 0.500000000000000000000000000000 0.500000000000000000000000000000 0.500000000000000000000000000000 0.500000000000000000000000000000 0.500000000000000000000000000000 0.500000000000000000000000000000 0.500000000000000000000000000000 0.500000000000000000000000000000 0.500000000000000000000000000000  | 0.073188107144942574078250174807 0.073188107144942560200462366993 0.994629077568658703789594710543 
0.895988531472182270221082944772 0.794700915489864323504320964275 0.500000000000000000000000000000 0.500000000000000000000000000000 0.500000000000000000000000000000 0.500000000000000000000000000000 0.500000000000000000000000000000 0.500000000000000000000000000000 0.500000000000000000000000000000 0.500000000000000000000000000000 0.500000000000000000000000000000 0.500000000000000000000000000000  | 0.115014411096381122256993023711 0.115014411096381094501417408082 0.986683014184548179414946389443 
0.073924851508030062219312128491 0.969421622770965107918073044857 0.500000000000000000000000000000 0.500000000000000000000000000000 0.500000000000000000000000000000 0.500000000000000000000000000000 0.500000000000000000000000000000 0.500000000000000000000000000000 0.500000000000000000000000000000 0.500000000000000000000000000000 0.500000000000000000000000000000 0.500000000000000000000000000000  | 0.702344800573366567775224211800 0.702344800573366456752921749285 0.115860097596695965638247116658 
0.352524000066083753601731132221 0.733373145196359876862857163360 0.500000000000000000000000000000 0.500000000000000000000000000000 0.500000000000000000000000000000 0.500000000000000000000000000000 0.500000000000000000000000000000 0.500000000000000000000000000000 0.500000000000000000000000000000 0.500000000000000000000000000000 0.500000000000000000000000000000 0.500000000000000000000000000000  | 0.601438104075992852060039695061 0.601438104075992741037737232546 0.525874903309666019701751338289 
0.789978057231909502888811402954 0.998773945261371531856298133789 0.500000000000000000000000000000 0.500000000000000000000000000000 0.500000000000000000000000000000 0.500000000000000000000000000000 0.500000000000000000000000000000 0.500000000000000000000000000000 0.500000000000000000000000000000 0.500000000000000000000000000000 0.500000000000000000000000000000 0.500000000000000000000000000000  | 0.229067261080648176818641559294 0.229067261080648149063065943665 0.946074193603239743666222238971 
0.566904569542870717668847646564 0.874080239381858525860025110887 0.500000000000000000000000000000 0.500000000000000000000000000000 0.500000000000000000000000000000 0.500000000000000000000000000000 0.500000000000000000000000000000 0.500000000000000000000000000000 0.500000000000000000000000000000 0.500000000000000000000000000000 0.500000000000000000000000000000 0.500000000000000000000000000000  | 0.444791329092129095190699672457 0.444791329092129039679548441200 0.777381082307072035497697015671 
0.539871738815543400491492320725 0.848008404879850519186845758668 0.500000000000000000000000000000 0.500000000000000000000000000000 0.500000000000000000000000000000 0.500000000000000000000000000000 0.500000000000000000000000000000 0.500000000000000000000000000000 0.500000000000000000000000000000 0.500000000000000000000000000000 0.500000000000000000000000000000 0.500000000000000000000000000000  | 0.467724957549202902118423708089 0.467724957549202846607272476831 0.749977818452781108682358990336 
0.562928758309837240503270550107 0.945424591156899585264739016566 0.500000000000000000000000000000 0.500000000000000000000000000000 0.500000000000000000000000000000 0.500000000000000000000000000000 0.500000000000000000000000000000 0.500000000000000000000000000000 0.500000000000000000000000000000 0.500000000000000000000000000000 0.500000000000000000000000000000 0.500000000000000000000000000000  | 0.448215560118291000968326898146 0.448215560118290945457175666888 0.773437536802871639096679245995 
0.936694151583922662851477980439 0.035120942103726189575940708210 0.500000000000000000000000000000 0.500000000000000000000000000000 0.500000000000000000000000000000 0.500000000000000000000000000000 0.500000000000000000000000000000 0.500000000000000000000000000000 0.500000000000000000000000000000 0.500000000000000000000000000000 0.500000000000000000000000000000 0.500000000000000000000000000000  | 0.070199291360446572363152029084 0.070199291360446558485364221269 0.995059856985991753042242180527 
0.642750011813560062634564928885 0.013969562552903963537076492685 0.500000000000000000000000000000 0.500000000000000000000000000000 0.500000000000000000000000000000 0.500000000000000000000000000000 0.500000000000000000000000000000 0.500000000000000000000000000000 0.500000000000000000000000000000 0.500000000000000000000000000000 0.500000000000000000000000000000 0.500000000000000000000000000000  | 0.376304237759940152230342391704 0.376304237759940096719191160446 0.846634656323387857490558872087 
0.596307809008990163945895801589 0.489071041748905255275303716189 0.500000000000000000000000000000 0.500000000000000000000000000000 0.500000000000000000000000000000 0.500000000000000000000000000000 0.500000000000000000000000000000 0.500000000000000000000000000000 0.500000000000000000000000000000 0.500000000000000000000000000000 0.500000000000000000000000000000 0.500000000000000000000000000000  | 0.418937702226955754891690730801 0.418937702226955699380539499543 0.805594440959964130932746684266 
0.762129215704160589694993177545 0.181543829473160667209441498926 0.500000000000000000000000000000 0.500000000000000000000000000000 0.500000000000000000000000000000 0.500000000000000000000000000000 0.500000000000000000000000000000 0.500000000000000000000000000000 0.500000000000000000000000000000 0.500000000000000000000000000000 0.500000000000000000000000000000 0.500000000000000000000000000000  | 0.258103027788519234775321820052 0.258103027788519179264170588795 0.931002499509425485157976254413 
0.373659491221263073690295186680 0.940404269850289464827142182912 0.500000000000000000000000000000 0.500000000000000000000000000000 0.500000000000000000000000000000 0.500000000000000000000000000000 0.500000000000000000000000000000 0.500000000000000000000000000000 0.500000000000000000000000000000 0.500000000000000000000000000000 0.500000000000000000000000000000 0.500000000000000000000000000000  | 0.588763702875118588586644818861 0.588763702875118477564342356345 0.553818205148185915831504644302 
0.332550822178476590540441293342 0.847774739963381485097215772839 0.500000000000000000000000000000 0.500000000000000000000000000000 0.500000000000000000000000000000 0.500000000000000000000000000000 0.500000000000000000000000000000 0.500000000000000000000000000000 0.500000000000000000000000000000 0.500000000000000000000000000000 0.500000000000000000000000000000 0.500000000000000000000000000000  | 0.612806548667884198877686685591 0.612806548667884087855384223076 0.498935133879657877198354754000 
0.346429790998280529024100360402 0.721052945759286689764167022076 0.500000000000000000000000000000 0.500000000000000000000000000000 0.500000000000000000000000000000 0.500000000000000000000000000000 0.500000000000000000000000000000 0.500000000000000000000000000000 0.500000000000000000000000000000 0.500000000000000000000000000000 0.500000000000000000000000000000 0.500000000000000000000000000000  | 0.604970121185851916756348600757 0.604970121185851916756348600757 0.517708706653414618692465865024 
0.809813500744401393305338388018 0.043341537987020173350316554206 0.500000000000000000000000000000 0.500000000000000000000000000000 0.500000000000000000000000000000 0.500000000000000000000000000000 0.500000000000000000000000000000 0.500000000000000000000000000000 0.500000000000000000000000000000 0.500000000000000000000000000000 0.500000000000000000000000000000 0.500000000000000000000000000000  | 0.208115890164868116984919765855 0.208115890164868089229344150226 0.955706833982978842811917274958 
0.836106614089621280605513220507 0.276646022556842952067057694876 0.500000000000000000000000000000 0.500000000000000000000000000000 0.500000000000000000000000000000 0.500000000000000000000000000000 0.500000000000000000000000000000 0.500000000000000000000000000000 0.500000000000000000000000000000 0.500000000000000000000000000000 0.500000000000000000000000000000 0.500000000000000000000000000000  | 0.180035594406561971769775709618 0.180035594406561944014200093989 0.967044140405882379774027413077 
0.577623244389667722664682969480 0.368983276142153593379902076776 0.500000000000000000000000000000 0.500000000000000000000000000000 0.500000000000000000000000000000 0.500000000000000000000000000000 0.500000000000000000000000000000 0.500000000000000000000000000000 0.500000000000000000000000000000 0.500000000000000000000000000000 0.500000000000000000000000000000 0.500000000000000000000000000000  | 0.435473648166257609748441836928 0.435473648166257498726139374412 0.787861284431175090681165329443 
0.824156077189304947516745869507 0.748632552656267491464348040608 0.500000000000000000000000000000 0.500000000000000000000000000000 0.500000000000000000000000000000 0.500000000000000000000000000000 0.500000000000000000000000000000 0.500000000000000000000000000000 0.500000000000000000000000000000 0.500000000000000000000000000000 0.500000000000000000000000000000 0.500000000000000000000000000000  | 0.192839383386567891909280092477 0.192839383386567836398128861219 0.962094561064647413317629798257 
0.491898484069344443803117883363 0.085877510066730555760017296052 0.500000000000000000000000000000 0.500000000000000000000000000000 0.500000000000000000000000000000 0.500000000000000000000000000000 0.500000000000000000000000000000 0.500000000000000000000000000000 0.500000000000000000000000000000 0.500000000000000000000000000000 0.500000000000000000000000000000 0.500000000000000000000000000000  | 0.506322257841536949030114556081 0.506322257841536949030114556081 0.698051246276730319451075956749 
0.966598225872814964532153680921 0.200918776840208396228248943771 0.500000000000000000000000000000 0.500000000000000000000000000000 0.500000000000000000000000000000 0.500000000000000000000000000000 0.500000000000000000000000000000 0.500000000000000000000000000000 0.500000000000000000000000000000 0.500000000000000000000000000000 0.500000000000000000000000000000 0.500000000000000000000000000000  | 0.037083023773222083263600978853 0.037083023773222083263600978853 0.998623902525705320343263338145 
0.670701054556026354802611422201 0.419731803878672315999409647702 0.500000000000000000000000000000 0.500000000000000000000000000000 0.500000000000000000000000000000 0.500000000000000000000000000000 0.500000000000000000000000000000 0.500000000000000000000000000000 0.500000000000000000000000000000 0.500000000000000000000000000000 0.500000000000000000000000000000 0.500000000000000000000000000000  | 0.349665589591138359359945297911 0.349665589591138303848794066653 0.869176593628569360561186840641 
0.681346877985941290489790844731 0.918998275662494257254309104610 0.500000000000000000000000000000 0.500000000000000000000000000000 0.500000000000000000000000000000 0.500000000000000000000000000000 0.500000000000000000000000000000 0.500000000000000000000000000000 0.500000000000000000000000000000 0.500000000000000000000000000000 0.500000000000000000000000000000 0.500000000000000000000000000000  | 0.339339568965762228280880208331 0.339339568965762172769728977073 0.877323950356002413286660157610 
0.915722572611830654132347717677 0.988015386200304268626837256306 0.500000000000000000000000000000 0.500000000000000000000000000000 0.500000000000000000000000000000 0.500000000000000000000000000000 0.500000000000000000000000000000 0.500000000000000000000000000000 0.500000000000000000000000000000 0.500000000000000000000000000000 0.500000000000000000000000000000 0.500000000000000000000000000000  | 0.093335507481444077160226413525 0.093335507481444063282438605711 0.991250203574436938858127632557 
0.474694503305497839118487490850 0.535966982265701608056929217128 0.500000000000000000000000000000 0.500000000000000000000000000000 0.500000000000000000000000000000 0.500000000000000000000000000000 0.500000000000000000000000000000 0.500000000000000000000000000000 0.500000000000000000000000000000 0.500000000000000000000000000000 0.500000000000000000000000000000 0.500000000000000000000000000000  | 0.519474697901670001698448686511 0.519474697901669890676146223996 0.678448285781560134211076729116 
0.836106614089621280605513220507 0.276646022556842952067057694876 0.500000000000000000000000000000 0.500000000000000000000000000000 0.500000000000000000000000000000 0.500000000000000000000000000000 0.500000000000000000000000000000 0.500000000000000000000000000000 0.500000000000000000000000000000 0.500000000000000000000000000000 0.500000000000000000000000000000 0.500000000000000000000000000000  | 0.180035594406561971769775709618 0.180035594406561944014200093989 0.967044140405882379774027413077 
0.323803966585154423540870993747 0.946620049678608577181648797705 0.500000000000000000000000000000 0.500000000000000000000000000000 0.500000000000000000000000000000 0.500000000000000000000000000000 0.500000000000000000000000000000 0.500000000000000000000000000000 0.500000000000000000000000000000 0.500000000000000000000000000000 0.500000000000000000000000000000 0.500000000000000000000000000000  | 0.617595867327151437642385189974 0.617595867327151437642385189974 0.486981200171882622207419899496 
0.502755141307783204318582193082 0.771365007042052353014582877222 0.500000000000000000000000000000 0.500000000000000000000000000000 0.500000000000000000000000000000 0.500000000000000000000000000000 0.500000000000000000000000000000 0.500000000000000000000000000000 0.500000000000000000000000000000 0.500000000000000000000000000000 0.500000000000000000000000000000 0.500000000000000000000000000000  | 0.497831441449725464742925851169 0.497831441449725409231774619911 0.710160342322899040823358518537 
0.732907755087455425879738868389 0.622561275542757197598575658049 0.500000000000000000000000000000 0.500000000000000000000000000000 0.500000000000000000000000000000 0.500000000000000000000000000000 0.500000000000000000000000000000 0.500000000000000000000000000000 0.500000000000000000000000000000 0.500000000000000000000000000000 0.500000000000000000000000000000 0.500000000000000000000000000000  | 0.288038005822213449835800247456 0.288038005822213394324649016198 0.913273351414528589131691660441 
0.364537063828437923884706606259 0.748243737879637604848426235549 0.500000000000000000000000000000 0.500000000000000000000000000000 0.500000000000000000000000000000 0.500000000000000000000000000000 0.500000000000000000000000000000 0.500000000000000000000000000000 0.500000000000000000000000000000 0.500000000000000000000000000000 0.500000000000000000000000000000 0.500000000000000000000000000000  | 0.594314611243842993992814172088 0.594314611243842882970511709573 0.541830495380390964044181600912 
0.088126318568509276474287617020 0.265607833246657654147071525585 0.500000000000000000000000000000 0.500000000000000000000000000000 0.500000000000000000000000000000 0.500000000000000000000000000000 0.500000000000000000000000000000 0.500000000000000000000000000000 0.500000000000000000000000000000 0.500000000000000000000000000000 0.500000000000000000000000000000 0.500000000000000000000000000000  | 0.700342644208073017431104290154 0.700342644208072906408801827638 0.137986816063308009860932656920 
0.721733417248002107058368892467 0.527596965108316884318639949925 0.500000000000000000000000000000 0.500000000000000000000000000000 0.500000000000000000000000000000 0.500000000000000000000000000000 0.500000000000000000000000000000 0.500000000000000000000000000000 0.500000000000000000000000000000 0.500000000000000000000000000000 0.500000000000000000000000000000 0.500000000000000000000000000000  | 0.299328208492743164104155084715 0.299328208492743108593003853457 0.905983028097684495172359220305 
0.214400395303157548232420026579 0.189911774874710226335139395815 0.500000000000000000000000000000 0.500000000000000000000000000000 0.500000000000000000000000000000 0.500000000000000000000000000000 0.500000000000000000000000000000 0.500000000000000000000000000000 0.500000000000000000000000000000 0.500000000000000000000000000000 0.500000000000000000000000000000 0.500000000000000000000000000000  | 0.667384222201807486563041038607 0.667384222201807375540738576092 0.330449088230210019645483043860 
0.807027619855060551756764652964 0.611322848823466657997016682202 0.500000000000000000000000000000 0.500000000000000000000000000000 0.500000000000000000000000000000 0.500000000000000000000000000000 0.500000000000000000000000000000 0.500000000000000000000000000000 0.500000000000000000000000000000 0.500000000000000000000000000000 0.500000000000000000000000000000 0.500000000000000000000000000000  | 0.211071165782213437944747624897 0.211071165782213410189172009268 0.954409726454353957159071342176 
0.642750011813560062634564928885 0.013969562552903963537076492685 0.500000000000000000000000000000 0.500000000000000000000000000000 0.500000000000000000000000000000 0.500000000000000000000000000000 0.500000000000000000000000000000 0.500000000000000000000000000000 0.500000000000000000000000000000 0.500000000000000000000000000000 0.500000000000000000000000000000 0.500000000000000000000000000000  | 0.376304237759940152230342391704 0.376304237759940096719191160446 0.846634656323387857490558872087 
0.946927761308194115841274651757 0.172713523872429802752392902221 0.500000000000000000000000000000 0.500000000000000000000000000000 0.500000000000000000000000000000 0.500000000000000000000000000000 0.500000000000000000000000000000 0.500000000000000000000000000000 0.500000000000000000000000000000 0.500000000000000000000000000000 0.500000000000000000000000000000 0.500000000000000000000000000000  | 0.058880179337340333989292417982 0.058880179337340327050398514075 0.996527093942962127748330658505 
0.619765006483242952839418649091 0.487263859674287591605690295182 0.500000000000000000000000000000 0.500000000000000000000000000000 0.500000000000000000000000000000 0.500000000000000000000000000000 0.500000000000000000000000000000 0.500000000000000000000000000000 0.500000000000000000000000000000 0.500000000000000000000000000000 0.500000000000000000000000000000 0.500000000000000000000000000000  | 0.397668819085894742482167885100 0.397668819085894686971016653843 0.826873037807897115492039574747 
0.619765006483242952839418649091 0.861599938764058714824045637215 0.500000000000000000000000000000 0.500000000000000000000000000000 0.500000000000000000000000000000 0.500000000000000000000000000000 0.500000000000000000000000000000 0.500000000000000000000000000000 0.500000000000000000000000000000 0.500000000000000000000000000000 0.500000000000000000000000000000 0.500000000000000000000000000000  | 0.397668819085894742482167885100 0.397668819085894686971016653843 0.826873037807897115492039574747 
0.203246566734382405616798905612 0.191865323795611858459508880514 0.500000000000000000000000000000 0.500000000000000000000000000000 0.500000000000000000000000000000 0.500000000000000000000000000000 0.500000000000000000000000000000 0.500000000000000000000000000000 0.500000000000000000000000000000 0.500000000000000000000000000000 0.500000000000000000000000000000 0.500000000000000000000000000000  | 0.671375447775983014153666772472 0.671375447775982903131364309957 0.313863053332495589575756866907 
0.753572062354558758201505952457 0.035120942103726189575940708210 0.500000000000000000000000000000 0.500000000000000000000000000000 0.500000000000000000000000000000 0.500000000000000000000000000000 0.500000000000000000000000000000 0.500000000000000000000000000000 0.500000000000000000000000000000 0.500000000000000000000000000000 0.500000000000000000000000000000 0.500000000000000000000000000000  | 0.266928258765177617295449863377 0.266928258765177617295449863377 0.926012207989279523268066895980 
0.316199458455993731575972560677 0.676928242346242159399594129354 0.500000000000000000000000000000 0.500000000000000000000000000000 0.500000000000000000000000000000 0.500000000000000000000000000000 0.500000000000000000000000000000 0.500000000000000000000000000000 0.500000000000000000000000000000 0.500000000000000000000000000000 0.500000000000000000000000000000 0.500000000000000000000000000000  | 0.621664988157974884863676834357 0.621664988157974773841374371841 0.476513677660033385663496119378 
0.984276367827373377394906128757 0.199541883327757546551239897781 0.500000000000000000000000000000 0.500000000000000000000000000000 0.500000000000000000000000000000 0.500000000000000000000000000000 0.500000000000000000000000000000 0.500000000000000000000000000000 0.500000000000000000000000000000 0.500000000000000000000000000000 0.500000000000000000000000000000 0.500000000000000000000000000000  | 0.017462788702465294188304056888 0.017462788702465294188304056888 0.999695004499605466286027422029 
0.862030358499558446716548587574 0.994784120479735967101930782519 0.500000000000000000000000000000 0.500000000000000000000000000000 0.500000000000000000000000000000 0.500000000000000000000000000000 0.500000000000000000000000000000 0.500000000000000000000000000000 0.500000000000000000000000000000 0.500000000000000000000000000000 0.500000000000000000000000000000 0.500000000000000000000000000000  | 0.152048934815040420742704441182 0.152048934815040420742704441182 0.976607517298132998817550287640 
0.852519523971953629981612721167 0.334121077221578521854183918549 0.500000000000000000000000000000 0.500000000000000000000000000000 0.500000000000000000000000000000 0.500000000000000000000000000000 0.500000000000000000000000000000 0.500000000000000000000000000000 0.500000000000000000000000000000 0.500000000000000000000000000000 0.500000000000000000000000000000 0.500000000000000000000000000000  | 0.162348349083107662549352312453 0.162348349083107634793776696824 0.973286199994625844666984448850 
0.976784003900887265459118680155 0.436250330677917408372934460203 0.500000000000000000000000000000 0.500000000000000000000000000000 0.500000000000000000000000000000 0.500000000000000000000000000000 0.500000000000000000000000000000 0.500000000000000000000000000000 0.500000000000000000000000000000 0.500000000000000000000000000000 0.500000000000000000000000000000 0.500000000000000000000000000000  | 0.025780773105570212178072608822 0.025780773105570208708625656868 0.999335130712494357219100038492 
0.589058108524229129265847859642 0.737407978691014598382480471628 0.500000000000000000000000000000 0.500000000000000000000000000000 0.500000000000000000000000000000 0.500000000000000000000000000000 0.500000000000000000000000000000 0.500000000000000000000000000000 0.500000000000000000000000000000 0.500000000000000000000000000000 0.500000000000000000000000000000 0.500000000000000000000000000000  | 0.425397360716660122292864798510 0.425397360716660066781713567252 0.798795450031232645571321882016 
0.491425147013547003460587347945 0.981486965297200142366307318298 0.500000000000000000000000000000 0.500000000000000000000000000000 0.500000000000000000000000000000 0.500000000000000000000000000000 0.500000000000000000000000000000 0.500000000000000000000000000000 0.500000000000000000000000000000 0.500000000000000000000000000000 0.500000000000000000000000000000 0.500000000000000000000000000000  | 0.506689115005689250104126131191 0.506689115005689139081823668675 0.697518660302004267492748113000 
0.474694503305497839118487490850 0.130484498170049756371469129590 0.500000000000000000000000000000 0.500000000000000000000000000000 0.500000000000000000000000000000 0.500000000000000000000000000000 0.500000000000000000000000000000 0.500000000000000000000000000000 0.500000000000000000000000000000 0.500000000000000000000000000000 0.500000000000000000000000000000 0.500000000000000000000000000000  | 0.519474697901670001698448686511 0.519474697901669890676146223996 0.678448285781560134211076729116 
0.186664684887916432209920003515 0.323288789288075195660354665961 0.500000000000000000000000000000 0.500000000000000000000000000000 0.500000000000000000000000000000 0.500000000000000000000000000000 0.500000000000000000000000000000 0.500000000000000000000000000000 0.500000000000000000000000000000 0.500000000000000000000000000000 0.500000000000000000000000000000 0.500000000000000000000000000000  | 0.676927744681329213172205072624 0.676927744681329213172205072624 0.289028816835446844546453348812 
0.228436202359251161464470669671 0.930472406327920054103230995679 0.500000000000000000000000000000 0.500000000000000000000000000000 0.500000000000000000000000000000 0.500000000000000000000000000000 0.500000000000000000000000000000 0.500000000000000000000000000000 0.500000000000000000000000000000 0.500000000000000000000000000000 0.500000000000000000000000000000 0.500000000000000000000000000000  | 0.662070786869200844648730708286 0.662070786869200844648730708286 0.351175947850638658920274792763 
0.716731537393164974680814793828 0.200057778420397736063307547738 0.500000000000000000000000000000 0.500000000000000000000000000000 0.500000000000000000000000000000 0.500000000000000000000000000000 0.500000000000000000000000000000 0.500000000000000000000000000000 0.500000000000000000000000000000 0.500000000000000000000000000000 0.500000000000000000000000000000 0.500000000000000000000000000000  | 0.304352280135825714602049174573 0.304352280135825659090897943315 0.902629148184484364492163877003 
0.482246711890326196225942112505 0.487263859674287591605690295182 0.500000000000000000000000000000 0.500000000000000000000000000000 0.500000000000000000000000000000 0.500000000000000000000000000000 0.500000000000000000000000000000 0.500000000000000000000000000000 0.500000000000000000000000000000 0.500000000000000000000000000000 0.500000000000000000000000000000 0.500000000000000000000000000000  | 0.513747186909297659518358614150 0.513747186909297659518358614150 0.687115460374431052947841180867 
0.651034090491237726894269144395 0.995673119293268960028342462465 0.500000000000000000000000000000 0.500000000000000000000000000000 0.500000000000000000000000000000 0.500000000000000000000000000000 0.500000000000000000000000000000 0.500000000000000000000000000000 0.500000000000000000000000000000 0.500000000000000000000000000000 0.500000000000000000000000000000 0.500000000000000000000000000000  | 0.368482460946167100779291558865 0.368482460946167045268140327607 0.853487757352214715389493449038 
0.760041435111073582220342359506 0.210326824555284286333289855975 0.500000000000000000000000000000 0.500000000000000000000000000000 0.500000000000000000000000000000 0.500000000000000000000000000000 0.500000000000000000000000000000 0.500000000000000000000000000000 0.500000000000000000000000000000 0.500000000000000000000000000000 0.500000000000000000000000000000 0.500000000000000000000000000000  | 0.260260576021618172948279834600 0.260260576021618172948279834600 0.929800443717785585207025178534 
0.526811401270016244069438471342 0.050228475555181582856700828188 0.500000000000000000000000000000 0.500000000000000000000000000000 0.500000000000000000000000000000 0.500000000000000000000000000000 0.500000000000000000000000000000 0.500000000000000000000000000000 0.500000000000000000000000000000 0.500000000000000000000000000000 0.500000000000000000000000000000 0.500000000000000000000000000000  | 0.478505241051190965961836809583 0.478505241051190854939534347068 0.736250954887722630637370002660 
0.167900186687130220652974799123 0.945424591156899585264739016566 0.500000000000000000000000000000 0.500000000000000000000000000000 0.500000000000000000000000000000 0.500000000000000000000000000000 0.500000000000000000000000000000 0.500000000000000000000000000000 0.500000000000000000000000000000 0.500000000000000000000000000000 0.500000000000000000000000000000 0.500000000000000000000000000000  | 0.682656812981267235862503639510 0.682656812981267124840201176994 0.260690144387006439430365389853 
0.120578192273727458072585250193 0.419731803878672315999409647702 0.500000000000000000000000000000 0.500000000000000000000000000000 0.500000000000000000000000000000 0.500000000000000000000000000000 0.500000000000000000000000000000 0.500000000000000000000000000000 0.500000000000000000000000000000 0.500000000000000000000000000000 0.500000000000000000000000000000 0.500000000000000000000000000000  | 0.694461351429194073681117060914 0.694461351429193962658814598399 0.188273372366553892742757625456 
