0.530784143282582832057414634619 0.212431558470562720231100684032 0.140510935709276196803330094554 0.929588823363287630741069733631 0.640590531072886548713540832978 0.625595190826210512113902950659 0.939978345782353841286749229766 0.277174071129801191659680625889 0.722874135023413799672198365442 0.892613302710056899513801909052 0.689505313500699656970027717762  | 742.576865387768975779181346297264 818.103402313533706546877510845661 
0.769953926824237910864212608431 0.848382192500890752739906019997 0.749520378765202721638161165174 0.209338293775523709427943686023 0.028081821123143058116511383560 0.711955727261473825251414382365 0.072675158354998714571593154687 0.769239684461467732035089284182 0.849373773212860783132782671601 0.008765035680509569715468387585 0.838781284890485423488826199900  | 470.585669737660793998657027259469 1245.096313707224908284842967987061 
0.157515533280408348559831210878 0.800062754939569131806820223574 0.656418261304311911885633890051 0.636783024015077359081260510720 0.648722660726809507991674763616 0.059382159237916454230798990466 0.338701689526875071578615461476 0.936012022934473719715242623352 0.829975581041884069577463378664 0.004839381000721232339856214821 0.175492275008297227145703800488  | 1374.453277990388414764311164617538 347.187775493430251572135603055358 
0.316724991065466809914141776972 0.391934880534808627317033824511 0.539907853648475821728425216861 0.224292965854107961831687134691 0.540547348628205526210876996629 0.418676587551047418855887372047 0.279867114331544541983021190390 0.186092676252945565806840022560 0.145350316709997429143186309375 0.270747764550618441603546671104 0.229568875931249749555718153715  | 1001.493255174263140361290425062180 543.885278249257339666655752807856 
0.721600784985117371661544893868 0.231474182964152674912838847376 0.506453710141760993224124831613 0.799271408060061361311454675160 0.156379334108793344171317585278 0.553989842511368735245014249813 0.495636075271217890758634894155 0.951646858160879460797332285438 0.752261557728001406530893291347 0.550452135817636190040502697229 0.525944762281861599717558419798  | 551.048748341897066893579903990030 1178.722452134334389484138227999210 
0.036939283462265493085396883544 0.823785944643809386889188317582 0.537653942828479003424035909120 0.100682677424410726985115616117 0.401302224972102550282215815969 0.399430997154148315075872233137 0.858497483578753772803793253843 0.443007020691869257689177175052 0.706520626457111333706961886492 0.544154996790702227826841408387 0.499206162273619469260665937327  | 888.272961189982197538483887910843 51.599151860648554190902359550819 
0.618813316569641003184187866282 0.027919593780085349976616271306 0.977864110811371034515104838647 0.521628110981382064892386551946 0.912684319201412463939959707204 0.916295824246205370400275569409 0.215249841950098996790075034369 0.353737697941642892374147777446 0.057118177519630108918136102147 0.086519727162484016957932908554 0.607063397462772158519328513648  | 540.762892883542349409253802150488 792.526646488638789378455840051174 
0.550063437957280854107011691667 0.130473499022450312168075470254 0.599843740552811865995863627177 0.824936716083000121102486446034 0.521728216409437450806763081346 0.238019012102464344593499845359 0.534709797962371169433026807383 0.430544583887735754501591145527 0.146341897421967459536062960979 0.732485254316427969456526625436 0.610204364608355476207179890480  | 774.517973465866703008941840380430 907.027037949146574646874796599150 
0.847779883744106399490192416124 0.040701691374856352467759279534 0.605479649284466958647499268409 0.512627754848120176234260725323 0.440812476739676384340782533400 0.758239003350162477090634638444 0.273408357051533101866880315356 0.229054492463792058742910739966 0.055497922600519444813471636735 0.875831177989606857181570376270 0.664482607465487262743408791721  | 320.810817168618939376756316050887 1316.037780566893161449115723371506 
0.144954455801668657954905938823 0.899390312678988834704796317965 0.249207970102780507204442983493 0.025905835086343032003242115024 0.954146101958556869249150622636 0.670699359188217769656148448121 0.429918641751442009990569204092 0.514242545625537061937393445987 0.015742337855265020607475889847 0.379602864859894140181495458819 0.304454029145837523628870258108  | 989.516080988209182578430045396090 229.282919736377579056352260522544 
0.213581580035453910682008427102 0.689874059084372603933843492996 0.059980986049554374517356336582 0.795822575687635591634716547560 0.886803242306028138841611507814 0.417685006839077388463010720443 0.684768017341706780598542536609 0.433112269405578231840081571136 0.315100504326910169083930668421 0.443708239673100024447194300592 0.742982138580034146002617490012  | 915.511989361118139640893787145615 319.215352467982143025437835603952 
0.363436986314598087233207479585 0.832909655009702376560198899824 0.622237798302393230187590233982 0.663476349098631956735516723711 0.890389989159862338397033454385 0.261103739991542127540924411733 0.683038338753425122717999329325 0.627199535768188098927566898055 0.572277181536946955020539462566 0.591321059607507137911852623802 0.730608704862728330908794305287  | 901.366930549442940900917164981365 578.874551532490386307472363114357 
0.750870634162556171986580011435 0.295389711406974342366993369069 0.611355136047546210420478018932 0.831854157325064846872919588350 0.178038026052909970076143508777 0.738887222274735577798310259823 0.543741341581707615659979637712 0.728656890582890071073052240536 0.047717236974721188857984088827 0.177092095202777244367098319344 0.532679379417196230406261747703  | 474.965938024234787917521316558123 1151.119365482915100074023939669132 
0.596993451701756328020564978942 0.862497510704432812644881778397 0.149190768533522089001053245738 0.607902821729974007780583633576 0.136001205047769246903044404462 0.609932007952901145131363591645 0.338664503303929720345877285581 0.794394182608977317272547225002 0.192792839236181734463571046945 0.037283071697299163815841893665 0.572677274264721702934366476256  | 666.243215917747306775709148496389 907.956695346060655538167338818312 
0.308069253071481696792943694163 0.518599265240052176295648678206 0.275035200923786860016662103590 0.658756390551582526882157253567 0.059344223140671559235670429189 0.598064484426377163117649615742 0.336204519572627091861249937210 0.276855115580529442809165630024 0.650945974277004069108443218283 0.256736792171116334770886169281 0.036489484832676666314910107758  | 1244.907534550666468931012786924839 654.318328723786976297560613602400 
0.157194679667176373527581745293 0.462987534347798046496791357640 0.933325064983202778989834769163 0.737612473772506049840558262076 0.809782185109103380682427086867 0.548766812293937533695498132147 0.823180261452677086708717979491 0.976436001022980448738053382840 0.649314057064122707174647075590 0.550189299343852411539046443067 0.326153914617298923417365585919  | 1423.904736633339553009136579930782 358.915910169091603165725246071815 
0.260232380744980673625832423568 0.314168545230911533394646539818 0.144877083858579780439868045505 0.615354788236075478380371350795 0.602347349439959600658767158166 0.623694115612753563482328900136 0.029135051341810935809917282313 0.236072661964319863159289525356 0.314465944026977695102686993778 0.454895313349883423370556556620 0.099924659885552102878136793151  | 882.065002505311781533237081021070 382.085939526540983024460729211569 
0.038652919235858007596107199788 0.574865651214869544105567911174 0.674659477657888473345337843057 0.715050491705111923579352151137 0.805562157291532798808475490659 0.806128867809201565819421375636 0.918874705473786690390625153668 0.498950424680783655162485956680 0.353911833750100157658380339853 0.556243378394215781668208364863 0.947679394637633620845917903353  | 975.023832201161440025316551327705 59.272265943672920229801093228161 
0.312308211360580401105835335329 0.823036853916223165583687659819 0.347670440984993334154751210008 0.821832659816857713508397864643 0.465054924094321364691495546140 0.723309715067854241965505934786 0.192046833169017716613780066837 0.569098723623428170981242146809 0.008148020355488228005924611352 0.336604612300401839775076950900 0.993603309044504001690256700385  | 918.263685596967320634576026350260 490.466550239894218066183384507895 
0.063703951890168752925092121586 0.175110541038234757138525310438 0.620103471315724519286050053779 0.484478571925802015130102518015 0.923405006768488689772311772685 0.621154027867515168281897786073 0.471292958288996644000690139364 0.732071268803217378717818064615 0.757786367490332679608400212601 0.682577651082576508656529767904 0.600951301272960591859373380430  | 931.867836276798129802045878022909 93.560714154615936877235071733594 
0.515308139710164425650873454288 0.621016853622622377883999433834 0.914575619856282884256870602258 0.462111744124110046527675876860 0.726934152477079820187100267503 0.358125337358355722017222433351 0.253126285955126206772547448054 0.457267223895104990560867008753 0.981090575720424240557804296259 0.318005894261810695411440974567 0.923627768444578833850755472668  | 871.399048520568953790643718093634 914.347329700832347043615300208330 
0.320565236186407531704389839433 0.081173131968411027514775923919 0.440244247197840721241846040357 0.982243878124235081372717104387 0.139215543686951548352226382121 0.105730044573322246037605509628 0.614918634096804694877391739283 0.843172985737981051101996854413 0.985310789646240081651740183588 0.367853391082334724160318728536 0.280866551745525327987706987187  | 943.344063396605292837193701416254 519.699026424740281981939915567636 
0.892288000132293035449038143270 0.073708176384927881485964462627 0.199742351994947497928478696849 0.184545303668910420924476056825 0.891553247952918681562550773378 0.456762961349676643862949276809 0.772016272203703834975385689177 0.995786496391744435641157906502 0.303117092439089574895660916809 0.490412170742528630285050894599 0.331217635640156160548031039070  | 122.692008892073005199563340283930 718.224636662443003842781763523817 
0.505030959654412470172246685252 0.424042672540414500303995737340 0.501267423630450181804008025210 0.383881792125910337176719622221 0.283065467870013520723659894429 0.209802955044782635241062962450 0.429883179936476622629015764687 0.902417975782165981968319101725 0.721685978203597144897685211617 0.150430323306522950588259845972 0.078393162243928671273351937998  | 538.979510437565863867348525673151 547.566239699897550963214598596096 
0.807257149955900032978206581902 0.339236919570199191298343066592 0.592190571793508979681064374745 0.849696830383560808286347310059 0.421411675872567670353419089224 0.286747654620086223076214082539 0.275308307453540734854868787806 0.985770095286628844633014523424 0.686791154690832073015371861402 0.297834208833871016963712463621 0.024895968967635795365822559688  | 253.124547723389184739062329754233 810.354641142175637469335924834013 
0.289799217982466217335968394764 0.409544660201870414084623917006 0.038069071583695546223680139519 0.225666728846629638383092242293 0.974243545232445384840502811130 0.970060818085112686048887553625 0.247464268850322355319804046303 0.551207395783947617928788531572 0.415587918479644713443121872842 0.201941790240981688953070261050 0.170134912879884581116129993461  | 1083.223651376112684374675154685974 530.242229716178258058789651840925 
0.002779969724482356241423985921 0.632987097241940688263639458455 0.643006958554035890074374037795 0.547024971893442568671162007377 0.256033214189761437751258199569 0.193506958224237024523972650059 0.556425331117894828025782771874 0.407279513895515421495474583935 0.092545083628793989305449940730 0.295096456458896483354692463763 0.205496845441460962433666281868  | 1012.619030277068077339208684861660 4.421898693688053327832676586695 
0.775873967551056864522251999006 0.174846383027311702562656137161 0.894746085686444203588507662062 0.482008587751048267477926856373 0.418693889765981097639269137289 0.546349543357074196592293446884 0.021542951159299050800655095372 0.333056274353976888846773363184 0.242947901892206274965246848296 0.780010239856208542619242507499 0.089443041174767756729124812409  | 350.032120152675304325384786352515 952.829789149265479863970540463924 
0.222100882299432811350925476290 0.331132510750565600687878031749 0.381101822401427980935295636300 0.650078370628072832460020435974 0.566795996490746745166688924655 0.882858208043034053957853757311 0.646384761592404544217060902156 0.528179019979360120373712561559 0.594004992188628122562477074098 0.671113648348413249777877354063 0.714712066327106043672756641172  | 1055.886851881380152917699888348579 384.083487517653395570960128679872 
0.044140463111302707943650602829 0.386693726352048017247398092877 0.073822862832503943764095311053 0.246565292845255967790762952063 0.392001568933642019487706420477 0.856614417687559637215599650517 0.439420551929554648040721076541 0.665248203531533022214716766030 0.964777934479894128116939100437 0.781948067075429520400575711392 0.509788978126257674716725887265  | 1184.604774346819112906814552843571 82.267248168821325293720292393118 
0.320101619027102657355499104597 0.815968189284262734872754663229 0.894534218096064037695214210544 0.593141722831017403905207174830 0.319982447457039853588867117651 0.680668272359575610153115121648 0.668349187740913563970934774261 0.769203156887240169226060970686 0.673762770261621568579357699491 0.576129920691256458553652919363 0.331666321376069106463546631858  | 756.485231077827052104112226516008 416.038536173291788600181462243199 
0.918275030914834644590882817283 0.598866495442733182130723434966 0.160331245541394551423763914499 0.182210351357257493987162888516 0.946941665378981056733209697995 0.164423762184252808538076351397 0.311256825895839028817135840654 0.235930665941234352089850290213 0.855675904529341835313971387222 0.540248641909927940218949515838 0.811096033071162736405312898569  | 162.598858968769178545699105598032 1259.644383285443609565845690667629 
0.392898315951882182162080425769 0.384957107560186528871781774797 0.161906968723945610122427751776 0.602725700481718362766514474060 0.651815325261010158897079236340 0.428401228328281646895447920542 0.013073826896937035257906245533 0.562279629532630664812131726649 0.111661052115294978648307733238 0.320239884287527587503063841723 0.548338112037811242771567776799  | 894.014840144785353004408534616232 634.424290445751353217929136008024 
0.755002590059309142134225112386 0.049435501025358874471749004442 0.731803339713238187869137618691 0.967929501048013563035965489689 0.722526962501639502534089842811 0.464174410235147050229898013640 0.581237354600379063640502863564 0.429581230004375314024400722701 0.359856822452574220960741513409 0.478781400385871691582906350959 0.188464558581960872629679215606  | 477.348013161007713733852142468095 1178.529505689853067451622337102890 
0.846445084442120077028448577039 0.262726829761341207358782412484 0.853666976893373785628682526294 0.007044461373455490615924645681 0.253888717205841274449085176457 0.787605226668544489143641840201 0.236846975203251375319268845487 0.951704107582957092859032854903 0.219668437542798855588443984743 0.398127926010962696068418154027 0.999861734739575069852435262874  | 276.259116231354482806636951863766 1123.038094471979093214031308889389 
0.267630077246451492101186886430 0.139531628036754895560989098158 0.543706221805658529433458170388 0.588179107743801665719729498960 0.712738771311562047117149631958 0.945822225239274061436844931450 0.305028746652093118996162957046 0.092525415661242504938854835927 0.146548690686881144529252196662 0.971809498923494885502805118449 0.439493630528962953007976466324  | 1124.651940219653852182091213762760 502.768018787558446547336643561721 
0.410401936860772309501044219360 0.313886161099274474395315337460 0.919483521595916286628380476031 0.093274688485607271104527171701 0.157379300810797317922151705716 0.377141106620108246261224849150 0.982041948735393077640765113756 0.068070677860797346170329547022 0.303401666706676564899680670351 0.859391925488205643546280043665 0.173229878409083326573636441026  | 802.173230322646645618078764528036 603.081042924781172587245237082243 
0.986829181549223832803363620769 0.162045233984370540269992488902 0.335095623235266870665327587631 0.512283697224255263336090138182 0.884695006522623117461989750154 0.424894719153135369538176746573 0.849540858221068617694982094690 0.165838826876020917211462801788 0.015211137635434468506900884677 0.455812696376568737832712940872 0.608453899372427997604972915724  | 24.515868661795849448026274330914 1184.820819737028841700521297752857 
0.077626002101863988968943885993 0.292309709184275234861161152367 0.557527564187241253534921270330 0.408640801402365028138774505351 0.544690888639230763601517537609 0.487962666114771792535975691862 0.272201929193577996102249016985 0.982715715832465974699516664259 0.496739451650478613942141237203 0.120393880721163526459349668585 0.543043417735443512128767906688  | 914.579203350766761104750912636518 112.074881517526819152408279478550 
0.403334904273135563812502368819 0.680437098484290459055046085268 0.020215279824231657812561024912 0.918793093970574403783757588826 0.275321529444289225807551702019 0.352151968680628257857279095333 0.526809388429821723320856108330 0.370127579321730237893461890053 0.232289099134941778856955352239 0.984650597104140601345534378197 0.811817380869882754268473945558  | 842.315186331055997470684815198183 618.745217206681900279363617300987 
0.531077728664326897956016182434 0.466080219703794540464514284395 0.295869398559526430858568346594 0.155211207124320793582228361629 0.537181423836909033298070426099 0.760337858012862355394645419437 0.604562749546470712402879144065 0.874346761493303148427003179677 0.989093783091028910803288454190 0.942754178878484339065835229121 0.290008056139608783041694550775  | 756.991107346640887953981291502714 834.756907023041208049107808619738 
0.770842743363830962266547430772 0.516148617322780722815878107212 0.412837590001316812049481086433 0.137164020986565660109590680804 0.605070621328748003975306346547 0.063248854764818673857007524930 0.792749148416508120362777845003 0.951249698026048307042401575018 0.332582537058383920225423935335 0.803102299087353088680174550973 0.754540082414282053946408268530  | 371.852492536061447481188224628568 988.032672008910026306693907827139 
0.177394636880229938924458110705 0.523278242365384116396853642073 0.981205968559928365380073955748 0.418614786818828576997475465760 0.129025320593608938679608399980 0.694329651096747824112753733061 0.628657403039111883913392375689 0.254873279622572113112255465239 0.851249946830098025429833796807 0.734107137879124849177969736047 0.088532219010835078165655431803  | 1081.691599686436575211700983345509 309.465667991292718852491816505790 
0.349555530305790895795325923245 0.267519508047632470493226719555 0.637798058038534065872227074578 0.028542271316450040785639430396 0.075125076113454980486494605429 0.135037908207012335992658336181 0.377645094503717970724210317712 0.433490596885659940085133712273 0.327644732304655406096571823582 0.591793719709395205086366331670 0.070752367214751643587078433484  | 1086.622577840867734266794286668301 664.840078022367833909811452031136 
0.877334799396937370374871534295 0.265675197409949603866152756382 0.395514851605190287386903946754 0.294115560884360860427477746271 0.933537181861799680859803629573 0.397784067836212784641247708350 0.675797928224982413780708156992 0.603631696095829894943562976550 0.729777317481568488233278912958 0.960567434039784728838640148751 0.796970590785202048778046446387  | 152.603151612055171426618471741676 782.169017287580118136247619986534 
0.377548000692959462298858852591 0.946313868253735535063242423348 0.887691699076688323089001642074 0.899383365798374967425843351521 0.731795586696412314609005989041 0.529437673433015731916384538636 0.739308853286290812434344843496 0.611448688587310940079078136478 0.509263581992824398980701516848 0.962363323834953376945122727193 0.179049023654435757180181099102  | 876.061301119145696247869636863470 590.450862757021127436019014567137 
0.445396250108029079228799673729 0.535502790604379441674609552138 0.871488823576616056243437924422 0.010394772917617700613845954649 0.667734003159628386470103578176 0.498633587532147259935300098732 0.017712516164248626182597945444 0.934798469222171135584176226985 0.127304370862370674899466393981 0.150908386318452159002845291980 0.447617319398661450691179197747  | 983.237817552188403169566299766302 827.542702435763771973142866045237 
0.562710808325599387558213493321 0.184235377774726316602027509362 0.041066786125869114698616613168 0.182711452339873403616365976632 0.806637952020059501023752090987 0.729274037240736916487549024168 0.523077692926159798503249476198 0.321812273397082293513449258171 0.994798284592834036743624892551 0.477083530423524138086577295326 0.840291948312966496814624406397  | 606.693104479016369623423088341951 739.757070990823308420658577233553 
0.305156184212679093548103992362 0.458749034384098308692045975477 0.583146021208420961556839756668 0.539622285509075538811885053292 0.263549084630396279749220411759 0.367250321586100270110364363063 0.765756593726031553615030134097 0.829011144772508146161271724850 0.574081203545146578903768386226 0.135953897992580508002902206499 0.750030428534566695475405140314  | 1353.017704949186736484989523887634 703.257984405480556233669631183147 
0.114766811091497444863307464402 0.832804043279590899828690453433 0.109880183109634543825450236909 0.892470395735930566161187016405 0.215072615496339381024881731719 0.869159976204922912756956066005 0.874357658855092978456013952382 0.206699624555408689730029436760 0.638755160642702435325190890580 0.802172306192368012034421553835 0.900464470269435324212281557266  | 745.869625297965512800146825611591 135.937680989325656355504179373384 
0.106021919940769038248618016951 0.582535514864009229540897649713 0.440634331414276658733797376044 0.148649565487991353052166232374 0.989815387923940193104499485344 0.475759768655894532685124431737 0.244198367001210669968713773414 0.743506988266792845365671382751 0.133352179062445230783851002343 0.604967820109289178276412712876 0.309442352115448571225897467230  | 1162.253269875467367455712519586086 195.369869244281034070809255354106 
0.785472362069812746199204411823 0.756722012485118611380130460020 0.863336243905148847943564760499 0.834929959880037486641413124744 0.388753404422512716109849861823 0.125242120428318060021410929039 0.719725853725831754559294495266 0.258144394657447762142510327976 0.276550727463359180546831339598 0.240917694843252760961149760988 0.923955647682896952233022602741  | 447.079392007608475978486239910126 1276.123711758423723949817940592766 
0.382063071582358304567605955526 0.140602315856433790486335055903 0.076689532399104365367747959681 0.224102437156050271482854441274 0.288639705826460257753751648124 0.374428127438168445451083243825 0.331996885473142100408949772827 0.519038515936939504058500460815 0.232885163422313468117863521911 0.096784960046173651448953023646 0.171804005150233862764252990019  | 868.868425154730516624113079160452 594.607634556168932249420322477818 
0.853781214274809130415633262601 0.273703669092972390330942289438 0.754149923439262792612680641469 0.506827072145277668369089951739 0.503914077680951422166799602564 0.930826633845994066973617009353 0.440257740349995430051421863027 0.448839083116828518882357457187 0.416228044266748753443607711233 0.491886033877118933332894812338 0.838216083628138264316476124804  | 253.228524232892993950372328981757 1083.072167341709700849605724215508 
0.908848395596693947595667850692 0.727817111527276239257844281383 0.751868079879496775674851960503 0.138383083097235015657133772038 0.645057539048872641274101624731 0.585717953028632720702262304258 0.832271497117240244278946192935 0.306758275169560334916241117753 0.283133790255428507975921093021 0.667579306847121856094418035354 0.009236959894595386799664993305  | 166.168729338530766881376621313393 1152.611763515854363504331558942795 
0.410731509713775366776644659694 0.586853117139467528318164113443 0.874945896395018962721223942935 0.235665464484677400491818843875 0.968932696510616864316034479998 0.740284289320259247801914170850 0.812680354420798778392054373398 0.693094438712449800732429139316 0.156128736992460659394055255689 0.893214307848699817782289755996 0.293586328192693812866309599485  | 765.780597000430589105235412716866 576.341487779410044822725467383862 
0.918505928856980347063654335216 0.957195409735932756234433327336 0.926081564283343539045745274052 0.660936292895236476852005580440 0.373374040548821284346558968537 0.581342770628596738902160723228 0.613086855608575120868408703245 0.690832774434726459844569035340 0.408646197726012516682203568053 0.617197372513336617316781484988 0.098929281326929796591684862506  | 105.854902534687113302425132133067 822.401234993330376710218843072653 
0.473023009009311934391917020548 0.067452572504508978568082966376 0.813370927442274904706209781580 0.701786588686992729435587534681 0.499482231043149482729859300889 0.096331420988464699917130928952 0.550105819426322639742465980817 0.492600874102054220315949351061 0.284104605625374873056898650248 0.478709566437784062031823850702 0.697652477282348471021578006912  | 423.801494886008924822817789390683 389.324356539885968686576234176755 
0.380489361244272572548652533442 0.460563595246568979746371041983 0.588321143288297321305435616523 0.546718667945018665932366275229 0.004745069562650527927871735301 0.779321447454758953199416282587 0.075465042568007234535798488650 0.834885273638152014541446988005 0.878799178268543812464486109093 0.147383309193411804471907089464 0.291651023083357330278886365704  | 924.648347813491795932350214570761 629.429947104836173821240663528442 
0.628887830200346442666159418877 0.278845070870184841282934939954 0.070930510592726037089050805662 0.831686611606597736567891843151 0.883931364341639991266674769577 0.332789266074090761549086892046 0.210426854181095634999110188801 0.733027970829105868233455112204 0.174978432745067635778468684293 0.725132354269220513742766343057 0.932021943275991304744820808992  | 632.834981548521227523451671004295 959.741153330559541245747823268175 
0.889200639857119057296586106531 0.494456535150746390172571409494 0.775101869238108420745447801892 0.380611553222319543010598863475 0.193565621375240581869547895622 0.807935284858148250464182638098 0.913772991257690847533012856729 0.080663694424453424858256767038 0.058329034210547803240842767991 0.414787149924150000401823490392 0.771122619663568542591747245751  | 127.005889977210870256385533139110 722.354520521860649751033633947372 
0.459700773292729181207505462226 0.634430541199986208766858908348 0.032048462694890034185846161563 0.094528969678636443063624028582 0.510412260035870701813109917566 0.781400244001977384300516860094 0.806901410093086468577894265763 0.075856931651921755133116676006 0.406770518332240982317671296187 0.365901310497823928358229750302 0.298044576264244298613448336255  | 553.011909896225120064627844840288 487.083813735063642980094300583005 
0.342320218235288464825316623319 0.881348984166283599961388972588 0.812585948829873672139001428150 0.005025695892403092557287891395 0.321229551750356279171683127061 0.169494266204003096731867117342 0.299035252726813638446401455440 0.476169320767226622592716012150 0.564936575180093214498810993973 0.616988782857895046163321239874 0.322160327033724769307809765451  | 657.175366081123115691298153251410 391.892263799035163174266926944256 
0.045776445322418979344547551591 0.817198523624728778713688370772 0.087017894652289484724860813003 0.370314528362664319161012826953 0.747272984759868919013570121024 0.980936072889370791472174460068 0.324473013602281312728337070439 0.097398934266566428163969248999 0.340481899100325335894012823701 0.884880504751116347961215069517 0.262986519702522514307929668576  | 1065.059950599192461595521308481693 76.715901450328814803469867911190 
0.980800494605940542669486603700 0.728610292357437572263734182343 0.950337627440314136606502870563 0.071345415511766319127673341427 0.327763570181687668991799000651 0.889197302430739355827427061740 0.563533704625102771501587994862 0.875943180018253997332067228854 0.248963033501993891150050330907 0.367085368095898090246009815019 0.272211856999224011133264866658  | 42.228495864338853493791248183697 1399.793582048544067220063880085945 
0.172296208117021620864761644043 0.729325423915689441400900250301 0.563413029597590764296910492703 0.106547726722951097144687082618 0.437620756495483931303169811144 0.166500006497821928519442735706 0.099727621535082633386082306970 0.733856020608266490512505697552 0.317388215657583572237854241394 0.430640720563243206697734422050 0.038063068501447361313694273122  | 1174.487900419171410248964093625546 325.861319113659817503503290936351 
0.749550036448869860805643838830 0.769061942992367519877916492987 0.113728475072695900394137424883 0.781801967678433129549375735223 0.831062616561663247694013989531 0.735555994581320149450220924336 0.748093361470234086141317675356 0.517573215901501626490244234446 0.802367605872721156856641755439 0.422101396245990301281381107401 0.093357184733294573675266292412  | 365.953278244522891782253282144666 881.726161063570089027052745223045 
0.514263616070385509715379157569 0.540374091830649661005736561492 0.832729487775381471692526247352 0.591904127834666837770782876760 0.606081236606412332434956624638 0.192487526003862541301714372821 0.038548564271742691289546201006 0.398436568682271285979368258268 0.517261161322812412777238932904 0.588304306425458278795304067899 0.728388229664835407106693310197  | 544.341018958373865643807221204042 569.296506207282504874456208199263 
0.386557803061485572015953948721 0.048954826150842123411166539881 0.620764491913794458355368988123 0.978211041767501399135653628036 0.867207597816674891078037035186 0.542671045923848183178961335216 0.266336317704903180469955259468 0.604925904519005186443791899364 0.367307288849614721470970835071 0.460618913829801357451287913136 0.558699098359950241388105496299  | 1170.453289612042681255843490362167 813.189429991459746815962716937065 
0.635253107624142998588467889931 0.436074011369928626891123712994 0.530971323681116658121936779935 0.495034082406306197299272753298 0.297293174596072518056644184981 0.957452468018690439066631370224 0.683455654014391456030352856033 0.210414469230251199860504129902 0.968648799413626804266641556751 0.754950695676411598356025933754 0.583991901691563342069457576144  | 549.817784796059413565672002732754 852.260715322345049571595154702663 
0.000937194250854034294206940103 0.176855226536105192280956543982 0.057592900572108973733520542737 0.816856264581689472947800823022 0.188288964730320529383789107669 0.232520023718407742308045271784 0.191184974684418307333544362336 0.051051897952680391767898981925 0.825714816044238020253942522686 0.364518725180399627561200759374 0.382242747599255139334673003759  | 1137.536266520011849934235215187073 1.674615312844543124626284225087 
0.308443029162566162426628579851 0.555029376712745659006031928584 0.146548860054290130960907845292 0.394988605191734620802890276536 0.204584670900203491328284144402 0.253059279063927888842044922058 0.220280041305429108433600049466 0.844915137854030717790010385215 0.738645742231598845251028251369 0.882942715503043373814762162510 0.545614816656758705448737600818  | 1203.130573648386189233860932290554 633.262336856612250812759157270193 
0.785423396154238062649710627738 0.248737586083818129623068671208 0.590966933583812803476575936656 0.429226010070307140154000080656 0.134894625431753567568193830084 0.221692299690053218341745377984 0.210147603951950756595579150598 0.284741137604404670469193661120 0.397119331741039971461759705562 0.677336331712155015338794328272 0.560842987017247551762011426035  | 315.304187782615485957649070769548 899.768586031911695499729830771685 
0.684436100970442495849965780508 0.238521744314539319020695984364 0.669768012604935236709025048185 0.312178221103929232072005106602 0.396122185869558052218053489923 0.871347712513168559667064982932 0.400341233618801695115507754963 0.147027247544185613037370785605 0.615703775975770639661277527921 0.820053356128351396137077244930 0.752310392121099624773705727421  | 491.322969516205716900003608316183 908.654358962066453386796638369560 
0.890459194713169921442386112176 0.745547927526878595472226152197 0.246296496322488067676204082090 0.706326241012259714580068248324 0.528226457948383298912631289568 0.548561028582637888462159025948 0.988722169540197981518758751918 0.758501195461676047671062406152 0.470209558072006927886832272634 0.186872569950523370607697870582 0.323600862538699018955412611831  | 213.285549255217034669840359129012 1227.297198654582643939647823572159 
0.616012239518857640518945117947 0.373156799601666477883554762229 0.578334520267150153927104838658 0.518520952125385292674764059484 0.920341802614478510236040165182 0.795062788814860255115490872413 0.179704185439511832100833998993 0.425373582425436325138434767723 0.944033660923279782650752167683 0.235215500055069526297302218154 0.692739253186795522765351051930  | 530.009027898326166905462741851807 769.472180116213053224782925099134 
0.734976020584394262868954683654 0.394238467933190506187202117871 0.504529410478564699360504164360 0.459036743373324895856057992205 0.006762782741439821165840839967 0.513953800293169393853531801142 0.316688679905647418877379095647 0.190084713648960956788869225420 0.894220545962845392296003410593 0.787113621195082657777675194666 0.315213838082231134762878355104  | 184.116385070892135900066932663321 416.420628185740213211829541251063 
0.061865016133294759015370800626 0.267366071045113784521163324825 0.813213770551449499635054962710 0.761737825830087089684639067855 0.643357779422903064414640539326 0.691626651826565463920815091114 0.364399334989926160233153495938 0.602056542926179716346268833149 0.497632146272643183237960329279 0.135469404591811226623576658312 0.740402440047162713199213612825  | 1110.346003181469313858542591333389 108.241409465903061004610208328813 
0.003306244259469792723393766209 0.977028759418139713943673996255 0.577202200519534969203050422948 0.001883717936367546030851372052 0.366818302034603860306560818572 0.941304490245476799259449762758 0.633073447251016219183838984463 0.299015096070123220783898432273 0.629968642479390439348208019510 0.858089846158254232477702316828 0.103345573518087263664710917510  | 1084.306408068606970118707977235317 5.631326930536973307539483357687 
0.430334089444647460709347797092 0.184431480189193308660833281465 0.438960169967145930058904923499 0.715012687396933799277576326858 0.786823202752550798777519958094 0.345364390117294917104118212592 0.066874543635110583750247315038 0.105810223082080767653678776696 0.584816027024343654261429037433 0.825968716266055835717452282552 0.480542834927046413895368459634  | 727.287300123136674301349557936192 583.293905840867296319629531353712 
0.632754359554503764684341149405 0.575028276007680361203711072449 0.541492192707245578731090063229 0.343139602094943541032989742234 0.793179070878492709084639500361 0.812885883404907971794273180421 0.484069092179959525878985004965 0.530311379407599758906144415960 0.602142052804053307113463233691 0.393724157116672301981452619657 0.105007378105003823520746664144  | 408.811324280314238421851769089699 628.262603506052755619748495519161 
0.536148621774936273709499801043 0.401183836960477435695793246850 0.028702653928677435146710195113 0.822331302552246512505007558502 0.074993630326023463794626877643 0.601675992508713619599802768789 0.403261510896410158011349267326 0.548856155845550475191885198001 0.720239077559972074027427879628 0.209403615000150367109199578408 0.477048989108951104753941763192  | 500.651879357579105089826043695211 560.999573828819166010362096130848 
0.441397354779057948803711042274 0.332670935624403085739686503075 0.128983466275583325000297918450 0.068329503415222703210929466877 0.150134459119319885189725027885 0.021259732894982619200163753703 0.808877472047687007261629332788 0.684746262867735211443687148858 0.651400312411851700744591653347 0.210091060639562954293069196865 0.401164191455416485609930532519  | 816.418485842286031584080774337053 678.424021846114328582189045846462 
0.583304602301467411962221376598 0.472194822414531145682303758804 0.465735096161431272321351571009 0.965634465074126424610767571721 0.912601836316799364112739567645 0.558079816924992755389212106820 0.697339103561409601184095663484 0.226707131582980281336858752184 0.309233690312703757285817118827 0.383106495958115189637283037882 0.220930474444497093600148218684  | 586.855276662058827241708058863878 764.733223555164045137644279748201 
0.707382491080242203906891518272 0.997562815188087981255193881225 0.382341751772530713537889823783 0.657839736476967473777222039644 0.277034886702072213893188745715 0.916740084515790698560522287153 0.084550490187098148453515022993 0.775938554976656646999799704645 0.141222453398320624273765133694 0.829142522515194713150776806287 0.422663298914940810391271952540  | 451.384223407641002268064767122269 911.880683035338279296411201357841 
0.173864084552263875593780539930 0.958187590405778166768868686631 0.870944779680412395350685983431 0.327443974717061436763287929352 0.847251418330781547183505608700 0.571467255863160161766245437320 0.938920400444166247666544222739 0.044062235879060551724251126871 0.696385053555262700797356956173 0.878300246522023542183887911960 0.226914931462232516423682682216  | 1375.941641203515928282286040484905 385.406647250992193676211172714829 
0.018077341002362246058510208968 0.807772179484180341546561976429 0.114948811472004308598116040230 0.077430815137935482539432996418 0.219334240736182906061912945006 0.745421774419442684234127227683 0.271821269143478261298696452286 0.803498993044181375466905592475 0.124853124813052218655684555415 0.701110434132294457754142058548 0.300174901380737324529945908580  | 713.345954772105301344709005206823 20.261489990822923346058814786375 
0.503528413109208372588909696788 0.706320167360642514609025965910 0.894465418862958827617148926947 0.191946868713541718420856341254 0.150314953214570223849477770273 0.481433497330625570498341403436 0.837494844536953664260181540158 0.079933056548691538978346216027 0.271170660195396706626524974126 0.357101955576355933885679405648 0.886919548746204711164864420425  | 679.929590069778214456164278090000 687.508582094529174355557188391685 
0.593894575892507603498415846843 0.238820164699198755897668888792 0.947557124071764178552257362753 0.104829656832619022566177591216 0.480649001787057272849779110402 0.478004862825226695122182718478 0.481285357163537597102731524501 0.037412421169225495987120666541 0.579607502913933814170377445407 0.096077349631444874944463663269 0.006272056947947746152749459725  | 563.656072398389710542687680572271 760.363069617106702935416251420975 
0.697387913807350656725247972645 0.878813338663322340948980126996 0.951519569116324959168196073733 0.382569467839113386276039818767 0.724793215802248980139665945899 0.934235536972527924604037252720 0.294505057646031076501458301209 0.303727608861366960013583593536 0.749209465966503174172430590261 0.151492638719544103764746978413 0.816762128975907941708101134282  | 521.544124724754510680213570594788 1013.288289802499321012874133884907 
0.071268041659573455604004266206 0.277050203787904791852270136587 0.088623810017862680865619040560 0.899694294259017368631248245947 0.466637599030541139200067846105 0.462478232952737045025060069747 0.563413234092003278874472016469 0.218380190730036005675174237695 0.397014889358485945081156387459 0.189502510293007020436562015675 0.438469838088428431888132763561  | 909.170848260832485721039120107889 102.206792354164448966002964880317 
0.711694829852735466602098313160 0.108676754524056562445366580505 0.380042901330584825814185023773 0.340520902072860565112932818010 0.793902205303117725065931153949 0.889251801304364875022656633519 0.078705777241932395327239646576 0.190617587840524294051647302695 0.406605376486263381252683757339 0.996447292519370364516362315044 0.754318947142705198416479106527  | 306.207630205518171351286582648754 629.282450839918283236329443752766 
0.554827528641098410844278987497 0.077703289887050885909047792666 0.120678827053968262816852075048 0.873264749426665431997207633685 0.392809687312762889632722362876 0.937800550277936295628933294211 0.613295457518150399778278369922 0.808692427242659661601464904379 0.793688721484352655011207389180 0.668539358016168705489690182731 0.196879686534021658417259459384  | 479.390027903159875677374657243490 569.989744860352516298007685691118 
0.049317654406191735461106873117 0.509087285983335746664124599192 0.393134826979883555964079278056 0.100606100456472447035594086628 0.137483960752366130009249900468 0.687383151860419872036800370552 0.148160619864860620964464033023 0.500901725672001418843137798831 0.905459761790920580892816360574 0.599666680461684364900065702386 0.700940621287980292208885657601  | 498.167194207389911753125488758087 38.669397796120954069465369684622 
0.124494391520617142532501020469 0.396692040475226548323917086236 0.304866177952062500366992026102 0.604114388748280717322813870851 0.060970787545862492606829619035 0.901695370333268186868735938333 0.365927058583430664384650299326 0.135914008448352774394152220339 0.342800211476884442163282074034 0.023073407491555286696893745102 0.402728683643404750114314083476  | 851.514812761215125647140666842461 168.673900561492047245337744243443 
0.080170517253883133435010677204 0.039306155611670945404512167443 0.390607008275681621967123646755 0.073502772050657583235988568049 0.094712819985364404828942497261 0.462807133635530831838877929840 0.080896229977669875665924337227 0.709631737498066073044356016908 0.041341890428146399472097982652 0.937568112416427013044994964730 0.806235068061814885709281952586  | 1046.423273441523406290798448026180 132.478766674872105113536235876381 
0.509010074062372197545300878119 0.679102280042604533605299366172 0.216026510552243422580431797542 0.397210164827891176742014067713 0.584385623352302374655664607417 0.474591388493651678004425775725 0.129646800294661801444817683659 0.504910006152995194383947819006 0.630520233935939700131712015718 0.618404938694352424022326886188 0.212027317164213968680996913463  | 462.292232304633159856166457757354 475.566626854509138411231106147170 
0.054629882395495599212154047564 0.717950143410563512702537991572 0.793094232172782298562196956482 0.353503531701091944228210195433 0.547193542002254673661809647456 0.539792685467492816542289801873 0.713979607257295256772522407118 0.330881587848821823172329459339 0.587643128038498829823765845504 0.487247949035955585372903442476 0.007975763978045335989008890465  | 932.077422900793067128688562661409 80.180725506174539418680069502443 
0.571519173566908733619129634462 0.586899758918068670254797325470 0.421503820413867913430294720456 0.921457450200122707428818102926 0.290172987032528695294786302838 0.563774996512558246308799425606 0.026310337178349740838712023105 0.775812961496258779447998676915 0.094756674308689170516117883381 0.070420387352040592077173641883 0.506089452826264718510174134281  | 502.071356970081694726104615256190 629.761409402668618895404506474733 
0.184664723311012579642920172773 0.250236295556566901154837978538 0.886164245337717204620275879279 0.267876555373080194044632662553 0.548191838632176242640525742900 0.818733516581175990722840651870 0.596121322980859957851862418465 0.628820604219589185390759666916 0.692191819642733463524564285763 0.815085555604905920290548237972 0.592922568217927548062107234728  | 847.674828461477432028914336115122 253.022247927095008890319149941206 
1.000000000000000000000000000000 0.400050648248624240999049561651 0.499999993863898761770059309129 0.500000012063350096624958496250 0.500000004291148547608258922992 0.499999992386030878144254074869 0.599949377850243159571164142108 0.500000001201716059995305840857 0.500000015039384848591907939408 0.500000013522233555107732172473 0.400050607872553365407242154106  | 0.000000000000000244836344896648 3.998480950868653849283873569220 
0.000000000000000000000000000000 0.400050648248624240999049561651 0.499999993863898761770059309129 0.500000003510263191230933443876 0.500000004291148547608258922992 0.499999992386030878144254074869 0.599949377850243159571164142108 0.500000001201716059995305840857 0.500000015039384848591907939408 0.500000013522233555107732172473 0.400050607872553365407242154106  | 3.998480950842363768060749862343 0.000000000000000000000000000000 
0.012881631525357123413400017853 0.400056886189594618219445010254 0.499981790837165540608566516312 0.499990187955219822502073157011 0.500013237401837673523630201089 0.499988960646183089320260251043 0.599951789668268120614413874137 0.500005324299300890622532733687 0.500032484939672561274903728190 0.500002128316185401324389658839 0.400056057747344651076559784997  | 3.998035107371783691831979012932 0.080908962004505424747691222365 
0.513774429287689349266088356671 0.400038085038315227581762201226 0.500013167342835740392104071361 0.499991681308846913633914255115 0.500017793802886023613041288627 0.499985896018204090118786098174 0.599925497089618953161505032767 0.500010560961617334108098020806 0.500018288837587032702458600397 0.500042373628853509259784004826 0.400037024595007228988663428026  | 2.766055407940770649588557716925 2.888419373112441679296580332448 
0.690060319742261119024817617174 0.400069499861852584388088871492 0.500004761606640646398602711997 0.499973220125602912933260313366 0.499973394942198889889795054842 0.499989969824469804304811759721 0.599953455981845351629999640863 0.500008778842790380103622283059 0.500016719170616852352395653725 0.500018123022251237408397628315 0.400029707749076923750664036561  | 1.870954861649449574301229404227 3.534428593596883327876412295154 
0.770608085507550777393248608860 0.400009119507777899382716668697 0.500002560528017059304772828909 0.500009455492451015956589799316 0.500011958076105877957218126539 0.500015004204713786606362191378 0.599946008521756724007900629658 0.499953498494059067613903835081 0.500027469368995336473915358511 0.499996788561275773421499479809 0.400078593744707722290598894688  | 1.410200452746632748812771751545 3.742795267940223435942925789277 
0.531128590873015671292023398564 0.400050648248624240999049561651 0.500012943060440973042091172829 0.500000003510263191230933443876 0.500038024882462961429041570227 0.499999992386030878144254074869 0.599949377850243159571164142108 0.500000001201716059995305840857 0.500000015039384848591907939408 0.500012063544906459888750305254 0.400050607872553365407242154106  | 2.686013982455706550211971261888 2.962424156614951176180738912080 
0.443004684661160441638827478528 0.400107183606992045099559618393 0.500039234194713744230398333457 0.500009313738245086966571761877 0.500007252862662343595445690880 0.499946389526889911625318063670 0.599963357299616695250676912110 0.500049092784741189277042394679 0.500003031814030385326930172596 0.500016439244849730805242415954 0.400029882051444407586870966043  | 3.070496295670594122384500224143 2.564641275025266065057394371252 
0.044305121347518516827790335810 0.400038077887779952579450082339 0.500018549353878571928078144992 0.500005648305062333491832760046 0.499967107689912315660052399835 0.499928959384934146203960381172 0.599929928408212687074296809442 0.499978541373571505612716237010 0.499989422937444083494540336687 0.499987896923812458194191776784 0.400063981437667415264058945468  | 3.990365509922246367580100923078 0.278155997518850561789349740138 
0.785001347217666012312520251726 0.400077444201054177597143279854 0.499982871053704036601317284294 0.500006893939945018523474118410 0.500007142377910995811873817729 0.500000024431429768156931459089 0.599959702910334402581327140069 0.499979341152756162625081515216 0.500006507856746829077110305661 0.500011347630210378767401380173 0.400058822330066954364724551851  | 1.324963434010531182494219137880 3.772968992687653511097778391559 
0.756478750665161570054806361441 0.400078955742217301505547766283 0.500021718440804674443711519416 0.500003895481860860527945078502 0.500020287191420442773903687339 0.499979465203215234225808671908 0.599952354377215502090336940455 0.500002593230305159011095383903 0.499995588873845986377375538723 0.499985011333668682986797193735 0.400091309441816034286887315830  | 1.492777112969289277089046663605 3.710234734483653262770985747920 
0.420524101559257512672473922066 0.400060817873609420036729034109 0.500028130423428751605285924597 0.499985845040772758363090133571 0.500025115890135651852688170038 0.500027855181227387504350190284 0.599956733537599262717776582576 0.499991660709092733405611852504 0.499984839477872200497188259760 0.500038974354331977600907066517 0.400098149497635724447519578462  | 3.158435458323124667145975763560 2.454101024679789411209185345797 
0.504637184808767735866297243774 0.399976373894228243166537595243 0.500019612108597355515371418733 0.499971043705068174389793966839 0.499971627026000120519455549584 0.500030863114726997764591942541 0.599964948855728930077191307646 0.499974949922293410153883996827 0.499994761348031779846223798813 0.499972618928978318475486730676 0.400069977112430974486301238358  | 2.808141467352232911736109599588 2.849351789307373650217414251529 
0.181309476300548361171749434106 0.400076388799578797073053237909 0.499941299741565647885011003382 0.500000528038515579254408294219 0.500011863885861385092823638843 0.499984855019159124545069516898 0.599947718619656900074232908082 0.500018141633042811911025182781 0.500026098660838469456280108716 0.500006920838492741054892576358 0.400067306810873046796217522569  | 3.838516068651998125460522715002 1.123759090598405618877109191089 
0.675552381977338467500260321685 0.400100902417164616675648858291 0.500028498545440958089614014170 0.499971169273107529651412050953 0.500008304802037062408714973571 0.500024966903420464703344805457 0.599951279162657447052708903357 0.500010501408421847990837250109 0.500007615493282209229164436692 0.500004974990987061111979983252 0.400046976259869235814647936422  | 1.951203690422026681972056394443 3.491227054979564314862727769651 
0.702715720624135675720367544272 0.400011559421430740179914664623 0.500028253378509979221178127773 0.500018841047464968063707146939 0.500026879079779051906484710344 0.500008228887786287941707996652 0.599949767362337516019010763557 0.500024061765418692537821243604 0.500008762216550217694077673514 0.499999348270146193318197447297 0.400053721140383289345265893644  | 1.800425829685843082117457925051 3.571113250761701163327188623953 
0.493374227701566803183652609732 0.400035911258571852400223178847 0.499988022092586970046568239923 0.500021923850733629457465667656 0.499976276167388378190992170857 0.499953761369401505909593197430 0.599933710940124598209877149202 0.500042532810985318469931826257 0.499969926160120703428901833831 0.499957474531958101504613978250 0.400039145764673198524263852960  | 2.857816613359461577204001514474 2.798940437723505425537950941361 
0.857677237347986842763702952652 0.399972586547473141216357817029 0.499986916801363590057150076973 0.499998347461487802068091923502 0.500018345213086412570646643871 0.499986351386960903298017910856 0.599951906379343813391358253284 0.499989811891140556454615762050 0.499988120750857856222637565224 0.500005975299261717914589553402 0.400043839193876316073783527827  | 0.886785031263470968632134372456 3.900347614917418326285769580863 
0.424559243235751226919205691956 0.400091515562645383408124644120 0.499957496125999156788566324394 0.499971043705068174389793966839 0.500023493553203302042220457224 0.500011527614310447020784522465 0.599943223457083729677208339126 0.499972180477182726043849925190 0.499984635139596123032390551089 0.499972618928978318475486730676 0.400055378918644122254733019872  | 3.142846353735062603362848676625 2.474094021979508450925777651719 
0.402012763824704688619959824791 0.400071915936791255852256199432 0.500041673730995284152811564127 0.499939686793635651440581568750 0.499992831533303483393382293798 0.500072664690079937699351830815 0.599977053266188553592996868247 0.499983290674064606573523406041 0.500010618473947454631911568868 0.499971186834617220551280070140 0.400043839193876316073783527827  | 3.229495415145378967025635574828 2.362002001384578608877973238123 
0.963822237718121255234393629507 0.400039413999068560467975430583 0.500014373041902104866096578917 0.500032439590263999562580465863 0.499980959523876167249767377143 0.499976461773916469599754464070 0.599924209807457198273539233924 0.500025307961625919972448173212 0.499968809618919596271524596887 0.499973372312552011287323239230 0.400071632326077175623169068786  | 0.227166887465826417003000869954 3.993149703522649751619155722437 
0.357709321748551800634885466934 0.400100902417164616675648858291 0.500041719493935721274624484067 0.499971169273107529651412050953 0.500008304802037062408714973571 0.500059434250210599337549410848 0.599963742381182218998958433076 0.500010501408421847990837250109 0.500007615493282209229164436692 0.500004974990987061111979983252 0.400014124177062724285747208341  | 3.385459941202600742116146648186 2.131429534444988949104526909650 
0.634044411955705933259253015422 0.399998662214702871420257679347 0.500006631059568773522983065050 0.500020175506713737689779009088 0.499972893416681218869968006402 0.499993981747633375878336892129 0.599951182976055985562879868667 0.500025792825590231771570870478 0.499980777585211644264973074314 0.499994325169963005350837192964 0.400060553769044091598772183715  | 2.174528571951259703354253360885 3.356682608545186408122162902146 
0.330973018806648311418427965691 0.399981274475549597458012840434 0.500003421358191091350420265371 0.500010690769610910422215965809 0.499970132826346780330339925058 0.499959000010998633189984730052 0.599951456894533774466538034176 0.500032194589733247624963041744 0.499985545291907029774591819660 0.500013517933215911881461579469 0.400079092292339677516821438985  | 3.471846114317740816801460823626 1.987345037775962053316902711231 
0.812091151482906781211568159051 0.400086755260423587721163585229 0.500030332677012578912467688497 0.499949184733871065944299516559 0.500031015659097910486252658302 0.500010481500593018111544552085 0.599951674611888918775548518170 0.500007867449005938276229699113 0.499990665247557086736662768089 0.500010936077087020379394743941 0.400039392910762514610212292610  | 1.163515571800725734163961533341 3.826747938470342003114410545095 
0.976322216460350778000076843455 0.400057338056298394945997642935 0.500019562955297702799839498766 0.500003895481860860527945078502 0.500004670184693300605260901648 0.499978436580161944569056231558 0.599949377850243159571164142108 0.499991996044618192129860290152 0.500028390097017827464753736422 0.500012063544906459888750305254 0.400051473721711625675112600220  | 0.148695409231401953764617474008 3.996099719088634039110274898121 
0.385900470537522022329568471832 0.400019007508005119966298934742 0.500057272935964025606381255784 0.499902367420640869610792833555 0.500014501804234345883060086635 0.499984145145002667476319402340 0.599976826210980918041570930654 0.499982120131482077329820867817 0.499981778380009567186448293796 0.499951271612198377969349394334 0.400054229463410404576961809653  | 3.289026007426194997407264963840 2.280066921790171008410652575549 
0.899743125836500956538088757952 0.400053031069216746828942632419 0.499984399115247724054711397912 0.500000329330322568210931422072 0.500018527870666029677693131816 0.499987372089864379187673648630 0.599944445797226277861113885592 0.500025307961625919972448173212 0.499994622115367659542783940196 0.499980891433718099836625015087 0.400029610853377848300738151011  | 0.627163464171308970840357233101 3.949439700135481512432988893124 
0.623021140091717495756995504053 0.400054990794173614965245633357 0.500000354963574866751230274531 0.500005790718406228911874222831 0.499994023506256213273957200727 0.500043165116954790860859247914 0.599971627300801779725247797614 0.500041178323659019078206711129 0.500017457664779674253452412813 0.499941123575105006437979682232 0.400033643858909604418272465409  | 2.232664625221759457929238124052 3.319038428530399986726706629270 
0.987751271594644042473021272599 0.400030987986732256000976803989 0.500001097595081711588704820315 0.500013510884259382294203533093 0.500009357145124844201689029433 0.499985795275290967332182390237 0.599940681474735670875020332460 0.500010681449373439733108170913 0.499997943348955808939848566297 0.500004669483311015021342882392 0.400071406260954665068396707284  | 0.076932779353554511803103821421 3.998038258403774580784784120624 
0.744758899169829735598113984452 0.400030987986732256000976803989 0.500001097595081711588704820315 0.500024896942967367330368233524 0.499941583970204994624708660922 0.499985795275290967332182390237 0.599940681474735670875020332460 0.500010681449373439733108170913 0.499997943348955808939848566297 0.500004669483311015021342882392 0.400071406260954665068396707284  | 1.560918819207098184875803781324 3.682350303928850099310920995777 
0.844491059305132685253170166106 0.400040748305458826461489252324 0.499935485992383410458472781102 0.499993008354298718032282522472 0.499955943255924017964986205698 0.499978012700011076319128733303 0.599963908009386148734165544738 0.499984689827347617008257429916 0.499987487905485417094553213246 0.499968792126688765797837277205 0.400038240232253872186163334845  | 0.967440236580843770930471237079 3.881401580528259565028292854549 
0.551364820328679394734194829653 0.399986798078375505038906112532 0.500008869551193058100579946768 0.500029211868266543206118512899 0.500001561734280230986371407198 0.499993442755092942775263509247 0.599948095498654021540119174460 0.500047037012766315555722940189 0.500037173358571784831383411074 0.499996731169405794759086347767 0.400023713980455497551957932956  | 2.591481934216572469154016289394 3.047440756150086027531642685062 
0.823930699093589735682030550379 0.400061220830612740417819850336 0.499995087423201978182873972401 0.499999073319258691139310712970 0.500013337149807335357820647914 0.499985390239034266368634007449 0.599947530529390093967379016249 0.500022526749814288926643257582 0.499986974663091277015780633519 0.500010959092921258850594767864 0.400026873476609812207982486143  | 1.091913958555525532290175760863 3.846890242220133426798156506266 
0.870480080593880156669683856308 0.400030987986732256000976803989 0.499990801525617145628643811506 0.500013510884259382294203533093 0.499995674555577751529966690214 0.499929652251285105979405898324 0.599963006995504199991842142481 0.500000096794190218574271966645 0.499968240725314427841396991425 0.499966371304555012855530549132 0.400031832763332373392728413819  | 0.808219455680677878461892760242 3.917619450536006908691888384055 
0.885454716073906578088781316183 0.400013799135743974844103831856 0.500031980193692326963628147496 0.500010226298047033566263053217 0.499954417691163333081760811183 0.500059891891391439244785033225 0.599941541657184829183790952811 0.500016434250222241431060865580 0.499959900994224715198299691110 0.499942338450060752563786081737 0.400042710831008618832527190534  | 0.716036661714199773598465981195 3.936550693883031470932110096328 
0.607023318529417044153717597510 0.400090828919749730285815303432 0.500001557878854363536902383203 0.499969146739031589099511165841 0.499972289203461928153160442889 0.499971529326818542315891136241 0.599932736478087313969353999710 0.499999607388498523707909271252 0.499989453252345228406738897320 0.500014452591859170915711274574 0.400031536585265745653572366791  | 2.315002561229554167709920875495 3.261392997070552635108242611750 
0.127830860473534757559832542029 0.400044132477343106213396595194 0.500024193979691333744597159239 0.499989137438768049825910111394 0.500012170206929340565693564713 0.499965423407166209557317415602 0.599953286714094202736191618897 0.499994182134568199149526890324 0.500045981446483711607697841828 0.500016660415441793752222565672 0.400036985943361067530332775277  | 3.919056569733572636948792933254 0.797681381956069079919302566850 
0.641697856769473329308084430522 0.400010793252635110661685757805 0.500024944143142135999369202182 0.499973075721535598070488504163 0.499986414172091275798237575145 0.499988922363718946151323052618 0.599944987271209040358144193306 0.500035434673666401295122341253 0.500038448884647435122019487608 0.500000081970604859371576367266 0.400022674477357786937403716365  | 2.134195898684965175817751514842 3.382863020000471898640626022825 
0.933126049192857354164232219773 0.399982134035828551521518647860 0.499993755256777860918049327665 0.500000735090581627240169382276 0.500021486871500830950765248417 0.499998106573817768794043558955 0.599941044941777468224586300494 0.499967593030097356976426681285 0.499955938518895970368305370357 0.500020981765620708969777297170 0.400032020143011035617774950879  | 0.419437119729507978949101243415 3.978216981776711680396374504198 
0.368566055351096266701205195204 0.400056886189594618219445010254 0.499995561134104704592573398259 0.499944794418092475218884374044 0.499965602432326350346158960747 0.500023278757305456032611346018 0.599960424720864304859446747287 0.500054440669073896330587558623 0.499982619284173701590390237470 0.499969028939514725795589811241 0.400049344430480235956792967045  | 3.348413640458682394296374695841 2.188716183436966833397718801280 
0.718848654687468613389000893221 0.400061220830612740417819850336 0.500018722074543009448177599552 0.500029161458796056471953761502 0.499980551841438025650887766460 0.499891084090768877956634241855 0.599924814998703315183092854568 0.500010681449373439733108170913 0.499980954388121678899636890492 0.500010959092921258850594767864 0.400071406260954665068396707284  | 1.710292510018833755935929730185 3.617560019607950039244315121323 
0.947693020829613264055524268770 0.400021666404158315888395236470 0.500003421358191091350420265371 0.500010690769610910422215965809 0.499970132826346780330339925058 0.499959000010998633189984730052 0.599921589738943938918680487404 0.499982309618473452772491327778 0.499983619708828208594297848322 0.500013517933215911881461579469 0.400080405807558270314672199675  | 0.328256715952995881124820698460 3.986165027612906808229809030308 
0.484669128944737348518856379087 0.400052692531738696146703659906 0.500007181440916603776258853031 0.499882180496301897765221156078 0.499986527945465830669036222389 0.499878370999511323358177605769 0.599919322022381185099959566287 0.500014144991364317682780438190 0.500000534071793012458329030778 0.500004832077129757195166348538 0.400074504765674965334198986966  | 2.898990090414237830174215559964 2.762622606072154152201392207644 
0.479410104786207491578409189970 0.400065284725056036219115185304 0.500011531023088151570732406981 0.499975029070317766866082820343 0.500054179835301759737831162056 0.499971402998802716410864377394 0.599953217025102070181219460210 0.499991368319759266203305969611 0.500010229211106826952004666964 0.499968317083857527460821756904 0.400091566803079778935625654412  | 2.918396911178863017966023107874 2.735472668243352334371820688830 
0.538546376855776109948692464968 0.400026066449327422080983751584 0.499998676691348897804800799349 0.499966829249563149417667773378 0.500002500558732188018495889992 0.499983051182976034887417426944 0.599946023644343462422057200456 0.500001376090322913192665055249 0.499979145981295225453777675284 0.499970810263206222323617566872 0.400057838270761689791754633916  | 2.651523239911800722268253593938 2.993754715722036774394609892624 
0.312811757203333262733480069073 0.400083930767426154684329731026 0.500032961206110626584120382176 0.499987860770852832192900905284 0.499994023506256213273957200727 0.500043165116954790860859247914 0.599970033065602148525385928224 0.500040091669791020301261141867 0.500001176300066241253716725623 0.500010959092921258850594767864 0.400088138532365855670747123440  | 3.526780776285968421746019885177 1.887324703207540865790292627935 
0.321455327765274800899675256005 0.400017398314663874536734056164 0.500012800278511027052275039750 0.499992194606917184085403960125 0.500031791917854517848240902822 0.499976611182730290572351350420 0.599967938568150560563196904695 0.499998190164297806603599383379 0.500013465378706500885641617060 0.499948127113029217039041895987 0.400064240584961261504304275149  | 3.500570550295292626685750292381 1.934889025865272671467209875118 
0.598682225149834823518801840692 0.400092812038511214112190828018 0.499998676691348897804800799349 0.499956595968009731567605058444 0.500017279804343406368616342661 0.499949878205876663272988480458 0.599944878430435424299105307000 0.499992750306712585572910256815 0.499979145981295225453777675284 0.500033273478972084546967380447 0.400057838270761689791754633916  | 2.357886896891219219440927190590 3.231266115095944524426840871456 
0.466047251515520177811424673564 0.400049604110873202600373588211 0.500001640622058096674606986198 0.500002094142943387389266263199 0.499984287237382585278311353250 0.500027900969028826771989315603 0.599963878092074964776259093924 0.500002876830459630497216494405 0.500007417271455034679661366681 0.500024785337824573261400473712 0.400035740751849444585275250574  | 2.974367098440696022265683495789 2.672896531809741293983506693621 
0.120701911760637325965461741362 0.400063265645703824979761975555 0.499908647625157187555089421949 0.500028153514997630857408239535 0.500009426919372779174466359109 0.499956621209486862245086058465 0.599902776316454722227433649095 0.500036346930280428679793658375 0.500062762519326797772123427421 0.500015776785115662050884566270 0.400054227506284276749681794172  | 3.930505835357850585864980530459 0.754276352849034936731698053336 
0.470767475261230861072192510619 0.400088112452734068202886419385 0.499981742248965910224711706178 0.499930970604044677685351416585 0.499959450634039903604843857465 0.499943603736270447690515084105 0.599965842767728907425350826088 0.500044118695226469384351730696 0.500008503231918588483040366555 0.499997176049211233817004540469 0.400076462230999407854170613064  | 2.956240042456928396319426610717 2.696493312479634862910415904480 
0.457357455520627675937817002705 0.400073073013174906886746384771 0.500003695111778112547540331434 0.500023675701882552857568953186 0.500001894677687852563963133434 0.500013090260820858290458090778 0.599962215409669874510711906623 0.499998750450987516913414765440 0.499995322442200573753723347181 0.500013757472850151053478384711 0.400050176744578322995948838070  | 3.010497385811299331237478327239 2.631982304192645560902974466444 
0.573811494280969447423501605954 0.400001060727242452319529775195 0.499975832498619099375503083138 0.500023675701882552857568953186 0.499960421460896198286860681037 0.500013090260820858290458090778 0.599965765375795823111104709824 0.499984251161035009314304033978 0.499981714670329091543266031294 0.500014055962237358166078138311 0.400035128022601993436069278687  | 2.482105723633941884997966553783 3.136474594039896146568935364485 
0.168890371309501491348115109759 0.400047304864246555666795757134 0.499996863517694178913330915748 0.500006948311006227392283562949 0.499989977613547131873872331198 0.500007409918338141530114171474 0.599971979933120125316747817124 0.500005065099630829905663631507 0.500014989765284356693086920131 0.499961724497665127575629639978 0.400073343018795823944344647316  | 3.859163090023649989035448015784 1.048521055091782283597012792598 
0.374483086851360669200516895216 0.400016494874016081961798363409 0.500016984248430995663170506305 0.500008043499199694714718589239 0.499955517555602191315244908765 0.500045736106473737159205938951 0.599916247321842566186944623041 0.500005890730378266262334818748 0.499988640867136346912502631312 0.500007681083374899699833804334 0.400095297719102349631725701329  | 3.327880851498408176780685607810 2.219712491915661001229409521329 
0.544964368172089597130991478480 0.400032346118623927111457305728 0.500043439811737266964541959169 0.499996677060607852549622975857 0.499980440784462965009282697793 0.499954912133574846944128466930 0.599934283859757777612742302153 0.500044348520231496380006319669 0.499969707165723808994783894377 0.500043129531298480294765340659 0.400047668942845102701966197856  | 2.622020527796028677158801656333 3.021269449072206292328246490797 
0.588892014087762261098646376922 0.399989664103864273059230072249 0.499985344420972643852962846722 0.499962375118872426327243374544 0.499987242254494534954289974849 0.499936621373320455585798072207 0.599965153972167541951421299018 0.500004955593791211576615296508 0.499965452442518554221351223532 0.499965056633120241702528119276 0.400026213287726029044222286757  | 2.407853009831905310988986457232 3.195361504473826830263760712114 
0.563384801413189473251463823544 0.400077657463189628739286263226 0.500010744862613987216093391908 0.499967989472614116053250654659 0.500001565518594759396364679560 0.499949974275814168489517896887 0.599950397675875546354973266716 0.499988287600166503299448095277 0.500007418873318565388785827963 0.500022381780876989942896670982 0.400032139411013065721789416784  | 2.532988059953864112827659482718 3.095217180297098025221202988178 
0.244544635107060925882649371488 0.399990020494707831932856834101 0.500021279974401045009813060460 0.499935170662120675899586785818 0.499986049136182442165221573305 0.499983663719605953001945408687 0.599961559019810519721715991182 0.500053553001899020458154154767 0.500034077449383773661395480303 0.499993192935202390714266584837 0.400061700752117610502267552874  | 3.709496761243243678762837589602 1.499413114175679018202913539426 
0.797275805946029869630820030579 0.400053855582910788957207159910 0.500045450966906890322150047723 0.499961366627239611748478864683 0.499980959523876167249767377143 0.499976461773916469599754464070 0.599924209807457198273539233924 0.499985129709007269926956951167 0.499968809618919596271524596887 0.499973372312552011287323239230 0.400071632326077175623169068786  | 1.252321274216989133165611747245 3.798858833184656003112422695267 
0.951472014218614159375420058495 0.400044242704281849398739723256 0.500004243413971982690213735623 0.499998108448849676310743461727 0.499971519105502248958572408810 0.499979619621937987350435150802 0.599948095498654021540119174460 0.500035278139382755036024263973 0.500028284618531548844089229533 0.500005732934908686537767152913 0.400028619514584848904092950761  | 0.304557387692678427359993520440 3.987628366105294475119080743752 
0.144473497148951690594032015724 0.400027522271700519684856089953 0.499987389921725644548189393390 0.499962375118872426327243374544 0.499987242254494534954289974849 0.499982848952057135072379878693 0.599951576570343370065074850572 0.500004650883503209968239389127 0.500029723714647711396708018583 0.499957658186826747748199295529 0.400051310049457764517200075716  | 3.896973008570698837615964293946 0.899874432115618683170055192022 
0.580437279773130532234404199698 0.399990564483647115245901204617 0.500046246200940958104297351383 0.499950495103500924809480920885 0.500004479942445900775283007533 0.499949135778393005669073545505 0.599968688642391501097961281630 0.499993194162403842284447819111 0.499981778380009567186448293796 0.500033629899193199364049178257 0.400049856754189081531336569242  | 2.450060972290839522713667975040 3.163083429669224067026789271040 
0.561255239663689065032770031394 0.400054865687674121588202069688 0.499993642186492226464622490312 0.499981327942737308056564415892 0.500025083751109211682717159420 0.499990396129989744800070639030 0.599943809808260453131367739843 0.499970881707359426915360245403 0.499986889930477074184267394230 0.499984287798658388890515880121 0.400018715206122865701843238639  | 2.543080686075178675764618674293 3.086426965798824806341826842981 
0.803874938740771538547846830625 0.400038477746036846838251221925 0.500021596504152343598548213777 0.500014577982035968162222161482 0.499971009679360089972277592096 0.500023236049440433781398951396 0.599924288147783646429900272778 0.499988416358252085736069147970 0.499980115279985259935102703821 0.499977664086471096371866451591 0.400073343018795823944344647316  | 1.212691575060109938632990633778 3.811055939075390419645827932982 
0.111767478911708947886261000804 0.400063478691835394673859127579 0.499980782353782071680825538351 0.499997414828557196209146695765 0.500015923030835307550034940505 0.500007039415555243344613245426 0.599954994568716482028492009704 0.500026302895792529312757324078 0.500046583860873306015548678261 0.499953842756358124432836120832 0.400099340221262866901241750384  | 3.938619460308288910965757168015 0.698672691394793266006502108212 
0.921193525938683865916800641571 0.400043427291536968226637327462 0.499998406179530174853198332130 0.499992194606917184085403960125 0.500031791917854517848240902822 0.500005162742239828155277336919 0.599954789777385477655968770705 0.500010029605301276056650294777 0.499991617238129737454954693021 0.499996545462848107632680694223 0.400066319622352728480052519444  | 0.493743769088027584235334188634 3.968200027231342907896305405302 
0.302490460882972267420143452910 0.400003022697573706878415578103 0.499995572732227000489757529067 0.500010226298047033566263053217 0.499954417691163333081760811183 0.500059891891391439244785033225 0.599941541657184829183790952811 0.500016434250222241431060865580 0.499991267690928997691202084752 0.499942338450060752563786081737 0.400042710831008618832527190534  | 3.557625234389469426332652801648 1.830266349991998220403388586419 
0.282591417555097645930572980433 0.400035911258571852400223178847 0.499988022092586970046568239923 0.500021923850733629457465667656 0.499976276167388378190992170857 0.499953761369401505909593197430 0.599933710940124598209877149202 0.500001657988667358445411537105 0.499969926160120703428901833831 0.500010130179854295207064751594 0.400039145764673198524263852960  | 3.611852747834372934221391915344 1.717601380773342567565009630925 
0.217219915664529167331764369919 0.400023266716957259792053491765 0.499986454245517630834427791342 0.499976003467943463931533187861 0.500013801539276436791681135219 0.499985896018204090118786098174 0.599954766002428696580750511202 0.500010560961617334108098020806 0.500024774605750899070244486211 0.499955614341891896312830567695 0.400060569516115072108419781216  | 3.768851307590330712571358162677 1.338307389934583646606824913761 
0.669167323497650401442626844073 0.400040948025959852696331608968 0.500008869551193058100579946768 0.500005688858048302769532256207 0.500005876326787723762379300751 0.499993442755092942775263509247 0.599948095498654021540119174460 0.500047037012766315555722940189 0.500037173358571784831383411074 0.499953508140092817146893366953 0.400043337449379254877612765995  | 1.986220755585408337395847411244 3.471656883189616848994774045423 
0.889044375243752682536069187336 0.400008376589453262806017619369 0.500023322036351136610221601586 0.500041683183093166320531963720 0.499951961645650366783399931592 0.500002136785827500098378095572 0.599949991765757584261109514046 0.500004451111624392822818663262 0.499985393023322288730270201995 0.500022834570861829384114116692 0.400024833287332404196945390140  | 0.693634296074318479341513921099 3.939421631261741829632683220552 
0.653288741059934507937612124806 0.400088112452734068202886419385 0.500007347482322672682641950814 0.499938233356616190672383481797 0.499959450634039903604843857465 0.500023955510071616004097450059 0.599935768259737933760789019288 0.499952963310328513113489634634 0.500026815881814967745810918132 0.499997593074273882773894683851 0.400086053716137701741217824747  | 2.072775045684557504444001096999 3.422017427780321696673127007671 
0.910180035675674514727973019035 0.400038085038315227581762201226 0.500013167342835740392104071361 0.500046495336681218191188236233 0.500050226034815636921848636121 0.500029102422150373286058311351 0.599935525743535369436187920655 0.499953994572752857816766436372 0.499974970358749326582170624533 0.500014066438317028584492618393 0.400020062921972119340807694243  | 0.562547135165244460708322549181 3.960691380690303908806981780799 
0.252469831119979837286138035779 0.400081834019820281600487987816 0.500000219846880145091461145057 0.500047815719926846966814082407 0.499980344421221079009853838215 0.500016240860957306146872269892 0.599954383516136946496999371448 0.500011329469909449052522631973 0.499993514171288899738954114582 0.500008998394700143741431475064 0.400037506091866112978294722780  | 3.688944564294532213466482062358 1.544805065491009488098939073097 
0.867014419908493927380277455086 0.400038699213298099000013507975 0.499999377648280285413306955888 0.499982248565825349029267954393 0.500030780623448745103587498306 0.499994300502322963630774665944 0.599946329833740632508920498367 0.500026077469979401968203092110 0.499985562743128442164675107051 0.499984541456096220901628157662 0.400016712379440808611263946659  | 0.829346942679703436063221033692 3.912277799353812923754958319478 
0.199504711127644313028994815795 0.400075203789960420763804904709 0.499960097654399637789879307093 0.499942538599456476333671162138 0.500027912300804677769860973058 0.500029755433709421907906289562 0.599944705874346229101945482398 0.500000001201716059995305840857 0.499986469211357698050335329754 0.499918533958461475119605665896 0.400108589371708733839483329575  | 3.807003417049598770205420805723 1.233696690037487719848741107853 
0.088372670710151285389244435464 0.400000558720470633655708070364 0.499994401214186590109989083430 0.500001467947974953531797837059 0.500009382741651409176597553596 0.499983073755496776335860431573 0.599961128911431273991183843464 0.500013993781394106008519884199 0.500043414047751877404834885965 0.499963465202099555106940442784 0.400059343144881007781066273310  | 3.961298149402008750286086069536 0.553448964020603506597240084375 
0.138221338115756098297026710497 0.400107937485318032599934667815 0.499975674654400847884971881285 0.500054745066368711015059034253 0.500002174464468707171249661769 0.499992476303825594818874833436 0.599949216395150197733698860247 0.499994468570026551201834763560 0.500007943369173535330673985300 0.500031066250153366503639063012 0.400064787682654465772458252104  | 3.906186332380839232314428954851 0.861684373812232395906107740302 
0.106120112364714469510573735533 0.399996962494584329395053146072 0.499997918222485571160262907142 0.499967179582193277376234163967 0.499950450375115096335321140941 0.500037447042512850359230469621 0.599963571985480004222779371048 0.500049298268520847621232405800 0.499985622582372724043153766615 0.499968128480144047287581088312 0.400054227506284276749681794172  | 3.945333548915921362265635252697 0.663819658222908448585997120972 
0.829867406864415402267809440673 0.400057934487614286211965008988 0.499970950696589644390854800804 0.500015541812082187078658535029 0.500006050339987018205079039035 0.500025312311808689536007932475 0.599949767362337516019010763557 0.500045514018140457856986813567 0.500008762216550217694077673514 0.499999348270146193318197447297 0.400038012016951827209965131260  | 1.056109704750633149217264872277 3.857330220199229664501672232291 
0.264114639692316466312860256949 0.400041463296691712780983607445 0.500014780227289290515102493373 0.499988349908171314517346672801 0.500019847209515644337329831615 0.499981941099520543758671919932 0.599971571915622559068026475870 0.500003983215394187666902325873 0.500037430218849943130976498651 0.500024760835506509870640456938 0.400038269057612083656749746297  | 3.659977251265870368257537847967 1.611977911923074824329660259536 
0.192196923667080965536513303960 0.400054811040104152386476243919 0.499973613100660518870910209444 0.500007580734139756017953004630 0.500014955740607058842783771979 0.499943478563656007462867592039 0.599928945464947349641704477108 0.500012981204365547505119593552 0.499956231191965472238081247269 0.499993496288820615802706015529 0.400067720208427957118146878202  | 3.818964731232209697253665581229 1.189308574851704713992717188376 
0.229712414722715807524622277924 0.400017054584059450483835007617 0.499986555309467284313740265134 0.500002730532096872906322460040 0.500024716392728163505410066136 0.500004515904597157671673812729 0.599954856128976810047959133954 0.500048153995230615365130688588 0.500042075824177367771028457355 0.499957918012856383782605007582 0.400050816076956416988963383119  | 3.742441377061862972652761527570 1.412219088523271492974231478001 
0.661790504765060960679079471447 0.400017707407910816375107287968 0.500019517825372683539342233416 0.499966325184238502554734395744 0.499996156562415694502021779044 0.499979266698792335077428106160 0.599958224092431047225204565621 0.499999797631172804290855538056 0.500000575479774611586947230535 0.499970173982409726853859410767 0.400070649026179170348882507824  | 2.026146148445473471610966953449 3.448122933917663779368467658060 
0.278892062527524520199051494274 0.399995565097520933139918497545 0.499979527959012737259314462790 0.499992286434267241279627569384 0.499999775622957498555365418724 0.499973750127191141068294655270 0.599926886484944077437830856070 0.499988719849728036059843816474 0.500011938839383995869525278977 0.499935322498365974919209975269 0.400084764409776638682814109416  | 3.622737403088021057584455775213 1.697036227370977590211964525224 
0.291275052117651478411630705523 0.400039200008837414479501148890 0.499984214728488141066264915935 0.500100538788574633386474488361 0.500021431684153472296827658283 0.499988473004570943558633189241 0.599949590440786106881887462805 0.500012731679235211679213080060 0.500034518986363751835710900195 0.500039541271775744846195266291 0.400044323684506486493717147823  | 3.589702864310102103928556971368 1.767501170684343314576381089864 
0.349713496479709284869841212640 0.400086001115473766098773467093 0.499978094109284343371513159582 0.500038495943819771838434462552 0.500002810906801653523245931865 0.499955820048406329725310115464 0.599953298173705240614594913495 0.500003268955747759427765686269 0.500012733143016196990515709331 0.500018607421842675719858561934 0.400053416834012687264277019494  | 3.411167873403801564791137934662 2.088255296163374907791876466945 
0.071031189693002302898428013123 0.400030987986732256000976803989 0.500007249215520532814593934745 0.500013510884259382294203533093 0.500021564364068082930714354006 0.499929652251285105979405898324 0.599948000565903805103573631641 0.499994206290259701752631826821 0.499968240725314427841396991425 0.499966371304555012855530549132 0.400031832763332373392728413819  | 3.975298706718568997331431091879 0.445395862367668704528966827638 
0.449413268183003422606702770281 0.400033883980226656618128799892 0.499981834247011813765482202143 0.500033620802120770676424399426 0.500014615578357801695119633223 0.500018349824496222133518585906 0.599950519651333724624464593944 0.500011485655307397202307129191 0.500009465827768284640342244529 0.500025259631182716901776075247 0.400064554603450528436070499083  | 3.043363655220665542344704590505 2.594431030630544476878185378155 
0.593301033554156198590590065578 0.400067887237193497984577561510 0.500027151644691914000873111945 0.499999690979443744964783036266 0.500076840254281562714311348827 0.499977089316809619745640702604 0.599951952782083797188761309371 0.500003268955747759427765686269 0.499978942933492598310607490930 0.500032434347662868567852001433 0.400105037265362284415459726006  | 2.385562295187916959093854529783 3.211821899937314039874536319985 
0.154528480860468830915266380543 0.400022676711660030157702294673 0.499993313934408822873933786468 0.499963934919752273078330517819 0.500026536980277436228448095790 0.500006326672371215202872463124 0.599955875671106642066376934963 0.500010543258203821181950843311 0.499998377943186855798529677486 0.499957728310017446293755938314 0.400063492730660663632136220258  | 3.882219149310989436685304099228 0.961295980945038874843078247068 
0.928747302018960496639010671061 0.400062410626831344018228264758 0.499952732385673892512301108582 0.499986393560926778434350126190 0.499974597871294279549658767792 0.499962863844467586549313864452 0.599973820962117154742543334578 0.499981748221912547514023117401 0.499973245622493456252755095193 0.499966318511046670103326050594 0.400038132432826376572165827383  | 0.446756006402280247957747860710 3.974938748276058753106099175056 
0.614184197729796377274169572047 0.400015775999343847768585646918 0.499993806991867406619434177628 0.500035204704103231065914769715 0.500047729686928787984356858942 0.500004710446117162092605212820 0.599932917059361692224683793029 0.500021434147395971159255623206 0.499980630183184504566895611788 0.499930540120884669974543612625 0.400055136529488375440877234723  | 2.278805539328236040574893195299 3.288140347809558328151524619898 
0.394090498239228814725265692687 0.400086001115473766098773467093 0.499978094109284343371513159582 0.500038495943819771838434462552 0.500002810906801653523245931865 0.500031711603238004926197390887 0.599949956002211237660048936959 0.500003268955747759427765686269 0.500009119045295102878867510299 0.500018607421842675719858561934 0.400053416834012687264277019494  | 3.257267659035517848309382316074 2.320655160579329301384632344707 
0.727253194666161451031882734242 0.400048980164791512237343340530 0.500010730021652305410384542483 0.500003104870051284791543366737 0.499987242254494534954289974849 0.500017560895355761552139028936 0.599965411828337624733364918939 0.499991675752881670202754094134 0.499998934750922940928319349041 0.500021990535954308221278097335 0.400025162796778244178597105929  | 1.661309543499913887742991391860 3.637465124768316737657869452960 
0.339857899133658714063699335384 0.400125693417077543667659256243 0.500024417557212053075943458680 0.500038513517401250751959196350 0.499983432400114613525232698521 0.500003684639017564883545219345 0.599941635592962208001210910879 0.500071811778600716635878598026 0.500011242516751885922587916866 0.500041824293835035497579610819 0.400076606921787314430360993356  | 3.444795609582086637345810231636 2.036208732685495181868873260100 
0.735826273010622866621588400449 0.400061057138741293925932041020 0.500036865929568752342504467379 0.499965714075823908224549541046 0.500037386322840116115173714206 0.500015578223221845988177847175 0.599971659896768261255317611358 0.499960573786303374976824898113 0.500030670811690280963546229032 0.499988814116459734382402757547 0.400099566303260878452618953816  | 1.612792204844667676155722801923 3.660904929263897766844593206770 
0.099173694255253380669401508385 0.400030990859186474928321786138 0.500011531023088151570732406981 0.499975029070317766866082820343 0.500012550960806212430043160566 0.499918921121782044991732618655 0.599878477059369696888779799337 0.500007856123398597425477873912 0.500059765181112725329626300663 0.500012626152916639377110641362 0.400081991671600245563666931048  | 3.953509960216859298043345916085 0.620915323909205008057199393079 
