0.623076275518164801603404612251 0.989782854331405670400556573441 0.932632150402702642111307795858 0.023409803882979751676884916378 0.311867642737338912617417463480 0.917519279156502109984216986049 0.587878055127468601703810691106 0.740392070350234909881237399532 0.851832538214131629317193983297 0.358854279635751560739720389392 0.456180416589922921311028858327 0.975023660014375126436902974092  | 0.436586330770776631648999455138 1.064010487644665658990561496466 1.710034781169723627769485574390 
0.799558678577349968286114290095 0.538847105511781943043558840145 0.321721642003809260579316742223 0.459953012346224321404974944016 0.338468332200389854236277642485 0.513961722056276992809387138550 0.352941132435985349680152012297 0.769977741832030937452202579152 0.975300584622856181482575266273 0.364113151615481744904911920457 0.287688443622447498349004035845 0.353585938183067383100421920972  | 0.314540002596797652056892502515 0.326967962247801779973599423101 1.393057598195672985852411329688 
0.918164084903584143404486894724 0.021723902831352726039426670468 0.668419623993243394721730510355 0.463918085554907322354267762421 0.984877659280845474398802252836 0.706201802108744725039457534876 0.387145604886906524733092282986 0.095291293709851343507466481242 0.817595037928317780462350583548 0.962867362368057699839596352831 0.033081890089210252980933546496 0.950047320028750252873805948184  | 0.264999968207228042693657243944 0.103581485332894226991662378623 2.201173089149746076031988195609 
0.714403043478927024523272848455 0.898251179346374328815727494657 0.643443284007618521158633484447 0.688859255186726082698100981361 0.980955746160049324444685225899 0.027923444112553985618774277100 0.976341679927401173699763603508 0.916501857534342101452295992203 0.023777685021580730051482532872 0.102202923585869576150741977472 0.103546276498377776142945094762 0.310243293259912844561654310382  | 0.431457882172699591638576066543 0.989556108354970209717293982976 2.242716869633381016058137902291 
0.540595554674666911587621598301 0.296052152369275400900505701429 0.389084756864629621730955477688 0.048754025007205603614579558780 0.184693113902321459640631928778 0.763687301680932906222665224050 0.527784981808313458095938131009 0.172187816403087889938205989893 0.969764788034644942271711443027 0.990327913793769498695951369882 0.361820322708588659743611515296 0.203116235677575085460944137594  | 1.107995389351955850543163251132 0.791750327272326193117635284580 1.547584649232061293488982300914 
0.689626875781094272888083196449 0.096948786342616388722603915085 0.162973283027405546619093001937 0.377898533475702236295035163494 0.428256972477368935692254581227 0.998681980086973952737139370583 0.883056821043007866833818297891 0.515069420490201212992076307273 0.219518718417939684428574764752 0.356406735847846545262029849255 0.028225038940477009674623332103 0.973366167381610081221765540249  | 0.872215102552767462817939758679 0.429282489308513426351510133827 1.833440501899840313626555143856 
0.056888980066709948779646310868 0.380892984967401315721247101465 0.926546559615650577867995707493 0.179420037713160285264279991679 0.524001141941514592126338811795 0.082165918343200861073682972346 0.390379103095270685308548763714 0.849536086428264836101220680575 0.698654835958598452450019067328 0.473590171761137823658316392539 0.623057336572256814655190737540 0.503085566431169639578513397282  | 1.243974337664974338935053310706 1.072995400425883039119412387663 0.147194246963569252972803269586 
0.697518729105812251845009086537 0.998342507367234954784862566157 0.654621754900912233843257581611 0.584968828892355463544561189337 0.604824917611841317288678965269 0.951365339941776300136666577600 0.831346222435919157689454550564 0.383181758856173115823651187384 0.423924565589678836730058719695 0.332452519338879537436071132106 0.952730707219572314770061893796 0.054557276730943904397008736851  | 0.348947251619754483797919419885 0.749129684336586110227074186696 1.606418801753400904530622028688 
0.919452699860691224920117292640 0.535608872566940785731048890739 0.097231125405930152183486825379 0.922782885872709290886461985792 0.579545134556863184016606282967 0.228077374916711983487971338036 0.150216451579396226279072834586 0.446516065941010564799285020854 0.690429920906031169280936410360 0.575163853246067779956263166241 0.561635777330064644985441191238 0.260601735249763266644151826767  | 0.143900521018015509211451785632 0.150382815426315319395911274114 1.636285299148074967590105188719 
0.529442474441078503311075564852 0.517566061502175656094948408281 0.384795959142289478727150253690 0.385502996181928181407272404613 0.410454982766812359606944937696 0.371770013241655927771489587030 0.306445116924921157064432009065 0.673024220752937551992545195390 0.830520763688526009183021869831 0.425167826256129921524973269698 0.373699695746425031295245844376 0.079229280226282727817022077943  | 0.673692600987168210835420723015 0.684893261733564462367951364286 1.053937533533330306312336688279 
0.347447948476067081102769407153 0.417838295084271060808589481894 0.296735832545230393542112778960 0.776861601290983361245423566288 0.800147664023765026186651994067 0.823149715802213854942692705663 0.610372914125699383980361290014 0.690463064061370146440310691105 0.351382706369582797911732541252 0.617784260383095640278838800441 0.263399406691751325482186985028 0.508264627609146590891953110258  | 0.912749933617643782746142733231 0.842107598393709300133025408286 0.754191861967751675521753895737 
0.860936628654192181997473198862 0.331970024926089180006272272294 0.313858876816308973722868813638 0.088087175579209642251043987926 0.212602353805444455048245799844 0.131315553189513711807023810252 0.391073612180891094780577077472 0.325318286614297402792317370768 0.824100991212386224660235711781 0.159801002636225542019587919640 0.231125221865416285993433120893 0.872136059715493572319644499657  | 0.324569529416623314688195023336 0.252217044475890106447479865892 1.851706819266772718890479154652 
0.483898273959852076586685143411 0.965343463771902055015061705490 0.127188733044448443187945940736 0.555590918047896176190647565818 0.152583043195807288583409899729 0.231407560928730049454316031188 0.309079785734991840939756002626 0.845145808505570639290738199634 0.745848419036347354271754284127 0.304998625489613650607623185351 0.316145727865111858534419297939 0.719812747307565392596018227778  | 0.571975073175691961502309368370 1.067568294297602360387600128888 1.151372309488094325402585127449 
0.289279822925204044281599635724 0.114546041014921384793012748560 0.376571044089722195558067596721 0.487076677666858137705219178315 0.349033423524620189937195391394 0.129286182060249554837128016516 0.204124187826781100518758194085 0.693465070289789431434712696500 0.224994956506063936707562334050 0.154377774316511895413839283719 0.538318923051318787287300438038 0.887871739281803851184804443619  | 1.264070395641997190949723517406 0.770522862041027378765534194827 0.723164219275752473414797805162 
0.341101653153019102049370303575 0.545835487708489108804599254654 0.274929845640629832992374304013 0.272584783060322632941563369968 0.142292134817694981840929813188 0.770149494491290886877266075317 0.502302139970496441812031207519 0.671989876047923706536835197767 0.991737207055616742934489593608 0.460715873425871502711004268349 0.080334916716199633590633766289 0.533869892877009810661093069939  | 1.032666155002823993314109429775 1.098626721565517216916418874462 0.895219923154723762337425796431 
0.495826873110777999187348541454 0.313892019971647950882243094384 0.864306028702724660206513362937 0.268750836858475450341643409047 0.134113224631501770645058968512 0.325436949055983415490800325642 0.656812440827411081478715004778 0.638504954636299748571559575794 0.088863920310245037015306479589 0.933709401262697746837204704207 0.674283430754125667760945361806 0.243443813907709860622219366633  | 1.045844584741501215319203765830 0.797173490526615124984743943060 1.297891347662462280254658253398 
0.049971959027871992731206773897 0.779482798905808293987718116114 0.549171145571756391667861407768 0.887216219575902909078024549672 0.088833087047721304152503307705 0.101986565224202685442378424341 0.981596133989355634774653935892 0.293353587723978348478226507723 0.135451525988831700253456347127 0.094875044622024673479643297469 0.072248126479607654992776133440 0.697537668051720238793222961249  | 1.164283545473189240837541547080 1.944574491051840547939377756848 0.178275300790245977422543433022 
0.813252912624213841752407461172 0.531253788533922688408495105250 0.881542390333622694065240921191 0.036247788631138200265979776304 0.182032503233610087889360329427 0.394375798251581977105217902135 0.632467382097792962802884630946 0.476041086378621636221453172766 0.287707123779477158542761117133 0.553367276404160390868014474108 0.674749992770494522176250029588 0.885842368152539694214908649883  | 0.344053023800850621416458352542 0.358473203419210573184017221138 1.644947561060986496173086379713 
0.424641388920972806531040077971 0.144293924718033039766851288732 0.337778736930161027629537784378 0.065544687268790591261335976014 0.436332357827116101844922013697 0.906275605292448216410150507727 0.047748065429040753571143795853 0.410383961719657408551142907527 0.180054801018605159512731006544 0.200336656580714977948787236528 0.444754466765974743047706851939 0.956896581867077045124858614145  | 1.374973046548081168083399461466 0.761768596885373350247050439066 1.237744082655928057334904224263 
0.971048351436573753403536102269 0.790447485714301012471594276576 0.955489418424478542668509817304 0.278683370192261414821643938922 0.685959118464617656485415864154 0.901402510779216847858208438993 0.019785786732156362965895368689 0.026184896192170792339481977251 0.310938752298564269338498888828 0.594000844087980928165393379459 0.248270856478962076430150318629 0.192581229530692232820854314923  | 0.049756181978581587310728195916 0.081995188292123280526801920587 2.107535798384437608632424598909 
0.232171051906438274947674926807 0.494211029918266708804708287062 0.751085183380084009385768695211 0.868164713993907155575868728192 0.237951072927009565916023348109 0.337168208615261644212068858906 0.002223893598831239160062978044 0.369098837186150885436575208587 0.369116344553151232155130401225 0.686879562995187931129237313144 0.644078620281746561104796455766 0.145089983357125640317519810196  | 1.165526003095127771658212623151 1.156425782232077370537126626004 0.626821970814367857016691232275 
0.010547782552781881371117833623 0.502906102009677336006632231147 0.179962107564353157584946529823 0.816191674429763258657999358547 0.386289008014989998507360269286 0.796135157272503390935014522256 0.793467125892057478786512092483 0.505068892341751896069013127999 0.570603638035058424726742032362 0.442246944543157272100586396846 0.933761646754648011459210010798 0.201794568720889744284363587212  | 1.181759726818906619527638213185 1.186113986556833310714864637703 0.027743743467600622681912270195 
0.400296330191354687855209704139 0.981830056460354927416744885704 0.536621940399393149156992421922 0.685202562410253235292145745916 0.436798919843484956260226681479 0.548674159537278050002839790977 0.055542551734821921094464869384 0.775177580164881807611720887508 0.650899173934973096500300471234 0.421466066987044030156539520249 0.291242374469990461527402203501 0.895727822739666335039032674104  | 0.619103192756896292259227720933 1.084779384878574726158717567159 0.908350104793034573980037293950 
0.544841963419363417564511564706 0.230421854155304250966196377703 0.363863126588841900854731647996 0.814047648565724979441426967242 0.648619309493471352112692329683 0.163429455975019566338346521661 0.465979459094821857334522974270 0.219843847679242587744852244214 0.513242473881321270567923420458 0.344921723437613403362433928123 0.484164549743727912201052276941 0.501106180587862160002998734853  | 0.694874734984852526764598223963 0.555143705146980526166089475737 1.024430872455460717063147058070 
0.037955730271801435549150482984 0.489562955792777643182489555329 0.625736189888311034046353142912 0.157201924244495971905166697979 0.699596696941684026427310527652 0.061949403604232289310971282248 0.176628500171616353853210057423 0.719033449753384901192987399554 0.100186009445110912885468223976 0.446698647006863125419329207944 0.946708698457019104388621144608 0.441440385875595309173036184802  | 1.339483137728902706342637429771 1.319041041397261748713276574563 0.112214943868774563728862858625 
0.457381930179467821595551413338 0.138676983030846634470378830883 0.005253217964309331300398753228 0.872831914429462951687810345902 0.995459310788275208992104126082 0.981660527382106073979173288535 0.544568323457960024036594859353 0.283062254330434748261779986933 0.666719633683031887017023109365 0.471269950992149855295565430424 0.902124458271262086306307992345 0.295028976684641230932015787403  | 1.428717550644510225765770883299 0.748758803649146265080105422385 1.410332457951370965787418754189 
0.755511395620256043237361609499 0.015505936548974252886523572670 0.944867448146747390680388889450 0.285045020298661300195419698866 0.234164949812963985031899483147 0.139845165116657454973392304964 0.223667830019738334001999646716 0.262796606706970026223757486150 0.436435930954282236271524197946 0.238503915403390109872816537973 0.490090221386465851871605536871 0.107233773661682740829803606175  | 0.609684818162407049513262791152 0.291691414586805308761796595718 1.672501460163803077563215992996 
0.916865568703975286624086038501 0.769924362200572476311322134279 0.778067259505510144812490125332 0.426006756198768821164435394167 0.309581847087884387548228914966 0.351159499281706311002437814750 0.261779709088928669302731577773 0.563702220472272363949173268338 0.892593175596692045559166217572 0.911923190294462893135118974897 0.353590332808830121180676542281 0.407918060354763523100984912162  | 0.119994492032218680321875581285 0.163221314231936504013376065814 1.542494629608231804240858764388 
0.450473522545847604447999401600 0.274976399532495197064463354764 0.228197453582659970372503721592 0.110756773624649418330534444976 0.344319384627070457227659971977 0.277438350568123826000999088137 0.775159123564831409325392996834 0.053127024838495406910965357383 0.387232274484920924173536604940 0.667111702858030120033561161108 0.592362923280001285597506921476 0.388699507857240167396639662911  | 0.991319838253468144095847947028 0.750435791504027727150116788835 1.063504348382802611183706176234 
0.259762931467641067229124018922 0.949109087552812424881665265275 0.322118749939600768072978098644 0.020691890808094304254893813777 0.637126851369134716840392229642 0.090280886593888998170598370052 0.195602221090539152292819835566 0.574974762558574270521205562545 0.112660042367617285741232535656 0.960908724135000058552691371005 0.641868977979445087811427583802 0.573742467027342550878188376373  | 0.763721549285353851210800257832 1.602914741885495653050952569174 0.767567681754847241926142942248 
0.094094800912112419588595457753 0.008085854797939551197316632170 0.438522180100371916644519387773 0.360513177367500436965030985448 0.557805073644191629078648020368 0.017590626116517404931016699265 0.980352272055424633911968612665 0.962378911710478845975558215287 0.557635173661826466506852284510 0.617933317440631180161858537758 0.641802026532962699434392561670 0.751145657259417287576752642053  | 1.613855095607171774574339906394 0.761681422296911936342667104327 0.265703710125334724434509325874 
0.963904898552097266772875627794 0.313687519154157601342092220875 0.114317181014681468198546099302 0.217812024595295805617922724196 0.852963370017331135031213307229 0.016952887067793742659205236123 0.341890806145401016102880475955 0.657264319832955190570089598623 0.817158535370510086259798754327 0.784137778219323733353007810365 0.735839380060541836670040538593 0.257064698369593891413842356997  | 0.087537937958000869298480495218 0.065751792975992109924199269244 1.928886590866108585728966318129 
0.253693854290989118105414945603 0.125180040371900447304653880565 0.532079998229191608594135232124 0.354118116650271264056470954529 0.335999706692312716249659843015 0.427565788299338889189016299497 0.488094610835368758472441186314 0.717341225870668730557611070253 0.610264136142028790210645183834 0.468954747091686718896141883306 0.593173727367653169650907329924 0.313533452016026559228123460343  | 0.813202333286699885483983507584 0.691773566287256724827159359847 0.449504871759624058391580092575 
0.461471604410673807983300775959 0.938809843823813938712419258081 0.169420249889625118555613880744 0.814148332840698985002347853879 0.575410036212207542938301685354 0.911051833200787197775127879140 0.917872125322240051126243542967 0.291844767719857234311575666652 0.504960214569090681813179344317 0.236554112588770570901886003412 0.901287471308592880170351691049 0.833216188224295106756756013056  | 0.633708632575468167047461065522 1.308401877508111654790923239489 1.287672080846748112747945924639 
0.941908366799550034187404889963 0.449794722186673823216551681980 0.580580044138425677147097303532 0.606790607484728794496220416477 0.305869271287132371561767740786 0.146176678728003661689172076876 0.606000190076743661116154271440 0.290744628927270820639705561916 0.828258043958343126433874203940 0.891558430275813718068889102142 0.964631346276538459427740690444 0.704057174100490845702893238922  | 0.116810272879302012860591730714 0.109144982510242780082698743627 1.747092896551465157628513225063 
0.518880667644750825928667836706 0.023569067886664907263138957205 0.388214923772201347951238403766 0.803784984599932195159510683879 0.066391990320755156496090876317 0.840093824058630089801624762913 0.046032773229857215646632084827 0.021842751434300367030516554223 0.609356966445590786385366754985 0.981257912006525234716036720783 0.951675898708738254860861616180 0.183736698843498635902449223067  | 1.540230243981330904290416583535 0.562311076947578980522735037084 1.739925744340293567447019995598 
0.892096083958727192886328793975 0.076684275694529513422992295091 0.210367927885781291763578337850 0.478268506932191361791240069579 0.589662701332538174980868461716 0.651064508292850230297688085557 0.962949225363718297465709383687 0.296921996413557320870779676625 0.640521567953377890525246129982 0.389486770373732804628730264085 0.631942532591821870546766604093 0.908685120654588063260348462791  | 0.229718033524781622967125827017 0.137513495151418307926860506996 1.564429295812695741574316343758 
0.464525542948703851209302229108 0.329126302098467382606372666487 0.806479151542096595051134499954 0.402562756770931562400051006989 0.753079903309023079849282567011 0.267500678786169343581491375517 0.439628852976373440952784221736 0.329452877378223152327052503097 0.188162337883099883839577159961 0.862472434131960730141486237699 0.391673337368708907035852462286 0.375312525343884262341020985332  | 0.864772234612102730366700598097 0.720622338775631976481861329376 1.006721066728530900036275852472 
0.025776041363512858239914748992 0.215160492025327720888583371561 0.294592286683309390049601006467 0.758285605656579209110645933833 0.311624769976054705189483229333 0.182151679931444876459067927499 0.978959141435831736721695506276 0.152872725773116502345772005356 0.940058476185047786621851173550 0.217303837110995989867490152392 0.673926738695310501015001136693 0.237491558073415598428823614086  | 1.660491587920134959333040569618 1.053387333641162548758529737825 0.079662251142617879207108444461 
0.141474647128039809906852042332 0.961618326828803438033332895429 0.021778892416246531382739703986 0.488995673504882155668838095153 0.211551442967515379578458123433 0.436556495314321502121401863405 0.079251814668377384975883614970 0.694116190508441754936086454109 0.200052585889101464111661243805 0.941312550467971465018024446181 0.674718652952046249460238414031 0.464781298714745827460603777581  | 0.788309312211407431369991627435 1.620223982057045875038170379412 0.407139108086593370927630530787 
0.020256731866344357406717335834 0.806682259408972646141933182662 0.314764679762281396335765748518 0.222972306349946025605390786950 0.640051128732683549671378386847 0.001585018912053759443381295569 0.739223358185610690540556788619 0.136625799509481726801141121541 0.993064090774785301896088185458 0.804341768236880860776238932885 0.352171143259122576552044847631 0.509589861164810420390836043225  | 1.012402491200011134253600175725 1.637348568756439970428573360550 0.061274658538630011328507407597 
0.001330898534914859432376488257 0.275143103997310789488039972639 0.151525894448495734856408034830 0.177935327406217425050272140652 0.195386037277500368425364740688 0.829433305986210678284464847820 0.770409352440262096273215775000 0.129073716209365918494711422682 0.865166601074125130033110053773 0.727844103818885312939812592958 0.288298604594277252388678789430 0.247243946919824986174774039682  | 1.577202148507831136470258570625 1.114334822662452761932172506931 0.004037194051651214581066806630 
0.632946593567400794810851039074 0.014688197615941755991286754579 0.965190031533153858234186373011 0.222421305399277180470107850851 0.390088318456655147592471166718 0.818532358922813063628609597799 0.286552683177902167699357960373 0.078534692515845994087442250020 0.301528195908524088153512821009 0.953943837419698348334407000948 0.959453626716932128637438381702 0.672561818766634456068231884274  | 1.070111997176314444502054357145 0.431455879592821500700949854945 1.774361740214314364649794697470 
0.977628242900916877289319018018 0.877729621775805712857732032717 0.788532581736552051765443138720 0.039368509704778564817218011740 0.478540701417810132589636396006 0.408058252087204920144358766265 0.371065294687777713633636267332 0.832544610619437519538621472748 0.156612291342121401349629650213 0.761151569685996842729025502194 0.923252838373238127189779334003 0.189312548394496515946627823723  | 0.032209159303538903440511376175 0.058203330951276124882731721755 1.892172256778055894343992804352 
0.446305221100976590165032575896 0.679427992892499998944799699530 0.234862554355947605877474870795 0.718891245068694284547916595329 0.284630334495391101867767247313 0.646248939791932763831994179782 0.733704048688442189707359375461 0.728147566893126652054490932642 0.013236483853757308182252927509 0.269028468930247677270983786002 0.680597502015751421033940005145 0.329023200145419303375149411295  | 0.785335500152885113145373452426 0.981329932403090854364791084663 1.060927672753372741354382924328 
0.861493736409804977682824755902 0.348093217772929675035697982821 0.953695581070006737078870173718 0.325801066819070728186602536880 0.944112891171917656407686081366 0.138524566477032706757199775893 0.168786287915477339893755015510 0.118530812655189388138410322426 0.390374324762498892127382532635 0.254682489032979297860492806649 0.006073488883003852478736916964 0.383128084885234088119432271924  | 0.367095052230011542615528696842 0.283619523117863592265308625429 2.098464154969466921585308227804 
0.090981359547762097328416075470 0.894211161853418312617236551887 0.146275356005430845485193458444 0.443213769323494211072045345645 0.642049664802344488556684609648 0.513539898231382796467414664221 0.904799026674274142756360106432 0.001451713762184447809033827070 0.696161562602906180963202587009 0.541823803383525759436167845706 0.061065118311235844217321755423 0.239380435402658742205517228285  | 0.881526096475095499727103742771 1.618452140825844987048753864656 0.265190170732955532439945045553 
0.425058946768097190016533204471 0.730441474742916319051744267199 0.347832614838517351074642647291 0.628142770600627620147804464068 0.015340735545014472229752300336 0.534037252289601749311032108380 0.808841954985439537395564002509 0.759198809120616324719321710290 0.398158256974053159638060606085 0.784686020671799266956725205091 0.472467212534806280110899479041 0.024930167201970832024926494341  | 0.811910105178268781678241339250 1.114606636971505082556177512743 1.087295831019396308292357389291 
0.280083935140015616305220191862 0.938333448766019206921384920861 0.010336935336690555864436191769 0.317937800362502631656980156549 0.281203173570893638633094724355 0.675772650163113719479213159502 0.541506194426702447408672469464 0.677976279130315551135765872459 0.538700991753041424914272283786 0.177067441685168525111748749623 0.223565216184155257650445491890 0.406868504389274021626476951496  | 0.725454926754850681902553333202 1.227536567827607116853982915927 0.671197356207578144093872651865 
0.308645101920344999690826170990 0.997706092150210333002746665443 0.665403869015239957107610280218 0.640885698329620057123179321934 0.665256766470736948804187704809 0.794985947855817554064117302914 0.102294927289188652963503045612 0.949934960798876515397637376736 0.169009560398207470122144968627 0.853333854284264448075703057839 0.919182723969946824382759587024 0.858440631337017090451979584032  | 0.681325298665046874546646904491 1.691172197793218590078367924434 0.960402474361406688352360561112 
0.230452839149458132972370094649 0.108193877318498832273974130658 0.072436524399996260470402376086 0.973479315462085659227398082294 0.330300838719890132999523757462 0.841621890458531640710759802460 0.413005080417446546192650203011 0.355510170100376887702964268101 0.969207914320262320373444708821 0.219648553139338953421599853755 0.235181160413070466930207658152 0.204894796311037796776588493231  | 1.696537930982840558513657924777 0.866266085294632448565721460909 0.721351984956418723626825340034 
0.907092934524063809753613440989 0.336047844746944490701423546852 0.055275864273286123840023265075 0.876567036912788810631980140897 0.266079170455418290153204452508 0.469070466867943958177988861280 0.322764019478908537053030158859 0.780506513944039803654106890463 0.178823054440309880952497678663 0.774808916316363172072101406229 0.096158011575067647846992713312 0.675596620952584658859052524349  | 0.214901484025970201940936021856 0.168514227525425080989052162295 1.857988709469285071307353973680 
0.578389115835981404423193907860 0.651004931802117492445347579633 0.325721732574056899167658229999 0.811206705209713607729327122797 0.142166373814916147111375721579 0.183308276743439191314166691882 0.867078854722569070112569988851 0.582823278665642319218420652760 0.041129021016428235490991482948 0.098289247223163678235380302795 0.046022013157823171702887066203 0.470877853852075922702624666272  | 0.785159843053774619825446734467 1.006555874398493033439194732637 1.637173104730851758148446606356 
0.634413259902638637655059028475 0.341928434383371060434342325607 0.483425127479755301074249018711 0.300500404772379714479768608726 0.957486045728736967497241039382 0.937798037521330063448488090216 0.985881082441436462637796012132 0.217199578206170529348639774980 0.486580814574930076155112601555 0.866076782013256885051077915705 0.569098754895669300957194991497 0.119389326903232895205064778565  | 0.876676267437752287925434302451 0.678652121902199478853390246513 1.713545465211174123609794150980 
0.451289995487071160518155465979 0.624213228224819616229979146738 0.357802855188493862392817845830 0.711167480469348300964327336260 0.735874447226507633068592895143 0.991361776614448020339409595181 0.647629560483815813753949441889 0.067064856302070596782982647710 0.974147277176832582235022073291 0.927457302304262487524511016090 0.859422984867814210296899091190 0.207208630555893003055700773984  | 1.046013204133075857882317905023 1.295543304947412321936894841201 1.427979748129194703665234555956 
0.071076646034075485758307877404 0.872085042620621586628715249390 0.668707509547882605893676100095 0.262162507410601985924358814373 0.297383122891740403481719567935 0.219013713869601334138792481099 0.689893356317893280404973666009 0.849467030172014414546310945298 0.189199082260029238788945349370 0.307468282017119509674785149400 0.146689843552185394948139673943 0.277149614169210578573654402135  | 0.869049129586607405073550580710 1.415479788301433394792638864601 0.186216857508883282257272639981 
0.871474023991837376534874692879 0.156293285719220187424127743725 0.821020199251816018559679832833 0.063641435847014871107774069969 0.360283564348560014778399818169 0.684234844338136638519642929168 0.930759555352165590669244465971 0.583940075500046895662364931923 0.351574455397224316932636156707 0.883749402905451120204816106707 0.282743388947101936814476630389 0.976099646187546188258465917897  | 0.345449354886552817411882188026 0.196787014880962118912322011965 1.942421701831805291860177931085 
0.796002208688493584354262111447 0.710738236045020732589705403370 0.372421511468545629597315382853 0.836126739812561692311021488422 0.748638890266082768221167498268 0.251864139982474588563832185173 0.944519903584745357250085362466 0.492461404211356645888031380309 0.294226045219726062285303669341 0.993032122755260204804983459326 0.810796202176551572549101365439 0.660648423352119484874833688082  | 0.346006158265015351105375884799 0.472051300181547006662441390290 1.763546737227483784948844913743 
0.114407058449599086102921319252 0.060906292486950341924512031255 0.665560615323114057595432768721 0.802435346166242013943303845735 0.208815190547109286178795173328 0.435154482565096256685421849397 0.867349919987024264855790534057 0.272638772827595299297342990030 0.474053452283042742188001739123 0.428424091522246364149850705871 0.759774801038961444810126977245 0.195359567925954435985147483734  | 1.318842690059651712175536886207 0.786320150992877553441928739630 0.278947699993815356744875089134 
0.936891324438795081164244038519 0.694643344833524967185667264857 0.138020537364270889924000584870 0.178818412038179719303343517822 0.607558844885339621733066906017 0.262688726971147645805615411518 0.578615241822718839870276497095 0.577858997400895524343411580048 0.675675386792622401088692640769 0.451366305234050413375257448934 0.636734699539620918606885879854 0.104606655420002248035871161846  | 0.094804962549295504481428054078 0.117126407812076407943813194379 1.515099031537325613427924508869 
0.628987063830942938480461634754 0.183906414848900356950878176576 0.386763736093787224845641503634 0.098653091470010223495989976072 0.711535360987089138262717824546 0.015988316822642789638564408961 0.004124104004813111679084158823 0.883654512891624888126784753695 0.346966746968773276371678093710 0.635217344324768506957923364098 0.600508763309598569968272840924 0.488875276412182202534495445434  | 0.890218631687845318722906995390 0.546398436017778155182611499185 1.584642800099519632794908829965 
0.993868230913370509505000427453 0.889296730666521928476697667065 0.213553918032953427008635571838 0.704930990867271400901472588885 0.675184544061762315081409724371 0.713410919216398542452850506379 0.217386966865774744483985614352 0.132879238644125208246293823322 0.696746124675923228508622742083 0.384760434578511278935764039488 0.111904190726461849614281618415 0.147257484562472340527961023326  | 0.008408386760648662444639356295 0.014518877885946418135332258714 1.741883727009908788829761761008 
0.315532839753802418769623727712 0.308554989362456288937153203733 0.907462309125938837439662165707 0.894379031285249981308993483253 0.099260841189462434286383540893 0.644660106529476695236269279121 0.110282954444785974423837160430 0.177251779595325453797727277561 0.318593868354340781223754675011 0.167218001841473506985380481638 0.608306427237510716210522332403 0.946279206152914054150926403963  | 1.505717888090547962320897568134 1.090825847950977589562171488069 1.005247238112185970138057200529 
0.978053189320502336379092866991 0.059084854794641872288707418193 0.769122461415771341286529150238 0.753239547460484049068440981500 0.046363881822562902357276470866 0.977972601060179691501161869382 0.804012085794669872917950215196 0.997897220157601738677044522774 0.753260102785759610988236545381 0.066914221311717869689061899408 0.460301360322867281205105882691 0.947155887217345227035991683806  | 0.075504497945542856096601269655 0.030661090084986079157269855955 2.362949209145205120563559830771 
0.270060252460262550933123293362 0.670396688274956686903749414341 0.781296355507372419779699157516 0.352105464044587979088873908040 0.992074593010144223370616600732 0.994323700975216273612034001417 0.451735284235617484682734357193 0.865312546494559575727123501565 0.219545734252313717860261021997 0.490346664232499507285467643669 0.765256154834175084111791420582 0.748695250389445510208474843239  | 1.075385175901438117307407082990 1.396776031265654971491585456533 0.796132085427882607575611473294 
0.026070914684310775299991291831 0.824569658096983015838077335502 0.577844285553001935085148943472 0.881977796864284457889482382598 0.554144881487035667610996370058 0.510902675352002511033333576052 0.189856145118700636587050212256 0.891399510508920189799653144291 0.460293815247193816020399026456 0.638016769555553531212410689477 0.214883183738895033876303841680 0.766255031999053315416858822573  | 0.888270998355895735620890718565 1.301688214002824528492396893853 0.064571949260463099018458876799 
0.947326714405512193550862320990 0.462482550369168521342544408981 0.915449769168550808728923584567 0.032654970533923299846890131448 0.119829597716317626243665017682 0.152933783587256066915927021910 0.863797555518184934086889370519 0.443242442867896713210029702168 0.687916574873625119579401143710 0.404032367052750474023525839584 0.334004686355287350174592120311 0.895964856140031185027794435882  | 0.121532494785931421965585741418 0.114504980708894393837127267943 2.013517773532354393495324984542 
0.084212039760475199123845868598 0.352682121498342437959649942059 0.740749582801338846138605731539 0.285240204977189049095898099040 0.054161545750475048599525962345 0.435376530800911543117592827912 0.086653678811582146579439722700 0.598791039547448056268308391736 0.131105691860217810074118460761 0.538356363721589015192137139820 0.280108849823509586940417648293 0.030645886654667497950299548393  | 1.464235034472927354798343912989 1.174848791374258238917605012830 0.249787755872357797315430616436 
0.341529535425501351575405806216 0.082447450989050929948120938207 0.720605132251836311141346413933 0.947084623595400243445396881725 0.307367576735611214289178860781 0.083358331699160292949102313287 0.826817809592365837723093591194 0.982480113401331567324348270631 0.377263988454621945756173317932 0.018100777689300628914281787729 0.096109736870113038342822164850 0.910111661214741074488188132818  | 1.877839387954709060579716606298 0.805889543406731578834012452717 1.215136499162793537465176996193 
0.099053162737275046723084415135 0.124562963693220729588517770026 0.934305529275124668764362922957 0.436185118482024458685941681324 0.329879624033263540994198592671 0.671258329074948867365435489774 0.939417235872728628720551569131 0.225778618549534959569768943766 0.446738593692784125011030482710 0.343621433142695442697345242777 0.274036031663526080670578721765 0.480256788697335013083034027659  | 1.333583833552866915184154095186 0.844868173477085870892722141434 0.247632931704447167842175758778 
0.848326609693199285011644406040 0.808952059519869259851532206085 0.739688682995357504879052612523 0.690932145960153287767013807752 0.907515607003283819587124980899 0.682896700299893022467756509286 0.120508904813146355827768729796 0.480002436967836954018196138350 0.538185780713928862972750266636 0.014554192844622670932608343719 0.023719860846204587900842852832 0.242822122372514992427738889091  | 0.241446415235240491314883115592 0.396740390014237054305823448885 1.912349856720759300188205997983 
0.764744392780909887363804955385 0.318679479174675983621511932142 0.753611045598500450815038220753 0.967847248570726015337584158260 0.004125062322023809180393527640 0.224706527065082317662358946109 0.144794803887746570403294299467 0.126903502948807478389880998293 0.294010989108554721127575248829 0.941618771834493606398552856263 0.780125514086948967928947240580 0.955119742103576530034558800253  | 0.703748151748918360226525692269 0.501972593284303103544630175747 2.231749908815666927353049686644 
0.277701619291712886727907516615 0.859102356552090551389255779213 0.440173545900064522307104653009 0.630840756718305195605012158921 0.597212149523616564472661139007 0.910136981841521142122530818597 0.861527098457664397557209667866 0.544261670275122066975370671571 0.706050939407213640208738070214 0.923364762749195655544554028893 0.064545454363096221861439971690 0.318613938918250405585297357902  | 0.825959985786679617980610146333 1.380824956759967969688318589760 0.750055632701337571255351122090 
0.508138330417689854101581659052 0.228869067802831116509310049878 0.409416739883895930418589159672 0.013975715367276819733888260089 0.871403209805030720680463218741 0.765316857326994504084893833351 0.972149659788467568333203416842 0.830551974584666008460942521197 0.992686757440631062365810066694 0.656059604395075490756994440744 0.374759881929687010959639792418 0.442148017453651509534040542349  | 1.220851317677697389640911751485 0.774190061788408212528622698301 1.483072306526913797242173131963 
0.661715616581015741992644052516 0.366676261997444408180513164552 0.006565047792719602703925829701 0.712780676424390247092333083856 0.676823882139909516197917582758 0.570119806855813870960503209062 0.986799511235534887454434738174 0.264690389244747192876161534514 0.033637743588143864670314542309 0.767567383210957632222459778859 0.842970152640187597725685009209 0.364282761381642616882459151384  | 0.805703210032218675173965038994 0.649559723363324015288355894882 1.760788074465372998744783217262 
0.612370574395456501726187070744 0.251133369165005837508886088472 0.128769040830032932554161106964 0.000578477477345851198720083630 0.152316651041173867220379634091 0.477505265045520488342845055740 0.792594732992442319030601538543 0.488127504590009975160569410946 0.760924288157869388449228154059 0.311787644175650524580589717516 0.629365180392336798220753735222 0.782558509611430808128318403760  | 0.839873420853101682048702514294 0.589917661375644830634712434403 1.471966220450116491491598935681 
0.483079187306730828410650246951 0.760227240951363070209367833741 0.287445941315835118423649419128 0.228838095410103359306219772407 0.103301631947039451731029657822 0.384999935247762659074055591191 0.013011230046965693851745982101 0.825464612963946686718941236904 0.672606162689106890084644874150 0.787870604078117597879327149712 0.232929388141973947590201987623 0.297766407446064640396343747852  | 0.757335609189148217801346163469 1.114818189018824678981900433428 1.277926093933659856816120736767 
0.610393729292658560048323579394 0.415492629445089134421209564607 0.705472461929867789010017986584 0.771048111708021788324174394802 0.587040189317575733518594915950 0.526019205925808086554695819359 0.020010825827679878941012248106 0.467944779644961728060081895819 0.097629095708245405837999442156 0.384610534974940021513134524866 0.088844700193599912552144814981 0.282237670020263675674243586400  | 0.748824435600517590572167136997 0.668299417962257558123440048803 1.429963207752026788099897203210 
0.211922418837104498123835583101 0.543106033268830890037293102068 0.763848662030527703059590294288 0.552757972448036039025964782923 0.989759946681924351885584201227 0.199837217067889039157080333098 0.648704386534050048140898070415 0.541211649033497721461571927648 0.333958885103612712619280955550 0.924910072346272649213005934143 0.443894493997935568607715595135 0.272353399409749230564159461210  | 1.097298729198733946432753327827 1.159669540788221375748889840906 0.552005115309173732818237567699 
0.376405781942876327406111158780 0.849197759799658058454951969907 0.328165281658276075660296555725 0.996519271502935843898285384057 0.255929963322611864207090093259 0.838263555455834530327763332025 0.592359748567776622785174822639 0.783188589520044109448804192652 0.031139945121787526716161664808 0.615967942502405829685585558764 0.063471950847573954668234819110 0.195267595025256812668601469341  | 0.823749050809751470758612867940 1.494560296389441322872926320997 1.145731312754077579896261340764 
0.580672314155337820906765955442 0.945021471321179085123276308877 0.997075626127341685389637859771 0.759029671727614485554624934593 0.639605233710412446335169533995 0.582721292543541768971238070662 0.834374800772680780269752176537 0.219015591917865348747795906093 0.953487056212222405804368463578 0.303928023063830710093213838263 0.659407137949103883123314062686 0.112646535838013428509896129981  | 0.513651485772154470232919720729 1.077914678417455141001823903935 1.542711893872763750934495874390 
0.163813470247307635396794012195 0.497299331305670611058644681179 0.676086891186171046186359490093 0.531940640755505733672237056453 0.394665832686139417262438655598 0.705406658878288017611168925214 0.827205139772614450599519386742 0.384352684323301607705047899799 0.089504519427461959324432427820 0.707576160860447833655939575692 0.391772594292318920849993446609 0.945346891770470265647929863917  | 1.114672222319156524861227808287 1.111032181551781183870275526715 0.414150963584211440071669585450 
0.074989354506500793817735939228 0.470869153517620042670444036048 0.338599423980630920283374507562 0.745005301264527575177964990871 0.506123407650058143580906744319 0.447862869247582895404491409863 0.992906826919239149376039677009 0.589618977056608484232924638491 0.459920638966696992966376456025 0.893350834498932155902650720236 0.877113410843910923375688071246 0.333932198625002896186231282627  | 1.191040321496137810441950932727 1.148246295563114971471918579482 0.195783350562000607597568091478 
0.484890916286742412744104058220 0.043912317727827110402927246469 0.657871993917441666432921465457 0.392969431590766915540768877690 0.049228661311796151345276939537 0.566946740531461212952990535996 0.549200642170261876806591772038 0.464845075476356450749904070108 0.238660762230814116335864127905 0.288943110642488010242345808365 0.864157369030292943357096646650 0.892916663685364264679833468108  | 1.044162387137889336230500703095 0.575615118761086397292103811196 1.137018904332872670792653480021 
0.517370394061275828967438883410 0.312319436002424066778360156604 0.692540521141156606432787157246 0.870962641237878254507620567892 0.557348543197515811087328074791 0.747404725777673917264110059477 0.587765487236098671530726278434 0.355402494264570600890351670387 0.537154987160644692423261403746 0.865678837228682329651974214357 0.762491822866501522959481462749 0.248789093918538872785006788035  | 0.818826041816209104773349736206 0.665762398637991692496029827453 1.114547775279065122688848532562 
0.349483884485938367525648118317 0.175103274190038238344868659624 0.295615062294780739371446998121 0.910958591473063794552444960573 0.610178476637307731778037123149 0.545699795306552215556905593985 0.698968394770951184646889942087 0.258638569074856494722780553275 0.387143780543683035944013681728 0.667783271725212790315140409803 0.501749169000775152582605187490 0.188036264817012188643730041804  | 1.011138610246989255614380454062 0.728565195694501399614750880573 0.762330958892009080685170374636 
0.514885703770190383821159230138 0.691812163182145001272260742553 0.218541878189583704816811859928 0.150227617662932022568611500901 0.644367868514645003585883387132 0.357581404534371594117203585483 0.719586860241930192927384268842 0.933714166356975350247182632302 0.472920586751948590631400293205 0.982513478398026052218483528122 0.257334313731519270795899956283 0.098378984761644527878843291546  | 0.796848552891402106546081540728 1.070270577156250624284439254552 1.398239608837670955310272802308 
0.817803552729200911031171017385 0.294003914761827744861477640370 0.548962047493633198413931495452 0.283172357861624424124613597087 0.331413615537358707818782477261 0.017227822352378630021974004194 0.785922521515791228097214116133 0.785273748652970615680146693194 0.270728213373758630488907783729 0.725186159865554125225628467888 0.547479492311020998762671752047 0.378910475714449024309260494192  | 0.354213790465310485178207500212 0.277635272374686936647236734643 1.529381490424130518590573046822 
0.034314938400071492985432541900 0.773032912294211449477643327555 0.020118884041230411519052267977 0.138715492979555987673734307464 0.219789500515647939771213259519 0.535335259150992670562629882625 0.797783533819345636040054614568 0.378605269645448716531177524303 0.219619934389208015801386864041 0.888449162839852202289137039770 0.300014229465996540291428118508 0.649025741016029389385266767931  | 1.020059156479474316014943724440 1.522987248536449955693683477875 0.098899552241997437662668346547 
0.769961934506897760499555261049 0.061398579502742856028874030017 0.988192939667011494009329908295 0.582506479367057905527360617270 0.431078207329142815140698985488 0.231561271566160242763032783841 0.563561362970147139428434002184 0.389829525537067622664721966430 0.024886848921022108882539214392 0.185772431607509669326816492685 0.062698984326286733015365371102 0.166789319592103191247645099793  | 0.626364096792833890958718257025 0.300317411798821709556506220906 1.837974856023415926031816525210 
0.925935482476739735169246614532 0.238519685033626083203728285298 0.248428287564127048270279374265 0.447993771209564850543927150284 0.966413909849782482019975304866 0.390252730997666552603675427235 0.136280434124741667289981705835 0.472192228792936985470873878512 0.330092715349731502527674820158 0.850213388196935482277183382394 0.995342127498615614200616619200 0.587619470027473833617648324434  | 0.175780910073094348566868916350 0.119927533298721827881294643703 1.820811193411283612775264373340 
0.658188280739187336898510238825 0.945521226689963856237852724007 0.890414107384890685104039675934 0.551435271068883237077784542635 0.025773042165359028032867172442 0.534817621791497388450409289362 0.427974027192133288366449050955 0.269117065840805635978938425978 0.363189615886123529087115002767 0.220473373535337691109248225985 0.164624295945255516571137377468 0.734838384479825856843149267661  | 0.415008444908976148468582323403 0.766514124340612501562475245009 1.464354618212915681851882254705 
0.859987039039051492927967501601 0.546754063619344532476418407896 0.022299925809631582218628409464 0.277192388655989274681701317604 0.581065582461238516742696447182 0.988657744716782471705585066957 0.898034504275329825695450836065 0.300840683501274464006769449043 0.690026168691498908991377447819 0.288502104782620505396550925070 0.224447373017032325570596640318 0.947715789123518836944981558190  | 0.308192522149914438500672986265 0.332624376040729641257343018879 2.028447904276287072633522257092 
0.139595253080158299141544375743 0.433084042955484860293324800296 0.329205827004317330697347188107 0.337013891770968965211352497136 0.274241187300637512258560946066 0.114208119224532000934857478569 0.341987907314764472133106210094 0.792281513661937220049935604038 0.625003323780887964922214905528 0.362033105831720214418112391286 0.266453911383887298569561608019 0.496722887086334385919883516181  | 1.036778134831301656504365382716 0.970752228238784597991184455168 0.316528000075742665941902487248 
0.703574323931095646500466500584 0.843075461917723090188303558534 0.002586923111390526663910804928 0.908580042951520394645115175081 0.481633401865048216272668923921 0.178131574875320719542060032836 0.625094798975465271162477165490 0.548493516342127174212350837479 0.959926182781506542873728449194 0.223546398192532524973330509965 0.018698120726263645074993746675 0.250657477917508253462131051492  | 0.456694787432791127201880954090 0.834136878936204695378364704084 1.892588840520259996225149734528 
0.703196391169256806996656905540 0.142986401788619654773526690406 0.993078823578762537316322323022 0.575972200896297970018622436328 0.881134008274083613265759140631 0.245631562712709361484542114340 0.865906767077250116848574634787 0.320517902909075891315637818479 0.528381001553170470685927284649 0.284981359684995938508222934615 0.529050155079024642112983656261 0.831243297860401741949942788779  | 0.687598198191476717155978803930 0.411421073887768939947306989779 1.592325649141695054211709248193 
0.584898565274410198178145492420 0.266530142729415109315027621051 0.454609572934603134441999827686 0.738839971670289474836579302064 0.986492721069934797029077344632 0.350483450882602909359775367193 0.234892240063586221765490336111 0.998260547277217358264067570417 0.062373743028125039344899960270 0.053645990463456749708370807639 0.562367461734974871667702700506 0.738000266799274218243454015465  | 1.049752332644571684028278468759 0.709433776070123367496478294925 1.659612826758140480265524274728 
0.194838113106073018698793930525 0.157854281712654809233242758637 0.696947345112736371675055124797 0.712529903886322535377928488742 0.343313364742948712304837499687 0.702084226410809475460439443850 0.273688486002908182292969740956 0.112566140046408968977686981816 0.800824825451146860011419903458 0.052032532085973026703129562520 0.745191032221612870145577289804 0.282964821364130258984914689790  | 1.417247056153583262272377396584 0.879154945595782666423190221394 0.526984256889395985545831990748 
0.757089342040354273954960717674 0.525751370932522110734907982987 0.170393750846284830480215077841 0.623193134161430739581533089222 0.279961190313952501540484263387 0.146239436203731476560108148988 0.468682083867509424734976164473 0.844814914640505731924235988117 0.940213180083265487319010844658 0.854934052488063644936744367442 0.919265940130073344604966223415 0.440131308076046501298606017372  | 0.494744607278643111492044681654 0.514264002500459116440367779433 1.778572709299036214147804457752 
0.467240517262810461929234406853 0.851546171229390802537295712682 0.247396278895184007495799960452 0.880233033449583812668493010278 0.316613894315454169614554302825 0.976968991914600071169161310536 0.590630251122847838018969923723 0.342161576337472794762106786948 0.941046291492789510613192760502 0.830781168674685099873045146524 0.598169186909953354280844450841 0.488542220672355087529581396666  | 0.690193856794435345314298047015 1.158733177031595618089454546862 1.216590919907823753476350248093 
1.000000000000000000000000000000 0.999999968680648332330918037769 0.499993432272907378788318055740 0.499998869289692948747472200921 0.499998014967032944344538236692 0.499997132849755943073688513323 0.499984591455861049347220159689 0.500002529330920153505246616987 0.500011501546972714216110489360 0.499996966558532207614007347729 0.499997091256575709738996238229 0.499998500943726997824967384076  | 0.000000000000000043297802815980 0.000000000000000043297802846762 1.000000000452590409594222364831 
1.000000000000000000000000000000 0.000000000000000000000000000000 0.499993432272907378788318055740 0.499998869289692948747472200921 0.499998014967032944344538236692 0.499997132849755943073688513323 0.499984591455861049347220159689 0.500002529330920153505246616987 0.500000664948466844172969558713 0.499996966558532207614007347729 0.499997091256575709738996238229 0.499998500943726997824967384076  | 0.000000000000000043297802836570 0.000000000000000043297802814755 1.000000000320746984527886525029 
0.000000000000000000000000000000 0.000000000000000000000000000000 0.499993432272907378788318055740 0.499998869289692948747472200921 0.499998014967032944344538236692 0.499997132849755943073688513323 0.499984591455861049347220159689 0.500002529330920153505246616987 0.500000664948466844172969558713 0.499996966558532207614007347729 0.499997091256575709738996238229 0.499998500943726997824967384076  | 0.707106781591479993664961511968 0.707106781235219750136877792102 0.000000000000000000000000000000 
0.009066196048981418204038007502 0.024708019408619545653760241066 0.499836358913502920575666621517 0.506730411831187943505483417539 0.497629043336391518881356432757 0.502916143019647154943640998681 0.508359011535852833851834020606 0.501273939248041200400507477752 0.494943107403069237903991961502 0.508846004379882699275583490817 0.503297852268242973394762884709 0.496775497105392427332759552883  | 0.707351253183776451649578120850 0.707080941080202696191747691046 0.014244312314944789291115689878 
0.009066196048981418204038007502 0.984558831797328837254212885455 0.499836358913502920575666621517 0.506730411831187943505483417539 0.497629043336391518881356432757 0.502916143019647154943640998681 0.508359011535852833851834020606 0.501273939248041200400507477752 0.494943107403069237903991961502 0.510703121847244867481663277431 0.503297852268242973394762884709 0.509500982537845481523675061908  | 0.707097910332953327738891857734 0.707498534432862036247513515264 0.014245966742470196966796613935 
0.362764678645924654176724288845 0.750752054350848796460127232422 0.496377980919802619386160813519 0.499413487747497053526046784100 0.508362559347546372201520625822 0.497062369267335768530102768636 0.507844860043435986085569311399 0.490218074139923409848762503316 0.500192858911774229646596268140 0.505997243277238606395940223592 0.494907800894861249485501275558 0.508246904426778667307473824621  | 0.595515802899265089820346474880 0.595693653398777445140410691238 0.539693006875684999634756877640 
0.055093915553151850961199897938 0.968763003508243514261266682297 0.492066694199297716139085423492 0.496171656780289238586334477077 0.500259069246960397236989592784 0.495528832051413847814558266691 0.502011662238258105084298676957 0.495002271308478958289356341993 0.509202874423579365803504970245 0.503511686994654317217623429315 0.493054572946603597571879618044 0.505816608736702755244607487839  | 0.704517308274773768062004819512 0.704834526952908158037303110177 0.086459765827850754149608292209 
0.868095968469703493930467175232 0.507951297955717473442405207606 0.495154082409035967149435464307 0.490986753689368893294187046195 0.507452091956139494932642719505 0.503893054518380512085684586054 0.497173627030145781624526080122 0.498843168421872151796492289577 0.496911466787940014899760399203 0.506436650967770796150091427990 0.504958570116263105731491123151 0.492005964863473865822385278079  | 0.145509103816774482131890522396 0.145510281832397558865466180578 0.978929191609478444036085420521 
0.387212593473733102111822290681 0.340749173453717468795787226554 0.514350849043535673921212492132 0.494384436523677639474527722996 0.482073475399878825786714742208 0.502802584276000108509663277800 0.500192370965787835856986021099 0.506036448124628113198752998869 0.502897115291736862552340880939 0.496633486895162790109026218488 0.499030354271152887246643103936 0.500985354367735280511908513290  | 0.580747159945519508816857978672 0.580565764096081959877437839168 0.571774553126271900538313275320 
0.223476843512351530662840559671 0.155419324519267237905140177645 0.509957515006859929407312392868 0.509755435235353937528657297662 0.481399055809627218760482492144 0.497393993494737229887903140479 0.503063934675197610424390859407 0.507063832040462680872394685139 0.508028080157608252775958135317 0.490148488024956530129117027172 0.495491631129082343854008740891 0.517539865567796630863028894964  | 0.665106486941761221309832308179 0.664318793940119722840620397619 0.344248218742575828876795185352 
0.197410035872958355973594279931 0.986911265792114855699423969781 0.493957519132617706159038561964 0.521870196046060885741724177933 0.504225134833210852924878508929 0.496873789297069379244931042194 0.497822883957085904338413229198 0.491572829399018473850446753204 0.506139113215757330266342250980 0.502433931245475640103848036233 0.494769863853766422856494955340 0.510673311139306251860148222477  | 0.673508946272612818439995407971 0.674336170007487911703947247588 0.305390316487302915238188916192 
0.886336994191321947411665860272 0.041327868229714681547193322331 0.505731802517752071501888622151 0.496097370119967295831742148948 0.504586496954757546262726464192 0.501530876763845334664893016452 0.490746066566650873674859667517 0.485503705516903805161632590170 0.503935895284589374654160565115 0.501037020212396155827150323603 0.500887103962199375928321387619 0.496949701414972300206329691719  | 0.125663289629189739438075434919 0.125592012241145523088192703653 0.984491410873729710928614622389 
0.138726659550845399238028221589 0.231098772170323790708934552640 0.486897838239038704966077375502 0.501486516254061043262879593385 0.509515052507395149739011230849 0.490222686255406769895159868611 0.498425822920942673821542712176 0.501368095821615566975992805965 0.509258188890796215098077937000 0.484552924031698917239907586918 0.500965463887765638517635125027 0.528869149231271595823500319966  | 0.691879985012256670806607417035 0.690991712550282022320402575133 0.216520086328169852896152747235 
0.702255220300301075120330551727 0.864095794680012851962658260163 0.504613684899398506900070060510 0.499128365138282736879205003788 0.509562069873328971070236548258 0.505102098343653382883644553658 0.484795319564807314360876944193 0.505236007901110784068521297741 0.503567535327745008366662204935 0.487515300033246667954500708220 0.490424940056457980830373344361 0.493383366170735693234661312090  | 0.318881647140781099292183853322 0.319137684796993559288580399880 0.893235946785190360053263702866 
0.846809528160435975863151725207 0.000000000000000000000000000000 0.495919404392292872962855199148 0.503893573317220622165280019544 0.504693352164732433884353213216 0.494273589070017116409161417323 0.500878120661396808444010275707 0.508025284921790443171119022736 0.501916040000664365194893434818 0.495311107711740084003082529307 0.502549356832422966512297080044 0.510650277245638495315915861283  | 0.168603992521954237915338126186 0.168525272439674245195107005202 0.971476606716177415457025290380 
0.538749294309775805800200032536 0.512731817410523538214306427108 0.497305532623555202054177470927 0.498363862897819587249870210144 0.498999551300420063348894927913 0.498118584070649850215062315328 0.494795955839900936101827255698 0.487851281243504575346747742515 0.504245255078023757455696340912 0.492070092436136530267276611994 0.497906079736280815506432873008 0.499998500943726997824967384076  | 0.468785291377878055030237192113 0.468790435922298465154511859510 0.749015911501689002349735346797 
0.548860406064836992001687576703 0.044388093095793869358178795892 0.505579250651842060371166098776 0.493107522285919974702750323559 0.501646454382730366816645073413 0.494455167374887205600231254721 0.507630866896693899725789833610 0.495074209882079452338388136923 0.495444357228993215169765562678 0.499652458518963060729589642506 0.500396514970430361657349749294 0.513703673985089648290625063964  | 0.460509367459133400757309573237 0.460243646567826902860076643265 0.759548473611923902204523528781 
0.583510671132077773926027930429 0.706636220980566776006526197307 0.499737987059542421164337611117 0.498863644055491883833042265906 0.498091488876342525227158830603 0.499738233240032525550589070917 0.491333795870986800302659958106 0.497686175101407501930594889927 0.500449295838329422103640808928 0.496605108016891283462257433712 0.500515700087407311436038526153 0.496632608857290325232725081150  | 0.430334687059322762436863740731 0.430365095900745786572372253431 0.793609270103445396671304479241 
0.858800232045088374199792724539 0.000000000000000000000000000000 0.496233220734596913725766853531 0.505820451321922104348516313621 0.510890997120458711933110862446 0.489325190181880476103515320574 0.502119959609743093942313407751 0.498260621647464152506046275448 0.515250465632021148465469195799 0.502281565232705951018488121917 0.494497010943104109426116110626 0.495168665115950534794109216818  | 0.155711743097011495740034092705 0.155570134630624551386191001257 0.976069279647524434828653738805 
0.172529695162501467420312906142 0.332017890684671967971297590339 0.494567367240701660779933490630 0.499461479287260257109437588952 0.495117208582856294096785632064 0.504788377286677358846134211490 0.494186451677848914698643056909 0.501368095821615566975992805965 0.500363854093139659440225841536 0.499237773426185693637080476037 0.503577048693355289188389178889 0.504041365566425869637612322549  | 0.681420625971144056087780427333 0.681369540726441291766946051212 0.267741793018345719534778481830 
0.810245881327350869760550722276 0.170585884766736806117393143722 0.497722565948057138474069915901 0.478372064605735503040051526114 0.499526926394535719655465300093 0.506502953032133107491574719461 0.494863578379669655227246494178 0.501611425051655346329937401606 0.501132059411245722735372964962 0.494094501121712381674910830043 0.506977857151751032382946959842 0.494196612714609850858238360161  | 0.207865755314626143857026363548 0.207723281936544351689022391838 0.956540250068293129714902534033 
0.476369892043425946503987233882 0.999246926951591563081933600188 0.518195543986281870196819454577 0.508615977078704095681871422130 0.503045560378018286051826635230 0.510655548634667888485694220435 0.517956685408555994598600591416 0.497807993351493671685403796801 0.495307607877054578704445475523 0.522807707524963416467755905614 0.500072976618060605069615576213 0.468789879304942702642478025155  | 0.518474693811914244534477802517 0.520402326159641770431107943296 0.681992934424553776118216319446 
0.836112942131981506932447700819 0.990842143996932822602730084327 0.493149683452108078540732094552 0.505991446963179769547025443899 0.493627204377477701857657166329 0.493245242255003379927558171403 0.502338888147189521760083152913 0.500675864267232428872489435889 0.493136132597855603165726279258 0.503527598856262081916668194026 0.490022287890543695176859273488 0.509059887440539649006154832023  | 0.180045944941295499308608896172 0.180161481312846538660465967041 0.967449140217626735172018470621 
0.595716057981490965111959212663 0.170585884766736806117393143722 0.500387611052230618646774473746 0.498908121915857538652971925330 0.488656155965054850298656674568 0.490839908043826378403196031286 0.506072518326481479711276278977 0.496872811939257585933660266164 0.503222716435649641830707423651 0.498466212960954113686540267736 0.499159392276319169301501688096 0.501119056331011059057800594019  | 0.419642233439171230546804736150 0.419522732357436534122996363294 0.805264998598730463719164163194 
0.250382443326449932730071168407 0.825062913143229215151563948893 0.504327585221328034137400209147 0.505265527076590781341280944616 0.502348091427458509627967941924 0.500007239214327103837831600686 0.501786886445268698331290124770 0.519118987161990785850207430485 0.519484725478120967778750127763 0.494121566625854768961545460115 0.500215382624200066707942369248 0.514303733709356336589735292364  | 0.653450986121466237399602050573 0.654144339624236903496523609647 0.383636770528742732100369039472 
0.467882466406739250253110640188 0.832692164068576268221022473881 0.494427613359851747532047738787 0.493619417701270601916974101186 0.496850554244812281368126605230 0.504412989386165300231823493959 0.494976724461438533086976576669 0.505271671865783145172201784590 0.491332356619037957656814796792 0.494944876126346522404730876588 0.501746553682624996106653725292 0.510465170734748396874636000575  | 0.524670194017214486237321580120 0.524871650412232493287945089833 0.670795005573787905817084720184 
0.111541256693550625000987963631 0.127117359566563503658898071080 0.500089683785192362641680574598 0.506063065242706944246720013325 0.501956658192057703082866737532 0.497507028407675910841589939082 0.498704553846254283744343638318 0.527769427966163995336046355078 0.510956460446126525809518170718 0.482346516783083822943467566802 0.490174794735951047108812872466 0.498069190463072075658601534087  | 0.697773194668167562326743791346 0.696670768383418015368135911558 0.174549143463918754459740512175 
0.189978897841846627869699659641 0.992537729414471492361826676643 0.496061501669150639592942297895 0.514060570706489250447646099929 0.495552942065852430886252477649 0.498167078499219095899519516024 0.488092613535549890713127751951 0.495370069172600346885104727335 0.513683951626485724162307633378 0.494488687205133503610454681620 0.503785562288186161694625297969 0.515651742665061973980300535914  | 0.675988529817217465023304612259 0.676905163011437993603180984792 0.294266342404847669467216064731 
0.487829282058449664738475348713 0.328791000903152219603242656376 0.507314171229536148288730146305 0.496171656780289238586334477077 0.495397438271745593763029091861 0.496681736978142551741655097430 0.502331199673306527664351506246 0.483789559416316239381927744034 0.499689440223626935022593897884 0.503727401022133536301339518104 0.500645422774541715149609899527 0.503364134045397260130982886039  | 0.509721802513936061984622938326 0.509613758124825788620171351795 0.693733541185124980010812123510 
0.716052240915902582507612805784 0.686994807521143946438257898990 0.510570068620508576984207138594 0.487463598274592180281672426645 0.510797719758197654726927794400 0.514703969254215687456621708407 0.509015452454373296120593295200 0.483855242663331908126167490991 0.502985925640168307637623001938 0.511963684044676514695026980917 0.497738639679566774454144706397 0.483323614614776186915179323478  | 0.305330182567667807180811223589 0.305577270896413399903224217269 0.903413342869500701759477578889 
0.456923661027531458067585390381 0.978103580676779271740883814346 0.497673188912361896818481454829 0.501051624530830297388206417963 0.494903661491457813603744853026 0.504949755230224117674708850245 0.497895035071999836340239653509 0.490076592776625741265661417856 0.504387275009533841974018741894 0.512371935983661819236090195773 0.503009140356022177442696374783 0.502327280823405830645356218156  | 0.532708056981435418286707772495 0.532985423875091735013143079414 0.657907400497957706164697810891 
0.093965753201897678215104292576 0.015374988226955467462975235549 0.495654154912453570602792751743 0.502923488526843764923057733540 0.510090179072817506700232570438 0.504195906543205563110632283497 0.496124295282557581376892130720 0.537245545247826195023321815825 0.512232382165057065215307829931 0.483704052324085254088714691534 0.490495877328711693543539240636 0.503606808118957527398151796660  | 0.701964355128471440004034320737 0.699762620290897641162075615284 0.147369779502160486162054553461 
0.330094702447597088124098263506 0.822917355405106465404685422982 0.494991892114785170253554724695 0.507635388215846528048302843672 0.495854551187299208425685037582 0.498962145338410489880942577656 0.491654251681379550475980977353 0.481178967985770977833226424991 0.510402183987473612170049364067 0.498077704532226717137888272191 0.506823859726977188344676505949 0.511836881658413345164149177435  | 0.614412461084641425834718120313 0.614925920554640237369881106133 0.495996294234044343696155010548 
0.269906093370646416040870008146 0.999999998440997295290344482055 0.512274727123032236342226042325 0.501912251742611004168281851889 0.502514087869294634458583459491 0.501316294924068039939868413057 0.502291490697194475956166570541 0.511031379152936837684251258906 0.493327139749612453289984159710 0.497289418686208073427934550637 0.491657226358440502256286208649 0.502543527710191950674811778299  | 0.644560031073625583353248202911 0.644982464512103170761747605866 0.411551569895258151365879939476 
0.747884073577161911927646542608 0.999999968680648332330918037769 0.504424520020505418038681000326 0.499998869289692948747472200921 0.496983675312452799488482924062 0.508637999758247638659724998433 0.495513570622339138971312877402 0.500514188675091564739716432086 0.495756025468049699167494281937 0.489898870883880566129420230936 0.494508744530152088980656799322 0.519173584174057567430793369567  | 0.272805373157915476145518596240 0.273080234730757820393876045273 0.923194366393855880836838423420 
0.436429155602313489925592193686 0.682883531501040308420158453373 0.509158828510971717129507396749 0.508413888572271877031027997873 0.487071551937521385333695889130 0.502449510108804231478529800370 0.497923027422545627640459997565 0.494159432408081245036157724826 0.506377222276306993009598045319 0.507729236682676443592754367273 0.496292521751251214379152543188 0.502550111953339873060997433640  | 0.547544657222213904113061744283 0.547697779874739665295635404618 0.633400380134504392692917917884 
0.264924960682723142912919911396 0.951104921877037101651808370661 0.494229986365906426293292952323 0.495529484784020979315499744189 0.495060574838112332773931711927 0.499504317050072310646413598079 0.492356388601398187176982901292 0.485882905540230336516316356210 0.496374136983880887008524496196 0.488561748728169487065997600439 0.512102513590123709086299186310 0.503513467932145575289837324817  | 0.646878880775140996384209302050 0.647464056644153962416510239564 0.404493864933493540991804593432 
0.936863295871054990726634059683 0.626881199857221127480499944795 0.504743701676776623799014487304 0.502995547847526425222497437062 0.506436796393183508158131189703 0.507237612357477773983305269212 0.499288338901101302891305522280 0.466872379107638291184656509358 0.505299410665100312556319295254 0.499922610351798191175021202071 0.512102513590123709086299186310 0.503196364857169453621565935464  | 0.070091273453856711705967086345 0.070130567692508041788279626871 0.996487294579538551708708382648 
0.312114061619953198079002731902 0.015374988226955467462975235549 0.488499053935855798158627294470 0.516768975467245317290121420228 0.510090179072817506700232570438 0.490839908043826378403196031286 0.502806689590500011100004940090 0.499295972341935512250898909770 0.489095920792989302672282292406 0.494234342311895946675548429994 0.499214507243635086108923815118 0.513505026256155683306303671998  | 0.624850048975868599399063896271 0.623954709347493974291865015402 0.471305887466936024310371067259 
0.821761631018740001941580430866 0.826401886335299762365025344479 0.497388256426579411506594396997 0.497877683312581753583003774111 0.502304646576290481085891315161 0.501357088850117094125380390324 0.499956556147591213434822066120 0.516866387237576607738276379678 0.519711797740768144393541660975 0.497427871750400596440044864721 0.501283167267435825209531685687 0.499231802033616223202017181393  | 0.195463434799122232066181936716 0.195603762370790329461200940386 0.961735114301461524455305607262 
0.403365511562881140505965049670 0.174960233090446948267526749987 0.489418641697014045188751651949 0.493108847761218327399035388225 0.503189974823216035204609397624 0.489404001228296359204961163414 0.499984591455861049347220159689 0.500002529330920153505246616987 0.499347144451011137888940538687 0.499816716477729516832084755151 0.499997091256575709738996238229 0.511344565585967303356085267296  | 0.570210027994394463846106191340 0.569970828343714042141243680817 0.592297285792179106778121422394 
0.677138037034535456015760246373 0.677070445978426027622276706097 0.500877108397415171658906274388 0.503724417631710053022686679469 0.507893063660904031664244939748 0.501708563722128686457324420189 0.499520512207621891764830479588 0.500880295073253378745903319214 0.505698451626501732647511744290 0.517396422603888850311193436937 0.496683628988542846816045539526 0.495629241486722271758935676189  | 0.343544062195538846271603006244 0.343629283124790241288337711012 0.874522007545595170263652562426 
0.526555656567230911946353444364 0.676357982374421129456720791495 0.502605866330993134027949054143 0.500459722603109224969841761776 0.507843353721299517467002715421 0.510363034013673999567117789411 0.498372175924258475898653841796 0.525118044307294251638040805119 0.498239117841790535301527143019 0.494636169773927159010185050647 0.484942059515129364477559192892 0.478972668520499411659585575762  | 0.479236994427159390674830774515 0.479637554289936984819320286988 0.737090551281882278011892140057 
0.422774790896691954333874718941 0.995206841025981003845402028674 0.507217855495978087176922599610 0.504927217643351577969212939934 0.501322728038376741466208841302 0.502820760924762244492569607246 0.501014886345532484135389950097 0.494009607408802675632131240491 0.500354406745000979128690232756 0.513078887607047340324584183691 0.489972736060005409353124150584 0.479313449811212544116045819464  | 0.556931315723285358387784071965 0.557643969077380674548294337001 0.616852256767443041240994716645 
0.393024325126970941468584896938 0.595042447595882872946049246821 0.501306020736221658040676629753 0.499674627154344408452857351222 0.505887821844649754332579050242 0.493809934113998316718152636895 0.502390193417275088272333505302 0.494439329410743810822026489404 0.499727349310321589115346796461 0.497089586916170611541332391425 0.499346645085913865003135470033 0.504560572375540195011467403674  | 0.576650404454265963494208335760 0.576674713124082582993423784501 0.578967188446419589453739718010 
0.080114527778869806806660847087 0.570508011995231267832195953815 0.523118150394660585966732924135 0.505699408410086537202232648269 0.496486965221217158017452675267 0.506300093357225033940949288080 0.496293143907262979119821011409 0.500619528716723549699452178174 0.500519428612369088327227473201 0.506102695235480237734293496032 0.496743104547706482154723062195 0.501890825491339676034385774983  | 0.701942258314958045239961847983 0.702048667554805660984129644930 0.125597661274552324650599643974 
0.930073333518324441016034143104 0.000000000000000000000000000000 0.500275141823606994684325854905 0.500230073110047857021243089548 0.515695528133606528875532148959 0.488958362354114939307692111470 0.499322564959995718325558300421 0.499519738010161640229256363455 0.511791284232758436623100806173 0.491690625403542413973667635219 0.493917023467005666947926556531 0.495880457975744481924351703128  | 0.077600248511094455095005173462 0.077523402935988527939770165176 0.994600924767386707081584518164 
0.629081858795492609992550114839 0.128250661483508165972011738631 0.484342269013016080148048558840 0.501696616392036665033060671703 0.503511161252047312331114881090 0.498309105096249538302544124235 0.500646333595563541862816236971 0.503584501585904287246364674502 0.499028758788631843223981832125 0.502024890356384867473593658360 0.491209835468644662181958437941 0.503560934076287214367084743571  | 0.389298633940196647795772832978 0.389129834202529445441598454636 0.835324882226465947887561469543 
0.974827032307018948031895888562 0.373323362033139427573757984646 0.507502549558114912642281524313 0.494045018902298960217223111613 0.502624970640748958139454316552 0.500636293300055323918229532865 0.499680266964920960504059621599 0.488582160672965226666519811261 0.513525097820830889183696399414 0.502050102451554902671659874613 0.502026610446886456529114184377 0.501591595551849955825218785321  | 0.027967037948069938674278134272 0.027962329187363473004257485854 0.999641287907146569580163486535 
0.685361726227234679953426166321 0.303178800153146743578957966747 0.498025330447911418474404854351 0.509232413010381468332354870654 0.510799481441591818331460217451 0.502101272583736601973214419559 0.499984591455861049347220159689 0.497877882496666479550384565300 0.501723783790069322030547027680 0.499996966558532207614007347729 0.504549506577194883938375369326 0.500484295209660312586663621914  | 0.335525298508552671794546995443 0.335475814947565453838507210094 0.880543006119276494558789636358 
0.616874008085217973018643533578 0.488750855779468196260495460592 0.498822456969523764236384977266 0.503069660714986155447547844233 0.506169021561585941171301783470 0.499340929968897673241201573546 0.492674641051973782879258578760 0.502066521021468648022789693641 0.502518511663944678069526617037 0.499461925528235095583795555285 0.491044784299226211299327360393 0.503818064332619774958743619209  | 0.400404872599824601664408874058 0.400401920916180098508618812048 0.824482600876067617257092479122 
0.767449578053916559028380106611 0.000000000000000000000000000000 0.496151481815956696408420611988 0.501391580383034995982427517447 0.507096425705336528722000366542 0.485146225369851635811357937200 0.505880101188700415093535411870 0.496487390257252914071983695976 0.511424142064585307565494076698 0.489205246512641689360378904894 0.503092127058664462246895254793 0.506457580947700880535933265492  | 0.252877795619954104378024339894 0.252626657403532184353878164984 0.934611632018116145204089662002 
0.952634982763035376152060962340 0.757865704308892551566145812103 0.507762146886658660704938483832 0.497380336469625927708904100655 0.508098612897371681995650760655 0.497979025984644441127358049926 0.485936813041399739976355931503 0.506987402864027103532862383872 0.504011634563483079674028886075 0.504215205032402802309832168248 0.501327745048638862002121641126 0.489075531185487355489982519430  | 0.052577617293643914841982933694 0.052600540240413440340461193045 0.997770398557910498382739206136 
0.988013319826748004359728838608 0.000000000000000000000000000000 0.500269630679986421206706381781 0.499003334783135854557656330144 0.504332662068479598005410480255 0.501780781840356238099332131242 0.499610696077219640365285613370 0.509010612524686267832407793321 0.506283589467657724192406476504 0.501608994624306525622614572058 0.502494294019035336873457708862 0.503788471278521887697365855274  | 0.013317036843358692754790695290 0.013313544556113927549989561783 0.999989715181868743520965381322 
0.739604238326838969719290162175 0.355632862601714727635027202268 0.508932368444313665278855296492 0.497192486649837228629422725135 0.502784363825353075583279860439 0.499148233670626051416974178210 0.502094018610696468662979441433 0.509594401552270870325855867122 0.502374875706897872085221479210 0.499007990483848418161727522602 0.505846912998392128635316566942 0.504453498466235217279063363094  | 0.281316704156552022109138988526 0.281284404900392581705403927117 0.917739896660792253690885900141 
0.616874008085217973018643533578 0.000000000000000000000000000000 0.492539032820129452083790511097 0.503069660714986155447547844233 0.506169021561585941171301783470 0.499340929968897673241201573546 0.497606946207148181926527286123 0.517186790065064849741816033202 0.518267762479148186294253264350 0.499461925528235095583795555285 0.500324138057228418041688655649 0.511200437311098321302438307612  | 0.400937487001433667810346150873 0.400394029736346301895366650569 0.825023027237221429075475498394 
0.343776876740031989143631108163 0.947002677835001471784437399037 0.500141567732055869477392207045 0.495977880357998279770015415124 0.496795547616718624617249133735 0.498276608269599574629893368183 0.501261151678553118493653073529 0.507541192693169551652943027875 0.498496623908028180238716231543 0.487919169715463174608061081017 0.507872936862171830973977648682 0.503021444382096949432536803215  | 0.606545850886984649896760402044 0.606807504277719012009129073704 0.514296906438962087015909219190 
0.560513548327142396843214555702 0.013942045108852500062690538130 0.490182848055088382643873501365 0.504944880227163106489740584948 0.518248612154034504762023516378 0.494026924664560385114242535565 0.497286585145849668876394389372 0.497439801121352942470110747308 0.498945565305016824897421656715 0.502298072066853285022602904064 0.488510214051586844075103499563 0.483467397002937226968555251005  | 0.451013780482408754846090914725 0.450384521669149828770883914331 0.771732810152059856001471871423 
0.231819111114343140434002066286 0.940464905278540208577453540784 0.496064027891474412790273618157 0.505731598242806779097691105562 0.502057544374040820578386501438 0.502449510108804231478529800370 0.497923027422545627640459997565 0.516748541893613966280440763512 0.506377222276306993009598045319 0.491842765875370513395381522059 0.490082443697677117011579639438 0.503426305913226124211234946415  | 0.660856017622414193546376282029 0.661368680852151169524688612000 0.356346079704546070399118207206 
0.985699927514807394679507979163 0.000000000000000000000000000000 0.495487076384569735676421942117 0.503453337938138623108841329667 0.504138232683548626056335706380 0.499246986378802548589561638437 0.499711082050984412017413660578 0.500421304918879150669397404272 0.498861023066037800877126073829 0.497938432219957205493443552768 0.499223312025770638022947878198 0.493860752693376425792592954167  | 0.015884719187893626274332703474 0.015882371982299327978216396673 0.999841790814291808686675722129 
0.693734984718654912327906458813 0.155419324519267237905140177645 0.496679220033541146683830902475 0.504084982022892313935358288290 0.481399055809627218760482492144 0.509020245087260403415996279364 0.502415554858766766344047027815 0.491923482886800378377500919669 0.503953639493385785463885895297 0.499579587468196417709975776233 0.494124074688578385217141430985 0.500701594860755716531741654762  | 0.327495300946265166519566491843 0.327290934139468803198980140223 0.887007180323416632994337760465 
0.574392542783704218578577638255 0.699254310852222671357480976440 0.493820384763349551349165267311 0.505731598242806779097691105562 0.502057544374040820578386501438 0.502449510108804231478529800370 0.497845217871050682578726309657 0.516748541893613966280440763512 0.506377222276306993009598045319 0.491842765875370513395381522059 0.490082443697677117011579639438 0.503426305913226124211234946415  | 0.438470959605799737168752017169 0.438631114743207650708001210660 0.785183912055672839080955327518 
0.757194715333918355604225780553 0.174960233090446948267526749987 0.489418641697014045188751651949 0.493108847761218327399035388225 0.503189974823216035204609397624 0.489404001228296359204961163414 0.495038623701598512472088486902 0.507223279327781439995703749446 0.499347144451011137888940538687 0.502951240768986784779315257765 0.494127666341030447050286511512 0.512083733822327302753762978682  | 0.263415905365870506305014941972 0.263268534178544955093315138583 0.928654243978043414387002485455 
0.630959137491898247596111559687 0.489128816991570625205554279091 0.511713189532325474218055205711 0.482425688910403771547663609454 0.498978926505781628097935254118 0.511588375313815291178798361216 0.505680602152771330182190467895 0.499720315628261135820764593518 0.493196263850083416180325457390 0.513425963529330342538514742046 0.504357272756849606132334429276 0.511221773072273566462797589338  | 0.387715012967552064004905787442 0.387701980476100660499838568285 0.837457824478183288086086122348 
0.727089952532590899636488757096 0.713060039683504065521901793545 0.497886392452473458547501650173 0.508637242914881659849868356105 0.486290192765098716609628581864 0.490866960125675877435469374177 0.500735072889902932402605983953 0.488226590361109269444739311439 0.499566222053663466784456659298 0.504784784099254424383218520234 0.503922679441005993972169108019 0.500662500456933279302518258191  | 0.294030774634350178242669926476 0.294134752089301065858251149621 0.909993371329376188327842100989 
0.670513926605501686672994310356 0.686994792555374433895565289276 0.504567969116229808612672513846 0.505933643904510454980538725067 0.493698980242780582905481878697 0.496816898239456072872144432040 0.498682579519722335437137417102 0.493422410670352085126921792835 0.500192858911774229646596268140 0.491849669652612675463387859054 0.491608909812219718737935636454 0.500297338266157409769618880091  | 0.349917358326391314538028609604 0.349976522452363658644003407971 0.869281373426675663118601278256 
0.784600924006517708164665236836 0.686994807521143946438257898990 0.507495777143823212362860886060 0.506410682265282074965284664358 0.490521777445744822099271686966 0.498928029665159311623057192264 0.499531957528262848811095864221 0.494704941689416533012746413078 0.501286108531149965372719634615 0.503840440855151339150097555830 0.493984581388014376557293871883 0.504529387277137697509488134529  | 0.234757455314029306325807056055 0.234797390261194949268030995881 0.943577482792001931422021243634 
0.111541256693550625000987963631 0.966541451162770681726499333308 0.500089683785192362641680574598 0.506063065242706944246720013325 0.501956658192057703082866737532 0.501737545592458311638495160878 0.498704553846254283744343638318 0.527769427966163995336046355078 0.510956460446126525809518170718 0.482346516783083822943467566802 0.490174794735951047108812872466 0.498069190463072075658601534087  | 0.696531601366408459341528214281 0.697907668088102228765023937740 0.174548586385255749542366743299 
0.901277899591370168508319693501 0.414536207320685856636544031062 0.512502563237439145993334932427 0.503763776243303484925206703338 0.509576943621690481300845476653 0.490689685871713687781436874502 0.501014886345532484135389950097 0.518076266653737738110407917702 0.492188815196091256076726949686 0.496442651597491457771127443266 0.492568007436978538837735186462 0.501500694359373389019651767740  | 0.109313802529652101536150610173 0.109290114856080977645547136490 0.988798488278108012039524510328 
0.718688979409960793098832709802 0.244671682497123899047153372521 0.510354029342405923763692499051 0.503392402633703883729765493626 0.497620581222181390668168887714 0.493572846054054936715260737401 0.505001096341731958716536610154 0.514958534593667360823587841878 0.501751659262418714391174034972 0.493718280974476120270821866143 0.499223312025770638022947878198 0.514150925128448177403583940759  | 0.302667065686179292960389375367 0.302507503588397230753770372758 0.904542954641734398002483885648 
0.602980559529516568773033213802 0.937712165974324274309026350238 0.511165591508219940841684092447 0.493546671711078299704666960679 0.504772636638310845391686143557 0.511927126696839707165054278448 0.511993619246298714564602505561 0.482193697300539014793940850723 0.503567535327745008366662204935 0.511472322280228763879961206840 0.499237413780540928431861402714 0.486212422695124713012404527035  | 0.413089405439268197994806541828 0.413729526682199144627105624750 0.812675123573063484805345524364 
0.793509689230065928811086450878 0.757865704308892551566145812103 0.506764220759134631499875922600 0.503614261641699978433450723969 0.506700088499828060761842607462 0.490906025488390962419060770117 0.483470054486942857341347234978 0.506987402864027103532862383872 0.506121937801537358225800744549 0.490047297980431839636850099851 0.499780972048054328293886783285 0.490673582045977052512597538225  | 0.225450767046592476239297297980 0.225584407765457711780854310746 0.948550597190050415186135523982 
0.493741016035355362312486704468 0.000000000000000000000000000000 0.490182848055088382643873501365 0.493554725179112807609271840192 0.504225134833210852924878508929 0.492473298785190971571523732564 0.501994797059714170650579490029 0.507517866464461842035404970375 0.519872172124381859426023311244 0.499996966558532207614007347729 0.500736986927623362042538701644 0.502240187612512545278775633051  | 0.505498489538509065965854460956 0.504964441456107970829236819554 0.700592185345314533151395153254 
0.770535749806220193747208213608 0.330081152005747002764479702819 0.510208438927947649510485916835 0.492235452149560714918408166341 0.500483837303230316706503799651 0.498667849109897143300429434021 0.485388867254687494945386561085 0.501833317262608602504769805819 0.496761702462656551393394011029 0.495427958792883205152435266427 0.508198080561974463442709293304 0.496230667729538499344243973610  | 0.249544478179450052168775187056 0.249478425578572332588223048333 0.936205446797560902894019818632 
0.961679718913355907616846707242 0.688219490622710372562664815632 0.504100976485222562750720953773 0.508615977078704095681871422130 0.499674749513853377891337004257 0.498176988079004234855062804854 0.505008162173961050456227894756 0.510746253422191265336493870564 0.507609655786679603295397100737 0.498936632521695011543982900548 0.508223482525015257671441304410 0.508865318311525927086336196226  | 0.042550624251909099915458511987 0.042561699090612220564011636270 0.998628432433388946165564448165 
0.523433451090957513329726680240 0.930167059513503535761458351772 0.490455528221779624153953136556 0.486526146273924764429352762818 0.494643911921111623097857545872 0.500395861899740501677058546193 0.504785515219977831691267056158 0.511782971794576768687079493247 0.503131800456988464986807230162 0.495116399972996890088694499354 0.512261840016524860885738235083 0.496914064254553533572789092432  | 0.481363329128574490844982847193 0.481790472484712073431012413494 0.733131117534017606729435101443 
0.827759088750640747988995826745 0.861281006867616216737815193483 0.489508548752445815654965599606 0.495977880357998279770015415124 0.496795547616718624617249133735 0.498276608269599574629893368183 0.506782920818898752202130708611 0.495879039349919947810008125089 0.498496623908028180238716231543 0.512389435781737012653991314437 0.507872936862171830973977648682 0.503021444382096949432536803215  | 0.189021158987905973924981140044 0.189113253483651572173229737928 0.964036336469177856933754355850 
0.147868264327370768640435017005 0.000000000000000000000000000000 0.498869128907813264017789833815 0.498698469662490539988652926695 0.501242411367525564358516021457 0.497396667829094696333669389787 0.499123942922658825338544374972 0.502125526105387853803563302790 0.496761702462656551393394011029 0.495427958792883205152435266427 0.508198080561974463442709293304 0.502345546737707038253972768871  | 0.688266511435330130552756600082 0.688136069886618129132216381549 0.230215837504657738765700969452 
0.353430681959746972875535675485 0.276269723824223212282902295556 0.499993432272907378788318055740 0.497436332403562442294742140803 0.488174000103457683685803658591 0.516621366893685318721907151485 0.495864238956724212581406163736 0.514068117890715714501936872693 0.490386669609388148316497790802 0.526853544214933466882655466179 0.502255600772045118773689864611 0.498401388882570295368878987574  | 0.602092565266228896270206405461 0.601476390849996045417924506182 0.527854708191913379877746592683 
0.285730067319865665975697766044 0.332867443019116249214306435533 0.496771420568289823194163545850 0.505955419158739871932084497530 0.503228570476161651825464105059 0.504878651973564851473952330707 0.497166256305437148643733280551 0.518482315382276071069611589337 0.502343942111904140368494608992 0.494700925133222169094437958847 0.486318679699946854189107625643 0.502871600531928253374758241989  | 0.637603422620211746085772119841 0.637383071648359833538677321485 0.434191905274841694062359920281 
0.515438167499135957427824905608 0.367698376297592666173130737661 0.493454798400230654209508429631 0.498668691195653102088414243553 0.496949739261726919359318799252 0.502507912015466295940768759465 0.486400180791559055837325331595 0.498082480316712039591919847226 0.498483329126234941952588997083 0.505483734578234700229870668409 0.500365757711883962777221768192 0.502440661492503659601993604156  | 0.487898313130118832514625637486 0.487840072071043240331533752396 0.724252706313448513242292392533 
0.802747046579076584116307913064 0.471912429077748440953143926890 0.483134575617724992824264518276 0.513461782654568765771330163261 0.503999832888548549014728905604 0.501924830169022562209590887505 0.500252532497338364692041068338 0.503671617357003276183036177827 0.498566731112796313052371033336 0.499430191416967317330488640437 0.495525326094062135151574466363 0.503907239774835979950751152501  | 0.215724914434951398067852323948 0.215714706112782872438060621789 0.952892109182527646815685784532 
0.440415202339061229164229871458 0.458347910000353575554754570476 0.497963995728900876702738287349 0.514374265735390689968653532560 0.503228570476161651825464105059 0.493660649389683736654177437231 0.491810016375009817490848718080 0.533058625751159698147318977135 0.491437351255695598073458540966 0.497439053477710668715872088796 0.488424130646680221268240984500 0.501517733905126772420146608056  | 0.545491086529767521540179586736 0.545374405506692805367663368088 0.638970989919332876816326916014 
0.946412859390351357546933286358 0.000202006836030458149840866033 0.506152938430296961414001088997 0.498115650054694159010182374914 0.510449751546642294108835358202 0.497199405866634636108614131444 0.494857414170472909020759288978 0.505915548553371841045134260639 0.499259406251779280783154035817 0.501921950435261665646180517797 0.490552755155588882107764447937 0.502064366985239152185727107280  | 0.059483793648954286226171461749 0.059454142737745040159236253885 0.996775939150427281454369676794 
0.446961958218379418195098651267 0.985381900497066864907935723750 0.507541791609841697052729614370 0.506046119010672201810052683868 0.506493267868500685047195020161 0.499697920271368112299370523033 0.503660614811288098735531093553 0.502034440106624346711328144011 0.505668558002553392149991395854 0.503183888570475801316206343472 0.485422284316921415214807211669 0.484010200347062380377138879339  | 0.539958642716100611913532247854 0.540505009600644625855636604683 0.646240512191433413846652911161 
0.160431078088990680674541522421 0.688219490622710372562664815632 0.504100976485222562750720953773 0.520352376205436173428608981339 0.492650994067933278852677858595 0.498176988079004234855062804854 0.505008162173961050456227894756 0.490896510106374583948252166010 0.507609655786679603295397100737 0.498936632521695011543982900548 0.501358376795371984968596734689 0.508865318311525927086336196226  | 0.685127362238475035027818194067 0.685425296720319376930774524226 0.249529161163839163783961794252 
0.735091205967098093587708262930 0.343874743695915974228682898683 0.511128447586501222232868713036 0.500912625424176138899667876103 0.503963606538684216751278199808 0.493541386834259965255000679463 0.484091549780996777130326336192 0.508961510528575522549488141522 0.504892460892604866273813968292 0.493678608127088081047872947238 0.513345369746545321376629544829 0.483289188926281976232957049433  | 0.286190422863987381507655527457 0.286045083021484902729980603908 0.915613342407978758608066982561 
0.450474935447269242416723500355 0.271781621822409169553225183336 0.517256253289801626316091187618 0.497253650326619944799233508093 0.482752413823364256995063215072 0.500244938218431078880144013965 0.498199256960240810521156618051 0.501886281722866756105361218943 0.500212742742610627644239684741 0.497541830649738059388909050540 0.498356931370183497964632124422 0.493417302421062686779151817973  | 0.537828536058633344119073171896 0.537573578563437903810040552344 0.650445317920272603195996907743 
0.510565118888802738084109478223 0.483494039525937613355210942245 0.497043633865094147683549863359 0.487765335447417791581159463021 0.502815585112198037975872466632 0.504001748704806629142183282966 0.508847439673372203827739213011 0.487355799965344671509370755302 0.501610593990656883356393791473 0.492567373447840461953006752083 0.498827303151654743995635499232 0.487205172824989485302893399421  | 0.491958243343143253323290764456 0.491941839636797551005287232329 0.719206237463981490343201130599 
0.800463928991933859613538970734 0.034052988808997444736270665544 0.496056227377389802324358925034 0.502177104889516945362970545830 0.505471438651395987839975987299 0.497727949375566858236652478809 0.493868239307808210014627547935 0.502513887020161753582669916796 0.499953865923102813706435654240 0.500006734568068211821412205609 0.498051881925487494040538649642 0.501274408695217443820979497104  | 0.218057423676675826706983229997 0.218023999857968192594981360344 0.951381085341320487103189407208 
0.412346851285147197874181301813 0.370051222119812617261658260759 0.486423341830550970410484978856 0.495053568749919625791022781414 0.493574861013630517003747399940 0.510853611420283959532184780983 0.491350716433578416086902507232 0.514110901515592466637372126570 0.496891272030662856096228097158 0.515815058028983863813721200131 0.501195791289296921355855829461 0.512984361917304232392211815750  | 0.564621097938223348577935212234 0.564374406013872009779674954189 0.604010686265142093809288326156 
0.324513000352918634661136820796 0.975171454866084475021636990277 0.498482415976637505128366001372 0.520667542315541465036687895918 0.497887734399084069814023223444 0.490689685871713687781436874502 0.498435290787259899225603021478 0.491436428967198801753824000116 0.510264866040255782309031928889 0.500131705785715641177091583813 0.496326806289653976733688978129 0.509076688575511582257604459301  | 0.617336710475041905432647126872 0.618071633278154619617339449178 0.488342870589579314266615028828 
0.921388610810791153227228278411 0.726195929786106364467457296996 0.509623223302606787044055636215 0.499461479287260257109437588952 0.495117208582856294096785632064 0.504788377286677358846134211490 0.507232973336153691867878023913 0.501368095821615566975992805965 0.497633615647993021724460049882 0.509184628767050506681357546768 0.503577048693355289188389178889 0.504041365566425869637612322549  | 0.087111143441956390143232624723 0.087130511269261051721102262491 0.992696277454391928785071286256 
0.895448749452553260930187661870 0.405875800916064677359429424541 0.510342649567903983154337765882 0.502178249582448721355376619613 0.510409848324230530636214098195 0.500783703631668908329288569803 0.483470054486942857341347234978 0.502832942072778621422912692651 0.495841977798498312335340187929 0.511169547076921859662945735181 0.502858475890403666674899341160 0.484649165282643290542097247453  | 0.115723744565025030150984264310 0.115693394536761320900986049764 0.987420626405371315570391743677 
0.789556728345809255564802242588 0.000000000000000000000000000000 0.499993432272907378788318055740 0.499998869289692948747472200921 0.499998014967032944344538236692 0.489893600630097347803371121699 0.499984591455861049347220159689 0.506208501042564762428810354322 0.500000664948466844172969558713 0.499996966558532207614007347729 0.499997091256575709738996238229 0.499998500943726997824967384076  | 0.229567600142111583050308354359 0.229516881279787976488648837403 0.945992657563464178771539536683 
0.892009763009319112114781091805 0.984558831797328837254212885455 0.510656626941252467233312017925 0.509757273660340182175332301995 0.489982209928614298455329389981 0.505552434177821474747815955197 0.507558789651483821536714913236 0.495595926607575787414816659293 0.496214737278143358523152528505 0.499996966558532207614007347729 0.509499483146787168763580666564 0.513991169617828425053573937475  | 0.119393005832328397142205744785 0.119523263312252742140984196340 0.986353702149866728987603892165 
0.503570984967179668956305249594 0.031492504529591389128562184396 0.510141876209424971477801591391 0.500967779976258742458128381259 0.490683012763366288577771001655 0.498804368892536931223702367788 0.504462261643014442391574903013 0.498716903135527633850188067299 0.517747568550915859830752197013 0.497447144855401923724258494985 0.501828424770285996814322970749 0.502288317266740280686576625158  | 0.497656688199737906597164283085 0.497258842430267744560978826485 0.711448579850420426140544805094 
0.912860023153200472734170034528 0.009078479141099438098905238803 0.503127898709591847570266054390 0.482340897496293385948717968859 0.502350886218904113533767485933 0.507470135176502856744207292650 0.489711709777230608242604148472 0.496268047081667385000969261455 0.499727349310321589115346796461 0.496828713670049104678128060186 0.502740239095567531535380112473 0.496218047022297936710089061307  | 0.096577589421063522734378636869 0.096498025012959703916592957285 0.991176341762004642355066152959 
0.656698554971534287361123460869 0.006937014371987937876029572948 0.495171578507495713239450196852 0.493425598396650677557317976607 0.505647416896552792664465414418 0.490041227958680158938165050131 0.498357407235435923009703174102 0.495110272133380047154815883914 0.509202874423579365803504970245 0.487882294911294756012409834511 0.502706369353993709481187579513 0.530057744253872087369927612599  | 0.363978391898751085786756220841 0.363209796008460761296277041765 0.859263241839444136260794948612 
0.306049751665570801684168600332 0.156219670571237700951172655550 0.491996284090699398383605966956 0.515766430118612118072007888259 0.499699223588294882958393827721 0.493947545737390691922286123372 0.494087529632407151947148804538 0.533688989035342009614737435186 0.485568368856399812383273228988 0.499335267312784991666774203622 0.498067068921565991868050105040 0.508515987381122913646436245472  | 0.628699459318244779915119124780 0.627477762738247735185836972960 0.463271391425167433641973957492 
