0.951810381972117536264477166696 0.002971313253827712053123377700 0.923271073289336774436719679215 0.968097182243797704792598324275 0.339829111849498932684809915372 0.302541610518587633649190138385 0.155319080537541842623738830298  | 0.942275983825647034386463474220 316.182141178109759493963792920113 16.055828786700708121770730940625 
0.993993898582708257372075877356 0.298831420382633883292555765365 0.964714532474852615173688263894 0.273761996259289763777644566289 0.078360931803889699587273298675 0.165980891657995899279853802000 0.171205627847632824156676178973  | 102.743383986106437077978625893593 241.073821897231823641050141304731 2.077478554435392421595452105976 
0.885091624290273881747737050318 0.980914866268140062111058341543 0.635047479897249966818151278858 0.814368798996902398812380852178 0.039223286910291199625078206736 0.018899168366498630966532346065 0.843148413256200268683926424274  | 302.720172376231403177371248602867 5.889863811639654223029083368601 40.065770608216730863659904571250 
0.040181482804826806898290669778 0.985746226095234323594240777311 0.133600489160292212886815832462 0.396918812768588646910927764111 0.182811777992346602417228496051 0.691822316776658063908200801961 0.406288423259301922918496074999  | 5.087791106318232614569296856644 0.073568857972103898767990415308 123.289847009841707858868176117539 
0.623623444244664648650200433622 0.743645973703530915877024654037 0.923041851266347856963534468377 0.705466524704468023188042025140 0.939134272949422532761332149676 0.920377091815421266574048786424 0.383755215993812903718662710162  | 104.730300188935316896277072373778 36.103246811062440713158139260486 84.997518685122457782199489884079 
0.156721863607779399174546597351 0.648387907338906499532527050178 0.595114359810935633632311692054 0.770183248580547763495474100637 0.814630915599227067858123518818 0.515146363337623536260423406929 0.628737597993804797624761704355  | 18.283945985768539799209975171834 9.915139436427168107002216856927 151.731683476573010693755350075662 
0.534056615257650357797558626771 0.000751140978603070941232999758 0.297686903041488148957682824403 0.421454053839841580320069169829 0.237793125769258484325519020786 0.966249811997858198964195253211 0.254351992490705169913667305082  | 0.128339133936325872076267273769 170.730577623612504112315946258605 149.067682550877719904747209511697 
0.204685032929420640535056463705 0.083997004508644002029882358329 0.219325971237598449370409525727 0.874559536305840157233149056992 0.842614230204109082578156630916 0.246343857267649513076435141556 0.063837040304405179291791228025  | 6.699185749195787131782253709389 73.055869664790833439838024787605 309.892659773316381688346154987812 
0.002893981473915507862670892791 0.584341966249984801073935614113 0.183107248241719533510263318021 0.654153703179681134116663088207 0.560204720726606208991427138244 0.223810650002160493876601776719 0.484200504783406815434432246548  | 0.496595695634017897379663963875 0.353241769952993223125048416478 292.807006314133332125493325293064 
0.449568169137229078913264856965 0.645024398265484966152882861934 0.544304316546239341789714671904 0.165229750679392828338620802242 0.873518724806144675198993354570 0.463637570450432301427667880489 0.743121740498881577785539320757  | 123.133344259118572949773806612939 67.763844421236186121859645936638 233.726265081301733061991399154067 
0.668797667899391767853956025647 0.560016806506197228898713547096 0.834538253980870559090021743032 0.934902163857854628936649987736 0.623822442018601819313516898546 0.165621946498986649665141612786 0.143131995891125241016084146395  | 151.735767661087237456740695051849 119.212828699311643276814720593393 134.179306090896858449923456646502 
0.910082536090756955005076633825 0.150574955500939133834492622555 0.118974737687941423125437268027 0.688928335302742556045529909170 0.821946457009317121844560460886 0.440516196002945115139937115600 0.089492270523849781760361565830  | 28.616148284384795630330700078048 161.429720825676582762753241695464 18.776805288680481709207015228458 
0.362837130539741647972107330133 0.481655874702307529311440248421 0.454933768166015717326899903128 0.470808922678192187660783929459 0.738730817728327937565779848228 0.612417547061540057384831925447 0.483158156659513671193906247936  | 51.151761439839646072869072668254 55.048046610782662924066244158894 186.492970917847173950576689094305 
0.721595635004790958433318337484 0.306545678130115462067806220148 0.071509175100345490072584198060 0.846348695438231768406467381283 0.068720791487607568726048157259 0.699518361276779798707536883740 0.065848977120748442004583012022  | 75.738337456349285048418096266687 171.331978192340471878196694888175 95.324099815103011223982321098447 
0.673864461022886329644165925856 0.255832107340854930654927557043 0.094661129878133243309434874391 0.056167275907101243959118619387 0.103777036989766036079174682527 0.085710295241479217409619195678 0.395068669205901445984352449159  | 27.108209447082582954635654459707 78.852726140119827391572471242398 51.282756158107901001130812801421 
0.397379514228281327525849064841 0.434043340302895042093211941392 0.753121959680259300817795065086 0.764687982565341983764994893136 0.608903272138389461964891324897 0.532085058795723320201886963332 0.845611148521656863508155765885  | 63.870007980751928755580593133345 83.281214144164337653819529805332 223.152774070475913958944147452712 
0.570689701180179476125431392575 0.170995546520167462922756840271 0.838609085721815250558108800760 0.917264971872045031808795556572 0.412691329683061325361848048487 0.603219473698997310506797475682 0.576303606777877397426834704675  | 18.787197036106618952544522471726 91.082313711010002066359447780997 82.651066582223265299944614525884 
0.844785955269459543082177788165 0.099380773558644386334037790220 0.199654263783258345554827428714 0.207805463109577370772740323446 0.648460610620748334476104446367 0.612630391992290523894837406260 0.456239769516431192819538864569  | 19.135528190036307449872765573673 173.412059284159312255724216811359 35.377114958598887994867254747078 
0.748827958739391341680402547354 0.539833494651953182952297538577 0.226442927790320491787667833705 0.731578606196091607571929671394 0.390010036210865940198289081309 0.049401713560963345095444765320 0.385886972935597150069497729419  | 109.485096509295360078795056324452 93.327618140586977801831380929798 68.027486070328265554962854366750 
0.510071465549551961160545943130 0.156843276507019235843642945838 0.976335308487660258336404695001 0.869826494822765639014505723026 0.918496724003682318837604725559 0.524228044817926397413998529373 0.564390902830262497502644691849  | 23.846751354248144849634627462365 128.195158795345861335590598173440 146.037712841634800042811548337340 
0.042242438482954391965051854640 0.867589448979194877153986453777 0.162427210950450540138945143553 0.767631591792080514302654137282 0.383777383100869284859868457715 0.521941371221532612878490908770 0.098740215020538091295065896702  | 8.824533300881386210789969481993 1.346790602681901427573052387743 230.613163660231236917752539739013 
0.423048564479597155596479751694 0.233718303445941244511629975023 0.612481021971176375906509292690 0.950690402537388457027134336386 0.526015482468795259052285473444 0.447421533232565837856498092151 0.524253501144763323082997885649  | 32.256187205147355712142598349601 105.756911168246276133686478715390 188.221546916484783196210628375411 
0.704651093667267303111145793082 0.006765562346137898863673854066 0.717890064054168886009676953108 0.575638829691927256249073252548 0.238225392698882210140709503321 0.421044205740621069189444369840 0.564216845480129403078706218366  | 1.380006028806638695982655917760 202.595060374123050905836862511933 85.494528175242763268215639982373 
0.834625235676576981980190339527 0.200297079735079486262350201287 0.566660833655435069999839470256 0.664495609816528443047900509555 0.683183937571206323369210622332 0.803058109388098961822777255293 0.787218163419298178062888382556  | 35.063862030914947354176547378302 139.995415304988995330859324894845 34.686689899312291629485116573051 
0.316667714500282637679617891990 0.818524756851506940513729659870 0.989642765203464169765368296794 0.369501170253056065995167500660 0.963822584806701021520325411984 0.894095552732071086055043451779 0.573365291089849127281752316776  | 64.828442908147508205729536712170 14.373123526462350696419889573008 170.907815759889700757412356324494 
0.752232730550692507698329336563 0.683551961964814047689742437797 0.943809516953481031364958653285 0.605864829646152625031163552194 0.738349705462262306809861911461 0.173189129047464085431329294806 0.301608101953070972811588035256  | 135.644707485488112297389307059348 62.796252431572952446003910154104 65.361653101102803020694409497082 
0.805398722049699422598223463865 0.167361760715962204493223453028 0.555384800534288958218098741781 0.712948935849096132599811426189 0.185589893200517663807147528132 0.943410631894116891160706472874 0.492347666690490792795742436283  | 33.845801518399170504380890633911 168.385588576979472463790443725884 48.863359075205934800578688737005 
0.293151370916453934967194072669 0.066768385434666677191728467733 0.131278560584384140774716343003 0.207560330317643759734380637383 0.745866145978755556988915031980 0.052599673279490222199683557847 0.498088278726138811158818953118  | 5.820604012636642288214261498069 81.355444572994400687093730084598 210.199496045458516846338170580566 
0.198604626143749518618619731569 0.873536039060009428247610685503 0.810412092011020157578116140940 0.769708640670840105180161572207 0.415188253055724043605323458905 0.479239047526116124231521098409 0.627853473799788619480466422829  | 35.329689409289649404399824561551 5.114766033335312656049609358888 163.198612837926418706047115847468 
0.874131316508914069096647381230 0.777501273489924371595805041579 0.224407380515724286240697438188 0.642022811182866415258274628286 0.356891740428801118589774432621 0.149266293132978344893047051301 0.293816626497041766263862427877  | 241.715484043538253899896517395973 69.172089115749486154527403414249 44.765596207648471249740396160632 
0.532300170853651222202529424976 0.632228197797810365088366779673 0.745877726008391417344967067038 0.127892834824167134222250297171 0.497448460045462725886977750633 0.703346675092192841205473996524 0.454430933756323929273435169307  | 90.798962792559848367091035470366 52.818425847859181487820023903623 126.187876328967391259538999293000 
0.514061160375944847800155912410 0.166407331090389631889081556437 0.484579311427456804750590890762 0.929522070328089533575166569790 0.976806071408278020484772241616 0.546959073829442532499456319783 0.403336503795782896908406200964  | 21.549296569226353170734000741504 107.947982354868287302451790310442 122.412977881516354727864381857216 
0.510403717677348045533847198385 0.741647696453267446514701077831 0.089691268297786952423678030755 0.116594279242146714459238410200 0.348957910574124841041054878588 0.110209919367826092440054708277 0.326660221536012929099968005175  | 85.730571123121990240179002285004 29.864166827397657044684819993563 110.882330979438492590816167648882 
0.794543223820502686471911601984 0.312048203149110858767301124317 0.206049534608611084607332486485 0.540960931249653720342962515133 0.555730375944679555466620968218 0.677505887225532288375973166694 0.669913300670499478606245702395  | 76.478592442389242478384403511882 168.607236191093676325181149877608 63.375462440155246213180362246931 
0.852038125442096117012624745257 0.584056488454872679838558724441 0.731158959444193734533712358825 0.429349471518172043360550560465 0.325940335600101160906660879846 0.808572059488997130216603181907 0.137246315106577143616561897943  | 146.036592652745270015657297335565 104.001880576251025445344566833228 43.420781424965461781084741232917 
0.154472489176106120289944101387 0.660601256488201227234924317600 0.342529642182972660080508831015 0.542195955602142176665836359462 0.756440582272871364644117875287 0.108913357845962566194941700815 0.756941759817862713788372275303  | 41.193957216404783139296341687441 21.164321415086941868821668322198 341.327056952116777210903819650412 
0.461454181436895316537061262352 0.659498721303014012740106863930 0.088528031519711114505355453730 0.684695823705613437759609496425 0.315805270650677760713165298512 0.668081781900302984489314894745 0.236540342240270651252842526446  | 69.382908502554386132032959721982 35.822615422450525102249230258167 122.781409896705298478991608135402 
0.668677004571044730774076469970 0.964516923957334126882301461592 0.686978439758301639983528730227 0.297228167690882227880422306043 0.709760138042169086425303703436 0.801141211409457487668817066151 0.202878726279638321727816219209  | 27.143122235513761353331574355252 0.998553209793873741695335866098 13.943928296009110212594350741711 
0.419937390408290256438306187192 0.319320775335170004005647115264 0.360202144938885582270415852690 0.548874185916086720915529895137 0.111901291573351269192926338292 0.971865204773802671134319552948 0.409966748817518267244963681151  | 39.320273879553610640869010239840 83.816950243373270268421038053930 170.090354405398301196328247897327 
0.375665953581494238555649189948 0.172580310510226819786794294487 0.515351889971382703947710979264 0.887460352526428519759349455853 0.314808472276071782403050747234 0.825707893971734607774237701960 0.425842425802589685801535779319  | 11.446299974203077098877656680997 54.878183626287302843138604657724 110.227271937032483606344612780958 
0.421609486397483967934363136010 0.880053937001876063206395883753 0.680280906003080110266978408617 0.145692995410491965557753246685 0.639681781777711289116439274949 0.497315056129620458591489295941 0.602288065106941772341997420881  | 86.405428854918312708832672797143 11.776540706265659963491998496465 134.692224992921040893634199164808 
0.404908323199153596938515420334 0.338082204970015398615146295924 0.135792985536389299028314781026 0.358185111890362284370326051430 0.309711155731613896335829849704 0.303163939526009396097094850120 0.115765297548850454312230340292  | 31.042152079726182734020767384209 60.776203407157012748029956128448 134.944964075017878712969832122326 
0.619257667870842465340786020533 0.457484266744369372226231007517 0.915973586782582893661697198695 0.432906105907502891660953991959 0.964666004596350323829767603456 0.639120599204723416342233122123 0.773140903961772707475574861746  | 98.209810167433886363141937181354 116.463824111471353717206511646509 131.989225814543544856860535219312 
0.027721169906900877677458083781 0.716488061630407568891598657501 0.330598156470281678842582095967 0.687303871448478598260578564805 0.876887822815986650581976391550 0.781173275433815206270082853734 0.513805725892522047182353617245  | 3.771696438204026335938578995410 1.492447711834323120783096783271 184.632031506238661222596419975162 
0.448846249741999825388916178781 0.187380767575992979168120200484 0.713517205543735988371167877631 0.263173458701149387550799474411 0.898458137270255252637696230522 0.532884019034655431745761688944 0.606331812066971842511975410162  | 16.219839622253243049954107846133 70.341016286692820358439348638058 106.291052642594465282854798715562 
0.377267284026687743647698880523 0.994064228164872831783327455923 0.593994840493318632113073363143 0.181883543538615022328031045618 0.745394459535268949501585211692 0.503963803625707362776608988497 0.886414669427667112344693123305  | 62.119152123943706556019606068730 0.370926850752876402506075237397 103.148664750232555320508254226297 
0.395536140342535258440648249234 0.909753586711363304573296773015 0.084180121666450391515468254511 0.255377143143395102242720895447 0.079368592347236588402381585183 0.688362082133015640295070625143 0.295692487694240169204817902937  | 70.457042439407402412143710535020 6.989250126583045563677387690404 118.354507075027882478934770915657 
0.734178614537567497677628125530 0.373654626633906472576995838608 0.865962222534071957014134568453 0.638327126395741628606117501477 0.712325220258853697430367901688 0.158436027696334580383563661599 0.981595799731620810568699653231  | 90.291976568202130692952778190374 151.353570234211758815945358946919 87.491725814301673835871042683721 
0.147396886968424678521216719673 0.539361183343520123045777836523 0.262414497751023545468740394426 0.503250827964747626808161840017 0.008293224613623140228924057737 0.223024779660538574610484374716 0.592687745434746449113561084232  | 12.870485024951515029556503577624 10.991975645960872398632091062609 138.030108172988633441491401754320 
0.631829181910681936251705792529 0.471770442462695172025632928126 0.914175015389078637895181600470 0.393410352814646091523798077105 0.420615010604600936261476817890 0.535077546204392073825317766023 0.202107123600974269983510112070  | 45.802509901901999000983778387308 51.283924048490717950699036009610 56.572872599517900482624099822715 
0.836604994435346305259315613512 0.744544023774487251365883366816 0.668973516902110154624949700519 0.904941984667155918664604996593 0.399486277327866234898579023138 0.161758947372828920663323515328 0.078160935234665940285481156025  | 139.058530619021752272601588629186 47.711527535579435266299697104841 36.477543039387349210755928652361 
0.618272936211427981412214194279 0.528867843752144017877014903206 0.895292023084365840013276738318 0.633776388465390527748866134061 0.974444542549001924136575780722 0.186431751990976279920175784355 0.684129939611245352359958360466  | 64.463815242184125509083969518542 57.426399872492702058934810338542 75.256074130296013890983886085451 
0.705223980930112848142243819893 0.040148679040610812940315099695 0.305770391835508803524135146290 0.901054837123973495494055896415 0.134561369604276670486342482036 0.463092268637609105752517280052 0.600653875350226740259529378818  | 5.191671097752716512729875830701 124.119459973366375038494879845530 54.050658328855554657366155879572 
0.173379829888717695851596545253 0.646805997334222948502713279595 0.543287335934294679518075099622 0.667358809190361057517293374985 0.141870645653179860978809756489 0.726562623440425103815698548715 0.004811602044207385908691776422  | 38.435168252871605432119395118207 20.987855669726730667434821953066 283.310176131516811892652185633779 
0.922421174293621470852144739183 0.177216207908729161957239739422 0.461095656135808606990167390904 0.159494238380871622418055721937 0.400400464609874329191541164619 0.100402226072176969928761991468 0.399210084084904548440420057887  | 31.901057465014545755366270896047 148.111018413758330325435963459313 15.139641032565220868377764418256 
0.679530470543095677093958784099 0.954197186784496276246159141010 0.007101239328740849288124081795 0.118287348655723767443248561904 0.675825407896112007044564506941 0.246342049844451183027160823258 0.404799813739243452559435354488  | 134.819703204225362469514948315918 6.471536249694920250874474731972 66.633563890066952239976671990007 
0.799322229113414439716223114374 0.902596952614520886548632461199 0.834913394724905444377327512484 0.576218782326315626107771095121 0.049400409500451769595485984610 0.964470372720320878734412417543 0.329899796809515311046823171637  | 288.559060565478944226924795657396 31.139626350779799679457937600091 80.263525157912468444010301027447 
0.187612391948653534079483051755 0.388598750770438705615106300684 0.124951000988217653109302318626 0.612656371910770602973173026840 0.024890915692245108026270372648 0.375509338299537698269148222607 0.585049785393615628947827644879  | 14.870788920124963894409120257478 23.396932966890961580475050141104 165.704529037055124263133620843291 
0.268573052292235825433408535901 0.804539758594978948735843005124 0.000276193242961686458158965252 0.482228476829733243569364731229 0.123963748450169664039322015014 0.611171696882687132124090112484 0.410580495096420250433766341303  | 25.578452150000011044994607800618 6.214199333960651827624133147765 86.583526664273293249607377219945 
0.219466615188253832968712231377 0.387434338620939344721705310803 0.569644728809758471577140426234 0.387109522877561840203952669981 0.781532986996724465811325899267 0.870310586205207403764916307409 0.463929896714295186832544004574  | 23.034625131442023615591097041033 36.419643205827888721159979468212 211.449205005458281902974704280496 
0.256369982335057033928649161680 0.936584464403652616759643478872 0.804661572794761359439519310399 0.275479876688955571673034228297 0.212055124579788034644423078134 0.048428828900500042742294226628 0.034149625423452345529540252755  | 65.812253222005850261666637379676 4.456105610862684862638616323238 203.821291573366892180274589918554 
0.518396420242049571491804726975 0.291849470890823359248145152378 0.556820860259564232030982111610 0.457989571148189278382290012814 0.200271843449228437172848771297 0.440192697463888227282780007954 0.053252459458559497917917724408  | 59.682244593352656636398023692891 144.814424224247886741068214178085 189.982654018226526204671245068312 
0.849923959253121474866077278421 0.748913743284451371984289380634 0.180933849421620496222828933242 0.712967887451237625207056680665 0.829565355275146076863279631652 0.292420947665533836890006114118 0.172664199787771810434833241743  | 124.317526061692859684626455418766 41.679596005373753087042132392526 29.311081990315312140182868461125 
0.136790653123533445523207774386 0.654357451941428580610704557330 0.419455425561054973115915345261 0.309757585440798566267517344386 0.600138240944482093119916044088 0.523842352424458868043188886077 0.690541828034732851904209383065  | 9.126189019347258124525978928432 4.820605645052990162469086499186 88.010424969642457426743931137025 
0.786484565824405401635033285856 0.542069156902863280578230842366 0.531003989258402198103681257635 0.672620901829497519486267265165 0.773078936549951079015841060027 0.729622820800464255697193038941 0.188326907321210268442257529387  | 116.098188842843541124238981865346 98.077783658849426728920661844313 58.144657563298032698639872251078 
0.829563184614796056415286784613 0.172463674446882375690393018886 0.971638456233685610108352648240 0.525585379046416223403070944187 0.836136042109164256963538264245 0.087639202870615329210579602659 0.091571871143741323528786324459  | 35.746259548927568516774044837803 171.522080659938666258312878198922 42.584044820865237568341399310157 
0.170710837967815609594879333599 0.189807529164199406679358617112 0.951299548662397853604488773271 0.474381043759153686600882338098 0.756223043154991669823061783973 0.800011189627198859852796886116 0.077676753180140778454187966418  | 10.273155742856626915227025165223 43.850912928673714930027927039191 262.927088219483437114831758663058 
0.969506487865276378457224382146 0.863267170453102972160763783904 0.090991158961991613907116516202 0.083826020380802002129883021553 0.921860739811431906254313162208 0.725365993076654835824967904045 0.263963562574155097273376213707  | 197.961089145989234339140239171684 31.355043705542016141407657414675 7.212591527048934025856397056486 
0.031582636244810280423678250372 0.545857055888491315975841189356 0.023728217258577766202165548748 0.218865644285703986327007442014 0.861685950976569969839147233870 0.546757964008363961383452078735 0.766264091844407135845074208191  | 6.298824277005917515737110079499 5.240504946747219783276250382187 353.830082446221126701857428997755 
0.720684818150399975067443847365 0.370350368277573949171710410155 0.108699972305487113644062446838 0.250385168299688820603421390842 0.101952910796161644313428951136 0.375542915493967788265194940323 0.992690700129459702161227596662  | 51.573666468741421908816846553236 87.682753630421174761977454181761 53.971488401195358619588660076261 
0.380922659794421636370032047125 0.635291134271096846752868714248 0.860058867409869698406055249507 0.429153777212430864729242330213 0.081673040825780196527716725541 0.052964632742731443393324752833 0.732496712129996674356391395122  | 92.779555383959987580055894795805 53.263023173996565162724436959252 237.349101623982704722948255948722 
0.694089432484400137290947441215 0.045794022866643468994141130679 0.568555604699671812696237793716 0.977985296535967552067347696720 0.666813610776155085702043834317 0.567618921538701415308025843842 0.680383205926293310739083608496  | 9.731104296769604644623541389592 202.766153808453026385905104689300 93.655304028762273560460016597062 
0.984246025250038236720229178900 0.906356809985090383641193056974 0.052394118399551103948397212662 0.359272452522890306525482628786 0.079626935015723154798195082549 0.704886206209190069316150584200 0.922078506147193555086971628043  | 268.886618187994713480293285101652 27.780892030655174096409609774128 4.748500217647642962504050956341 
0.869685545437523965794923697104 0.150042463552448435137876003864 0.843445341979704554802310667583 0.706716543076193692840547555534 0.456280736872644476775917610212 0.310651970557945911188824084093 0.760653751951768541950116286898  | 40.475178184159268823805177817121 229.282977113063481056087766773999 40.420801582544662267082458129153 
0.869626507836617657076772047731 0.421416411016422243207557585265 0.023726331024994995466670388851 0.105921757142798722561849444901 0.031882730313497309460046835738 0.400950883165604565760986588430 0.885281873917135420093416087184  | 65.541628434970562011585570871830 89.985367480754376856566523201764 23.316443784189083032742928480729 
0.424177548185836528205072681885 0.516207098842100586821857177711 0.241477533885138595515229553712 0.741119967826616599104738725146 0.357606752589064713632183156733 0.979188517845259176475281037710 0.186584603365601009450358560571  | 78.322916362931252365342515986413 73.404784667559553668070293497294 205.970865712172695793924503959715 
0.944101282242854611403970466199 0.513979438076513917010856857814 0.939607444829376414752175605827 0.677072418570839995588528381631 0.616221628291958700707198204327 0.877239476170695420265133179782 0.663633825201380256331162854622  | 147.329930550273360267965472303331 139.315642474266525141501915641129 16.971823134027136603663166170008 
0.652419235432842636868144836626 0.489731416347920278653305103944 0.232326402959543987236656903406 0.954126504477545545057637355058 0.968964369104464706694557207811 0.275000902651622913808182602224 0.603408403957599537292821878509  | 101.810947841549989334453130140901 106.080448223635983140411553904414 110.755548682330527299200184643269 
0.459107984244265132645068661077 0.543871903295295444635826243029 0.657495492639943668322644043656 0.536757533900630856571467575122 0.491019178244858078841161841410 0.952969464657783538186208716070 0.688187270277578755361957973946  | 77.930465810496997391965123824775 65.357807288958611025009304285049 168.813188902608175112618482671678 
0.589367086854412636220956756006 0.791400693170366542616989136150 0.722712328533300474298073368118 0.053639483462187498297168986028 0.740775761096916895986908002669 0.307173606679198241131700797268 0.290135181693131682933994852647  | 124.800213084095275917206890881062 32.895141697745003739328240044415 109.871936129324382136474014259875 
0.175154642228855683683264032879 0.695638627321510050194319774164 0.427207699582880517930050245923 0.890861198361529993405838467879 0.432347089799273276433666524099 0.637359142477979978558266793698 0.195915959074902890080238648807  | 29.008718305128393666336705791764 12.692126308437254422756268468220 196.379311772353332798957126215100 
0.874480972875239848107753459772 0.431715640424570779032364953309 0.852872332915044939483095731703 0.851543986313680778543755423016 0.216781848656473097314290043869 0.212131015196673988754128004075 0.884658877115791386636090010143  | 108.744088984229392735869623720646 143.144142068240711296311928890646 36.154892658131664973097940674052 
0.532707152780136916625508547440 0.152952292485015184375640728831 0.343695460035918554098088861792 0.811583796311191929540029832424 0.093881180746768877476426951034 0.701465219652536053906999313767 0.462567615379913088524688191683  | 17.500461135640023258019937202334 96.917314834305329895869363099337 100.367731175607758586920681409538 
0.500701772788221699528321551043 0.433946361147418357973037927877 0.067471570895933030698188304086 0.804033875616403492792017004831 0.490945976044090959256038786407 0.516893582659974093473920220276 0.623118239714983923605018389935  | 36.334341120801184388255933299661 47.395687228158379866727045737207 83.495319951083843079686630517244 
0.507260355030103138318509081728 0.039713276092860017030261587934 0.420305669217055810626959555520 0.002758503295455572157379720011 0.231918184776809477298797901312 0.799546902517797697385049104923 0.272949567691447181339015060075  | 3.778229131379378102906230196822 91.359455368506530703598400577903 92.414296561673708652051573153585 
0.020195387762869998482528899331 0.069467627361754158421547344915 0.436257216324327790069048660371 0.122048610166607729432541873393 0.259712943921680983194733016717 0.647524187933073203105038828653 0.449990722548526567159399291995  | 0.597066655692050862747066730662 7.997823919493616706688499107258 416.991915486924483502662042155862 
0.956030272987407614415644729888 0.074189918520717768046779383440 0.990317405456636379312840290368 0.519023103510365180213170788193 0.620715699381645724663769669860 0.785333211238009143428939751175 0.300454717126275583360950349743  | 8.259864049230634108766935241874 103.074185292312208162002207245678 5.120473582345031360318898805417 
0.205818745873326380824153147842 0.430521243747203574692150596093 0.233515406066813757668398920941 0.267460330586338224101439209335 0.869829512476075872307035297126 0.172396138933400111525884312869 0.463720442544700572895521872852  | 33.137722569626532731490442529321 43.833444477090836244315141811967 297.004326391038773635955294594169 
0.627660797065082820545001140999 0.928380176827550696039281774574 0.159397522107826095094651464024 0.617163754715109980075737894367 0.126448331713148731658691303892 0.438223756550912058038704799401 0.309667030257963049599823079916  | 165.650779792839074389121378771961 12.779117707664306990977820532862 105.847690545196712719189235940576 
0.593159388993363956288362714986 0.204019798380607575438716594363 0.766791126107946530154890751874 0.256100742209266374338483274187 0.810468958595073618589310626703 0.542389747323500537312668257073 0.633929188974650004162469940638  | 44.207152419061500836505729239434 172.473546071734887163984240032732 148.618582801066537513179355300963 
0.722979760654272829434319191932 0.026250585073182786111090081249 0.793426463620493294115476601291 0.495646473779209673082846165926 0.032046371632709513832537595590 0.267186366721407941859922630101 0.166486030561080133871598718542  | 4.755546580237848708350156812230 176.404094889850597382974228821695 69.413958690094389680780295748264 
0.197642058419857158391153006960 0.631637736683003381266132691962 0.027225533499390386360516913555 0.889232785594891272928919079277 0.694738062887433227565736615361 0.347862832922277043223857617704 0.422549521377750036954523693566  | 29.358854233080091233887287671678 17.121671752045241277073728269897 188.694751770712002780783222988248 
0.293857337503907078968268251629 0.564534746744543514118674920610 0.922251154518846427698974821396 0.206387513524433741096686389938 0.506158441583500651184124308202 0.764094645553603624144045625144 0.258998668766680539832236718212  | 40.321138728705946618902089539915 31.102522899249763099760457407683 171.631904840606864581786794587970 
0.893867469000827252756380403298 0.488119421191957725270071932755 0.536733183267408153760413824784 0.621273602859890416993948747404 0.656564258928033273043922690704 0.460383799208197941332798563963 0.042143546888008254214241787849  | 180.925637296097136186290299519897 189.732913544366908809024607762694 44.009801789920146575241233222187 
0.723131038735228437452917660266 0.352537072949285046341572069650 0.423073640961788566272616662900 0.153695474555005762162807059212 0.273229183626885197000433436187 0.316585960278435107895234068565 0.735783180859770347126413980732  | 81.099051256562802336702588945627 148.944985185044231457140995189548 88.078162881988518506659602280706 
0.885652573144536714444541303237 0.844910809208588187146915515768 0.575972174972168793338767045498 0.607861392188856597407209392259 0.541469288025854145196547051455 0.421273283540649079448314751062 0.169918953674178974111441675632  | 192.475342842955456035269889980555 35.330173130077760390577168436721 29.412181892623880941073366557248 
0.653239080524325443910527155822 0.853069109161506355931692269223 0.867449662946468191826454585680 0.544356287550084805282324396103 0.821547609066005324329751147161 0.056426205725955802527948890202 0.582746195520717158444767846959  | 197.414775735572732173750409856439 34.002320037141970487937214784324 122.843851975492086125996138434857 
0.110226867179913257110968061170 0.795716943001068433005684710224 0.768325411707065364375068838854 0.819258708588272099859750596806 0.281392116025364957820897870988 0.299906119692484263161702529032 0.872555110518177023948283022037  | 18.536897953548930217948509380221 4.758946274219436389785187202506 188.048674797204796504956902936101 
0.520197279993608097115043165104 0.179060513500774565187612097361 0.296263190772939166706123614858 0.381533793576871227415381326864 0.321575221352491946724683202774 0.621669883447688365052385961462 0.023776344494146783858923299704  | 16.157526494929580707093919045292 74.077479420317544622776040341705 83.228042404336335380321543198079 
0.485756245473536241163969862100 0.467959502054242193480604328215 0.524819109213254253454294939729 0.694623752397951599313330461882 0.569480412216243681022831424343 0.426407674557438887141813665949 0.020178459194458708836350524507  | 50.736635273498848164308583363891 57.684360669047165970368951093405 114.779419806823355543201614636928 
0.000000000000000000000000000000 0.793399595910850519153711957188 0.500000076699561146753580942459 0.499999964116240980249727954288 0.499999980105447550116082311433 0.500000017228638737876167397189 0.599949354850831895191731746309  | 0.000000000000000000000000000000 0.000000000000000000000000000000 0.999746825873836897358160058502 
1.000000000000000000000000000000 1.000000000000000000000000000000 0.500000076699561146753580942459 0.499999964116240980249727954288 0.499999980105447550116082311433 0.500000017228638737876167397189 0.599949354850831895191731746309  | 0.999746825873836897358160058502 0.000000000000000000000000000000 0.000000000000000000000000000000 
1.000000000000000000000000000000 1.000000000000000000000000000000 0.500000076699561146753580942459 0.499999964116240980249727954288 0.499999980105447550116082311433 0.500000017228638737876167397189 0.599949354850831895191731746309  | 0.999746825873836897358160058502 0.000000000000000000000000000000 0.000000000000000000000000000000 
0.966932678423713332094280303863 0.000000000000000000231918493414 0.500801189255678735889887320809 0.499838122872926060580311968806 0.499091315380952194047381453856 0.500670385487792191092637494876 0.599948518039573719384804917354  | 0.000000000000000000267213850378 1.152188626460214804225756779488 0.039402734727933666492027953154 
0.970541107854229312401628249063 0.000000000000000000329584323426 0.500608411119089269369908379304 0.500358570623991028014643234201 0.499461454006437211017299659943 0.499934017631631200107023005330 0.599562306237178210821525681240  | 0.000000000000000000349575288644 1.060655085198056069017980007629 0.032194127075971017137856478030 
0.940666740769383502573930400104 0.418978094896119868106865169466 0.500972613571699865175901322800 0.499515529603909158584684746529 0.499134244655969394610650624600 0.500737098757105369983833043079 0.600070755229614172243657321815  | 0.490833569686246973251542158323 0.680668176265275204350757576321 0.073893350077211386595088526974 
0.899283893145173873762132643606 0.693265692741731998083309918002 0.500074553339857730271944546985 0.499934411187327343295550008406 0.500106925988942796479364005791 0.500133822994937249362124020990 0.599893050589457299537343715201  | 0.625893416841987404453107046720 0.276925550539334652810907755338 0.101112020667162322284937658878 
0.597819464841157888201905734604 0.752571394931507708925266797451 0.500068814053745258618732805189 0.499737260826765394838844258629 0.500280700877132056270113480423 0.500216228892004233230750287476 0.599810128379601348314054121147  | 0.459503774681049470540727952539 0.151074540912342680787361359762 0.410763998437189525869683848214 
0.082670377564942221226829133229 0.435448753792126552752961288206 0.499957629262976821493680290587 0.499983882960059355937687541882 0.499755121356370624052800621939 0.500246806713076863637468250090 0.599526516640377371558656705020  | 0.037062117982007584948700440464 0.048050349694728967941959041354 0.944427618914448263609529021778 
0.945356564325429582495985414425 0.871638503022797328512183412386 0.500356706404117557163147012034 0.499328843793922394489470661938 0.500089289807953862876388484437 0.500138806952741932221329079766 0.599908998125526227163106796070  | 0.873149017799465076983267408650 0.128583942334156098308284299492 0.057902100261204174358464769057 
0.398312226165795812971026634841 0.871638503022797328512183412386 0.499911844449769438014641309564 0.499328843793922394489470661938 0.500089289807953862876388484437 0.500138806952741932221329079766 0.599751679756018840627973531809  | 0.365076935908723809731668552558 0.053762909557780763636358756230 0.632696657689098329591104175051 
0.519764271948917833121583953471 0.544525292676986238937786310998 0.499915613704628059021928265793 0.500550015642066137289134530874 0.500261018037286286919140820828 0.500226545902974217838732329255 0.599915158674754422918340424076  | 0.294977004057510816537046594021 0.246737050412484060224471704714 0.500516209720296090246449693950 
0.628782985774622438235326171707 0.246766781614015245915894070095 0.499664743589852355931668625999 0.499770912876717487982602960983 0.500232041457616127821950158250 0.500385870286333633849551461026 0.599790432139341911366159365571  | 0.161142796885361705427897049958 0.491873771355237798807991111971 0.385523886915200841851714130826 
0.750105076526343172993449570640 0.716693048254422926390816428466 0.500425211262258029520921809308 0.500546447547538631006602827256 0.500129249273005727083329929883 0.499702099130441335095298427404 0.599822591168457819321702118032  | 0.569357382020300839542414905736 0.225065535024907392713799936246 0.264659259446779093760682144421 
0.407611955876071851978537097239 0.941318872469405709679790561495 0.499555327811650407010546359743 0.500318691479767263530220589018 0.499760941284273008111682656818 0.500221816135992924934328129893 0.599677980076939842746241993154  | 0.401754612667816923821106911419 0.025045087644018224765085633976 0.620273856190018513245831854874 
0.786063353309268242341545374074 0.039513668886472341768012483953 0.500669964651719423542886033829 0.499320669003477102254606734277 0.499842644925286294643740347965 0.500437888932596552926668209693 0.599553737834545241724981678999  | 0.034988086280969284136421748599 0.850479835756196678175911074504 0.240990802071281401408597844238 
0.274018884593738354382708166668 0.028820420716071087213761003909 0.500243281216470103700544314052 0.499841697771495507840455729820 0.499903452331304398725819737592 0.499938067935236485350714019660 0.599779706573106197176059595222  | 0.007993742498817494115948001365 0.269370095370487339092591128065 0.734843179470123009089377319469 
0.972237603028022201456792572571 0.952411386111450153357793624309 0.500072808198808060886619841767 0.499883185824513742723240738997 0.500149316267410992686848203448 0.499798754997987870751785521861 0.599996429028075040079670543491  | 0.933412297642979393863527093345 0.046639296924740829275446429847 0.027985526723784487357349348713 
0.197536145364488185949269904995 0.167681323976484664139974256614 0.500176885152711192539243256761 0.499965350106435224564194186314 0.499911595838229916299866317786 0.499887884919516800596994698935 0.600000099176415280233243265684  | 0.033296093253901891395596379652 0.165271597317120072512253159402 0.806654367420594708981695930561 
0.835694098316126621206478830572 0.646651411238907014578103371605 0.500445212859078059075557121105 0.499361867476513454633391120296 0.499769528085429237673764646388 0.500312030462385481932585662435 0.599526516640377371558656705020  | 0.590139775181030001860449374362 0.322469035260429581768448770163 0.179428111059256378823079103313 
0.344643861712799481900049158867 0.185026479742594784916320804768 0.500450503801033064199543787254 0.499819756873903453531227114581 0.499728985315023688240643195968 0.500457670694878786754600241693 0.600089167797216105348923065321  | 0.067138972361550128264973125169 0.295722454040511617545661238182 0.689997674580399511512496246723 
0.804753090317572250533828537300 0.270487143190902390443852709723 0.499869807800775833861450792028 0.500129227817607602268878963514 0.499954355490548563167862994305 0.499592292456827347102432668180 0.599883401638133029187827105488  | 0.222054598144655002123215581378 0.598888665646389428687257350248 0.199174923598684272540992878930 
0.982494490065591086214169536106 0.807485499973789044858563102025 0.500266381202951748718987801112 0.500250002568989771134511101991 0.500569869943259360134391044994 0.499891969207627129279103428416 0.600039954113252949063905816729  | 0.830599826718100398004196449619 0.198025240537053587308591318106 0.018327437472361825243627464488 
0.508810620574214222955333752907 0.793399595910850519153711957188 0.499324239815623238669672900869 0.500302493730733321974923910602 0.500505396129643842506595774466 0.500468924926764535676682044141 0.600120490314916654739363366389  | 0.445549327672974337932743083002 0.116020567206374713986605229366 0.542121482957052647222440100450 
0.577970397761005783010546110745 0.823225544082868077033765530359 0.499232030937430015793410120750 0.499637617546318302252927878726 0.500171190956929967441624285129 0.500130573791842780728700290638 0.599818584575793622981620956125  | 0.512534986198495468023850207828 0.110058651574851285026568348258 0.454613153759933386055536175263 
0.825693779307054454008607535798 0.647405677874388296721974711545 0.500625423027171945200564096012 0.499408247249250814014942534413 0.499907043827115482592660100636 0.500308464203455316443580613850 0.599826667690804171684249013197  | 0.579823160410560367594712261052 0.315787088659667092294114354445 0.189065779156421975848445526935 
0.763702583445344695967094139633 0.340864945636219718316795024293 0.499868028254041862901146942022 0.499958341891295843240072827030 0.499721124224291213256066157555 0.500108928289338838801825204428 0.599823471943868646860664739506  | 0.263457356375334128539833500326 0.509450975056619403957824943063 0.239145769452553474954115131368 
0.986821286611594294946314676054 0.194891141299862513669438612851 0.500148840019051132976812823472 0.499756583977663204620967007941 0.500198662686979544922394325113 0.500257644074313279070054250042 0.600018658938707316607974462386  | 0.195921285686654372826254189022 0.809364456804877674400700016122 0.013425300866012819869799166383 
0.264153065661538899444593653243 0.647697746380838434987481377902 0.500139846321110859150849137222 0.499844670914690869523155924981 0.499776766259489801935700370450 0.499709244489192794258514140893 0.600145767268213892187134206324  | 0.174707844020668329187984113560 0.095028842569471874690556489895 0.751401137097871263392789842328 
0.492043946055879310996772346698 0.343913325588805773858069869675 0.499937132733374478554821962462 0.499322808571745269112795995170 0.500059216892468794135595544503 0.500598943776787819182061411993 0.599528411098692259884046507068  | 0.185918481494404236320505674485 0.354678429590961963313588967139 0.558079163315461701522224302607 
0.688428724506983669151338744996 0.435448753792126552752961288206 0.500048789937890925116903417802 0.499656908337066829606243345552 0.500184861976497141533570811589 0.500296716030099397620745094173 0.599526516640377371558656705020  | 0.312164294967155475646336526552 0.404715228165377527425050629972 0.324447628993381420592356789712 
0.249322019094409208506135655625 0.219890968799484332052429635951 0.500464709030362886466036798083 0.500155369217704315332184705767 0.499843231636508567028442939773 0.500452232959757936647804399399 0.600074271910530976370523603691  | 0.057434071857938626126660608406 0.203759337637255316666440307927 0.786421279507823700605229078064 
0.101976897937867821974933235651 0.202213264976199152966884753369 0.499701325514187666421150879614 0.499936147158368759946256432158 0.499939842825959157579518432613 0.500251504349056519416194532823 0.600047055759107217376424614486  | 0.020961405255035252259698808075 0.082698486975587917613417232587 0.912843789748218448210081987781 
0.507254044238717227699453360401 0.629845286883225052854129444313 0.500628949863380467988349664665 0.500375808140761546560781880544 0.499763462095845711896657803663 0.499709206772609548785624156153 0.599925770463021867939801268221  | 0.340794775295531926495584684744 0.200282188194894517074828854675 0.525601497994233390897989011137 
0.616410368073072700845216331800 0.088522017031688091104335569526 0.500477224407508636261354695307 0.500215537844200697215057971334 0.499822902284272341244530935001 0.499919925684931210074779528441 0.599663690411390892798237928218  | 0.056672656467600154850394744699 0.583537071777895377522327180486 0.398399875689007920698259113124 
0.585741353712102563733310489624 0.246766781614015245915894070095 0.499546105638896953404781697827 0.499827738050232839306374899024 0.499999980105447550116082311433 0.500268542134658544817682468420 0.600079650853550750078113651398  | 0.149140290188306767760195725714 0.455237208326008113701277579821 0.427438839335329501256666162590 
0.957699536821469132874540264311 0.921146813200230618612351918273 0.500005145961402330812006766791 0.499887493775964364406405593400 0.500078180116099169083554443205 0.500420557631870877024482524575 0.599794423721695224571703874972  | 0.901093620865377475936952578195 0.077136567800005051420697554931 0.043207277945547496733613712649 
0.650938642303160452939891911228 0.295078418807403819457135796256 0.500105016564868942730015533016 0.499779902476198523153527730756 0.500229762744086259296238949901 0.500422969324823330161677858996 0.599691170488822367090619991359  | 0.198815962351891001302917061366 0.474957345623088944552847578962 0.361306289682681802677421956105 
0.845206852365949945493639461347 0.141527654893955495696289403895 0.500089090513340273069786690030 0.500153434784244677047126970137 0.499627612360505901634155634383 0.500368881116189267999061485170 0.599796168438593624294696837751  | 0.123484058610260974409023049247 0.749024276971118507795210916811 0.159793204732693566727519396409 
0.879279049505449439294579860871 0.082373712056739475939615147126 0.499710188785520148524454953076 0.499200136522425119700585582905 0.499929936680991005015783912313 0.500255420662662486641636405693 0.599907943171195223719394107320  | 0.078100643752978954337251593643 0.870025181864577112911263157002 0.130173294725217381095916380218 
0.751673030496411431755632293061 0.952659692787283352011229453637 0.499991960647261257655316057935 0.499697887278240104880211447380 0.499907214462107007957314408486 0.499781829373580344100247430106 0.600081726660222303237901542161  | 0.727578873219179023124070226913 0.036155415874584512225808907715 0.252311595363986285178725665901 
0.849441442279740832610457346163 0.273527389672141740817323807278 0.499628134934073764306106113509 0.500548237130069462175185890374 0.499973372068352461816687082319 0.500318534300406070336464381398 0.599598817707229225781873083179  | 0.247517663066894599843692503782 0.657392310897968012994851960684 0.160390032514989261391846753213 
0.664274334735558191766813251888 0.072344899046860686175897114936 0.499966873560435676182578390581 0.500100832419664964589856026578 0.500028989287375824623893549870 0.500633067361095251968094999029 0.599842301050141357698919364339  | 0.050058123738855264672764633360 0.641879032831514817480922374671 0.349706514407561397383972234820 
0.823120791550454811158488155343 0.749664818389929377140390442946 0.499896625032034469526820430474 0.500252188932714836333559560444 0.499677170447007323872412598575 0.499556204648091861653114165165 0.600117770195402688848673733446  | 0.641513182794008818277120553830 0.214220162371901390319095526138 0.183887271820359132767919163598 
0.671273865997969676477907796652 0.991262855204505077821863778809 0.499731042239264344750893087621 0.499731936525842024288124321174 0.499962870023643646266719997584 0.499855834511987284773937290083 0.600250958998064354510404427856  | 0.682147496733424341108786848054 0.006012554005783592170342188865 0.336995382231706108733249038778 
0.184948652725618306602584084430 0.970960861562870425345295188890 0.499941045214792323392316575337 0.500182364026983572458107119019 0.499816073476983369072712548586 0.500396371109236626217864341015 0.600109487133502095268511311588  | 0.184024134665693200885172586823 0.005503725777090984552786245843 0.835231485730769107611592971807 
0.996973735035558972228386664938 0.133788911539008209539147742362 0.499555327811650407010546359743 0.500318691479767263530220589018 0.500088316319494352590879771014 0.500647170957753684383817471826 0.599471138045295171004056555830  | 0.145922502197140563362509624312 0.944769547828205769057774432440 0.003310742321479852486032502412 
0.554021116377004241293491304532 0.221261607866241855058220266983 0.499719648394146787051539604363 0.499706149918278663690784924256 0.500195225215748773273105598491 0.500451618509215934160749839066 0.600396304425866000897826779692  | 0.129897002532764704874068684148 0.457177292847438243583724215569 0.472586208571972143932526932986 
0.574030342328602283252791949053 0.113147898448970121720869030923 0.499781551410722113537588029430 0.499531602687755482694598185844 0.500151416419697625315166078508 0.500610950893758621660367680306 0.600212278395045650825068150880  | 0.069630963622445751770584365659 0.545766799632073973391754861950 0.456667104881382290848534921679 
0.169586705756246264309439197859 0.246151334056161186225608616951 0.500592976136853717861185941729 0.499598976875533618002833691207 0.499602318926296917744878101075 0.500107240548714249150918931264 0.599924582367967529350494260143  | 0.044547336456840287699510128050 0.136428064824862693704687899299 0.886180190158501912556232582574 
0.867424954504493084250782430900 0.289686552320759516110371123432 0.499823685470033640676490449550 0.499890193238330671210434275054 0.499664115772050110297897163036 0.500016288173134482164527980785 0.599786091491730011249217113800  | 0.255755556654941151872861837546 0.627114409541322692653864123713 0.134935622185261977490355889131 
0.914319659140844898104205640266 0.053996701357853740810277543005 0.500313736360984306905663743237 0.500421333090312336899785350397 0.499866156284232587836413586047 0.499938558782867803476079870961 0.600056687079317030431013790803  | 0.050864867056016921376127015719 0.891134658413490376993593145016 0.088274204349090529264643123497 
0.996244876815856605922760991234 0.084980609080583094372407515493 0.500531560466977221146578358457 0.500023074765608699365770917211 0.500030362053097254815270389372 0.500544747964337677359480949235 0.599592283362781808264685423637  | 0.090560640946563603081997939626 0.975101772236298125484665888507 0.004016777127128779746600972800 
0.606999568995314375818850294309 0.847562913168120379836523170525 0.500535662500909306338314763707 0.500223512756418187130691421771 0.499954951504215205915215847199 0.500573527391174777356752656488 0.599806258452091567434649732604  | 0.549305546404488365119789250457 0.098794480000901963023807184072 0.419610824655186287479580187210 
0.802339363391235016464975160488 0.363548722289946668606575030935 0.499485510675157506899068948769 0.499709386035618874366548425314 0.499386790824533743915480954456 0.500395320154769507325909216888 0.599826940086567450549637214863  | 0.317433819512326187428641333099 0.555719626091474405704673245054 0.215106068317162779646167791725 
0.915677778606335368571933486237 0.000000000000000000231918493414 0.500053394173693432911420586606 0.499958193260393091161830625424 0.499091315380952194047381453856 0.500670385487792191092637494876 0.599948518039573719384804917354  | 0.000000000000000000239138521428 1.031131747655722907808240051963 0.094954056485018464850433872471 
0.731602958597747710101089069212 0.103114594220013511272071582425 0.499540278214813060486676477012 0.500618846485956114911175518500 0.500072024928494118789501499123 0.499790082290010928556256430966 0.599860013974261141456167933939  | 0.080272971093954051391428095030 0.698210149565738791288538322988 0.285595573269866509491521355812 
0.767986817733932292107112971280 0.806779799443389400437354197493 0.499535448405354021161883792956 0.500523263221584802096231214819 0.499788636266288222032017074525 0.500382723569701148846888827393 0.599893050589457299537343715201  | 0.661281493186680613405314943520 0.158373998488878869883578204281 0.247622582307642280508019894114 
0.967330016268675429991219516523 0.723054501318949105481692640751 0.499891691893578626881833315565 0.499322808571745269112795995170 0.499769468530230853708928862034 0.500010988793167299171216200193 0.599957860620370375670518114930  | 0.735417356621011708561752584501 0.281680739413949832172789911056 0.034350818946772110340504013948 
0.116688342686825860528010423423 0.982914902097365983379972931289 0.499234089333503217034149201936 0.500517278962395839592147694930 0.500169201033113686172271172836 0.500320861654846793520334813365 0.600032347995864578926727972430  | 0.125906646909455771643493449119 0.002188518440864311177113110674 0.969659438073163681970356719830 
0.429498807387489023312809877098 0.436006060592171562628749370560 0.500047923054036003165379042912 0.499367996329181773607075456312 0.500301174250836533374808823282 0.500213708315542349147619916039 0.599969430093246436364040619083  | 0.197173452695835527137546705490 0.255052950827179492065965860093 0.600690148850601790542214075685 
0.907934029662890162981625508110 0.811770905007423104748909281625 0.499598805164264025968634541641 0.500268847475251243750449248182 0.500142276877328817441537012201 0.500497176488943984473678483482 0.600136987347511197121718851122  | 0.775845489778139829617487066571 0.179898901887443757319218207158 0.096914017911205921351758263427 
0.625371316811560107318257450970 0.647697746380838434987481377902 0.499623626401599074675630163256 0.500691244250760614242778956395 0.499775530636685894059212387219 0.500323686043048998506321822788 0.599854982363871913619846054644  | 0.436285150713609015671323732022 0.237308594442142417602070736393 0.403516328568211735117188254662 
0.112270509118445493967897164111 0.006914306494204277599158192658 0.500243281216470103700544314052 0.500025274788336915321451670025 0.499846200489008685163838663357 0.500158852694858824250445650250 0.599779706573106197176059595222  | 0.000786615678295162390649963857 0.112979772744682724350262503776 0.899557496150790725231161104603 
0.970932549008521217359657384804 0.808829198060460718977537908358 0.500210549679360405583850024414 0.499487489242743165629434543007 0.499931537606011278107587259001 0.499989167497934150485860982371 0.599750554790470347121811300894  | 0.812362364474788045676234560233 0.192005883386193870743241518539 0.030068437660173943232200244324 
0.705399988652206433314972855442 0.414907402659568880221030440225 0.499861141148959686741903851726 0.499801580773883757924380688564 0.499881103905751911220534111635 0.499678085025512308536832506434 0.599878784104042828140279652871  | 0.297843993434395826191973810637 0.420012548833124332858801608381 0.299802309186552318198693001250 
0.907334718714337684630777403072 0.127321833897141190039548064306 0.499966720673925502094192552249 0.499999964116240980249727954288 0.499999980105447550116082311433 0.500009457834922232954966148100 0.599702185489061956324974289601  | 0.116204869478195207954662748762 0.796481241939843376265173446882 0.093211814224312711241182682897 
1.000000000000000000000000000000 0.000000000000000000815079906000 0.500000076699561146753580942459 0.499999964116240980249727954288 0.499999980105447550116082311433 0.500000017228638737876167397189 0.599654696903962447507296928961  | 0.000000000000000000821861710337 1.008320416546936826307501178235 0.000000000000000000000000000000 
0.440465536746758978825511121613 0.246766781614015245915894070095 0.499664743589852355931668625999 0.499770912876717487982602960983 0.499792075278723157971683122014 0.500283701537491909405730439175 0.599883401638133029187827105488  | 0.111808853133661068035564767342 0.341286382790552289545615849420 0.575578288162906570590848787106 
0.525218373665532478611339683994 0.167681323976484664139974256614 0.499772766033276416575148459742 0.499965350106435224564194186314 0.500113392715002103017241097405 0.499887884919516800596994698935 0.599750847002894049708743295923  | 0.089070338651971697752074419441 0.442117849392528461383022886366 0.480178159132777671036507172175 
0.717766317145045795733437898889 0.301355118007995192996872901858 0.499478388813166584991876106869 0.500078759349408041856577256112 0.500004020504581925266052166990 0.500525154960948848170687597303 0.600203077746907620593219689908  | 0.229456324405514305864173252303 0.531958732761116048770588804473 0.299396851917094530826091158815 
0.776481739769619982993731355236 0.966090302096852870938903379283 0.500041266493899683176493908832 0.499611651755222985205051600133 0.499855562779817075291788341929 0.500463914517953911698100455396 0.599808503941124837588461105042  | 0.780214665200754886598133452935 0.027385476843250950579333746759 0.232476012591154801434356613754 
0.965119831241336934013475001848 0.246766781614015245915894070095 0.500532201786068275950469796953 0.499770912876717487982602960983 0.499793070914121784209527277199 0.500527045930731162570737069473 0.599790432139341911366159365571  | 0.254126794322520721536307064525 0.775698989603363475708874830161 0.037218691371367212950005409766 
0.149894562129238267944586482372 0.844271000116628922427253201022 0.500144044614883931387794291368 0.500302493730733321974923910602 0.500133019630883191020132017002 0.500066823249177061505577057687 0.600029904900520327792889929697  | 0.128280277007613546791375824796 0.023661785422450624244428141196 0.861717541172236978219700631598 
0.360040192692566318743985220863 0.760440405927231499738638831332 0.499731042239264344750893087621 0.499731936525842024288124321174 0.499962870023643646266719997584 0.499855834511987284773937290083 0.599972123437622295583082632220  | 0.278231304306382043467493758726 0.087650495421401908302527772321 0.650343075032811857028036683914 
0.879268153986656808562827336573 0.907573365547131305497430275864 0.500278919730698934387191911810 0.499930050216221444348008162706 0.499903529625981335460238597079 0.500422824741980187823742198816 0.599679372301507029874301224481  | 0.824878247754497806454310193658 0.084005021706830329542015078914 0.124798281883838346750792425155 
0.920234114613235454349648989592 0.220947645919700619288050802425 0.499969117854559996771968144458 0.500721112786294497709604911506 0.500069255556465530609955294494 0.500304282153923751685908882791 0.600069293646822043974964344670  | 0.215973697848001522370253724148 0.761514416809229155447269477008 0.084728661633505356065576563651 
0.998557692632564330992295253964 0.720519123251710968958150260733 0.500171487204725706554597763898 0.500454159820508892586587990081 0.500259956428217189561280520138 0.499602847683062567529788111642 0.599750640593630368613276004908  | 0.754852094335871304231488920777 0.292798231625242988407364919112 0.001513216306657711547264955065 
0.470374190124621338604526954441 0.657864237016683395253835442418 0.498804839682500333886139287642 0.500146683834375438415520420676 0.500257271138675685406838056224 0.500528909481529726832604865194 0.599895603622346951233623713051  | 0.364305610514640998420787809664 0.189464590107166375165803628988 0.623526964588492549346199211868 
0.949807815079131700919390368654 0.000000000000002687234208538155 0.500310277735880659655265390029 0.499677043660856967655092830682 0.499591579939783592134716627697 0.500198863659916947987937874132 0.599909400197884634664546865679  | 0.000000000000002654668111891885 0.987881184102671228153269566974 0.052204155709328146917069801702 
0.345285085656358514683006433188 0.267775107530418110535208597867 0.499988146921605314254577479005 0.500227074727660925290706472879 0.499741397555439448296965565532 0.500313985490089874197394692601 0.599707961036959003031654447113  | 0.094950033009028822483799103793 0.259638688417375251837881933170 0.672356073343286286814191043959 
0.836990011950105028404323093127 0.172467788299908220128742186716 0.499988146921605314254577479005 0.499735642800917367889468323483 0.499741397555439448296965565532 0.500313985490089874197394692601 0.599707961036959003031654447113  | 0.148504555350988026729552871075 0.712552206696369205829455495405 0.167697165423269345385648421143 
0.947007334443497938991640694439 0.246766781614015245915894070095 0.499664743589852355931668625999 0.499780752967871777503461316883 0.500232041457616127821950158250 0.499976922306298587894701768164 0.599790432139341911366159365571  | 0.239171212484317358137886344593 0.730048432558593529684287659620 0.054235622716409949417570857122 
0.996237717527760024971428265417 0.152529124468861715380185728463 0.500583861404439001141497556091 0.499749806067743940207748210014 0.500089289807953862876388484437 0.500526746112155418444444876513 0.599608812976509364389698930609  | 0.163993231845708936633698726837 0.911166888667456209560668867198 0.004060332192898915421030991979 
0.937629612334648365745692899509 0.723054501318949105481692640751 0.499971415209662983780702916192 0.499322808571745269112795995170 0.499769468530230853708928862034 0.500010988793167299171216200193 0.599957860620370375670518114930  | 0.712106868316634611382198727370 0.272752318670868354466563232563 0.065512061991350692413682565984 
0.442370014753692530895534673618 0.141527654893955495696289403895 0.500089090513340273069786690030 0.500153434784244677047126970137 0.499627612360505901634155634383 0.499702099130441335095298427404 0.599796168438593624294696837751  | 0.064337338249580752758127744073 0.390254651547662312349729063499 0.573036408683507580974492157111 
0.879279049505449439294579860871 0.438352131402353462075183188063 0.499628134934073764306106113509 0.499200136522425119700585582905 0.500071840978005721645160974731 0.500255420662662486641636405693 0.599907943171195223719394107320  | 0.417688824937231584222274705098 0.535172573502837756187489048898 0.130823466991452447283350579710 
0.066176265858855623513967714189 0.185026479742594784916320804768 0.500450503801033064199543787254 0.499819756873903453531227114581 0.499728985315023688240643195968 0.500457670694878786754600241693 0.600089167797216105348923065321  | 0.012891587456128179856040816276 0.056782696322402896604852884366 0.983184817203930250251175948506 
0.332634583623398927265668589826 0.634696701780801175729607166431 0.499568371706381852970224599630 0.499150347586796716559121023238 0.500198568462087433950102877134 0.500318534300406070336464381398 0.599782103462987326025768197724  | 0.233519153548087110561226609207 0.134403277579868030144893964462 0.738163493913766566301148941420 
0.914319659140844898104205640266 0.542268285491463331027262029238 0.500313736360984306905663743237 0.499441271661093588729585235342 0.500283540734765441726494827890 0.499938558782867803476079870961 0.600056687079317030431013790803  | 0.520466924538631303676083916798 0.439329062916041179764903290561 0.089941900010812120269676483986 
0.991514777022521220928297225328 0.661802272708303385151396014408 0.500372552585972019123516929540 0.499486355774503842930300834269 0.500003858610970075559976066870 0.500163522622952716467636946618 0.599650351717200380541328286199  | 0.689633768760298582201073713804 0.352420326850615472924488358331 0.008917730285781468382855230459 
0.956259739487360871379451054963 0.000000000000000000524587357687 0.500628949863380467988349664665 0.499955960723175940607632128376 0.499349044100141026270023303368 0.499709206772609548785624156153 0.599592104199764275307416028227  | 0.000000000000000000552701163672 1.053592229344463282458832509292 0.048192344279101760606831561518 
0.164271075121342757796583100571 0.165242868423838507041523371299 0.499720276322016376813195392970 0.500113670018060063604536935600 0.500011080412315900289854653238 0.500259511781533050545078822324 0.599926630509014291448011135799  | 0.027564337187116538796516351795 0.139246717656204083146675998250 0.848651069088732779022166141658 
0.965474960441107699082863291551 1.000000000000000000000000000000 0.499735621375065108829005566804 0.499999964116240980249727954288 0.499999980105447550116082311433 0.500000017228638737876167397189 0.599949354850831895191731746309  | 0.971894042189317630686673510354 0.000000000000000000000000000000 0.034754583628256313643234420852 
0.464831927610164619135701968844 0.535373654488864092471089861647 0.500782412653616559872205016291 0.499623324066684582067665587601 0.499960261201479516657286694681 0.500389641930575779227297061880 0.599845772883547900811151976086  | 0.271355709854322224572342747706 0.235497228423697774202238974794 0.583547501476403773779111361364 
0.274018884593738354382708166668 0.363548722289946668606575030935 0.499644264171688612385935357452 0.499670145156396239283225213512 0.499386790824533743915480954456 0.500050947205201934409046771179 0.599826940086567450549637214863  | 0.105780537266573243515566105089 0.185186067155181377508199602744 0.770882124920907463305752571614 
0.780748579750405680144353937067 1.000000000000000000000000000000 0.500179126040227961524919919611 0.499914203111695099046585255564 0.499999980105447550116082311433 0.500177089809797692510073829908 0.599653173971577468925886478246  | 0.792773052845754055972804508201 0.000000000000000000000000000000 0.222628157489066419438827892918 
0.924884986651047347194776193646 0.307490155984709190306602977216 0.499858371015442504159409509157 0.500651768113326123277317947213 0.500300390725998189722645292932 0.500729505083547188348802592373 0.599528429772529736219155438448  | 0.319263968864119285218095001255 0.719026079289472930256010840822 0.084325264171000419155532767945 
0.373277481846732539505495651611 0.859452749024766760044258262496 0.499966873560435676182578390581 0.499725712931801402394427213949 0.500246653994177670199405838503 0.500189402938147731347839908267 0.599514353644802544529568422149  | 0.332209083657194204075580046265 0.054326515925396660910973167802 0.648982529371413652263811400189 
0.643914109124837708009181369562 0.432004548805172639003302492711 0.500083459626604831527174610528 0.499747596414555184107797458637 0.499999980105447550116082311433 0.500096921184183806907697089628 0.599925610632335071237264401134  | 0.280318179155214397546558302565 0.368559662364073725715485352339 0.358830845593030023366054592771 
