0.092142576908718187844726799085 0.278564795683216237520696267893 0.301119424272447977486422132642 0.539654849323996654852919618861 0.223222100758273866993874889886 0.158845657698412523473052715417 0.643051469336337166993189384812  | 8.608095317368315235739828494843 22.293495446302472373645287007093 304.465530499756710014480631798506 
0.061622271083298207905443177879 0.939621861502183075565142189589 0.581749466579039253844030099572 0.901067082674554153953749846551 0.000581659432458248026875935466 0.019777026980169476466642208834 0.934389342901135733221451573627  | 10.629883962638885464002669323236 0.683054143808298874773754505441 172.272280477185745439783204346895 
0.623891549375669152155410301930 0.364097573549692854477655146184 0.513158693984197111781497824268 0.863388702564818921736389256694 0.214081086702625045248282731336 0.904818430375761595385597502172 0.121167277588677291255692125560  | 41.957751247880473499662912217900 73.279905622013458810215524863452 69.470177344582481282486696727574 
0.323353784535679422695864104753 0.139762035759166680648490910244 0.383670023246288072193976859126 0.328434594242075550418746843206 0.782048281720893578849995719793 0.247201439318880056283944668394 0.936134321198510477302079380024  | 14.196175015832485755140623950865 87.377724782642587797454325482249 212.552313211001006720834993757308 
0.401251108049853533188411347510 0.102885855753968691317368211458 0.357530190096121081033686550654 0.425657980857189865986356380745 0.797934270059748484982264926657 0.042142082796629898311380202358 0.083488897478942059038331535703  | 12.012797095729917273843057046179 104.745692277738100983697222545743 174.227596474203551224491093307734 
0.001163318864916496053751870932 0.843611675584649445269747047860 0.421977528330068851758483106096 0.247783098751338304310820603860 0.865869501491787096902896792017 0.281200290061094482219061774231 0.726777405129637843472778513387  | 0.313494561582550512746081494697 0.058115470207596192642185428667 319.067920261412041327275801450014 
0.709184908648117340312921896839 0.212015840079250006411371032300 0.588658167711440638569797556556 0.827205927600544566047346961568 0.266173315649660513493302005372 0.932703848099892374179376020038 0.250988234607130711317779514502  | 51.124801141544928384519153041765 190.011904127433297162497183308005 98.882804915812243962136562913656 
0.080604636225738990340516920696 0.594534562415165668269878551655 0.588076508278982390542921621090 0.124835395278243055372513481416 0.581383832119517385272899900883 0.666484596051528321858370418340 0.480630525623467752538431341236  | 10.120270071766279684766232094262 6.901902753064815598804671026301 194.158890968562815260156639851630 
0.258977341475818079175041930284 0.456165951845054595814588083158 0.222058781893357370940123018954 0.315233982113763078203305667557 0.221073941006268315234706278716 0.813839172331959903594622574019 0.073752360010395978662245397572  | 23.088257858098657493428618181497 27.525466740840769830356293823570 144.823159224603358552485588006675 
0.300549176517944771624968325341 0.174289677544916310480971333163 0.291396750784340907713954038627 0.807761186900919470055271176534 0.345731175189695094651654017071 0.796685621775124586108063340362 0.097924257900032340984353140811  | 7.006707971525659495171112212120 33.194800633136004819334630155936 93.558660264945487483601027633995 
0.580454845884304737602121804230 0.612400467957688210418609742192 0.133476450476886054907765810640 0.310283867960595927115718950517 0.533090769309694900712770504470 0.198518389257436367323350623337 0.558378203639649295375591009361  | 94.924462667756444034239393658936 60.079440226574682526461401721463 112.034789250942537819355493411422 
0.894668222640924382105254153430 0.661949998190547228560376424866 0.301417756097425826311564378557 0.988224097843061977108902738109 0.479968369353455881487491296866 0.179192326156496162248288328556 0.787651873640205613114062543900  | 72.783523697923655504382622893900 37.169681071135613592559820972383 12.945096507914835015640164783690 
0.136456249089852765798980271938 0.611818808525229962391733806726 0.724181910049352506320019529085 0.741592906278685126686411877017 0.909199219934025748557360202540 0.709766568080575588339797832305 0.035850488683729975214475871326  | 22.261161844899074679915429442190 14.124057986048763169151243346278 230.258631759822094409173587337136 
0.076246353140373757106829089025 0.451097476976213718202757263498 0.767945243591754755918543651205 0.700745444176789744616939970001 0.114376937171949633054168771196 0.575708458171231285405156086199 0.901731972118654079295652081782  | 5.520879298508554633428957458818 6.717892985291359586597081943182 148.277393797844126765994587913156 
0.055567398401745737857027052087 0.628687538343108198723996338231 0.707795112010011218117710996012 0.038035625458967992074121866608 0.589038236416583482757403089636 0.779186880128313164028952542139 0.606310464572103691160975813546  | 5.689649491951008997148164780810 3.360393884041382506211448344402 153.816019032789910170322400517762 
0.108108138925526509055430324224 0.945643069121746893124225152860 0.793731958479311772158837356983 0.054665787526298359466636611614 0.756448615574115246218411812151 0.517384435197132952488630053267 0.546966731911028847257227880618  | 34.949150986780040284429560415447 2.008927730212606288517918073921 304.904051963587392037879908457398 
0.512292213812781782600325186650 0.279383493430033102988829796232 0.144827587865894558127877189690 0.362741695355746185391865310521 0.305807116418641222743701746367 0.599803732341155027008028355340 0.059912740372966677426802561968  | 42.353916725001852228160714730620 109.243860956909344395171501673758 144.322741104878133455713395960629 
0.715688292613109622308797952428 0.906029214782265390759619094752 0.290163776787949356794626964984 0.167998083432016387384067002131 0.390129145890021122866642144800 0.542419220425336745527999937622 0.023362231541104727661206652556  | 161.732051928644949612134951166809 16.774390567816912067655721330084 70.912814935711580233146378304809 
0.354289570348572890878813268500 0.703973403388492235954743136972 0.424982630384168391657340180245 0.252875320135689474199125470477 0.764646245160337523216753652378 0.542122671125413457815511719673 0.607284210664248869093739813252  | 83.941430482537015222987974993885 35.298060780193829089057544479147 217.319925785350335445400560274720 
0.544969140523310580093152566405 0.470839662645929024620272684842 0.933001637442427034230263416248 0.666900112343714379647963141906 0.508268380210172510125232747669 0.991628661223958207671103082248 0.249077113169483776999868496205  | 73.957758450300602248717041220516 83.118555033333777259940688963979 131.153426154101254041961510665715 
0.418374793630711283576317782718 0.141789173937530099678383521677 0.849286479561059071130557640572 0.994078275467465966030999879877 0.129821273901464584454856776574 0.786082576352424400312202124042 0.283099393544197330818690261367  | 14.471785920114099255329165316653 87.593735150557506585755618289113 141.891626024481126933096675202250 
0.377816097701733633051901506406 0.158326223751452999088940032379 0.091014705630844905392962118640 0.221418887822658394526342817699 0.197758568730161843340908944811 0.630584768017577346199686871842 0.375812218207418724524870867754  | 10.807348950142026566823005850893 57.452656840862289300275733694434 112.409918561695121752563863992691 
0.943148866849673694900957343634 0.495912954333554534258610146935 0.981754025752334613663663276384 0.234217739605002583935799975734 0.135470801926174666540703128703 0.175106501483099474825166907976 0.278742956778032513476262010954  | 142.828783100036162068136036396027 145.183017866083616809191880747676 17.360777095860029817231406923383 
0.285463578269139262033604609314 0.805588674356814582466768115410 0.338073821943403962642094029434 0.375595261259602852810246531590 0.697680252349969776126670240046 0.518213938345315816569325306773 0.149562219528568518533973019657  | 63.301681519184789692644699243829 15.276485645001226743033839738928 196.686956466056443559864419512451 
0.358745011513470157815675065649 0.079642301811548854573175049154 0.927991018716907589691800239962 0.441477508589702027919088322960 0.968898034742121772033840443328 0.494269404790451227782455134729 0.708270646052103547418710149941  | 7.252727890366046814563105726847 83.813548766574271553508879151195 162.780533010881242717005079612136 
0.659579008770372010594940093142 0.792185865224597662859196134377 0.446980279040347427965684801165 0.046506266091782211269389790687 0.041608205788770113997543376172 0.120071830743570306943013292766 0.568502601462317569414040008269  | 221.861179176767478793408372439444 58.200847824769844862657919293270 144.545219859830012865131720900536 
0.249876128901068916832173272269 0.974132363357656960722863459523 0.479182666891198261183149043063 0.181205780833860741196872368164 0.801695536307434286626971697842 0.206895318579906617451058536972 0.095244401386326171810026153253  | 23.797064455201383026405892451294 0.631920095909549228707646761904 73.335394377549633304624876473099 
0.235321385092457258103593176202 0.148686173998398563078637835133 0.358706160681603991591259728011 0.632883649710488049855428016599 0.169434811357934922426693447051 0.490383774913803693884517542756 0.700311665347828071759295198717  | 8.828346313479089602083149657119 50.547358071611725449656660202891 192.941799023119330058761988766491 
0.880388444818937299096717197244 0.499808870677014738248544745147 0.421550627849361037036146626633 0.126503567582052389717262030899 0.490913528319599667959494126990 0.930835818661386205086216705240 0.111819957659670787819550241693  | 91.344487821112110736976319458336 91.414348966601735924086824525148 24.830026813625725168321878300048 
0.049406499842074791395418742468 0.101347057079088087583329524932 0.629255967267844273926868936542 0.380708639116508429367513599573 0.401679854849761763802007408231 0.463966199958475433717808300571 0.314707173499693793061737778771  | 1.011826202944832830965538050805 8.971948680180140911488706478849 192.090343199264424356442759744823 
0.180058489444900327036691578542 0.027322421025095966484741438762 0.040226400539848494730676975450 0.939785116390642216721573731775 0.130056782779633950397624175821 0.926757417587535270442344881303 0.636153862998879660040074668359  | 2.075611455564762231063014041865 73.891721514609756127356376964599 345.936311808658729205490089952946 
0.847690047029600268757576486678 0.675283595911774781050951332873 0.817291807531032477029953042802 0.018405067668301078320780561626 0.728011591679207481497826393024 0.232241443931417768098413034750 0.588728773491949186613680922164  | 128.051616896689580471502267755568 61.574812165004097153087059268728 34.071406870396913291187956929207 
0.997155200055521384605583534722 0.329657550930031240099538081267 0.919491534900046980638421700860 0.392922347711363140199125609797 0.079014678784259273491841213399 0.278870369653863581227426493570 0.390506010374835899057188726147  | 47.268401034876966093634109711275 96.117973405881812709594669286162 0.409069270285456421110126257190 
0.983014079081871994247876500594 0.731799092592088418207652011915 0.861549716343869786960851797630 0.092749409718474340458271854004 0.528276200922469074683363032818 0.310091012510426700110599540494 0.844075580578023010325239283702  | 202.938447570495071659024688415229 74.375981519149675591506820637733 4.791834687018969418659253278747 
0.552425249303662990740804161760 0.453172540252796074433661033254 0.165541673308554626586897029483 0.359205271550306348693482050294 0.419960805474551390759074820380 0.418029577561424781073640133400 0.130281106330097484757857273507  | 78.596442191052531711648043710738 94.839578771754688091277785133570 140.517805697767926176311448216438 
0.630694569002396510093433334987 0.400642205779070281757014981849 0.580706037865985735813012524886 0.493228574858282309278934008034 0.370654114417796831659757117450 0.960896909918890318458295496384 0.106886522965651598049419135350  | 54.010724196374376049334387062117 80.799646297037881481628573965281 78.938688273098222225598874501884 
0.342535949065101763544305413234 0.847633197928188808489835537330 0.100407517944763768902305400843 0.947821739579514210838340204646 0.380020865067582369611898229778 0.187856783498205004434566944838 0.008597647360613747125057670928  | 55.511815936626653922303376020864 9.978558994782764202113867213484 125.702330856567428440939693246037 
0.100979766345375199243505903723 0.070617626606081729256914059079 0.557604274271738753476768124528 0.911540950654812442977004138811 0.861534633246897718628076745517 0.014516816136345700449794549058 0.668117149474789617791259388468  | 2.236501972337293420167725344072 29.434089065972699472695239819586 281.962448376625047785637434571981 
0.620265595065297103971602155070 0.521755538829217435647933598375 0.999775676449536465639766902314 0.296062848585138760348911546316 0.055447825132893924227062143473 0.354461472171317959478642478643 0.304629481493977949391194215423  | 73.363746976486766016023466363549 67.245679309834656578459544107318 86.082860703285149384100805036724 
0.856394897612142158571657546418 0.911518544702649480271361426276 0.385475642614105717953520979790 0.384608246003228959608577497420 0.488321255547185417711375521321 0.049333460476007173767243330076 0.949636685862448870487639851490  | 215.399323288460323055915068835020 20.908895058020707580226371646859 39.625488177660457722595310769975 
0.731634751401841976203854756022 0.384324700350749393074067938869 0.978034912438884074248335309676 0.208252743047781851970512434491 0.832901736103097145580420601618 0.071473128427059551270872361783 0.870264459345190699579575266398  | 79.946653639697345283821050543338 128.071861867463610451522981747985 76.301652593915434863447444513440 
0.847032900207524086511057248572 0.424632260243684722667012465536 0.908010605857171970711760877748 0.788335473681209264462665942119 0.844299904128486544685472381389 0.256362400718524230391892615444 0.125781505450801689427464680193  | 105.477516581703611109332996420562 142.919806130360171891879872418940 44.858491378753868161766149569303 
0.110093848175660702359834886011 0.004743799378988389214839571650 0.115331323980573441367880604957 0.561634679949282622501982586982 0.218762561627448004486495847232 0.245218926388290792139912355196 0.016033959775841322148437484429  | 0.150226631918556063904901520800 31.517771931416927344571377034299 255.977488338053177585607045330107 
0.092384782318800318101637003565 0.443895114382275135511690677959 0.421017428555347961172117265960 0.229262158517048342254440740362 0.722561822614902204975351196481 0.364501036626217689295970103558 0.639380454880406956519323102839  | 13.204181806262633713799914403353 16.541993311338256233966603758745 292.235155259442592523555504158139 
0.267505781841666623321884799225 0.876348611152454659567467842862 0.509756405722391670032322963380 0.340823883290680917923509696266 0.583965387116929024458045205392 0.192969160488203228531745025975 0.282282152924872464794248116959  | 38.971810754584488734053593361750 5.498860230258012293802494241390 121.771234811287698107662436086684 
0.713304370143252208791295743140 0.655178549936288212585111523367 0.735753127796096029200612065324 0.904422967960684998089959663048 0.663373350095801228576419816818 0.504934271084723662603721550113 0.960120858879934813145951011393  | 132.042559928992289997040643356740 69.494196641918890122724405955523 81.002878690872989864146802574396 
0.781013114822088461153271055082 0.050843922196847968208999191120 0.963063042814093606125425139908 0.910566357789042823966951800685 0.883612052938629988219076949463 0.627132739095093816317216806056 0.188956722087747275296010229795  | 8.729914702766357947893993696198 162.970346126197824787595891393721 48.142732291678598244288878049701 
0.020974605987888028657550876233 0.745227791122822003089254394581 0.220815473705518794389490722097 0.172984849323552514199775487214 0.439880280140057200455316888110 0.390810868111161058280345059757 0.800359313233820368616022733477  | 3.230849114662757148863647671533 1.104535519604426863082835552632 202.361448515813918902495061047375 
0.785065751950680845716590283700 0.925970590122909387176264317532 0.119597365959844936789124858478 0.416294578490771338685760838416 0.134511331549094670378963201074 0.942609932246839088421097585524 0.761258910147883494090592648718  | 251.640467897192820601048879325390 20.118128521934419694616735796444 74.401703840919722665603330824524 
0.403076334772448308108039327635 0.828214614801274451316714930726 0.063286789306398083532201326307 0.205518478521676262182893424324 0.814424430424648626569705811562 0.147030805361567096234409746103 0.094177441589945565247887770965  | 80.763843017206639274263579864055 16.751754478721974095378755009733 144.412764661526807685731910169125 
0.231719271041943453148803655495 0.934501940854188806184765780927 0.029805839539700729190485617437 0.224244320400402763482361478964 0.270806168653019319059183089848 0.871569308613281523712146281468 0.270910265058722621311915190745  | 70.686208466361264868282887618989 4.954306952739933933571592206135 250.791183934076599371110205538571 
0.981137148415290760716800377850 0.838451290405887283974095680605 0.922202509381081836359328463004 0.579435284675536843579379819857 0.713409864757497569343058785307 0.147908415881821686532759940746 0.460054032661683320881707004446  | 248.788296110565454455354483798146 47.935316766372352503822185099125 5.704659619113009227930888300762 
0.375245074173296999653359762306 0.398213951043841829502412110742 0.822706476969045530367452556675 0.789892825715754920423705698340 0.454067538123598013477533186233 0.650017580836854125259094416833 0.449660071414611950402218099043  | 54.122520922273487542497605318204 81.790650327507279371275217272341 226.285244143709121544816298410296 
0.921328697371447402630906253762 0.757392162599117901855549916945 0.569195908505855663328532045853 0.273215000042780209454917894618 0.025618918025746006961185230466 0.751207275282387731962785437645 0.826599601796445204726637712156  | 246.533181247159092208676156587899 78.969502067042682824649091344327 27.794336786074676837188235367648 
0.091493734200812082413278858439 0.639656092730320202655036609940 0.902474904523339227502276571613 0.788681448689206532343121125450 0.266754212706665438936681766791 0.441539321312351185078171056375 0.031817926365324433746195609274  | 16.268148506258508945165885961615 9.164499898322826965113563346677 252.538828295247157029734808020294 
0.072907057823697107856730781350 0.712930816661869193318068482768 0.064635205966760200801957125805 0.992596917067319228777932949015 0.977652836264774838248570176802 0.995172926234925925292884585360 0.471903051999311373698731131299  | 12.219542924483484114261955255643 4.920329050329750764092295867158 217.952209456598353654044331051409 
0.469579785122990811530030441645 0.966634507076159388283542739373 0.213182634177647267748056947312 0.185217769647721186565547668579 0.192063001642027830762060602865 0.129861334729668098653121433017 0.802595696775528444355529700260  | 60.724119813789982913476706016809 2.096025100616263348030088309315 70.959346674978505120634508784860 
0.312079514024010351569415888662 0.378918876725231057456255712168 0.773873524051514882771130032779 0.055537071160755013821130887663 0.454521348859625362592851161025 0.329244366518604225646527083882 0.145820492164982273841644655477  | 51.080478865954468403742794180289 83.725364821254942171435686759651 297.154082002875782109185820445418 
0.763051626833035290253803850646 0.782704999088051578404190422589 0.238988242287694885312987480575 0.798662250789584415855415500118 0.557979448396853427993846707977 0.916501942448530559914843252045 0.845854373338568055196162731590  | 196.242788884986339326133020222187 54.481033134335795864444662583992 77.856595350240027642030327115208 
0.944549673116306998110758286202 0.584262358440610918286495234497 0.241506812758186195644327654009 0.678328630758830875002729499101 0.493419525585523932598164265073 0.162062439995649731905302814994 0.212996181396120642936864442163  | 140.294906810071211111790034919977 99.828224148624457257028552703559 14.096565255341491962326472275890 
0.630643475327017699605391953810 0.660031490986086821770584265323 0.651471841348069569122003485973 0.337938066812843773689678528171 0.070741194689380892945962386875 0.147455173319932519859776220983 0.701855091438362888034419029282  | 153.780846834387517674258560873568 79.209319444859232817179872654378 136.458143890664416630897903814912 
0.114674559646230300735680884827 0.943970633524175983808390810736 0.879798425860763733119540574990 0.988155648449352441708981586999 0.043894602708393626322447289567 0.292831483411227666557863358321 0.081676644333466774661189901963  | 23.845471161890543498884653672576 1.415347676156327061391948518576 195.021856900811030754994135349989 
0.985972962074808667587433319568 0.942827075350638477146958393860 0.322204539590358440825923480588 0.857276962871740266791675821878 0.790311113607138238101867955265 0.394578427064866232854001282249 0.219511291076345260719904217694  | 184.289156538195072698727017268538 11.175273107779744918843789491802 2.780793260192822913268173579127 
0.902572765971110468896654310811 0.779600735671198585841068506852 0.347009360937757138643178222992 0.335141435248839103522300320037 0.820431210651241804576727645326 0.131641718310147037840351913474 0.895893312386778495337580352498  | 217.718727257786923701132764108479 61.550797892598694716070895083249 30.145444677459234839034252217971 
0.065727460857714747888280726329 0.483362678209358298531128639297 0.077388441995797530026379718038 0.185890701205492114844730622281 0.922797270914764711235989125271 0.323923865574657909860434301663 0.335024274016837431133808422601  | 8.142880107358662300498508557212 8.703435246413325998560139851179 239.459270377593696821350022219121 
0.972310859966076024285541734571 0.762705587749527347263267529343 0.372844704526158587931661259063 0.343271404443795558059093764314 0.202993416814343796694686261617 0.440847087242676849427880370058 0.925428036216311311612514600711  | 231.896612012966357951881946064532 72.148114730429739438477554358542 8.658482962607015664957543776836 
0.448677128680556647211119525309 0.404083823724718183001414217870 0.338468157320508167273942490283 0.013929176477420091018188941234 0.066253637667369469355094224738 0.597540312178549859467580063210 0.249120923191771814764194914460  | 55.964526449359922821713553275913 82.532793075822851847078709397465 170.181930367646771173895103856921 
0.421075602106944391067600008682 0.546686912448683837162377585628 0.597526213198745437260583912575 0.096334979137934984017022088665 0.729633503186762344405735802866 0.553255033331220169579012235772 0.474140789780594706925853643043  | 52.914129632750267262508714338765 43.876425304335747057393746217713 133.074472750989912128716241568327 
0.728674570433304857886014360702 0.014014201238185863829244226508 0.735716920672543461812153964274 0.175144313353856495574234486412 0.939149503688835540771151499939 0.741829855120071712804019625764 0.600699229080380425749297046423  | 3.418733449973446081315842093318 240.529058640958481873894925229251 90.835116479445190407204790972173 
0.676805009046419936424854313373 0.547308561206675592281101216940 0.118466566492082314709932688856 0.888747659686509483556449140451 0.743208487012958607387247411680 0.972043785597388576569244378334 0.876573437683269007791864169121  | 103.114037997873523977432341780514 85.287981094488927169550152029842 89.967698291689217171551717910916 
0.724664227411808581358343417378 0.608156039679968452027480907418 0.369235511500193847034267946583 0.847891514616182395691623696621 0.621985077877599823459320305119 0.806237786833175484879632222146 0.049967232484436241435332703986  | 147.470145623225903364073019474745 95.017203019779444161940773483366 92.132934062361101723581668920815 
0.793754327606536969064165987220 0.861000645468244396596446676995 0.091756640217936946690713284625 0.117627517071961174011107686965 0.160176391714235033525426388223 0.890583147503858252314046239917 0.544213174520522757759977139358  | 177.152021746670641277887625619769 28.599301064857261422957890317775 53.461528892782524735594051890075 
0.335558586875725817222360092273 0.585191472125111689095433575858 0.245992261868344774811134811898 0.776615304367982317579333084723 0.216557707524755116423875733744 0.619425324561193813011072961672 0.873957928063017863706818388891  | 53.696178813321317591089609777555 38.062128289693468730092718033120 181.691131212201071321032941341400 
0.629636217513199980544413847383 0.371227618846406981489849385980 0.326419979131074788902822092496 0.716182859830868268069536952680 0.317271996536342859585033693293 0.079441617180362800176851578726 0.556192309108535787309790521249  | 58.976608997904499176456738496199 99.892521432570532624595216475427 93.449789624571550916698470246047 
0.716483079442908343814622185164 0.207691389644244606138556719088 0.016286405182933227919761520752 0.803785984572012890403414075990 0.388120277723527418167748237465 0.329318961889007444376886724058 0.429059395376722663151269898663  | 27.356684346646037653272287570871 104.361266953624095776831381954253 52.121632745016228227541432715952 
0.437349821484510403735157524352 0.205751831634076731702975848748 0.185420328666239586645758663508 0.217696446455494352356652143499 0.888949317655483017830420067185 0.482682308564960083074879548803 0.237398896870203546249911141786  | 17.219848588596008198692288715392 66.472473622274890203698305413127 107.670102327891655136227200273424 
0.519159213147788345388278230530 0.555718988792662682563161524740 0.065191575625817677064333111048 0.112193637606871732259605778381 0.229471610233973444259447660443 0.350385029915345147522032220877 0.831125701375807324211564264260  | 101.908139034205078132799826562405 81.472564323813060127577045932412 169.845626280121962281555170193315 
0.801194569955739455124898995564 0.332555350577973696246658619202 0.026725407570050263572625226516 0.764352395953143970430687659245 0.860287032500335779872102648369 0.920878242839795690954929341387 0.220035761956441033859732669953  | 88.630673535874180402061028871685 177.883377078064427223580423742533 66.131801727099713161805993877351 
0.039916549611186402657381222525 0.418832119239459732540353797958 0.184635256393089419724162780767 0.600485955199098753176656373398 0.864546903818196654789574040478 0.576057881151042616707513843721 0.972051327812761378766026609810  | 3.879327697357440651870774672716 5.382922066108061009970242594136 222.778090739056409574914141558111 
0.609074331652976863615833735821 0.880228620201757627761196545180 0.641017178566446688137148157693 0.334864158711195569750884715177 0.479021598894705080695644028310 0.223364949268854084962754313892 0.355719861891138244835985915415  | 192.046796754916812233204836957157 26.131517773072147292623412795365 140.034637798981123069097520783544 
0.895607231952999627289102591021 0.945489602992174993367768820463 0.415363137569015661298976738180 0.345981406336674401913455767499 0.541402577485044167460159769689 0.602910809943149716971788620867 0.606875222893263011059161726735  | 187.558316948954114877778920345008 10.813316494069979967207473237067 23.122372372947694429967668838799 
0.466132946630739009030719444127 0.795304616991072577114607611293 0.097236234579901825725301023340 0.039525067569176397519470356201 0.137360189869076054769436723291 0.531847823049818924090459404397 0.607205434445145852961900345690  | 102.932551127917449207416211720556 26.492764567279731835469647194259 148.232199463724384713714243844151 
0.151739501364736573130187480274 0.227728103420970273695900232269 0.416068949910766039401721627655 0.720244630236030580761052988237 0.548830775174965035390073353483 0.796332642918063715598009366659 0.870887672922881161952091133571  | 8.200042788081916000919591169804 27.807997787057821881262498209253 201.293652466457473337868577800691 
0.706398729771534505950114635198 0.994331497186640267393897829606 0.533229455764344772994434151769 0.587075076611960455785776957782 0.291909293878028552882142321323 0.103796075578772684089301492349 0.209737582455988280649705757241  | 85.893776880283098762447480112314 0.489664782090863170971317686053 35.903643551259335708891740068793 
0.523788998140773509604173341359 0.509282827663722015287817157514 0.622596387340710433200285933708 0.884252083284606138491312776750 0.035821084384734747096956652967 0.703958335375837629399597972224 0.195195160708897641477221895911  | 47.052973832228609296635113423690 45.337680783162333852942538214847 83.998416066387747491717163939029 
0.494877584520231339482165822119 0.157146961507998117468787313555 0.708547531135599206741915168095 0.693150139418825417259029109118 0.803966812045674994458011042298 0.319671919375155821896328234288 0.870001344064494697150280444475  | 10.093865915812799016748613212258 54.138148619823411422657954972237 65.561729502916648471000371500850 
0.388302613475025704126153414109 0.729598282276217591224565239827 0.158148174046662148839459405281 0.581726383964402349313616014115 0.438821872048416605771592458041 0.021999255041016407830056778039 0.588319326323729074879054223857  | 80.296260887354108604085922706872 29.759180357441561426412590662949 173.371549523769061806888203136623 
0.537221102987674004047846665344 0.125126576255207289101178957935 0.955232600753931571091470686952 0.714082121605132069674937156378 0.733123474550427811635699981707 0.011355148668393488797789814271 0.909668518607440246270812167495  | 16.631635144392195257978528388776 116.286851416531760605721501633525 114.500101096407206568983383476734 
0.711404802193178031899378765956 0.112062555681331388335308929527 0.346207416776146525982937873778 0.108033225422918377489622798748 0.449728261385264893590374413179 0.757585415495139802288804276031 0.102154477572247159855578502174  | 25.544677042704577729637094307691 202.405478898278403221411281265318 92.472415340851540577205014415085 
0.293269422534226831267289981042 0.719853148194020575623142121913 0.267358845804581357619156278815 0.143545209574793219964305990288 0.877607152168928261737335105863 0.993591327318074424290728074993 0.646001719456567924382284218154  | 72.463642173664297274626733269542 28.200836901633593356564233545214 242.584667751625602249987423419952 
0.977247077862349433630129169615 0.698245375195014172930996210198 0.960511448851235960511019129626 0.259111539930389711550162701315 0.745761096667673872850912175636 0.751166129017602934858643948246 0.280249375581508197718960673228  | 297.518947148353333886916516348720 128.576173159831654402296408079565 9.920632473838479015171287755948 
0.800105981213916961358734170062 0.575719927943566966987987143511 0.382240775270588306611330153828 0.392391273385594652189922726393 0.097675026774656892314396827715 0.177581581364626983621235467581 0.401249602240803637798194358766  | 42.285348901587269665469648316503 31.162428132339115904869686346501 18.349783237391381618408559006639 
0.172868125955445539609911520529 0.126666667789466336202508500719 0.933666606812487587241378150793 0.410688912841610798132307991182 0.927836314904316283858065617096 0.351332374945438119517859831831 0.279539809339069855731452207692  | 6.664639880600072174843262473587 45.950937657741924624588136794046 251.752721982085290619579609483480 
0.714956203817524782451187093102 0.047148419962257492876744890964 0.826719734183325560827881872683 0.621426544180141648965332024090 0.909489895213258736639261314849 0.129191073544635992575990712794 0.983837185608543718373653064191  | 7.519933915404153346173643512884 151.974995531306717566621955484152 63.588566570365557595323480200022 
0.406982045029059213980815457035 0.301477008382894151594655340887 0.638715890834499644412858287978 0.446279327097449440842069634527 0.206078551053140768267724070029 0.144829829602079351857923938951 0.027451549480550396786782130221  | 45.231494642343925249861058546230 104.801487590573728425624722149223 218.614686786989722122598323039711 
0.777651019389304587470235219371 0.312832519364328431876742797613 0.560255348594982272025788461178 0.884688480878927152595281313552 0.976001911794952659029434016702 0.300715889351567233767070774775 0.597996853220008950380304213468  | 43.925244408478668844963976880535 96.486131294195047303219325840473 40.146962423006186782004078850150 
0.418371101871830242124872256682 0.756700850477480257971762966918 0.170188452046195037858922205487 0.042629211677615019837617182930 0.055006057609989666978833611211 0.466549688350901270439408108359 0.098426604013878926657810097822  | 116.231948142174147164951136801392 37.371616686425525699632999021560 213.543124178751469344206270761788 
0.357868950591322620979894963966 0.014354136030157227388315277494 0.893769966560384543363682041672 0.586609282289015210309912617959 0.344524711073673772787628877268 0.338531187027849789217270881636 0.251966048097564732088926575670  | 1.638338799027141856612388437497 112.498715189111521794984582811594 204.798281976451136188188684172928 
0.754432897798095192243295059598 0.114281710328310359692238762364 0.718309547187123476064130045415 0.973515109628298347388408728875 0.967416856217179765842217875615 0.239850632618934689332945708884 0.691031447064639814392705829960  | 24.599278615681900106437751674093 190.651950518119917887815972790122 70.064045109989635307101707439870 
0.406238863475635647581896137126 0.091675384034027418422851951618 0.499678173554647941934092614247 0.759210479492796741496363210899 0.644548751763323379826431391848 0.002679673909250501750989315042 0.084037456111851316364891317789  | 8.889786181725050084878603229299 88.080477705311437830459908582270 141.732313846155506098511978052557 
0.000000000000000000000000000000 1.000000000000000000000000000000 0.499999995019536291884776346706 0.499999983099583322765369075569 0.499999921377346667750174447065 0.499999989797964228266380359855 0.499999986627674974926094364491  | 0.000000000000000000000000000000 0.000000000000000000000000000000 0.500000000668975985718134324998 
1.000000000000000000000000000000 1.000000000000000000000000000000 0.499999995019536291884776346706 0.499999983099583322765369075569 0.499999921377346667750174447065 0.499999989797964228266380359855 0.499999986627674974926094364491  | 0.500000000668975985718134324998 0.000000000000000000000000000000 0.000000000000000000000000000000 
1.000000000000000000000000000000 1.000000000000000000000000000000 0.499999995019536291884776346706 0.499999983099583322765369075569 0.499999921377346667750174447065 0.499999989797964228266380359855 0.499999986627674974926094364491  | 0.500000000668975985718134324998 0.000000000000000000000000000000 0.000000000000000000000000000000 
1.000000000000000000000000000000 0.000000000000000000000000000000 0.499783323598326778558487148985 0.499517031926120735896290625533 0.499953535223396638986770312840 0.500216902856184586489973753487 0.500312018302827565818802213471  | 0.000000000000000000000000000000 0.542139440609112455149443121627 0.000000000000000000000000000000 
0.124707778614554953833248873707 0.076075506847676888089182511976 0.499980945620672689866381688262 0.500351546234612087893367515790 0.500184128767655611369491452933 0.499833458173498501597720178324 0.500230026813633155136074037728  | 0.004967029906536792223381571176 0.060323759630785497853899812526 0.458259467412744481151776199113 
0.798345685833082630011858782382 0.754265176877362941709748156427 0.500143640854051607647079435992 0.499781718145609676895446682465 0.499859753576021748067148564587 0.500063338575691740395257056662 0.499588059732020250969242169958  | 0.316639926977770824745306299519 0.103159285135734662963713503814 0.106037176261838853030816665068 
0.877296726594399500775978140155 0.160787713356457279134659188458 0.499996957169598854608949523026 0.500170429061536192527626099036 0.499756017646688255329223693479 0.500178492069059732472169343964 0.500202575832590312643333163578  | 0.072778472741131458589869396292 0.379858555436423994677852533641 0.063308163975000109058299813114 
0.921227923321317199167879152810 0.422086786966846982949164157617 0.500266432325761400967678582674 0.500213860772911300678345014603 0.500113091631331885267286452290 0.499726126553487193238112240579 0.500331148167698080975185348507  | 0.206482006169617399171656302315 0.282711241630000720270743386209 0.041829787233799209378304340134 
0.445154246129962127831447560311 0.238409177027333607501446977039 0.500024737495117777008601933630 0.500105692386142219874045622419 0.500201214295197371662027308048 0.500355964524453078468013700331 0.500177158972146096438393669814  | 0.055268959194842710858086576309 0.176554999446254939909906056528 0.288948247075248576543060607946 
0.157990015381392567839213825209 0.214553657089696203641437932674 0.499891845515235577757096052665 0.499797998394720166537297245668 0.499824794172233077826916769482 0.500109425228297266308175039740 0.500435342833773000315034096275  | 0.017901568738540013514537463379 0.065534756614125000417914179707 0.444675056567561122200515910663 
0.646452661357086011406636316678 0.027685718545340687324340933628 0.499947366373035662068247120260 0.500122906374036779730829493928 0.499929928401398937509725328709 0.500117987388564499973142574163 0.499950528443342590012576920344  | 0.009017951474989818055894019722 0.316707799880214746490736388296 0.178140611684301813921749157998 
0.405170905082882837344726567608 0.918590707555183016985722588288 0.499937731084236280931776263969 0.499634975685563920144716121285 0.499884365212503289921386340211 0.499942910967704379210374554532 0.499672121678221281548815113638  | 0.195694376958242682862376682351 0.017343241807878599647363415670 0.312759313080556433650514236433 
0.990797312818145758939181177993 0.717225421849502553506283675233 0.499741170452872696117196937848 0.499597445835738618313826009398 0.499885378849015016289314417008 0.500126989823090561948504273460 0.500160472319121196527191841597  | 0.375244552380433304961115936749 0.147944588646935271114557508554 0.004859466148654774907134079598 
0.888848694995940991070426662191 0.001608167060443267985456183844 0.500095723836671002260345630930 0.500070961412860892636444987147 0.499663791320281602814645793842 0.500289757275795499147363898373 0.499945410370212450779092705488  | 0.000744938201812870019920265197 0.462476962144497294460165903729 0.057926302890266012646236504224 
0.988196134117460545098765578587 0.040327609691006779946143012694 0.499939264619441547932154890077 0.499840419011513548142033869226 0.500189821966948167109023870580 0.499942869208721274443263382636 0.500022596762355275856748448859  | 0.020197168996008232205729981956 0.480630158751916336523635209232 0.005982313027693393972517021950 
0.724141886456453942599864603835 0.889680772690624399601233562862 0.499845552325705211327289134715 0.500351185743068249678344727727 0.500158629652262320952615937131 0.500119870321877990626546761632 0.500008147203256703150486828235  | 0.334009976262238716948616001901 0.041416790860204874547001452356 0.143016888940006497987766920232 
0.815744169016708875474819251394 0.909470050120414597039086856967 0.499960353331814433275326337025 0.500307439193528602494609458518 0.500082216976220905735317501239 0.499963329258710953428845868984 0.500273533958029537060951952299  | 0.384061654122139495282084453720 0.038230046491079604231710931117 0.095384939505760782396670549588 
0.310084020157711859333460324706 0.534921012724589362008487114508 0.500050744852558626263316909899 0.499833973301837763969501793326 0.499981578285291161645176316597 0.499975267949613388918095324698 0.499953379984379997491572567014  | 0.083480063628211018111890950877 0.072580479222798185978682283803 0.347224156475435419277886239797 
1.000000000000000000000000000000 0.926298729212608029648379215359 0.499982205851318028955176941963 0.499924493638227107616955890990 0.499911460345333680255208719245 0.499901415733481013781158708298 0.499987838870074585706504421978  | 0.465319341234566474785339096343 0.037023290315956136620201277765 0.000000000000000000000000000000 
0.655231403444110349632012457732 0.939746271585354397970490936132 0.500052092348644006136737516499 0.500620504924665365997782373597 0.500237923558647601396387472050 0.499953956264896526295871126422 0.499700371519251451690735166267  | 0.340477741373314490846979651906 0.021830417401210527872379429937 0.190638719030957054512143145075 
0.840666524898685318945013023040 0.318794094023744090105054738160 0.499989245462292009047899910001 0.499634920438277951859618042363 0.499989019329605099972724246982 0.499873743741082288138954936585 0.500098186951242196229827641218  | 0.138210026307397204625715403381 0.295330082804860005740721362599 0.082169861811714359212110991848 
0.848818585170875383738575692405 0.000000000000000000000000000000 0.499993912322629185940314755499 0.499689207292011161598566104658 0.499917484439144355068407321596 0.499962318159905161341072243886 0.500389727705699893789415000356  | 0.000000000000000000000000000000 0.445928166027819150585287388822 0.079423391794220643546964311099 
0.156822211238715480963179516039 0.884592973001030014046364158276 0.500058131193702903871667331259 0.500005246271210790354189157370 0.500028846206031163390548499592 0.500031601529883351631156074291 0.500128492963001325399829966045  | 0.069659824647949647458133881628 0.009088059151788082865031093149 0.423399632025474981222856740715 
0.981660960435073226548752245435 0.949641707401180923397987498902 0.499999266218083715518361032082 0.500300356088263509235503079253 0.499831123024927492792812699918 0.500164975028147829050340078538 0.500018739920516486208157402871  | 0.479580406728255470572008789532 0.025431539346322647177078835057 0.009434452864171839411855380320 
1.000000000000000000000000000000 0.000000000000000000000000000000 0.500009473972422568976980983280 0.499706957062393264390465219549 0.499837250703022761832983178465 0.500082100970033915920964773250 0.500226473747487632159902659623  | 0.000000000000000000000000000000 0.516834091802886419486640079413 0.000000000000000000000000000000 
0.442647213513769788306717600790 0.994390415007099903732523671351 0.500253618322651916194843124686 0.499804557075835265145258290431 0.499644888600801251321570362052 0.500223401402454470598968327977 0.500403669531282790927662063041  | 0.239270112623769293236364319455 0.001349777725898764629830495210 0.302973027449605247785058281806 
0.936824685253482392077728491131 0.141487282027479122081814466583 0.499977998488631836249140860673 0.500172187082632224708333978924 0.499994837874445097192221965088 0.499960268127980222985229374899 0.500147807582704828632813587319  | 0.066975737121044737198971574799 0.406393573260060481100452989267 0.031921933362138783796257968106 
0.257937085203183591453068856936 0.020247124189958845552617106023 0.500117550902676843982419541135 0.500025211063819030599120196712 0.499723422586723808880293518087 0.500091325235095807144602986227 0.500152432151539261262485069892  | 0.002674426935339176050060450152 0.129414797699609451786528779849 0.380009392478982799268294456851 
0.799700494147136620171067988849 0.371864161321882380484282748512 0.500053735073573313307804255601 0.499954537943954446799210700192 0.499930431769383898377157038340 0.500205687531598330863857881923 0.499889518596975057640463546704  | 0.150578353389910657433858887089 0.254350029207226324690083174573 0.101421664152533216873841581673 
0.831819906065525582761210898752 0.441660707070312685829094334622 0.500179773265514993063618476299 0.500182617018493314020588513813 0.500064596507419079074452383793 0.499696034767693364475604766994 0.500154698237001538174695269845  | 0.190444611849011652404684014073 0.240756554114554016665650237883 0.087181674864480515618758715846 
1.000000000000000000000000000000 0.263805518635200020316489144534 0.500020097021953713323227930232 0.499970353657192723151325708386 0.499813509401965894163311077136 0.499919437687730727759571891511 0.500067692028442478680005933711  | 0.133130578325320186872104955000 0.371523679910338855414408953948 0.000000000000000000000000000000 
0.722593562290952728943693728070 0.618076775183528881463246307248 0.500009308201995184006705130741 0.500322920417804573034459281189 0.500071579276742839148539587768 0.499900469239474953830892900442 0.500133810762656505488621405675  | 0.229364140045509534715506561042 0.141729143596159734563855181477 0.142464133705273998664608825493 
0.541750352773409993289988051401 0.176295330850260445476607173987 0.500051294068515450597089966323 0.500083334609283447491634433391 0.500075082393437009287140426750 0.500002274547416414307576815190 0.500029020091472653497532974143  | 0.047905495300947231740451570658 0.223828844286506817296000804163 0.229851562842236456507549746675 
0.780286822889297959626730971650 0.020962555534894393438616333469 0.500009308201995184006705130741 0.499969044836999831904478241995 0.500129398429728588837406277889 0.500236258088573748636918026023 0.500288157008407008419226258411  | 0.008431399552240339406727898108 0.393780989972757344830256442947 0.113254971612358035226719721322 
0.063396197289034283972597449974 0.813406895037909749568427741906 0.500068563693989220908520110243 0.499762666683873035822216479573 0.499904975531105799646525156277 0.500015862667667398966386826942 0.499935216393367742870879055772  | 0.026162834491267251968427132169 0.006001675855117140877259540588 0.475192582378606731552395103790 
0.910950220781091224431236241799 0.825020004060870060236254630581 0.499969962385409083527321172369 0.499622532305890043602403238765 0.500222180959153384094406646909 0.499553157305029582602173832129 0.499900402030348467441456250526  | 0.405633077255229235191791303805 0.086031458463472668118932062953 0.048062580541422372792936812402 
0.945907909662519696958327131142 0.501952320572314536484270774963 0.499849452830680940351726349036 0.500159562347003650017995823873 0.500275220283342592075825905340 0.500034072369093252063976251520 0.499702113627062405321055393870  | 0.247422554022137836104988650732 0.245497876627594618925698455314 0.028187835402928244216136377531 
0.892535292352391818049284211156 0.040327609691006779946143012694 0.499939264619441547932154890077 0.499840419011513548142033869226 0.500189821966948167109023870580 0.499942869208721274443263382636 0.500022596762355275856748448859  | 0.018242012402368043555433985148 0.434103478494308803181667144599 0.054464149878941110760610655461 
0.324670840824515916089865186223 1.000000000000000000000000000000 0.499810980580895236613514498458 0.499658807484814115884574903248 0.500401962963526680816528369178 0.499999989797964228266380359855 0.499914396270702499069926716402  | 0.172627611087384752464046755449 0.000000000000000000000000000000 0.359072773982581250340473388860 
0.917195093201274236349718194106 0.609509825146067996115561982151 0.500068563693989220908520110243 0.499792399370608098063684110457 0.500053244825841902709839814634 0.500015862667667398966386826942 0.499935216393367742870879055772  | 0.282560394235831235931755145430 0.181025888672924378797191025114 0.041852839416579093456682869601 
0.679231916640572253029972671357 0.518749889439994560369484588591 0.500068563693989220908520110243 0.499973385128269998123329287409 0.500053244825841902709839814634 0.500015862667667398966386826942 0.499935216393367742870879055772  | 0.176617367750689313599110619180 0.163849919753415673717711342761 0.160786082902912214054325090729 
1.000000000000000000000000000000 0.591362647089273441025625288603 0.500020097021953713323227930232 0.499970353657192723151325708386 0.500182440551039664278221152927 0.499919437687730727759571891511 0.499830524709361456725531525080  | 0.299756040743584306618174650794 0.207134345754453108590098509012 0.000000000000000000000000000000 
0.329769735384557782786885127280 0.717225421849502553506283675233 0.499741170452872696117196937848 0.499921935870179134919766283929 0.499885378849015016289314417008 0.500126989823090561948504273460 0.500160472319121196527191841597  | 0.121251453674580081387723851094 0.047804815081078463889774354811 0.343593166943815864211586585952 
0.909227062694939136555660752492 0.089953073754687584706601910511 0.499915270363730290803516709275 0.500051978457393353494353505084 0.499976240308453057092918925264 0.499772702542537250458565267763 0.499826192091126886296592601866  | 0.041639460994152749373498068053 0.421262575102005154548123755376 0.046213953835027493655118746574 
0.447545992968574335435505417990 0.166855191433984362259224099034 0.500062366435444216605787914887 0.499910736979637615462479516282 0.500180593964893893677015057619 0.499646288839416197191667379229 0.500016019991810334310855523654  | 0.038590027213124607208261096503 0.192688525653434583606582464199 0.285491916538132939340499660830 
1.000000000000000000000000000000 0.000000000000000000000000000000 0.500060245149477111681335372850 0.499541016498856904615166740768 0.500179598351484622220652909164 0.499859679254402444747995559737 0.500307600822918363547842091066  | 0.000000000000000000000000000000 0.535631627957988243338149914052 0.000000000000000000000000000000 
0.999768723413624660345533357031 0.966025137784611631630582451180 0.500019519086993824430464883335 0.499919713905429496936250188810 0.499803221332966562950872457805 0.499791491020532885336535855458 0.499758305654223466962804423019  | 0.496961945505439262049662829668 0.017478027190430324433467745848 0.000119005443952961174956632628 
0.976591536844743535183965832402 0.332800349109740101205545670382 0.499848422558588800779233451976 0.499864017737353782955267433863 0.499841206904093837692926172167 0.499834446933896781040118639794 0.499971648306706928366338615888  | 0.165550447369886749582335028208 0.331896288526705995902688073329 0.011923576182689361868671795719 
0.999526086368212607347061293694 0.212275217615015221461760575039 0.500002683762670319111975913984 0.500119812397933127812166276271 0.499794647094928601305241500086 0.500020327537514464033563399425 0.499890895986690675378838477627  | 0.107529775717076517271841851198 0.399028535352912661071655975320 0.000240178712877364117271941635 
0.603932452445176126687442774710 0.370509277501304468138698666735 0.499940484515726868419704942426 0.499649233022445626861696155174 0.500207167867237290082016443193 0.499953839400394894898482789358 0.500132561534167630057368114649  | 0.116061695272980533455431384482 0.197187398125421381456234826146 0.205433239584586924131315299746 
0.462366577567133674175892110725 0.872902465327674570438887258206 0.499850480945536357335612365205 0.500117123801983698427875424386 0.500062745352526261122250161861 0.500020540695969128996978270152 0.499508103373415501824439388656  | 0.213054260056699418246495270068 0.031021416802251854799576946675 0.283807800669249821190476268384 
0.582040923369339657789112152386 0.020247124189958845552617106023 0.500117550902676843982419541135 0.499503683501986095460978276606 0.499723422586723808880293518087 0.500091325235095807144602986227 0.500152432151539261262485069892  | 0.006320793955394887232712708425 0.305861513817950902982545358100 0.224175696000982499489495580747 
0.875250974132665171545397697628 0.895225801645039509502055352641 0.499875419310128576988461190922 0.499720688572096449764359249457 0.499949394834753979566244197486 0.499965611149709887595093960044 0.499587661466384169717258600940  | 0.412454454202712039734279869663 0.048272273562281295400389069528 0.065667119692935010943912743642 
0.484931820383291745102383174526 0.718919986475408112625018475228 0.499923324177263594947362435050 0.499791613530161660250428212748 0.499752211953016722834064466952 0.500053029291424144808786422800 0.499843335887752482360468775369  | 0.179066267239937793043225155998 0.070010501536281313783582902488 0.264555783897573282281712181430 
0.493995575712088130782007056041 0.573573478823491966771541683556 0.500020524544240729802879741328 0.500068738674321444648285250878 0.500039172247399799076106319262 0.500024641342663889176378688717 0.500099764858468853745421256463  | 0.142153763437341040809513970089 0.105685037842183568446152719389 0.253863670290728260514612202314 
0.738987104777956371748359742924 0.102250857284876067732071192040 0.500073625533245968988182994508 0.499687558519711083615533198099 0.499851888602360849844785661844 0.500120450962389107019134826260 0.499731781338914049506172432302  | 0.039358548200659357330088994331 0.345562901318384241289294322996 0.135955636197764739847571036080 
0.614789985424904261712697461917 0.294970500547986402839484298966 0.500029937381329947498898036429 0.499988518871539500132428202051 0.499963842689780169070701276723 0.500185295004262453488763640053 0.500060689912362410503021692421  | 0.091395051267757182467121879199 0.218449665739423176669120607585 0.194139935236357946690688436320 
0.888848694995940991070426662191 0.984385275009775351229279749532 0.500095723836671002260345630930 0.500070961412860892636444987147 0.499663791320281602814645793842 0.499947312544577804338530313544 0.500001053252525640147041485761  | 0.448717419684380502964415882161 0.007117740669805569520001142791 0.057002584607871491229058591443 
0.959287615223209266801518424472 0.738121621077522216403110633109 0.499875014171599296730619244045 0.499762925997852158754852780476 0.500188174990446099421603776136 0.500220094226106470891579647287 0.499805104872607430799291705625  | 0.367575889653441456594862302154 0.130412353959918708712351076429 0.021134734428514278387067903964 
0.056224519749973146665045220516 0.941855468823655561649843548366 0.500196144940789233501732269360 0.499963413747458951252866654613 0.499804865366841655216489925806 0.500170053313316875787108983786 0.500212567985825362626428614021  | 0.027272463181924749830997711797 0.001683638985201910825972859698 0.486052337138226264734441883775 
0.608098934355280174024471762095 0.929632700890370644586369053286 0.500142149238028799196342788491 0.499997293025729094839704202968 0.499891714396195729896987813845 0.500123640937772839798469703965 0.500185667511619636016462209227  | 0.287214892953527978214367522014 0.021740345689049141858495417523 0.199112151691099831252174112706 
0.888083247873108772019179468771 0.520047941728492224555679968034 0.499916462120879034891629544290 0.499441450403470210694933939521 0.499747471148594413214993892325 0.499883729545118948855986218405 0.499676936485347222838271363798  | 0.253752059860780532218882399320 0.234187684727728884226394256984 0.061490442003893558409188813130 
0.592994893475803031002158149931 0.151131916833462859317549487059 0.499868525758863868624359838577 0.500052103055274699272558791563 0.500353579747407795075275771524 0.499936319860496691802609348088 0.499942603681404307280899956822  | 0.046158589833159298365661271646 0.259260614794695309903715951805 0.209626047849209323770125479314 
0.769642124688713291646990910522 0.914357516084242760712186282035 0.499943538281920174526362643519 0.499933461516335608809669110997 0.500136976263133581355191381590 0.500117903217471737598032177630 0.499731781338914049506172432302  | 0.359662122398012484847384939712 0.033687432968769921715068704771 0.117731559802004864812019491183 
0.341020523932893615537409459648 0.553451762334800201337259295542 0.499869366723809493979757689885 0.500158982313470001912492080010 0.500053244825841902709839814634 0.500093192610812420362265129370 0.499899727697380169555430029504  | 0.095560389932112632660476947422 0.077102155271429745342359751703 0.333648755982303812928080333222 
0.954031857113923575930414244795 0.687505299461221186518855574832 0.500020097021953713323227930232 0.500406784379609947954747894983 0.499676928531327557703178854354 0.500091690857075943377196836082 0.500264043128244795255454846483  | 0.350513746376227730561225826023 0.159320500212003113293945943951 0.024565357352196202228578059135 
0.562909015383815214406126870017 0.961169397884344078875074046664 0.499690531192104880897630891923 0.499837667912809757719827530309 0.500039095179267367718978221092 0.499895882187138984598107072088 0.499401150743021826627909831586  | 0.296868343088433572773965352098 0.011993282907856468028073848586 0.239826736697093173544814703746 
0.963420514065465360964424235135 0.966025137784611631630582451180 0.499750568099078029682402757317 0.499919713905429496936250188810 0.499924050993767354889030229970 0.500139508391455156477434229600 0.500177158972146096438393669814  | 0.476857356038537405495958410029 0.016770953812814726885394023270 0.018742251751418147892591647974 
0.528418238480380719757079077681 0.241009119484455580639803429222 0.499990039449502876589548350239 0.500005480330764084939687563747 0.500107057486383066446933298721 0.500021070285821211953702913888 0.499791198691042659607575160408  | 0.064376414444908686141033626882 0.202735529628480543040680572631 0.238381478790944095758064236179 
0.972993027004029786830585635471 0.834267045143239682758462549828 0.499950644804007859889338760695 0.499648667756771192038911522104 0.499878611827943963863418730398 0.500278363157376504410933648614 0.500082783402549524431890404230  | 0.423898030971286310375489847502 0.084210294101658450527381205575 0.014103356790259752653882152629 
0.905755406226100734379258483386 0.318794094023744090105054738160 0.499994887334104021192615618929 0.499634920438277951859618042363 0.499989019329605099972724246982 0.499873743741082288138954936585 0.500496763907503194879211605439  | 0.155669222377418287051042966596 0.332637259127925688506621781926 0.050808690370814431347401551875 
0.748155214864352102743794148410 0.054345668406793112836794534815 0.499860908732440989421519361713 0.499846425095132551597032488644 0.499760030859753567877845625844 0.500236258088573748636918026023 0.500052709401586192861088875361  | 0.020968312984886241373549964351 0.364863963985788408717070296916 0.129879261631151210476531332461 
0.177904469431744621799040828591 0.989837787970377136481658908451 0.500191379618963649633656132210 0.500132864848443770000585573143 0.499958436632078673245160871375 0.500297050661763775813994925556 0.500427526797561417204462941299  | 0.093734623385914955795428227248 0.000962330524193950572267586274 0.437594079657435242047824885958 
0.888848694995940991070426662191 0.065480536700757860368860008293 0.500095723836671002260345630930 0.500070961412860892636444987147 0.499754077328686596715101586597 0.500289757275795499147363898373 0.499945410370212450779092705488  | 0.030029970316465148805207263649 0.428579134457680477332530699641 0.057349468778397985624373234259 
0.054796918372660950724561956804 0.504499427473654393772051207634 0.499871802211572624496938033190 0.499944150825117394898455813745 0.500087719322064971905206220981 0.500140238637848288938414498261 0.500042804711037458531563970610  | 0.013955579264853556695213931960 0.013706650868365642323420949822 0.477151379002515030336439849634 
0.977831284171843284624969783181 0.015803230857898215716561551858 0.499817621994478100688752419956 0.499954537943954446799210700192 0.500196684113643819102890120121 0.500152398642952022989049964963 0.499942209760567690679522456776  | 0.007879918722437940711844639452 0.490747152747550430262890586164 0.011304528736781093919971930006 
0.208437929445201786116115272307 0.238220189430160572685579722929 0.500072279518290363498067563341 0.500201665330999079017715303053 0.500070995505970672390105846716 0.500051141634681450831578786165 0.500152432151539261262485069892  | 0.025203544277703882059427087370 0.080595818647800174239215209582 0.401782741766812279138321173377 
0.842475242319378203603719157400 0.223352646004058796869173875166 0.500114447853448385039598633739 0.499550046814926540506007768272 0.499747471148594413214993892325 0.499883729545118948855986218405 0.499667307767755586311864135496  | 0.101582155339076662947661588987 0.353223987128699179471880142955 0.085038970625008758474905334879 
0.500549182287476912556201114057 0.045848167653408031241291098468 0.500253618322651916194843124686 0.500018240079394105102039702615 0.499963842689780169070701276723 0.500223401402454470598968327977 0.499975929736900082112072141172  | 0.011738519218890604636773566938 0.244291761154114578369345167630 0.255468468267365411694669319331 
0.945362984118888083351350815065 0.773790433047341075223357620416 0.500060245149477111681335372850 0.499541016498856904615166740768 0.499758837242703424230683140195 0.499859679254402444747995559737 0.500307600822918363547842091066  | 0.393692496735800478990796591461 0.115091897490115321889270205702 0.029405066090346685531153880788 
0.451351808966383161170199400658 0.263805518635200020316489144534 0.499903955133208288685864317813 0.499970353657192723151325708386 0.499813509401965894163311077136 0.499919437687730727759571891511 0.500067692028442478680005933711  | 0.060192437618390978726345963423 0.167977306251248459378899724470 0.277355523420545702073525262676 
0.514621369886623214462417763571 0.337077121160685555523173206893 0.499995801212713419925393054655 0.500081515563487566389255789545 0.500103030867841580331401019066 0.499943441870418836536771323154 0.500142574280166507527667363320  | 0.087432481491079724889026181245 0.171951724681134593408771138456 0.244645010938143003809130959780 
0.381106248645552980747197580058 0.928761127541145925512466874352 0.499936333642756802753126521566 0.499632742445372368678135899245 0.500040667549017658899401794770 0.500130398701058576094169438875 0.499748417490307683674899408288  | 0.184698337111949939526311936788 0.014166937967909002185629141479 0.322945311302872184455736714881 
0.574592850317151460082243374927 0.735164533391478025592391531973 0.500118376570108602585662538331 0.499920264858508156535776834062 0.500031203769720100638096482726 0.500037797113004001126057573856 0.499731781338914049506172432302  | 0.215160820410584791018138162144 0.077509473976441631282163768901 0.216682187505994910958762034170 
0.965041702650549559905357455136 0.441660707070312685829094334622 0.500179773265514993063618476299 0.500182617018493314020588513813 0.500064596507419079074452383793 0.500170462979564245387109622243 0.500287471762628110916182322399  | 0.220750859261184650961240549805 0.279069151274733306955511125125 0.018105804652306465435396276575 
0.667284381795252290459075084073 0.728283824385326239436722062237 0.499783323598326778558487148985 0.500292141636260678794201339770 0.499953535223396638986770312840 0.500216902856184586489973753487 0.500312018302827565818802213471  | 0.256367608466520069399052772496 0.095648459833356153092509543967 0.175519234343978952628262391045 
0.485539519664116236974393814307 0.083477022793425420532642533544 0.500195436030021256534894291690 0.500267657557361578035681759502 0.499910291956743690899855891985 0.500223401402454470598968327977 0.500375661275685446049976690119  | 0.021502025285630728401731204258 0.236078139484263427316790284749 0.272922820750381267540518592796 
0.198675591329956990893634838358 1.000000000000000000000000000000 0.499980632584090367576123981053 0.499914466208914887168646146165 0.500043194206656993472392969124 0.500296473147099574063645377464 0.499907977141647419383474471033  | 0.101415756410703675194362460843 0.000000000000000000000000000000 0.409043307693825131110543225077 
0.156822211238715480963179516039 0.594921024106526030728048226592 0.500019449558431028357574632537 0.499810754493218489802330850580 0.500167781407871325782821259054 0.500146548746824959330581350514 0.499938900324502832894779658091  | 0.047473426786080956396585150969 0.032324436900747509360254383637 0.429045004019964648644958060686 
0.674643509644564320915094413067 0.366120519096146679327574702256 0.500047776210445715783237119467 0.499829548224486774898878138629 0.499983130707703338213576671478 0.500003732173930459659061398270 0.499719114270769870778110544052  | 0.126196265894169046273276535430 0.218488774446409933505108824647 0.166229295027704893072950653732 
0.738987104777956371748359742924 0.914080997076672119305840169545 0.500073625533245968988182994508 0.499933461516335608809669110997 0.500192670557600860270497378224 0.500120450962389107019134826260 0.499731781338914049506172432302  | 0.346646296309880641572931381234 0.032583003301961448172630042563 0.133945148439980427079731839513 
0.936692300441280711886804510868 0.784445138182444656749225941894 0.500284075944715356243364112743 0.500523124894559412467742731678 0.500283792151755335453344741836 0.500045195100572104074387880246 0.499984854938232470278336450065  | 0.399109410583653345661048206239 0.109669841345153035172543809495 0.034386579250885999925468894389 
0.228897961567448932074242406998 0.813406895037909749568427741906 0.500068563693989220908520110243 0.500200385807640368618365300790 0.500053244825841902709839814634 0.500015862667667398966386826942 0.499935216393367742870879055772  | 0.094052168544936406990863986266 0.021575285707898517184588627060 0.389521012168798974606431784196 
0.708140346389571684326824652089 0.748518174211173725751677920925 0.500141270271013627102263399138 0.500185169542326280023303297639 0.499988703562345537800837291798 0.500172804869262521698658474634 0.499765426414121416431868283325  | 0.272316807228967672216413120623 0.091491068933757274672657899828 0.149943215718406297476406052738 
0.922719287084064476722744529980 0.956546358480490410691743363714 0.500034271857546008810402327072 0.499999983099583322765369075569 0.499796170680547435782870024923 0.499948012769717398118274331864 0.500089665260341154073842062644  | 0.445971477672466531938511025146 0.020259430760355131434513609179 0.039048340585786558976089111184 
0.700129223927432375873536329891 0.332800349109740101205545670382 0.499848422558588800779233451976 0.499710621214401407019778389440 0.499757895590841660915515376473 0.499834446933896781040118639794 0.500061581147124734059161710320  | 0.121023337066637259873402854282 0.242628135626770602417678901475 0.155754745852184434129483747711 
0.853558533382235862241316226573 0.949013636994071596575395233231 0.499935355114225099537605956357 0.500095270944918901534492761130 0.500392626318691413622730124189 0.500222714037410809417849577585 0.499650899011012838979439720788  | 0.432124952427802355714447912760 0.023216188713778309476998273908 0.078120974616650892818903173520 
0.679231916640572253029972671357 0.117297239079872495093326278948 0.500004710752112169203087432834 0.499973385128269998123329287409 0.499877867476176074301719154391 0.500384461534087554568372979702 0.500256606953453419883715014294  | 0.041639954237198510689221819803 0.313355223516679881612390090595 0.167646896413744167508852456194 
0.571335243123791247654708058690 0.347430378616478074960127742088 0.500050744852558626263316909899 0.500024937890960585740174337843 0.500041976674602484109755096142 0.499953991167464972811274037667 0.500092960654166751588434181031  | 0.099557687780534795396469860407 0.186996666438543651667103517866 0.214997681416487423922134780696 
0.305818969176824884126375536653 0.034412885520577855824608803914 0.500229950293777370085024358559 0.500234272832563608979228320095 0.499713105950362057594560383222 0.499961254422961243193412883556 0.500295723321571128572315956262  | 0.005552014013924573380964755387 0.155783309366750333246898208017 0.366216397217109967954229432507 
