0.469051399753161346595220493327 0.913928984549164602491089226532 0.895986461461546257467603027180 0.094698371446193863043561123050 0.773459845907298992884193467034 0.631713400691946036502599781670  | 83.170346262206692244944861158729 94.145713994675929825461935251951 
0.640046008949011535626993918413 0.564443896145726875523962462466 0.743190782054210075102673727088 0.336772256069404751777085493814 0.982342703510294623647780554165 0.755228888930857933381446400745  | 259.176603900008615255501354113221 145.757729376422446421202039346099 
0.952942405090460908922977978364 0.717198027224756007313999361941 0.757631367638496144856219416397 0.412566363989504414355735661957 0.297907863408884421296818345581 0.089173932954315526799859981111  | 156.486036592224820651608752086759 7.727493791460766203726961975917 
0.476965689253737390451703959116 0.007774782760180065643851321511 0.738544630135966939654679208616 0.616873795107807820770062789961 0.078501212714637391698602186807 0.060344188462656989102583793283  | 134.789222226156596207147231325507 147.808090878373832310899160802364 
0.215091899900865635153479615838 0.338899029319509992319581215270 0.760033846346134356330992432049 0.982884694017329807458338564174 0.739400410662055085353472350107 0.420716498270134908743500545825  | 75.492690246727832459328055847436 275.486078742350287029694300144911 
0.115182879981846397754452482332 0.282361404447084796132116935041 0.702121057220482125416083363234 0.420859111569091393079133922583 0.845375859579987842806758635561 0.510457777861715866762892801489  | 21.283409458927867063948724535294 163.495869043938853337749605998397 
0.136231527863854617876882002747 0.887527074895374523677560318902 0.515262735276992289712438832794 0.427621353165205109192470445123 0.607688512883214682069876744208 0.178347865908631053599719962222  | 20.895436618459729771757338312455 132.486360870752548635209677740932 
0.910965473053731211727779282228 0.950108879195043498633310719015 0.694761129450004455421208149346 0.831119435622965307963738723629 0.668744706141148670397456044157 0.493782939474855631090122187743  | 240.301806351725701915711397305131 23.486244304231540525051968870685 
0.100764800445107383097820274998 0.796204119119284015049231584271 0.363481641892777540547854187025 0.939532240519146522039761748601 0.195732563499363965142663346342 0.593724087314151161010045143485  | 20.179568753228544153444090625271 180.084498302822055393335176631808 
0.186689995306076550463103558286 0.211807927328682477075005863298 0.475127349892454864388469104597 0.249322511866206020236802487489 0.263002068045583126121300665545 0.495481872828091418625717778923  | 48.456265390505343759741663234308 211.098432819549998384900391101837 
0.752518934053637011949433599511 0.049181160868734585811523629673 0.315569428889004965910203281965 0.729083743186190069707208749605 0.803994837601663570048060591944 0.844263415877126721653667118517  | 232.217156659517769412559573538601 76.369306950932880795335222501308 
0.002833525895417410289667259349 0.022436897774751551892791212595 0.926511932015530836892480692768 0.743821657848355743958279617800 0.804124923934028790206696157838 0.988409132509208143702039706113  | 0.702379706676033555012850229105 247.179493478945630613452522084117 
0.680761570134453375402472374844 0.644293140867402525095997134486 0.799012389616820417614917460014 0.421141231608443855627399443620 0.484777125400486230688557043322 0.399664743829566182498069792928  | 110.923556686330726961386972106993 52.016834711530997026329714572057 
0.028401904594789084690376057551 0.127091101990827515244575351971 0.284906496453679491942523327452 0.733562182151123787221536076686 0.476398342616471959232171684562 0.925234625442043490117782766902  | 7.694986878176218070279901439790 263.237085740222141794220078736544 
0.362663945928209385805018882820 0.233180243578350210320593305369 0.386551628331477159505880081269 0.691775368382901323371925172978 0.041381021978324272758698043617 0.666194361984589145109225682972  | 103.534512365388948751387943048030 181.948821524889666534363641403615 
0.133398001968437207587214743398 0.865090177120622971784769106307 0.588750803261461452819958140026 0.683799695316849365234190827323 0.803563588949185891863180586370 0.189938733399422909897680256108  | 19.269660561657090624976262915879 125.182732107735446902552212122828 
0.230203902919277836325306907383 0.305815738327640973537313584529 0.895748739833184037806290689332 0.409978204014521452336339280009 0.183967580740662439708899000834 0.094118195645289448592052394815  | 14.987664327795316765445932105649 50.118374873680849646007118280977 
0.072362895850318298407444217446 0.669113017128456499804656232300 0.078575145439098048605330859573 0.205970058368022734818225671916 0.719334220882892005910491661780 0.668489461872107670892262376583  | 16.776181549736687514950972399674 215.057845441637425665248883888125 
0.953509751727726340142510252917 0.825256298997205317569125782029 0.783351981509553541016543931619 0.207941489887881747478104443871 0.596807706060993981012074982573 0.362083870859654211038503035525  | 176.026820226265698465795139782131 8.582534746047119966760874376632 
0.887428756933014040164664493204 0.460430357607273132991565489647 0.631769733572155600676012454642 0.925520154237004177844028163236 0.614056104202240660150380335836 0.614059512957848885328360211133  | 230.949893406450939892238238826394 29.296229566419746959127223817632 
0.697017787567776436752353674819 0.126688157941567514086500523263 0.516533728001009384556141412759 0.559854077107693304249380616966 0.710006728288739341614643763023 0.916046236658889845294595488667  | 154.783325191125300079875160008669 67.281775516329048514307942241430 
0.011648553005996875597816142545 0.565717995428304476490666274913 0.593042331248797682796691788099 0.701807010725551849716907781840 0.816287663528378559796294666739 0.101649245124684761698574675393  | 1.431894040605236062546623543312 121.492733582076525067350303288549 
0.074892152867062744547865804634 0.301834802993622197675449569942 0.501554514944125950925979395834 0.525620692263242039743431632814 0.879590636555477978220096701989 0.563150754582389279079279731377  | 13.636194919482335308202891610563 168.441558188874040524751762859523 
0.475235188995195345640354389616 0.772749885971077077329027815722 0.754781894759321558829867626628 0.766255214145897145527897009742 0.427324917776083612608317707782 0.052134849026740259780865471839  | 194.394228594228877682326128706336 214.654244868442731331015238538384 
0.436380214400660770834861068579 0.738402019179055457698268583044 0.072217075260452068263816727267 0.123945618209156060984810210357 0.093556860660446550248536823347 0.273892496740533064603084767441  | 122.442308608278452197737351525575 158.143988771048952912678942084312 
0.218555349913280960727490764839 0.740097742899336497046647309617 0.302706408584386355009598901233 0.708171193288969602619431498169 0.367679917212283879912604334095 0.992468950520604686893477719423  | 42.833266369974815290788683341816 153.150343214372242073295637965202 
0.997470742983255553859578412812 0.367278214134834302129206662357 0.577020630494972097679351463739 0.680349366104780695074794039101 0.839743584327414027690394959791 0.105338707289718391812982645206  | 259.460048982630837599572259932756 0.657905160698225133231176187110 
0.180759865756649262813482437195 0.070474404237883758739258155401 0.017096767363656395488646921876 0.780616572111798134869786736090 0.544672857034253721231209510734 0.925703656458993440203641966946  | 55.464833245555929863712663063779 251.377800285862548435034113936126 
0.149026737753958582466395910160 0.388213282346821064727748762380 0.507824115362999539691202244285 0.831963293576557627595491339889 0.340163607461707595547295568394 0.395504163044567924600869446294  | 28.523060708542651298103010049090 162.872531373959304801246616989374 
0.956920044668439939705706365203 0.823981749357181159076901622029 0.808362534712039781936709914589 0.192174159895409424336776282871 0.717537777768134654721166043601 0.918575493675634291435017075855  | 137.418729226567052137397695332766 6.186507169312619680567877367139 
0.644370338871162573468609480187 0.988697364933332378811314811173 0.912692965144016987721897748997 0.862063426398137822026512822049 0.710948956238660167983312021533 0.278868935414998686539433947473  | 125.647998559605568402730568777770 69.345456259747962235451268497854 
0.894132287110413481734383367439 0.231360398755738438936191414541 0.484457747580469555437332473957 0.745004120151443904873644896725 0.334917779521224256988887191255 0.637447098123395838875637764431  | 324.447689358964566963550169020891 38.415495469635160930010897573084 
0.326208451241236763173958479456 0.384536603624256012601279053342 0.246957779396322019138665382343 0.934291920569339517932405669853 0.087161310314376017061022139387 0.656630685982172335179996025545  | 108.668647513907444590586237609386 224.457754026024190352472942322493 
0.479460169732220831129154703376 0.914420269821874298621366961015 0.263854540548412286327106812678 0.931771458313746636648033927486 0.376019082892311895527370779746 0.355317003064898773168067691586  | 162.567935113257050261381664313376 176.496590734742909489796147681773 
0.574185011042118387258881284652 0.751400377966004118235332498443 0.390013443440369367287701152236 0.846107766890831780592918676120 0.656730960973623711929292312561 0.713600015105606000354043771949  | 191.991746537564779373497003689408 142.380873515872224288614233955741 
0.103338455872842072125195045373 0.135917815379095863193015247816 0.092562882914502542242018989782 0.935345245953336790201149142376 0.504825804806189770701507768536 0.467891609166322552937344880775  | 27.501096651644115098633847082965 238.625355687494788980984594672918 
0.796223262132393250212203383853 0.823516624841561739600592773058 0.082804846794316877556241252023 0.693455261797422117808764596703 0.888042171052081386051213485189 0.446243486726772609074487263570  | 168.816254593930466398887801915407 43.204999522431030811731034191325 
0.234606467932084283845028949145 0.124358741798408778400641949702 0.576052657049252903043168316799 0.455944210684245732068120560143 0.984846604396808822379227876809 0.821319152002449537341988161643  | 64.665319961943751536637137178332 210.967830871150823668358498252928 
0.205519666702435821470373866759 0.433968305916811791789200469793 0.962254767821208001343791238469 0.535443198921785712407483970310 0.003937762662528654367122271651 0.815237037802792219309822030482  | 60.542740268928127989056520164013 234.040942355400375163299031555653 
0.508452523492066710275594232371 0.896134482018829836569295821391 0.977347719190680197520748606621 0.357237621591948051325005053513 0.243057347072337615045967140759 0.782297076946549374554251699010  | 147.588001079551389693733653984964 142.680990144865603497237316332757 
0.097909024978020231522179983585 0.407843773914176699335598641483 0.401652900786152677881091221934 0.051548858354021787064880300022 0.446875608469142870937673706067 0.191203611396623229801150500862  | 22.405467211657718706874220515601 206.434184870339436201902572065592 
0.091601983309152479328929530311 0.260177861825847234200637103640 0.670905122347069116095497065544 0.478347709885093785864285109710 0.102314705917567194681794262578 0.835311533979722797838007863902  | 26.701550230826260445837760926224 264.793778431542932594311423599720 
0.273940503029785009658780836617 0.480451963905062506832166491222 0.301599772727204284983315574209 0.396328259391960924240549957176 0.372081320229783241160248508095 0.540079965262106553858245661104  | 51.616239224028284127143706427887 136.805110131587639443750958889723 
0.065732487550051676983287052281 0.855265895947174281666036677052 0.412665724249689169766952545615 0.488870145298883729267913622607 0.413673613901286096883325171802 0.931302938159056625799792072939  | 14.957008514255969444661786837969 212.586616742083663211815292015672 
0.005429430894821840603015061788 0.728074041464919163857416606334 0.690909982128349864360927767848 0.883796387599315003136268842354 0.057950196337046899763834062469 0.276687997769699323136194379913  | 1.381429842868178825554537070275 253.052205952308185032961773686111 
0.536045400306546016011566280213 0.152611502494492623505095707515 0.604457136909223091691956142313 0.591140555879854923126970334124 0.052730637072358588213205621287 0.172302983696987599415706426953  | 155.126120786091490799663006328046 134.263771744243030070720124058425 
0.754154504027021777012862457923 0.822758969071204493417326375493 0.179724397657291978802618359623 0.083862890454462490907872052048 0.444766639134702268520982215705 0.755586664452397860358701109362  | 240.664352985296687847949215210974 78.453747748970826592085359152406 
0.350253770755261539804337189707 0.021302581667122622022247924178 0.473384622522324272075877615862 0.121769585020499615524158798507 0.072634824503472028567330198712 0.809807606907970378706806968694  | 81.662502408408371934456226881593 151.489883738120028056073351763189 
0.780378482027147546418177626038 0.205224499890479972208368053543 0.093551331591365194384479764267 0.299287425254901151561170991044 0.966369349302638291909772760846 0.377327201787252541897998980858  | 118.644218704133976416414952836931 33.389981926229665987193584442139 
0.561863624671474215510613703373 0.255232271419684075830502933968 0.797195763876929586189135079621 0.460408302474166863937909965898 0.394144971396784282724468084780 0.018900627699635630385444073909  | 136.281519959794962915111682377756 106.271145804036549975535308476537 
0.337447479282130702316067072388 0.437418892754642740783310728148 0.491180724689777137292878705921 0.394484819430631294956413057662 0.657548066782864926160812046874 0.079724869527324937479306754540  | 79.911947322151661410316592082381 156.901045005283805267026764340699 
0.923686732274523469854443646909 0.459149382237939884809918567043 0.828215150204880012907437958347 0.274558674371461308716391158669 0.299446495726311212592918309383 0.730272358354136175151438692410  | 261.262280488821375001862179487944 21.585000261307619950912339845672 
0.285354005522904130565109426243 0.650041396056694309457668623509 0.319114392658323975382472781348 0.189582720043982577706742631563 0.447304264598647804973552410956 0.553975736371804083901793092082  | 99.405443488054828549138619564474 248.952881834545138417524867691100 
0.443565806223347625092401358415 0.472841770045235088026913672365 0.893714218251420278171792688227 0.423388085125148139198358876456 0.663805224940262617039365977689 0.257787370070063692750750306004  | 130.799883469743690511677414178848 164.082818565864386073371861129999 
0.098626507551903275228255552065 0.661430777804715486212217001594 0.209972317478591796735543084651 0.933592489096989996966158287250 0.973005767545033650733898866747 0.248616251422464129561262780044  | 35.373777919215022791377123212442 323.290224256865144525363575667143 
0.295005121789081892202943890879 0.994543818866324480509888417146 0.905165723285830670086227200954 0.784416394728151278314953742665 0.714494280780566093369543523295 0.470232658929493729793591683119  | 41.021671192435256614317040657625 98.032427067473207671355339698493 
0.700212374698567230346668566199 0.702188189008798646639775142830 0.283801902478341694369134984299 0.674465320421851810550606387551 0.518659088131667944665537106630 0.366241800684622753614405610278  | 133.006437289545942803670186549425 56.945128971766663994458212982863 
0.307536711981912458391263953672 0.311510281639059694036575365317 0.670163246466217055186120887811 0.635482200314638534521805013355 0.708581979232574599159022454842 0.309804805910086411557813335094  | 56.276630479279489804866898339242 126.714954871965844063197437208146 
0.463237117119570940282358151308 0.593801493614968589618285932374 0.587223446398337789453591994970 0.526815813377176866971751678648 0.421139203851750631990569218033 0.770284376277171500824181293865  | 84.591308353244926365732681006193 98.017781521153438006876967847347 
0.042442357493048810113123181509 0.442875073888318260273422311002 0.586015001403946467206651504966 0.610068424702480016641459314997 0.943053786002298832791268523579 0.609492210597831207685715071420  | 10.136915665768412964098388329148 228.702683841130635755689581856132 
0.223474357575956239507775080710 0.756961193229141238170143424213 0.544413247726538318538302974048 0.600093353949609498165784771118 0.780787407594643267927381202753 0.364030557669513421537033082132  | 70.511976728083496368526539299637 245.014052714096806084853596985340 
0.977817293540991672173845472571 0.338531114417634615421093258192 0.648951146192106920196351893537 0.554100519729344043184937618207 0.738722285366073205814529956115 0.244170930461717672343979756988  | 469.000168460173199491691775619984 10.639710644206701317671104334295 
0.980328689103776684810043207108 0.879040276430266498408627739991 0.306490771853082488718200693256 0.896572271747971272226607197808 0.242666021088511985048796759656 0.487502993792892191926569012139  | 169.459399808427264133570133708417 3.400378439364533100786047725705 
0.655751433663585014954833241063 0.075415776400769019005565496627 0.599903892776111780094083769654 0.990538703094691164174889763672 0.363513556947202443048183795327 0.025141893846507890053487699333  | 147.545376122471850521833403035998 77.456611746861412370890320744365 
0.538043928559940654032800466666 0.450130571139786161971585443098 0.305072369336221171920442429837 0.003628987133508010387572539912 0.350463723111052671832510441163 0.492415365388502057619746210548  | 121.234489367172713514264614786953 104.090029565051636950556712690741 
0.361681260280932614925575308007 0.053237042816691726443423249293 0.729701382748997651184197366092 0.935743035055778604736076431436 0.274488157669950272321557349642 0.385913111580846068804362403171  | 123.160745357056498505698982626200 217.362137308726403261971427127719 
0.428496435551645959982636213681 0.005019509785977205318374672061 0.773590974718245782959513690002 0.392816179226126549473008253699 0.221078985439682407232453442703 0.284724767525969091330750870839  | 61.827514304678103940204891841859 82.461934042964301738720678258687 
0.807485683455985925327524910244 0.518385717214199570612720435747 0.987319553622226009359508225316 0.536277110282485702796861914976 0.057625646904548188942385422706 0.745142482430663610770693594532  | 278.343307324440445427171653136611 66.360398298115342186065390706062 
0.504398428933108156080322714843 0.992744502748532098301836867904 0.280942632067725295286209075130 0.606439437568972006253886775085 0.592590062891246160958758082415 0.117076845209329150065968860872  | 48.279299352590555827191565185785 47.437294084684438644217152614146 
0.861793097295023624582199772703 0.703724150412449511726720174920 0.814711864977540667354105607956 0.664350318893830893429708339681 0.506299249924692995605823853111 0.978117446088667352732670678961  | 143.665520395329195935119059868157 23.039830165336969258760291268118 
0.549320857989345712191209258890 0.333511604631657410102718586131 0.875360171473861137236838203535 0.161284340503217493711929364508 0.517643299926390798582076513412 0.959446162935748581013228886150  | 195.937666117242741847803699783981 160.753078950083676090798689983785 
0.172843005647790759482518296863 0.360654559216066927795907304244 0.319171218230856479358692467940 0.360295161465485569429745282832 0.185040374183963796106411336950 0.742360511362228581155875417608  | 58.427608604850469475877616787329 279.610996925481401831348193809390 
0.663006930915052916652996373159 0.794473144333043723719356421498 0.993464455207139773840196994570 0.397948640203445003216131681256 0.246436711737873292982214934455 0.163348796551484265471287926630  | 143.303512101157082270219689235091 72.838288865200681243550207000226 
0.834319778147491142306080291746 0.635418706162245494617479835142 0.640722050442390278490734090155 0.497329737208815014781748686801 0.372346277022385319099839762202 0.943094507399156345428536951658  | 283.327869337853201159305172041059 56.263587989155617208325566025451 
0.028169655649275204822856721876 0.177876871342830589206585045758 0.568417042245780157472268001584 0.418099735129387806153999918024 0.315041994734201691308328463492 0.213070105933055309321844106307  | 5.319502875478951509080616233405 183.518548313684959794045425951481 
0.067841876335579032186728909437 0.685848291555120725959682204120 0.413295813252760213529768407170 0.207775805042162753366596916749 0.478718474077453826076578025095 0.764043158074959927184011121426  | 11.626402735318661640917525801342 159.748614633139709440001752227545 
0.144478752540933008674528537085 0.723912572881155846893364014250 0.993855098415086235519311230746 0.138328470079040699580730233720 0.811188935166674895960170488252 0.581793685879179345299405667902  | 29.688505980012692475611402187496 175.798497872692166765773436054587 
0.670078650785617013774242423096 0.357325796586286603684357032762 0.640220581625335016795474984974 0.109109700360156991472138088284 0.220243785868860841858918320213 0.173982337810172804637431909214  | 202.003305358033742322731995955110 99.458776923202947273239260539412 
0.833623441645748419759343050828 0.525847279069618922520135129162 0.246294822731760509881837606372 0.246250583764443087275708421657 0.191257255190491304297495389619 0.765047340155612043410826572654  | 293.273157774706305644940584897995 58.532157579338040420680044917390 
0.481478981653766680004480349453 0.647663313076536684143036382011 0.462064358221100923707069796365 0.953508535461054740345332447760 0.038924825848936972505498488317 0.195403004860788653829217764724  | 193.661371940074332087533548474312 208.560488866586865697172470390797 
0.028364253106857750807989759778 0.636741986334911080902543289994 0.325316119815770243839381237194 0.221966691386444869849015049112 0.373851439017288900146240848699 0.160566825483049235856469749706  | 9.403297770830254975749085133430 322.116017594353081676672445610166 
0.305681134328766312968639340397 0.154252562707708706923881436524 0.884354754846982782368058906286 0.177704854334584161357213361043 0.072454373927700488344783025241 0.329725354905735845711944875802  | 96.069875015570957543786789756268 218.211460097003708824558998458087 
0.308472499077872219785945162585 0.389123883430484984735642228770 0.394471466677947191215025668498 0.306072482018323710484253297182 0.607298936866773275689013189549 0.461615525745389665424056602205  | 35.302068070815266764839179813862 79.139472670563591805148462299258 
0.380506342572738520679820339865 0.715812513121729665499515249394 0.614908506784725417126935553824 0.379174909280450833648501429707 0.119638989873413037479110698769 0.184705852826197558513854346529  | 57.603700835261108181839517783374 93.783265399735213918575027491897 
0.431099890000667951284185619443 0.360532171739350482120300966926 0.191329121866315343680753358058 0.833924366024873853220356068050 0.318151648594404590220108275389 0.913440199409567776811513795110  | 103.991370560580392634619784075767 137.232004746750959611745201982558 
0.838797618212166695705889196688 0.569660010173447139969482577726 0.109500343568103453151252324460 0.960623615744456538223516872677 0.738734561238974407615387463011 0.252068330973443499587460792100  | 316.096181644185492132237413898110 60.748214168383050548527535283938 
0.361606151707744793988297260512 0.968201913155801618948714803992 0.245749114947387825580449316476 0.803037218341833280987884791102 0.612944849002087566169905130664 0.712366812064783139213375307008  | 80.284493324187820917359204031527 141.737430100043326319791958667338 
0.453117099073009899079522710963 0.810034765947889257020619879768 0.631386315947035092754902052548 0.867075674483992253627206991951 0.071618265317078266818384690851 0.580341487329414484896972226124  | 122.116461363259944050696503836662 147.386635326506677756697172299027 
0.050379091653098728720294730010 0.287131141337186202022735415085 0.270735236354785580026316438307 0.119584169436180887124976379710 0.720773177254532382285390212928 0.281962805451220877017703969614  | 9.832036405990740135507621744182 185.329013215394979852135293185711 
0.189566634894691055102100563090 0.067081976161463940933060712268 0.215815776247666790688128912734 0.261343075641988331625498176436 0.635116877778314492530853385688 0.908498494509605736269008957606  | 56.315019686822395783565298188478 240.757404044847362456494010984898 
0.337479221172964694019924536406 0.908503447760320881343432120048 0.081317536505149501380174115184 0.564760005332496595187308230379 0.360087561862917349131407718232 0.876608255832725946632422164839  | 94.078265685765543935303867328912 184.689314015233577492836047895253 
0.498437733129982962765325282817 0.757737567483449891980740176223 0.527395792193954937587818676548 0.234454216701245443665868606331 0.026957449537358790792040963424 0.411236434092290936703761872195  | 157.876662387154055977589450776577 158.866336574328784081444609910250 
0.093375201235552318657084924780 0.445077276766944085473198811087 0.495324337348544530001959174115 0.658401732025918451363111216779 0.837676184422192160461406729155 0.995139217931506503411753783439  | 28.095401295215751247269508894533 272.791782062398397101787850260735 
0.364017913839204010351124907174 0.144716395491683691432172054192 0.929986046224327012055255181622 0.198807488246559360689502682362 0.409653154084798853951099317783 0.424443392451920420427313729306  | 87.828273653851411495452339295298 153.446318378032486862139194272459 
0.501318397039202001685964660282 0.661156562413126258626050457679 0.028182807062953951771078209276 0.395863610411959943036208642297 0.378646999376057058483979744778 0.375460075140717552955038627260  | 126.333580658678272357064997777343 125.669101478676566330250352621078 
0.863168418577761831222971977695 0.210464345672351726967974627769 0.718353322753432887992630639928 0.568583001640587837322016184771 0.585987399464728775377864167240 0.301130377972492202509613434813  | 118.862792270379415526804223190993 18.842422276544148473931272746995 
0.359741897837457580422437786183 0.364957489180945171547421068681 0.136061978598490562752942878433 0.208673942458073802264095775172 0.233942080894886106356977961696 0.585202269397907981485218442685  | 101.331598205454298522454337216914 180.347013083906887231933069415390 
0.686361177813894718369169822836 0.142414745845502510590563360893 0.340749190130458567971061256685 0.920776681189621526435473697347 0.311120023169733528334290895145 0.857519412999300456590390240308  | 243.336663768917418337878189049661 111.194844764185546637236257083714 
0.688248237855489053416135902808 0.405925413748337682307010254590 0.187632969184712838917050703458 0.865479465230028388589289534139 0.256469878402257434046873640909 0.533038419368888183313970330346  | 193.791365428572930795780848711729 87.780536640376723767076327931136 
0.127014875500612967051949908637 0.190150125006887993350801480119 0.512734534864561664058157930413 0.978772605867767819809444063139 0.058957183890425146621794283419 0.516866357995268366209984378656  | 26.297827805470152640054948278703 180.747431277929422321903984993696 
0.000000000000000000000000000000 0.499999999847084375392824995288 0.499999999414851237222734425814 0.599949364584302147207495181647 0.599949365560616509895908166072 0.400050635016667488486064030440  | 0.000000000000000000000000000000 1.999240475261842675536172464490 
1.000000000000000000000000000000 0.499999999847084375392824995288 0.499999999414851237222734425814 0.599949364584302147207495181647 0.599949365560616509895908166072 0.400050635016667488486064030440  | 1.999240475261842675536172464490 0.000000000000000000000000000000 
1.000000000000000000000000000000 0.499999999847084375392824995288 0.499999999414851237222734425814 0.599949364584302147207495181647 0.599949365560616509895908166072 0.400050635016667488486064030440  | 1.999240475261842675536172464490 0.000000000000000000000000000000 
0.129112933272792634875614226075 0.500001339210104145394097940880 0.500011505042491588568509541801 0.599951134873425440119376617076 0.599957333769038481108282212517 0.400057031998221179769359423517  | 0.258130883790719412029801560493 1.741133459815624284772184182657 
0.099898517165103367654310773105 0.500009883386881681666125132324 0.500020608485584383551270093449 0.599955804700599726331233796373 0.599936971889092895970918561943 0.400036417872522309657767891622  | 0.199730230160110877601908896395 1.799601049502574712235514198255 
0.845362184840697472587578431558 0.499999458746953340249064012824 0.499996185616073784974133786818 0.599943862056503740554092019011 0.599933318993272290953200354124 0.400071791029609213907747289340  | 1.690144917501114063540512688633 0.309169634071369547889673867758 
0.361099716177309515430238207045 0.500003311996546573325872486748 0.499990995760809409098612832167 0.599939336340553630577687727055 0.599976317317386653726885015203 0.400043814761136429236643152763  | 0.721959597343603598496031281684 1.277376223206037497703846383956 
0.891910262635551953636081634613 0.500003390669139013979815899802 0.500014937199805609147063023556 0.599956284989135335550258787407 0.599952483091400590176078821969 0.400042195889090956839595492056  | 1.783175106844999469046797457850 0.216101257097492616132683451724 
0.866800936228833696084450366470 0.499985206914624669138902390841 0.499990325355105846849568251855 0.599977593568119083045075967675 0.599933602044676494990937953844 0.400043745886871693340225419888  | 1.733063792353934262635561935895 0.266315442160885096356537360407 
0.266653289854177022455417045421 0.499995989267208118533858396404 0.499971441275408268190005856013 0.599941809833341999080857931403 0.599939996544006759471301393205 0.400015286763887867316213942104  | 0.533162663414063042743862297357 1.466297623408688410862055206962 
0.829682858621899166351454368851 0.499985206914624669138902390841 0.499990325355105846849568251855 0.599977593568119083045075967675 0.599933602044676494990937953844 0.400043745886871693340225419888  | 1.658850678761519814585767562676 0.340528555753299488895180502368 
0.872832596048404907307372013747 0.500025144122512088529219909105 0.499990804942443689551367924651 0.599959039729296095266874999652 0.599973332286852234496166147437 0.400056291030412292109019745112  | 1.745124366087793754687140790338 0.254256012221329263933711217760 
0.661369324149112425281771265873 0.500005852846913456666300135112 0.499998367078757610659778265472 0.599967006703564842418074931629 0.599942809541822219543405481090 0.400036233562105936201191980217  | 1.322275410257056416085674754868 0.677024167113326802436290563492 
0.639951004226254394069428599323 0.500006319494676554349155139789 0.500015026403021312084717919788 0.599964359323443718885471298563 0.599946974187056225602532322227 0.400035233132135403799622963561  | 1.279462301091697451482787073473 0.719850603555834189783979581989 
0.349032151737458495865951135784 0.500010853177936809288439690135 0.499987595374737303632883822502 0.599947451184493552034382446436 0.599951272316024852848670434469 0.400031259726682741906245155405  | 0.697821758050704454845458712953 1.301483333405755393741287662124 
0.921672564399613092334107022907 0.499997654903572619211615801760 0.500000413304563906535804562736 0.599979412454785476782603836909 0.599955270698062204104417105555 0.400042573170431792206613863527  | 1.842736870695597772851215268020 0.156603178984600049927777831726 
0.145457208329120096790276761567 0.499993557657237297497943018243 0.499977757570356950989065580870 0.599961632546966217027772927395 0.599942506821904752989382814121 0.400054976729035838278747405639  | 0.290814748238920173228905241558 1.708500043922534405993474138086 
0.527172389943227237552036967827 0.499999999847084375392824995288 0.499999999414851237222734425814 0.599949364584302147207495181647 0.599949365560616509895908166072 0.400053734498843183153837799182  | 1.053944879502476394961263395089 0.945296544381613701446553932328 
0.234248166128704249366876410932 0.500004485244211371863798376580 0.499998725405770449992104431658 0.599955002319034091939897734846 0.599943438762464031910326411889 0.400070169191764968275037972489  | 0.468329291734361996546454065538 1.530957616138570065444923784526 
0.377552742494463466904619508568 0.500011927188037219593752524815 0.499993937729433346461860310228 0.599943598386766141494774728926 0.599953926663599146351657509513 0.400050678193542785798797467578  | 0.754827413733371699322560743894 1.244436076570742955027526477352 
0.788582519274035664835764691816 0.499992499852877025912079034242 0.499981255770408083982658808964 0.599974118855564064745067298645 0.599928366326677009467971402046 0.400073963803408594319677149542  | 1.576722259202907983066666020022 0.422716253147618126195794729938 
0.778708912069806080680223203672 0.500015964747125063460941873927 0.500005868114694274062514978141 0.599946638231466100599220681033 0.599963791003144120139722872409 0.400048601916887403007194734528  | 1.556865513636889408743968488125 0.442425221971549043065152773124 
0.455297067348419792764957492182 0.500023828626692257159902510466 0.500002087095682723472123143438 0.599975481319468317842336091417 0.599953652940303561180712677015 0.400049793871757597418792329336  | 0.910305571980705607870731910225 1.089060638046047913007896568161 
0.957332915342573920192137393315 0.500018572313420839314801469300 0.500016237629714033197103617567 0.599957165156692284746497989545 0.599943416666941842230187376117 0.400057897566105546971471085271  | 1.914010326980618348358120783814 0.085304954366106341967501691670 
0.819459064981593710008667130751 0.500004957478195066755688458215 0.499995442821869306992965675818 0.599947588451538060816403685749 0.599965033427521610143173802498 0.400056334330614660199643140004  | 1.638322148896273144913493524655 0.360950565150855384732864195030 
0.466026931792130616472036308551 0.499995865286254115300579314862 0.499990062718413674769379895224 0.599969835197411427429869945627 0.599939569563332275592415498977 0.400072505678290391006868276236  | 0.931750945615181902503820765560 1.067599053390424046483531128615 
0.240630988788694127888945217819 0.499976567923030024154229522537 0.500000884335499495847443540697 0.599966972144909904685050605622 0.599937930400776364692205788742 0.400062659705579970470523676340  | 0.481106186191798401718955346951 1.518246385202376202983032271732 
0.687096412399868738951624891342 0.499985241045531991765926704829 0.499972371832989426199134186390 0.599936602172203681249129658681 0.599960843888215689112541895156 0.400051707647807064383016495412  | 1.373757596355688059830413294549 0.625608972241971650340985888761 
0.309866377487611421859270421919 0.500013989101148914606653761439 0.500005404025275268509176385123 0.599945205221639743520256615739 0.599967101284447079656558798888 0.400069213893039399287943069794  | 0.619525001715735101903703707649 1.379804537483799276031959379907 
0.325012856055125531895555468509 0.500006762608713017925765598193 0.499989266054112202475323556428 0.599924358549117631156377683510 0.599983030202717926293587424880 0.400077191079414584695683743121  | 0.649863097415546597801494499436 1.349636569469393698739168030443 
0.934526655797154326421605219366 0.499985303438709505208237260376 0.500016920851685475746251086093 0.599937207008092054927317349211 0.599950856167653312489562722476 0.400043617513866855972537450725  | 1.868408258613462269437377472059 0.130901495713131921228011833591 
0.172687491755841221463541046433 0.499985815550273382523727150328 0.499973482047429362840063049589 0.599937629685764806097836299159 0.599935883803556890825348091312 0.400055195223075643617960395204  | 0.345265047163411387121101370212 1.654098332620768552203571744030 
0.279168891245116845833962315737 0.500003867797665368932769069943 0.499999904103317627246383381134 0.599946549051542654673596643988 0.599951531188542941386288021022 0.400061072019222252471593037626  | 0.558129510264506967232023271208 1.441124445916649676746601471677 
0.539107772450968303346030552348 0.500008826423116392589918177691 0.499980834652854588817660896893 0.599937783286403458760105422698 0.599952281509927298763784619950 0.400002520627390389940103432309  | 1.077960611538254731556207843823 0.921566508312896992549667629646 
0.218976986042099946994099468611 0.499981011209832459929458536863 0.499997423705468457821865513324 0.599965744395920985709835804300 0.599971369629477280227547453251 0.400056178294819098084644792834  | 0.437812529444807030376551892914 1.561541545876306225082430501061 
0.600593795146331155265784218500 0.500014158281075205003674000181 0.499997134650211838557964938445 0.599977209160614477490014451178 0.599930689018774665477451435436 0.400063590167493710048063348950  | 1.200820418649146459344478898856 0.798568233637168889416102501855 
0.066485337139108577342305750335 0.500013711949404804357754983357 0.500021668645199923730615410022 0.599952654010283414898196951981 0.599947179482188897026162521797 0.400049982077808397029627940356  | 0.132924599104666169013810872457 1.866382388337473274830813352310 
0.509157594622486109336989557050 0.500011155488033098848177360196 0.499995834260878402321992552970 0.599944749112068076435377861344 0.599991641681736243008060682769 0.400057746150400683760040010384  | 1.018029075680334294418116769521 0.981408989139556986458501341986 
0.697507884505291664289927666687 0.500010077080846770947175627953 0.499998867880639630278949425701 0.599976290767006759097057511099 0.599953531599935030449444184342 0.400052799389628843673705205219  | 1.394544530294744344445234673913 0.604779866280108380216518071393 
0.627218941913370575669262052543 0.499980840054159769714203775948 0.499996234694741026327591271183 0.599933783769207917835331045353 0.599926666941401620647411618847 0.400057038078928284274837778867  | 1.254034594741723518396270264930 0.745322425497832119489771685039 
0.757240672135971348843952455354 0.499982948755530232087807007701 0.499992484639013079483760293442 0.599983578710101550512945323135 0.599932247576165589286745216668 0.400039703499123100449708090309  | 1.514050538713359372877675923519 0.485380546310945903965006209546 
0.420204241794435551238251491668 0.500010131068300278656124646659 0.499994700517144285978332618470 0.599943194205448726563645323040 0.599963979591308760319634529878 0.400045892416853010598032369671  | 0.840106127946519509741563069838 1.159174327574204355073561600875 
0.985429189959345475102736600093 0.500009883386881681666125132324 0.500020608485584383551270093449 0.599955804700599726331233796373 0.599936971889092895970918561943 0.400036618084243233983698928569  | 1.970198853322466803206225449685 0.029131868151035154868022658547 
0.480747303567008066327304049992 0.500000800969457426248254705570 0.499974787320979718874269792650 0.599942867861522732830792392633 0.599931368601407388752022598055 0.399984127735689809490793322766  | 0.961387031677124692663483074284 1.038389201166838748946474879631 
0.900646321050534437446799529425 0.500008051243953755005122729926 0.500012058021569116839089019777 0.599949484090881113296234161680 0.599952596642841728957762370555 0.400047376128982667964351094270  | 1.800629149361123504391457572638 0.198634165522379863011437350906 
0.091319780120962493197289688851 0.499998335291255979750957294527 0.499994813117975778204993275722 0.599951728842039955225118319504 0.599930527369979760266005541780 0.400021183449963457778864039938  | 0.182581540149156368313398957071 1.816783109079173286204422765877 
0.034563311259173751244233585567 0.500000926136083601036830259545 0.499995092964481635533502412727 0.599957463628379428222103797452 0.599957893185256829760021446418 0.400059728190762631250265712879  | 0.069101210218731751178111721856 1.930163550630562996346384352364 
0.576663416575399767616261215153 0.500009666609323444319556983828 0.500011890483815335528561263345 0.599963331142546185681396764267 0.599960013311239825917198231764 0.400037327461003899831126773279  | 1.152929862478007549952963017859 0.846381745192287482382198504638 
0.197894763408412305283334831074 0.499994280593112683241940885637 0.499999646986718893071355296343 0.599945411742590417603082642017 0.599962487401942912157437604037 0.400036095801228563928475523426  | 0.395647663672350990982096163862 1.603635474789575576792799438408 
0.408381344619473063417558478250 0.499999999847084375392824995288 0.499999999414851237222734425814 0.599949364584302147207495181647 0.599949365560616509895908166072 0.400048773178158401098158947207  | 0.816452653293627150787870050408 1.182788164267204678026246256195 
0.664592076505591156099228555831 0.500006762608713017925765598193 0.500001718405914674647760875814 0.599943646213174419656866120931 0.599966763127748770045855053468 0.400017577654716682822311213386  | 1.328776299759528711774692055769 0.670610010631353392618336783926 
0.014571170534554528722126498508 0.499999999847084375392824995288 0.499999999414851237222734425814 0.599949364584302147207495181647 0.599949365560616509895908166072 0.400050635016667488486064030440  | 0.029131273904624152559783567540 1.970109201357218564609752320393 
0.337212499424966893890598385042 0.500010805219136100774335318420 0.499988799878250844699323351961 0.599941586298378015662535744923 0.599954536997664988895451188000 0.400044514790460770115032573813  | 0.674181095121952900228734506527 1.325095611025070674315884389216 
0.744856838785860064788835188665 0.499976922909092791336149730341 0.499973576295494548382691846200 0.599945042184669707907573865668 0.599945054499830932037696129555 0.400063693260944541751911174288  | 1.489253747907852698517672251910 0.510128778183178255289931257721 
0.676314512788618094063508578984 0.499986390398967528447826680349 0.499964296962122300982400702196 0.599930999651687391072130139946 0.599930102044447521869585671084 0.400011823432437074732348492034  | 1.352360750451857107634623389458 0.647242577407731611849328601238 
0.711247354632164818788453430898 0.500004889539937491527155088988 0.500000053715206616011812457145 0.599937790121680580845975327975 0.599953352098412273640803960006 0.400035935936143727253977431246  | 1.421981879326859488088530270034 0.577297091717278387790202032193 
0.181884600808862789689257510872 0.500025933085943452560684363561 0.499999354799614825761722158859 0.599950981447513687072614629869 0.599963122253047487220101174898 0.400067956798520196759483269489  | 0.363651977060002074004785299621 1.635703523311100138215579136158 
0.620952259937932016242712052190 0.500013686682507341174641624093 0.499995222599093736004505217352 0.599951031092503472841315215192 0.599932215916862632276718159119 0.400048162857165878758536337045  | 1.241464354323261298773672933748 0.757826789970751368841206385696 
0.001672812846992028246867478813 0.499977797956079383911998093026 0.499978092315164712733377427867 0.599938473923886217420431421488 0.599968064626393071669951950753 0.400037264845741979968352097785  | 0.003344622736881233335259899775 1.996055814015725848875604242494 
0.025829598486904220555615552257 0.499995602433421337806862538855 0.499992808576461833514059662775 0.599947608951324928838744199311 0.599964700330089528712562696455 0.400045892416853010598032369671  | 0.051640425042156788693059610296 1.947632814467889161846869683359 
0.911911947125396693536458769813 0.500016460808360374556968963589 0.500006382768427459772908605373 0.599940788118169532339152283384 0.599942973070157870019158963260 0.400035596202661658526977817019  | 1.823190011009777844463997098501 0.176114874464073312143597149770 
0.252912867610312896982094343912 0.500016496241444952097765508370 0.500006271336283059092409075674 0.599994573885091142528835916892 0.599961589987858867623060632468 0.400038464962552409165397193647  | 0.505699894444974984430984932260 1.493802539824819808345068850031 
0.500977544985982348180186818354 0.499979865407160661838759097009 0.500018300133156068376649727725 0.599956029587521255663773445121 0.599947401642151212364240109309 0.400042534689161288774528202339  | 1.001616841195847484868863830343 0.997707981284715716974176302756 
0.442118850034667332238313974813 0.499980357116871110267908306923 0.499970032015810750269935169854 0.599956014334221965356164218974 0.599913879661266857823420650675 0.400030921993263954838937479508  | 0.884031821759567848495464659209 1.115502515422050366922235298262 
0.946482790636874793399613281508 0.499999160582191737312029999885 0.499995211361585312204169895267 0.599977865109068364546374141355 0.599936059703893298511445664190 0.400020076840112037697139157899  | 1.892428647351109605168062444136 0.107004058739321589177606597332 
0.051826647424831576160819679444 0.499992785173468623494130724794 0.499971075527819386330463657941 0.599959092313815389729825255927 0.599931369606203079847261960822 0.400015286763887867316213942104  | 0.103627015214448461866147965793 1.895865916770920422962376505893 
0.559277024075497175559235074616 0.500004889539937491527155088988 0.500000053715206616011812457145 0.599945032453692572715908681857 0.599959206133515610126494266297 0.400057460390056851551321415172  | 1.118139541845415418919174044277 0.881119311481763367588371238526 
0.636944149131910331007588865759 0.500000207071357838373160120682 0.499983978589632171996015586046 0.599945182647387054153398366907 0.599952836074369222352231645345 0.400045640916941336318046751330  | 1.273424097181605318951369554270 0.725847108805845908641174446529 
0.727010176917858963463459076593 0.500007934746694138183897848648 0.499989261719625543989309335302 0.599939822195801109039337006834 0.599961967142167318378653817490 0.400026482147481321494097983305  | 1.453540787173904114126798958750 0.545799570530788646927078389126 
0.495516529490766854948446962226 0.500006224401533971857247706794 0.500029642034130694661087090935 0.599932264154626637697731439403 0.599944541448618307022400131245 0.400020023079805386867491279190  | 0.990762889651242151245469358400 1.008691882663681038678760160110 
0.394836924426743340887924205163 0.499998701524434319143352922765 0.500012611407359641724212906411 0.599971435912807549151182229252 0.599971522916741162312348478736 0.400077996952267367358757610418  | 0.789447551409347192397092385363 1.209979307047551078113656330970 
0.295291680648513632512219828641 0.499999458746953340249064012824 0.499977075350093058681011370936 0.599953755829496504503595133428 0.599929405733742204809288978140 0.400007242994650402678757927788  | 0.590441492993072358785866526887 1.409078072530604686107835732400 
0.252408907492230660807308595395 0.500007704202407254889806154097 0.499988348643688074179891600579 0.599955539392777237317488925328 0.599953352098412273640803960006 0.400036891892658230673873731575  | 0.504637021105557859179668867000 1.494646705127800068169108271832 
0.211425858956715118086577831491 0.500004844914588852944348218443 0.499997465315896894022529295398 0.599946413715750748174571072013 0.599956354448106687904385125876 0.400048366956800072191668959931  | 0.422693068087036050162197398095 1.576556551485626345154855698638 
0.303174092830227226436079490668 0.500008426270641459510102322383 0.500007476551914353812833269330 0.599939944741608610634386877791 0.599958915667028747087385909253 0.400080014050041010698066656914  | 0.606152943329793747473388521030 1.393203062558314719865393271903 
0.610634902461309692078827993100 0.500003235586096606013484233699 0.500023951793238996543777830084 0.599949346820539020086471282411 0.599959622065744047070268152311 0.400065674558301165308904501217  | 1.220861218317285556977935812029 0.778469664009147299665869468299 
0.565779776099285425239315827639 0.500004259996308264568654067261 0.500008168409372011353752895957 0.599954303848605596805043660424 0.599935117785739713269776984816 0.400066501489330816898615239552  | 1.131161337585060877586329297628 0.868134829173929034595857956447 
0.798849738760320726704833305121 0.499998701524434319143352922765 0.500023022143367246172829254647 0.599945411742590417603082642017 0.599954961260629859864934587677 0.400066181726338176982693539685  | 1.597157443232383622344627838174 0.402164038315449168248250089164 
0.907340912687814915571493656898 0.500016460808360374556968963589 0.500006382768427459772908605373 0.599940788118169532339152283384 0.599942973070157870019158963260 0.400035596202661658526977817019  | 1.814051119527051225688296653971 0.185253765946799764385843900527 
0.767488487101547267599244150915 0.500007191354250979387074949045 0.499968107620723078987623466674 0.599932343820781088794547031284 0.599951305042416338508814988018 0.400051383206995792019000646178  | 1.534497335593543843046404617780 0.464877718732857769801114500297 
0.768465487454369711173285395489 0.500015093579845526505778252613 0.499998967331976407191262978813 0.599966862971279990546236149385 0.599956121777563078367734306084 0.400038464962552409165397193647  | 1.536402611746877644449682520644 0.462909832116265684831546423084 
0.549143169602052672040315428603 0.500005852846913456666300135112 0.499998367078757610659778265472 0.599967006703564842418074931629 0.599977729901719936123072329792 0.400036233562105936201191980217  | 1.097943004818734413774450331402 0.901431776833162112794184395170 
0.164612664153754612028635051502 0.499998854534300818386327591725 0.500019422920775280516636485117 0.599957846246954362712244801514 0.599944541448618307022400131245 0.400040527466915818433079721217  | 0.329109662444051542795619980097 1.670187682847987131751210654329 
0.971408349581674879225090535328 0.500010614038514544787972226914 0.500000670781209022308644307486 0.599962592484148071747540598153 0.599954517252314856179395974323 0.400051986369885981265070995505  | 1.942109244853936989017029191018 0.057162478196706521804681955246 
0.043442094704995659615320846569 0.499985206914624669138902390841 0.499990325355105846849568251855 0.599977593568119083045075967675 0.599933602044676494990937953844 0.400078032557950991066064716506  | 0.086860238424645699883974714339 1.912588430303042041913386128726 
0.679485346176266991058412259008 0.500023828626692257159902510466 0.500000562523803648851128400565 0.599938884859595567000667415414 0.599953663131484127291059849085 0.400040882886113502436842281895  | 1.358507715294920092929942256887 0.640810920404555672824642442720 
0.734704560850063193022663199372 0.500017097904351226489438886347 0.500023788075664721297641790443 0.599941328301390908173118532432 0.599959052349722132824183518096 0.400041043126221906867101552052  | 1.468931526860770331310845904227 0.530418422949254675380359458359 
0.077168183288551919774000964480 0.500010853177936809288439690135 0.500000445740918397774521508836 0.599947451184493552034382446436 0.599942964850643134511187781754 0.400044777566465004081663892066  | 0.154279256002282871840236566641 1.844980664700950345746832681471 
0.462247477484371227518522573519 0.500007598148123677539444997819 0.499999010769147156363345629870 0.599944840676735702267308170121 0.599963422463336226719832211529 0.400024812289621500838165957248  | 0.924186937439379851966236856242 1.075146714891101362709946442919 
0.161700448292236592662263205966 0.500010614038514544787972226914 0.500016160932729936128282588470 0.599962592484148071747540598153 0.599930644060195583655570317205 0.400047517235771754595674565280  | 0.323292595203306276641086469681 1.676037639299376325041635027446 
0.718713340163593450427015341120 0.500006347290226194068907261681 0.499987838850922905464813084109 0.599950609583679739245098971878 0.599946128816802648486827820307 0.399991569883057063172770995152  | 1.437142600401518421904256683774 0.562462137802445028000875026919 
0.187563285369999527274487149953 0.499987402335760222626959148329 0.499976432873791176714206585530 0.599932795957494491290162841324 0.599955610611110690122416144732 0.400049783926738289352442734526  | 0.375003158421854776438664202942 1.624338864629720324828099364822 
0.154054882966817852096852448085 0.500006319494676554349155139789 0.499958626710973463858067589172 0.599934877826648449428148524021 0.599940891111998109153091718326 0.400059227653730697937817240017  | 0.308024812804952530242985631048 1.691423740028640931853942674934 
0.517175995212103334353059835848 0.499999999847084375392824995288 0.500029170739483164176419904834 0.599962954350830357519441804470 0.599949846291462307590336422436 0.400047787715659630691789061530  | 1.034012495570184153592663278687 0.965331064731984711535517362790 
0.438125298260268969396946658890 0.500003712231912533781041929615 0.500001606524295483247044558084 0.599966257256145496512544923462 0.599944741841499817880389855418 0.400052215940458755216724284764  | 0.875931915223474910625611755677 1.123340709985960694794471237401 
0.060586468302144758091287712887 0.500003488915103155854069427733 0.500020975262536304661864505761 0.599955522254604689535995021288 0.599959310213512120313339437416 0.400051681780944690114409922899  | 0.121130449753955898861690343438 1.878168290517193028676956600975 
0.334076612891961721718558919747 0.499991951725762995284441103649 0.499980642054229040827095786881 0.599955868899108013536647376895 0.599920725919962705141585956881 0.400021183449963457778864039938  | 0.667971051698962314802088258148 1.331483641991254129877120249148 
0.588797475321729324448938314163 0.500009633966892130807480043586 0.500005832431871244381227370468 0.599945458478847060135308311146 0.599946877557785973600346096646 0.400100611698989860887110125987  | 1.177301582138895907903020088270 0.822200167585145580417815835972 
0.381310914775170484158905992444 0.500013785497212204234074306441 0.500000373247374119145547410881 0.599921048920621813316245152237 0.599993433130128428487637393118 0.400059290426240887761366593622  | 0.762445507852400061743480819132 1.237092082887574218119652869063 
0.939014828533787926367892850976 0.499989812928101629019295160106 0.499990117771037800853406452006 0.599992274135570213822177265683 0.599943734608820111731120050536 0.400036114736823267268306381084  | 1.877528341671366618470528919715 0.121937784548395003469956066056 
