0.551650056694285351177597931382 0.870023052387514206351681878004 0.067244686608323167575917977956 0.110557007234716175858579845226 0.824618061055277684623376899253 0.121829816164099158370959230524 0.694527372274223675496784835559 0.606715997344409840863477256789 0.490859622824532104701233947708 0.428306422660684860126423245674 0.498494031843785934121626723936  | 1.151666724573649602803016023245 1.355527166019835805244042603590 
0.716847878644658820235235907603 0.301158656454408757419116682286 0.535213024624600408607477675105 0.274368081061925450647720481356 0.074999477303653971915764486766 0.655245855422180500937656688620 0.734896770325838777360161202523 0.279049122259073301144383094652 0.175934134625526650275162410253 0.358232554646152001609493709111 0.923971273098261103307038411003  | 0.733703143285863834677229533554 1.539368131728792610246614458447 
0.840982211536328128076434040850 0.044654341318639212410346317483 0.887435035223665069636922453356 0.791164333344103409828562689654 0.831888283479192081060205055110 0.685756660558576869313185397914 0.166597898651306586259579489706 0.195425459589752104072601923690 0.022320506370435144738451072044 0.402548854043354387144404427090 0.786860807320063915248908870126  | 0.521770692265400626297378039453 2.045257697901882387725436274195 
0.846061658401240590521297235682 0.594635293128204844848028187698 0.433695757289317640470471815206 0.433738113871430019941044520237 0.053411724456517095660501581733 0.548736162123850901295440962713 0.199746118931379834648964788357 0.642079640855209188288199584349 0.469793540651677554720322405046 0.912020009477198856373547641851 0.788010438594225814945559704938  | 0.379184014535346169960661200093 1.537451844249540178211077545711 
0.234777550292788905750285266549 0.109651070205900480480920577975 0.809272714924984093443072197260 0.277142388043716048073861202283 0.673479872858384509548557161907 0.738717412660551131509123479191 0.763129779001367580804071621969 0.517929671648130085515049358946 0.875808484946270726645423110313 0.588082998647641352896187072474 0.149101202650930964033193504292  | 1.610370374124563852546998532489 0.622358479840807388150381029845 
0.083162245067450291102773007879 0.221183028207082577054620742274 0.515921714106511331010551657528 0.390922303765960044152905084047 0.688091702292669138429914710287 0.641115647817706579836283253826 0.057979835220558939568036294077 0.291113503893152270052269159351 0.786226781805475671838223661325 0.028700491192108379401304318890 0.804827869167459963861688265752  | 1.765991171667590009519699378870 0.232014338594538682691847952810 
0.513148217860182942473556977347 0.300435474331811502857192408555 0.164717010856024970166799903382 0.265726762378669878472692289506 0.378103467378464452863795486337 0.061416897467454267811604040617 0.540331709598522169635259615461 0.412804355624159069471090788284 0.840302882998021916094444350165 0.048162788151990376661615300691 0.252899212888686775180246968375  | 1.249413316918960958901152480394 1.302118027457359827891991699289 
0.684836584216530042112935916521 0.738333832572734105603728949063 0.708002088276653118725789681775 0.610705255272109504005584312836 0.169834946452065538302633740386 0.775675594885346542106674405659 0.507333757297082965642687213403 0.381204858552728564902167818218 0.344569018822795447576368133014 0.495747303426911645196639710775 0.059834876595764918683073574357  | 0.726599303004621721591149707820 1.345798018225059511365770958946 
0.565934801936096465446723868808 0.628867888121857676608783549455 0.920589896011247077467487542890 0.752976250124705592803309173178 0.384019151267825931128641059331 0.934019356552709956176272498851 0.263976173476744735424404098012 0.408376643184223286908718364430 0.371688299878676686738288026390 0.375206082970066745474468916655 0.394474667294766989655840916384  | 0.987291812698340986997891377541 1.216342069133807823888560051273 
0.061488282053910103819305277284 0.556373502036297318262825228885 0.592305803827186005960925285763 0.935146040285650403944828212843 0.030715324383898012783333797415 0.152424523729258076798487309134 0.348094725196064547212415618560 0.100132890060924184538748704654 0.080749241350558387253499859071 0.804532183828135516456825371279 0.587414941640538645906133297103  | 1.991881412961059139021813280124 0.192987482463386317288467353137 
0.161348151611317658371547167917 0.949986912170414865563827788719 0.762054415644102367544121534593 0.767501806281422060962427167397 0.888139397693000987032974080648 0.673960683952733008439395234745 0.357094147340442313875996660499 0.522250608328730936413819563313 0.620323848007885092492585954460 0.433139569288783277123400239361 0.137942134890116196999088060693  | 1.640449097789299814920127573714 0.424900707133394173187213027632 
0.905960807037044513201351492171 0.103228728802114866347494626098 0.709353260342372560209867060621 0.785797663551278446902870200574 0.126270857181803863866775827773 0.509616385214624156851925818046 0.260379831894900992672603479150 0.492208157801957368882028731605 0.948029898091066192122866596037 0.172149971538128387926747109304 0.706223685667149436717693333776  | 0.269475282813883221244566357200 1.810986426383383918192748751608 
0.933801648744598589146903577785 0.120587146636114472819656384672 0.449357103660791845634037144919 0.219848034281650672738805951667 0.013621179241244174562552871066 0.739831951015660904680260046007 0.493065460859727577869193737570 0.670608334870062439136972898268 0.138653156086469331320643050276 0.537584268267033982269254011044 0.945610953928211372954137914348  | 0.195013101978581737672158169516 1.868647915582797303102324804058 
0.195728318833074399485383310093 0.782647761121130880468399482197 0.847015443087661079601957681007 0.280790422465711064781146433234 0.224666096210337395966405438230 0.478178509925466288521533897438 0.282105786002419423041942536656 0.862071914664052529886362208345 0.114826251075165752801865437505 0.902266509492809620773812184780 0.113458383962843911696438681247  | 1.870773706518283452382434006722 0.594003194233704290283526461280 
0.384223530498168930336078119581 0.886082118160036569243231951987 0.001344391541051814797924635059 0.910128177747783539963677412743 0.703067420068466231164450164215 0.128246690914413874473609666893 0.086511710819680009976195833588 0.340917290334897482573239813064 0.133923848958073077319852473011 0.448761785554069314585490246827 0.623763883344283676102293156873  | 1.723725233359433950397487933515 1.188235789151123045215285856102 
0.004375958242203492609689874371 0.566326096811027968058738224499 0.984854045160291180494027685199 0.041123954605339907431016399642 0.393170261487021943658248801512 0.132428051130104917909591222269 0.044072098403264647892285665876 0.338218062005465669450643417804 0.571067654624730747237038031017 0.023115883814950444197222623188 0.003694297544234892427539307391  | 2.309349063428716597456968884217 0.015874113038205826115012442301 
0.989770344839270954651055944851 0.325129729844203629873788941040 0.899715545391241877659638248588 0.124926465640752049068851192715 0.599488207466840616888248405303 0.557312411826434761508153314935 0.363961466887543494408419064712 0.861518187271386182146670762450 0.831232681203230905353507296240 0.220676247977496409191644488601 0.799877799786525511827051104774  | 0.028457742153822029179677244315 1.770851680880018097496986229089 
0.671825361082045158234166137845 0.825593220316508169531743988045 0.215472076039447180129116077296 0.447295082430216206503814646567 0.754977905855369724186232360807 0.451941506254387670438177337928 0.277438073383040495478724096756 0.006225104956364413411051828007 0.493512169863769334376968345168 0.607392891922745703503494496545 0.624660664208343652248345279077  | 0.777669352336518571178203274030 1.372528837094301401577922661090 
0.759531877306180436271176859009 0.843321145543426187174418373615 0.291020077626440110130090488383 0.899536366366133766092616497190 0.578462964534224410861895648850 0.157179320361667373973091343942 0.262583707197211912998113803042 0.557513839248730991293712122570 0.538305042605266126365393120068 0.251940196691457729549767918797 0.552990849294938024982570823340  | 0.579153103633872401445614741533 1.459637030216512698643782641739 
0.665405870182540160051587463386 0.201466591754526302970873530285 0.238302816665738381729511274898 0.877474199751958061632706176169 0.912774614874966694344493589597 0.639216628389463803472381187021 0.585939384479527758387007452257 0.856485775575032581841128376254 0.442536680597704901174438418821 0.130251713480514341725324811705 0.396983066319457789106195377826  | 0.890519793754738997471065431455 1.535395099168098465014509201865 
0.941665432602684315810392945423 0.225322167854110744222850826191 0.197802809061913720256598026026 0.102150183860581833528158313129 0.232891684763971151816974725079 0.465609133869040237030390017026 0.181038741643798295477552073862 0.308483947427518834238924227975 0.465602044566219452903510500619 0.465389254938968766062146187323 0.737830148147813225101288026053  | 0.145943045481637750926395824536 1.588252909820923486350352504815 
0.772138880549265604891218117700 0.234309675208701717608050785202 0.923459873886225746097977662430 0.361185390801102235158737130405 0.679838212074476699875447138766 0.451186852012576800063925475115 0.222301558881922378674289575429 0.245293296723703146966499843984 0.187070316542231052103772981354 0.943392024211492929985922728520 0.229288680484340257059727719025  | 0.635394095451463747359355238586 1.698760715821904243583162497089 
0.695341506835993827806419176341 0.818489009719989391022920699470 0.505629649827531890693421701144 0.529655738001258979963381534617 0.254138697192473950181579311902 0.175287889522458661950565783627 0.773333420192393261594077102927 0.027903035994729097346578328143 0.426354150278947408025942422682 0.316176716780824818009421051102 0.293929832739960983367666358390  | 0.758670187402491702499673920101 1.462419482822505001351487408101 
0.377931890604457421112272186292 0.553189929478626885028802462330 0.127397485816868161201398379490 0.344153289325522693253844863648 0.233719446475441627875113681512 0.901398316396109677839376672637 0.877675627174254291418264983804 0.087118190592689326301467644953 0.029638637809535350875478343369 0.307697552571234878016070979356 0.478335553640309107947814482031  | 1.632751286381389554946963471593 1.101879825135797297264161898056 
0.258074567543033372984950801765 0.009014136181398124669783555873 0.182132692915964233826286999829 0.094285605154977303321572890127 0.133586978561931912778959485877 0.056283646478268778423625917640 0.681197886052573919890562592627 0.669203260405311639580361315893 0.102348677485785244378746483562 0.970628916040510381080252955144 0.625488715821859497800971894321  | 2.108701297529645302120115957223 0.904954420045233964842168461473 
0.931392335114149760855184467800 0.819870918457456299144325839734 0.548960254381954948499355850799 0.105494198947102990615576345590 0.121455844543517543776545153378 0.947319295168356667602438392350 0.407085631031409156399547555338 0.587926417391965161485245516815 0.378271064346279439760678542370 0.708191510338277874225809682684 0.464441327978030726875147138344  | 0.180650528934414744686165477106 1.669786094675399512610169949767 
0.755974121568392609660236303171 0.665385306343192373113026860665 0.352171254619704110488953574531 0.497705519158512466049160138937 0.356901246857599496742352584988 0.088714580319990465895330089552 0.189009650245434368542873926344 0.407603082299439645197480786010 0.262194138158919010095360135892 0.560085420079028617479366403131 0.592992829350208583427672692778  | 0.528422319549560315365965834644 1.310370964022315565244980462012 
0.847860093679479009942667744326 0.880140934005672392892449806823 0.598263402887109219108197066817 0.434267778735017651037253472168 0.626327635140503713451209932828 0.667839221245290270978500757337 0.906447191451211553570033174765 0.479034855110590740423504030332 0.909091085749415661609873495763 0.706003415347995821882420841575 0.999660826258177981351593643922  | 0.432640646494594660609323000244 1.775761089940747883275662388769 
0.844998419140349010802992779645 0.662956157838837434326251241146 0.588179167757130083593608560477 0.568334140132249254762086820847 0.549227061776405567350423098105 0.379970108015741825369104844867 0.730216943735089829559115059965 0.940924057489544884980148253817 0.118687902325800509473197053012 0.070732471340869462750333696022 0.995880429384114362889590665873  | 0.452939028389644338101760467907 1.823397211391269756575184146641 
0.448928716102369507190417152742 0.589139863565755650398614307051 0.246425511475498293378905145801 0.253446044556259519886509679054 0.458020243591159559315428850823 0.054870250912070206439352659800 0.001364039160021368601860558556 0.195901486034573690808713308797 0.491594060929919640656748924812 0.716397630072443836191098398558 0.225388919766153938972763626225  | 1.367924990809154417448212370800 1.164342991120332237997558877396 
0.820210092199278317792732195812 0.703961835241605937696363071154 0.442538041108265556289325104444 0.533276676786387460182936592901 0.378985155036107412840351571504 0.857858569255003589049124457233 0.207956309376223336116140671948 0.648054120611189610201563482406 0.767267452848732989245661428868 0.345753425652230217401950085332 0.685241650227523146909902607149  | 0.397240265032634043418369174105 1.368996109666468896648439113051 
0.669504876959078010223436194792 0.903242538517334603298536421789 0.908565655592756815650545831886 0.110475735382101203363447439187 0.835268535763730946008820410498 0.730989406654274809227445075521 0.062403626791665889328442062833 0.207323887246848803656007476093 0.558721380919007248877505844575 0.397091343315634892618959383981 0.356266032749559369285918819514  | 0.971861396665093635327536958357 1.700779510599896626743543492921 
0.163743303933228556701351408265 0.372874483120955280135433440591 0.614057686535739333244521276356 0.922365799898897775754846861673 0.225301180137024714689175652893 0.373170514664824093387096581864 0.100049700074483327583152458828 0.051232516494412072560749038530 0.498047105971772485766280169628 0.351606705646988371150030161516 0.077730966291616021557331350778  | 1.799583605546928088969593773072 0.473350787833477393284908885107 
0.317202732186607216924301155814 0.902937517529606936683705953328 0.898829263173171244538650626055 0.645984523259070964051886676316 0.471404452422985009718559012981 0.619741208352988626195667620777 0.105655521725813938971327843319 0.387698495671525700245751977491 0.008328844549203573421891633188 0.788556542137265559233583189780 0.890207335183362258312911308167  | 1.759708524411888408423010332626 0.957363237974091174642410351225 
0.192048520250120757779654923070 0.890159478725938924092986326286 0.089702740623030963185158270790 0.085145760470204279179995410232 0.132504451013172430684505798126 0.776062859022996653912684905663 0.822730971369749597421616726933 0.391544360855436313073596465983 0.665165113578031763630349360028 0.727341813794381453206483456597 0.468603386552289946642702034296  | 1.814011939777921744720856622735 0.564458878376446926417031590972 
0.626230868949989916139031720377 0.125335308921658339365023948631 0.630339159256780523499230639572 0.480155891862936168301700945449 0.211874045995932624997237780917 0.736551856953238326397581658966 0.028312912258200984005895861628 0.661611931122919050274333585548 0.958054929980704517156198107841 0.676912805678319573488010973961 0.880948334821812450989853005012  | 1.070015754174884037297488248441 1.608113812884321092155914811883 
0.013035203333972344985625113623 0.716517135342636057870890908816 0.220316256656162279270461112901 0.745565795140699982823662139708 0.645843646184070530047449665290 0.331261857819631466703924616013 0.074819436233676372971501677966 0.782658521896010594964820938912 0.574360371945885295197342657048 0.964721671894123056212322353531 0.498578190355196793071002048237  | 1.716960243697283061692360206507 0.035160790066712792334424619867 
0.645532669326573826928949983994 0.145454299983449386601819242060 0.296134930948907859615815141296 0.099965871215366375324151704262 0.742831355408043569887865942292 0.619893808211547159281451513380 0.839358470498479447563511257613 0.761495249018534159368698510661 0.323293793388787387144134299888 0.416119035168696971282997765229 0.359147802205902699768103047973  | 0.867892189327836294232554337214 1.394215387186513277484323225508 
0.226024711851287363195694979368 0.017880928351358793548797621042 0.632949319925098619066261562693 0.754887317080348951847668104165 0.399424951696826346925206507876 0.360089726585113956147665703611 0.741854849487455170198302312201 0.677066986729572106717967017175 0.713737105903589186262081511813 0.107548813287351663348090369254 0.617688148304235462582312266022  | 1.545379117569699367606972373324 0.572948148511682409100842505723 
0.925437806831815867880663972755 0.591124550267834170114156222553 0.439613091143630452251045426237 0.836369520064264571068690656830 0.676096987807630278588533201400 0.079899615961706027533750784642 0.771650552643889153792144952604 0.825806643079552316066838102415 0.965846564775847293837784945936 0.145309593163502559498567734408 0.210111833781292944856033955148  | 0.226625923327269107598880282239 1.926100010492518777027726173401 
0.766187506715755639596920900658 0.404314447405493160303535660205 0.462274963511577374752903324406 0.578924726070834005930976218224 0.981664539872889374549913554802 0.628887960561374637080689353752 0.301522204537805094126667881937 0.216200080493249346957895795640 0.999845818948747466770043956785 0.167211228918223264727771493199 0.905486390046620681637534744368  | 0.685957584279432430740541803971 1.782968345064132709154591793776 
0.098828987038400595288578642794 0.294878449824346411389797140146 0.154441244872865812709505917155 0.206230555040440077796404239052 0.745574388831046430681226411252 0.238449916169411801902811021137 0.106561534088380316376287737512 0.494460755984179267663591872406 0.193071119250233902420177400927 0.672771547275644477004163945821 0.679686104550726533091165038059  | 1.667373175173588739639285449812 0.260942937223689885861688253499 
0.000144706819946827103251507651 0.086023097167614914759781186149 0.333778364499610735727230803604 0.338516908002550409584330282087 0.157618844699969784528548188973 0.260433744427645441632535039389 0.779830709145644784818784955860 0.694405832827412750063444946136 0.114596830630891877156329883292 0.142947721712653352810207252332 0.226178892902539896425651022582  | 1.866798879975558156374404461531 0.000424332617017821793568149724 
0.850669699433135528821026127844 0.727462929878477937428726818325 0.656058330041948356559089461371 0.104546501872479935535409367731 0.205648481712248143438159786456 0.535624294447015092401898073149 0.931492597898525676036740605923 0.475287189734177384359270490677 0.000987279198971346971802631742 0.123227392320056194918720393616 0.732366687581581965460486571828  | 0.453723529554874938085617941397 1.898691377967289817263463191921 
0.918353002992189693109992276732 0.759926986592903919159880388179 0.750346422896649656308909470681 0.342318623308019542861302397796 0.741382707959155617949420502555 0.614031707943919369263596763631 0.565372898651906874434303063026 0.186015855630202509018999990076 0.450903760336089809435122788273 0.095515003150401067699704071856 0.623239785003102286786713648326  | 0.193183750931537667749893216751 1.498028891674083151741569963633 
0.178135554502953263877884637623 0.611605264078441845931877196563 0.851461796192356068502249399899 0.325606209830941017990824093431 0.524341458688894701545279986021 0.095873722825556950688508095482 0.680575786046234254555997722491 0.068353221050221790733303350862 0.691924039184045880368501002522 0.904499110847649334665732112626 0.975601594718344400369858249178  | 1.899033957132232997011556108191 0.545694409380069855863837346988 
0.562511762242764445929310568317 0.236088241880676119599513640424 0.446303568447536158636523850873 0.160031626662408221761779714143 0.488103493272762145593901550455 0.764242910780360773514985339716 0.753078048025023649714171369851 0.579039411306314533156580637296 0.107398648623737602569860882795 0.493670248920524024072165047983 0.549240946483857017668128719379  | 0.942035908413101585878735022561 1.147917324037017072768662728777 
0.990508094017213847060077114293 0.710538579496508448940517155279 0.160381353499597145706445644464 0.546013580621527938596670992411 0.408971948235289373130285639490 0.454224499314703766827960862429 0.170064374138518048518164960115 0.018723107805334926467821787810 0.462371935666419098254209529841 0.157825671852318105692347671720 0.158745660249089648452525125322  | 0.026055560396594425881522383293 1.747410455559885500420591597504 
0.822963819030828602762994705699 0.680456735323603956189231212193 0.542034739629715489606098799413 0.969560239831572023838646146032 0.089320725999478933765374222276 0.771460971236117454274960891780 0.987183696461415238765368940221 0.236744368418610573456817292026 0.370149344295032545204549023765 0.153327276275267432303905934532 0.810954354368452090540131393936  | 0.559344065276393132002397123870 1.959275673996534683496406614722 
0.266256737672379895087715340196 0.759838328879435809248832356388 0.631780043811511093920785242517 0.581001354459558472242974858091 0.068018127322391430666925771220 0.156400950416617501304017423536 0.731791356315498742191039127647 0.280839386197571760916957828158 0.076791895345066141231882284046 0.160867849336683188532504118484 0.020309882650635158185536965902  | 1.847799187060455095021893612284 0.821267928217191078843484319805 
0.452859603829352197479352071241 0.028497977161527465739254694199 0.645149474507337061801592881238 0.982306719059179211939181186608 0.126313482993984926849861949449 0.591255060046755320790623500216 0.296892249814104336458342459082 0.704740342722630641603132062301 0.667754742429038761208914820600 0.605452250423311855165309225413 0.409184485967497013625404633785  | 1.329115727227679011335226277879 1.145537082669499051590378257970 
0.425133887512224029059382246487 0.180046830775156263548808510677 0.123729810977627030510461736412 0.728265164393326336345069194067 0.132462866968849679594200097199 0.172076693565465177471196511760 0.511021283983923102489654866076 0.950997698207120101265843459259 0.761878892605025281881125920336 0.268401560286285256751170891221 0.913716198672147705828194830247  | 1.598303604253600740392471379892 1.260546096317849640300323699194 
0.549670730159825260408013036795 0.140071470848961987520908678562 0.093153976792175741117318921169 0.380473971073761907391030945291 0.809075024807366705026367981191 0.187757655079338836578983773506 0.892409624811349999617959838361 0.871116875619663777463586029626 0.860933422038213769234005212638 0.454005317526459006849393063021 0.155209076601789841554079885100  | 1.329161671181968484845015154860 1.554619452865489304116408675327 
0.075004484900292101023921986780 0.132850253662218475980694165628 0.544426352319347994779263899545 0.909273895224322670216565711598 0.647731160258490423764499155368 0.258918532068088902420299746154 0.104281501449760893862617194827 0.198072650729567367733352512005 0.642305992291344329814251068456 0.859956656161331989274287934677 0.504377845067354613206589419860  | 1.769462536833855015316885328502 0.209442332667050257200003215985 
0.846122130207288103420637526142 0.082109313651685833512772205722 0.440929883610596484722066179529 0.974864150530215689549606850051 0.775926979342855593912986478244 0.922716331508132037164671146456 0.093081731118232924337974054652 0.184382270533716141613922445686 0.289750973717019411068918088858 0.159376460612421388951531753264 0.998854286302893190629959008220  | 0.558370311305131927781530976063 2.264911792520122535421478460194 
0.873288900559737624185174809099 0.570144989607044960777670894458 0.849456465396960735958487020980 0.581887130674636932070598049904 0.681981164822432650574057788617 0.649161089555613912693843303714 0.445821810654541739182832316146 0.563473240979277867346297625772 0.407379599693744487431956713408 0.766878493676152683811153565330 0.565177231350892039785094311810  | 0.253114019198564743629020767912 1.254853628016890709773178969044 
0.675668985707801650342219090817 0.355829555579131096010314649902 0.882143034186038232924431667925 0.050353553317163846081427891477 0.731146809954868692749130332231 0.536157133453707412940048016026 0.175070718864264507352856981015 0.839162561096893244716454773879 0.175319829168052332413196836569 0.729333928138431564214272384561 0.259919756442805849339094947936  | 0.907127999459825917760724678374 1.623793746685503025517505193420 
0.980695010236540598569376925298 0.094299690489282550487359912950 0.507185070514024283205856136192 0.238930035200321744248697086732 0.338301189682378100620496752526 0.310522494136713067547361788456 0.189135710797231126889528241009 0.211772332482599856540161908924 0.008183506871917267666560746875 0.591735835622511974207782259327 0.667624885206547613591965273372  | 0.053148943516163976719113293257 1.752153035056397190061261426308 
0.365971759986065792169540600298 0.979249120968455954994169587735 0.233604909516521019874346620782 0.291901604679359327754184505466 0.376775497882050669495868078229 0.053927948132597047781189303350 0.466925840774698674984222179773 0.106148858837636916874203052430 0.684885937297067481921430953662 0.665215283970461368490134645981 0.116788202068856539206365141581  | 1.613619049442095221280624173232 1.045394061706967026026404710137 
0.822189557208879984173677257786 0.460234873374055886152689254232 0.880564460040933139062246937101 0.268741908828831310707130342053 0.683786296307810292915974059724 0.754780541435854823717477302125 0.873859776397003074066560657229 0.100615262919788284179389847850 0.947604128129821532411369844340 0.990670779430975922963398261345 0.281553064937225649977392549772  | 0.575271817441225796763148991886 2.005822807054842726870447222609 
0.902520104400497347185705621087 0.483484705410894943788946420682 0.602638009706180977076428462169 0.448376255305911630699711167836 0.357259484876254584939658798248 0.069046312772491069686964237917 0.509545292846680819565108322422 0.940453758919045812447734533635 0.660729634838515766936950512900 0.880291294053824557863663358148 0.010453701737340281852084444836  | 0.278167621773716788879937666934 1.802431581707976349093769385945 
0.763249129348687493923364399961 0.765354832117181693718066526344 0.228163996108283861907750633691 0.270911936580812806596441078000 0.655592673412774273877801078925 0.906328810035433196645726638963 0.155376264789082951800480714155 0.420539287732197508695719534444 0.855474151741428490147711727332 0.159304493523017565159705100086 0.033090882106719066158007080958  | 0.716436523288942250786703880294 1.836846752222999201720199380361 
0.103628911058306627523961651605 0.225632005576798633228463586420 0.336409930799824397062991465646 0.854816484271483156831550331844 0.707884484430532090470933326287 0.740759455491319496189817073173 0.854512847606345271600503110676 0.939137194099426197979596508958 0.082190542775831154642673936905 0.727171126287501801144230739737 0.705242125147550025232590087398  | 1.890604434607963790782036994642 0.310499750218692693870536913892 
0.098957826914631397130506229587 0.223151207779180738022262175946 0.528652475330671833830820105504 0.611420665764868975777801551885 0.825763952024313185873438669660 0.196013904193885868387781101774 0.450556185424862642996401973505 0.778557127261634285275704314699 0.509839019181378416689653931826 0.261314050327428049058653414249 0.662885063685862419013972157700  | 1.434541383838261685568227221665 0.224802340867469419016799747624 
0.427143991267336819994682173274 0.776935548982626511538285285496 0.043109903252032677478666755633 0.347376365507985895852982594079 0.899964057164371666885926970281 0.165975291966470983595627330942 0.359855807428468787989572774677 0.093091280523476260810866733664 0.051533585331549724983801752387 0.199362522161394495334718612867 0.175348978112995546041474881349  | 1.693649600038316105354851970333 1.344438953537122394266134506324 
0.778242580263344918556356333283 0.503680182791549579945922232582 0.225225047526730892677448991890 0.828607009545582751108838692744 0.457625647007622093909162686032 0.683781340822367633691669652762 0.744439854725159944059953431861 0.210173449413653123940548539395 0.101734166792190272587959043449 0.500614682555961865162430513010 0.591207990850441400532133684464  | 0.522156933490707575451494903973 1.437879947643862843520423666632 
0.504040781789753644659413112095 0.565278932422421442893778475991 0.843767945313475986601758904726 0.878657124430147762339515793428 0.863218906783400519167059883330 0.807999899281097055947498120076 0.520575230567825841809792564163 0.689498859774957506552084396390 0.799448686094548777170132325409 0.939999601583242805347140347294 0.052095325726756902540159899218  | 1.414224446548292490888343309052 1.432292228465822825356212888437 
0.026269483415404137893744973553 0.161060952686828851021516584296 0.076573904008138238275193998561 0.204204301638982510525011093705 0.515534407964588603512368081283 0.025905838060762520491664417932 0.481511547091804104070433822926 0.398409201953463520951004284143 0.982731271562341857084277307877 0.495068675733896901292041548004 0.997223660122441124542547186138  | 2.095833130214323158924116796697 0.086531593722350474973126210898 
0.722536525223218872859831662936 0.937444484480230433298686421040 0.107379883975115331118388439791 0.260485019601891742979660193669 0.352245958880409881786022197048 0.571899060994714880656886180077 0.915338220478233766108644431370 0.701839119900281360742155811749 0.571815190552470542506569017860 0.863436377591313641843839832291 0.487144389684094014647541825980  | 0.751687681920992445405715898232 1.614079465037864036247583499062 
0.724840223255869608998125386279 0.016840419836628539584921782080 0.186315412821157044831466009782 0.823390153156233428610732971720 0.961770990327488473070616237237 0.844321399463880184477204693394 0.067185442462713740319202315732 0.570022038239745620913367929461 0.800953320207930974383714328724 0.192617706550653688957197573473 0.283173904529448017264314785280  | 0.918416998515545368597656761267 1.990886114046327648452461289708 
0.506456522669108455403375046444 0.502688522303512019817617328954 0.891162525065352317810152271704 0.350245763032506762790774246241 0.423296321220475890712009459094 0.392193895844750062273931234813 0.638274388418938243283662359318 0.186395946313956506479314612079 0.798775562655680504420274701260 0.939742082920021148950695533131 0.932225591237283102152844094235  | 1.245731939758195627732106913754 1.271259848961146632362329000898 
0.701842554831107801049938643700 0.356623555629381971954217078746 0.153816901174278153341390407149 0.846378486946771979582138101250 0.621684486459940011116032110294 0.697185077411592413199059592444 0.727727869447469033481468159152 0.955127286630668592692927632015 0.872814159120529065027938031562 0.482073287487011281626791969757 0.225316163207473163510030644829  | 0.807044161690050554369690871681 1.595311103674172281685628149717 
0.968443246136175162064319010824 0.793399999478690221010879213281 0.697747778969874055121636047261 0.012845885661076583694750752329 0.134743312995410202681512146228 0.131265784059297341279659576685 0.975112880732987630238994825049 0.590537375717591794810346073064 0.856794287314958658008379188686 0.810827713808484618063232574059 0.923760962567538368439556961675  | 0.112441544002420068526504337569 2.266515503357433125586339883739 
0.997702401560209284347990887909 0.175154292737832228965544345556 0.558642464770783941929721549968 0.995622403251027909831805118301 0.418082159820436727315495772928 0.068959733531461786526506330119 0.080154633440341349626123701455 0.844087321105001509025100858707 0.908309090960645049150912200275 0.614330230563564949619603794417 0.242766935768858327371333416522  | 0.007534740173085992427648438508 2.087720667068337476734996016603 
0.791524256629155376074891137250 0.217872166684981882767146998958 0.029990153677543207599853758438 0.264023211357614417948980189976 0.831475513802803600782453941065 0.932442129467303537637690169504 0.438756254180448279633708352776 0.825840439474943344144719503674 0.602080330833061894146851500409 0.426379617214489359255935596593 0.695628808860623837340142472385  | 0.584474604718485224452706461307 1.720542096678623789074435990187 
0.578927559735973651378060367279 0.893460123505143033462161383795 0.175091470294674533825229900685 0.864653856449691948782287909125 0.396571492593722152442126116512 0.220192228598501515968166586390 0.117436212782494719952808281960 0.718620929215339154794150999805 0.985461252401193310568316974241 0.088138270132281593127743235527 0.793533463870462751899026443425  | 1.331637814056971569343090777693 1.710778472093877677906448298017 
0.742293325065817022334613284329 0.911049965405419825970056990627 0.054854230317616603507246964000 0.403812319774958128348885111336 0.667194923734049205599205834005 0.463704658089854615532487969176 0.123651772827864991910473690950 0.940372029653225527390247862058 0.043317033306563001993083616981 0.399475723732529819365311141155 0.366362915303113267917467510415  | 0.778907401790848386013976778486 1.817887841710206453527121084335 
0.367020382264200861754943616688 0.002118970109250217781493574876 0.433918325925102932316690385051 0.241283189490267169219350762432 0.956174313764622807454429676000 0.110459024283295681456706915924 0.193965883123869642368219956552 0.636602058716457142040212602296 0.693391501025989898110424292099 0.205140033352199213645405961870 0.012241149159015973779673913668  | 1.805502453920493133310287703353 1.173933747398721028076806760509 
0.087016022605550635837801110029 0.765109000900321190030695106543 0.253329078185210887497191833972 0.507032194415016901345438782300 0.014105503213845183019259366120 0.676342313665383221277238590119 0.380382663015146893492612889531 0.784657318132780057240438509325 0.673958200910339422229355932359 0.199449902462295325378249799542 0.392048532896625556709579996095  | 1.610787376235806478419476661657 0.221551025218335750910370052225 
0.851509251381868614849679488543 0.662969771413342345844910141750 0.261904241248364200167486615101 0.397557187877700668465763556014 0.691158939977036368418339407071 0.482581940415825472179278676776 0.715381415191647662688012587751 0.408114447709192251778631543857 0.789777558498032217215722994297 0.002237307834633939229718180286 0.373787526383774437732654405409  | 0.354357364035700839188791633205 1.491573732914603933608077568351 
0.881218974346127059682487470127 0.088075447689123897987428790657 0.099544855549370758751592802582 0.143242414408511264944934282539 0.713160034183484614622727804090 0.103330709568649536933548915840 0.042278615549955933516912409686 0.698375345616414677785144249356 0.707755607117134699635130345996 0.008876145737682694658587934100 0.068335124155477600105257351970  | 0.441428550715708467588882513155 2.338366170884511596739230299136 
0.711600062943124500591807191086 0.662805697420991046797666967905 0.552303068393089513499205622793 0.004225152320706859754295692255 0.201800416841490415365001354076 0.726094584950164323444710134936 0.249213089676189158971908454987 0.560735092890737529813804940204 0.684094308540882156677298553404 0.958248467593921016138835966558 0.577242823766168644539220622391  | 0.757847383185994871723778487649 1.556851070855370222645319699950 
0.999881662274616278551775394590 0.060130799541328494584035979642 0.360064215144140109536863292305 0.868098866075498909467000885343 0.010914168733924922705114113342 0.050723468715358377423285674013 0.923442024532972527417484798207 0.590060791457340361176875376259 0.162861417802243280128493552183 0.313865803542601295994529664313 0.379260415488415936202670764033  | 0.000397777614627209895846460252 2.139918531803182144557240462746 
0.756232855162638495372107172443 0.184993954029733287391934482002 0.795432131471892400753631591215 0.351299805792854136221592398215 0.124039245272293707778032967326 0.178582246173656478127611535456 0.058562733182615733795728374389 0.424745111234150263257447477372 0.638714809571557795564444859338 0.707954224355743400032281442691 0.893260783787947598710843521985  | 0.699023321879653214416805440123 1.735457009133132721956371824490 
0.085726947647173701305689519359 0.262022578973747921615711220511 0.337426388336372173881727576372 0.331094724832896258881476114766 0.614483074340326562712277791434 0.704467246457722739982898474409 0.357390978993833874355345869844 0.866335533965059689798238196090 0.412176516377293578052842804027 0.210926108581531157604160853225 0.567353170803525763687957805814  | 1.404031154209001153176927800814 0.190217380080450054746776800130 
0.708815032200707961784758026624 0.343312000386732263379485630139 0.958248460378777977552999800537 0.917727902711592213869096212875 0.752030903775795400711956517625 0.918239370277662225738879442360 0.415514591152342904756267216726 0.529173360943478221507518810540 0.950313412555066960862859559711 0.643590012921327336847809874598 0.072885253371566705027362331748  | 0.910290253852395925271423493541 1.849412425110076751977317144338 
0.954851473065247646765385525214 0.659042284605141914788362100808 0.918498204673533158448606172897 0.939777837867742493749290133565 0.388668196613792149562982558564 0.918118364843292900090432340221 0.946252018550410967101527148770 0.979627062083159416694400078995 0.600857488600087141783490096714 0.710907289801108954740982426301 0.587705145897322700498932590563  | 0.146862891382402049877953231771 2.067376894227871630960180482361 
0.849204690959797336979875126417 0.792711044340614345848905486491 0.159283833874790947682242858718 0.667602168347192659325628483202 0.092475008336580399870285873476 0.005714121821380313548388585332 0.838029887681544960464918858634 0.244622047524581054389614109823 0.898351212390258391238262447587 0.850087054544937714695151953492 0.805919442607571534509247612732  | 0.514976789100160980972020752233 2.133288617390067809509446306038 
0.541403941108405950544124607404 0.722546878100325695726269259467 0.396448332727606489456206873001 0.464996960667151792989670866518 0.238804408305913984378321401891 0.669894536568823584232745815825 0.506626746390857363167015137151 0.692462791021146828462917710567 0.728327162272583983337881363695 0.292403295187860456927353425272 0.374819657846064746564707093057  | 0.861872408953940571940677273233 0.981959351214455211653842070518 
0.674317433076425221116778629948 0.488221697376574836901852449955 0.538383680492281913032570628275 0.455199240465535615030034932715 0.036865078110530080657269991207 0.264915970657253474485059996368 0.860621412143679376249849610758 0.574146628695748617587923945393 0.966304061056950103214546743402 0.669001958413267372449695358227 0.858727977655770247089606073132  | 0.873177753084683594408943463350 1.555257322536405251156566009740 
0.537392557779160728870238017407 0.416844519270372027008875193133 0.195181024611266518142826953408 0.355582571048188911255749644624 0.453242409610510432749208575842 0.051152041361804290175996356993 0.290368952637564237129197408649 0.280418875986243376630113743886 0.136963266530469973680794737447 0.380422462350419876564444621181 0.226524310792663663427504161518  | 1.087840908104954262825003752369 1.223772394602922419792889741075 
0.366638989417281457861008675536 0.543678546827468411883899079839 0.265460404791317272632511503616 0.900446499237217312661130108609 0.379734684351010987057861711946 0.491052778084875352071492216055 0.942761983972629336037130087789 0.335941517942833667298430100345 0.850285877657429578491132815543 0.013558517201574082911008645169 0.882900629902847233765328383015  | 1.644435858210924195077495824080 1.067807492843685146510779304663 
0.123709085927346973399210128264 0.300555856219020700592636785586 0.130209610568031930455390465795 0.675630489066208372861410680343 0.810533097210113795405561631924 0.482447316633356049209169214009 0.791379637914070621640405533981 0.847199171028454101062266090594 0.559718101907373477565954544843 0.525500566621328157879133868846 0.404440674577935976863329869957  | 1.494242527866870062780435546301 0.294074730300081743639140086088 
0.342124415749905819161824638286 0.169924021934942826028702711483 0.098357971249870335128662190982 0.973344003514596711745809898275 0.769448037331606271571615707217 0.126892062039846376109153425205 0.201410012936271476391425494512 0.785565178299954647300751275907 0.956461777245026789628923324926 0.524533780188635168073574277514 0.660758915874851138205769984779  | 1.813979257598757222069707495393 1.080970973801464118935200531268 
0.605321067473727603136524066940 0.414674594564934939633360500011 0.154643384246514914437398147129 0.906655467542498150201879525412 0.589285481591045101623649316025 0.050088314933565580844287978834 0.091699312062392568378754731384 0.174924423142879481574141209421 0.821802787384813271387429267634 0.299009875748396769523651528289 0.011891991157832570991104148561  | 1.253164773977808676974632362544 1.755504121581684895403441259987 
0.012403844692436050145545323176 0.853056608861360698981002315122 0.185658549113246085227046933142 0.354884438360640097620546384860 0.230468038398734087479624577099 0.317024949122967525383387510374 0.510970838654637105058498036669 0.010071204490623597571641312243 0.179012449414148400173019126669 0.440959132492709016126752885611 0.410177212172254668232085350610  | 1.705059248492813539499479702499 0.033225431703216491696739609552 
0.019144766638833243810324802325 0.604701488916466134426741518837 0.295125431763489709524606041668 0.965060089786076047424501211935 0.336409393838360437634094068926 0.036106516430131185835250562377 0.746656036351788565674780784320 0.800197562723863997646844836709 0.921859205139181514532253913785 0.707976206759967752191187173594 0.301906298542533702011780860630  | 1.921724820943399691941522178240 0.057808553200328745280689446417 
0.001545980470623931068985257298 0.118317619410199359464286317234 0.663226644373772322715865357168 0.957476488348753096424559316802 0.296788767520109963982122280868 0.436495199553430524019859149121 0.616731132629720013582641513494 0.242693152784405952182567034470 0.014529727966691052820635832177 0.394369470087312379291688557714 0.163111966335757418988805511617  | 1.867096985856979474149852649134 0.004534105405302556353330789563 
0.728964889442233809901949825871 0.688180759077615666896576840372 0.368642514598130577319068379438 0.474322605568116562047009665548 0.161831972253770328684652213269 0.865000619097911038757331425586 0.749458661869823461465500713530 0.209805740893238223954142540606 0.724336217464771170426729440806 0.738899710735669623673516070994 0.897344860713759850945336893346  | 0.707310600403617595333116696565 1.559752491239840832548679827596 
0.112768296022401237621579639381 0.153097403775890983368412889831 0.788337848132298790737593208178 0.926058837217272778907783958857 0.092611826584812484419728662033 0.794910544542282604396632450516 0.738429223589448957554282060300 0.205071654755093257804787754139 0.056316722963990817341084493819 0.997362263191141518170468316384 0.618034374605123670853856765461  | 2.204881460581407104371010063915 0.394700797391259239343952458512 
1.000000000000000000000000000000 0.500001994112579839502075174096 0.499999680460718909369433049505 0.499996476420067947898928650829 0.499995796309364748388759380759 0.499997789807868520117750676945 0.500003834138084912730448650109 0.500000488285750166461696153419 0.499995666288302276214494668238 0.499999900578516176530285974877 0.500001145018763026861563503189  | 0.000000000000000061232339961904 1.000000000074091177637569671788 
0.000000000000000000000000000000 0.500001994112579839502075174096 0.499999680460718909369433049505 0.499996476420067947898928650829 0.499995796309364748388759380759 0.499997789807868520117750676945 0.499998782373539729650957497142 0.500000488285750166461696153419 0.499997700620113671998723248180 0.499999900578516176530285974877 0.500001145018763026861563503189  | 1.000000000047379211665088405425 0.000000000000000000000000000000 
0.629383002264889968024874633556 0.496565841251450479365558976497 0.500537319673794556251777976286 0.499758519588710703462908213623 0.499985921194429916436519079070 0.509437249020951110622945634532 0.498173021550723238437541340318 0.496395195843233605348387982303 0.490310462985078188147269884212 0.493583095239326530290213668195 0.507752892708719372194536845200  | 0.550004541863686080560569280351 0.835536063612906554354253785277 
0.492021207555650763598720232039 0.496167152415160739309385462548 0.500920370332528674950367530982 0.504441242381123089444372453727 0.498595763473934305842760750238 0.500684769491971382038286719762 0.503268849337772494756393371063 0.496335091908695957840791379567 0.497987369847578908998997349045 0.501249382945360255625644185784 0.502695498459635237153975140245  | 0.715966701744173206201082848565 0.698241421414253493615831303032 
0.535443881214026085046953085111 0.502149521680828936354146208032 0.507477562422393724261837633094 0.492461142477957913854424987221 0.501263671508531127862795528927 0.502337607525474294511980133393 0.490682376843085965578694640499 0.498174636378255486501842597136 0.502188810327030332736342188582 0.521409463845962761752161895856 0.490700423691903198086805559797  | 0.667172705836093338227499316417 0.745928683648784396353903503041 
0.645645299314169696103249407315 0.499596863495658183307313038313 0.491313941467898085413423814316 0.500769650113293773863176738814 0.499855019509942211097808240083 0.502085534352460172158316709101 0.494874177857797914459325738790 0.503285556708936043790458825242 0.512410589697959051314057887794 0.498360958146769006393839163138 0.507368998808497395636152305087  | 0.528492284277215951249218051089 0.849325214480352919110828224802 
0.932541765791941590357794211741 0.493794196450636491135810501873 0.492583509732228419508714978292 0.503695861547533652036179319111 0.493161205502468280581496173909 0.496104245785477238062100013849 0.503083273707354394765900451603 0.506039280071195474164369443315 0.495121186751408481896419289114 0.503634776928908345361435294762 0.494427068742374964394059588813  | 0.105794911907887770330383148121 0.994672741755142308939241502230 
0.730310339343207104434441134799 0.499599950351974242401809078729 0.489952443295887607455085799302 0.487825669812725903895511692099 0.502947162488034171801132288238 0.492103218297372968503822221464 0.499087346090496042361195350168 0.506367143880382064580203405058 0.505505312625098013334934421437 0.502146835218339360196182497020 0.499651528632432451182410204638  | 0.411233125340808913783519074059 0.911965483961428624581913027214 
0.950967997416783950015428672486 0.496167152415160739309385462548 0.500920370332528674950367530982 0.500900331743363680381264657626 0.498595763473934305842760750238 0.500417336409757496085148886777 0.497382685768526677794199031268 0.503587089865454751169693281554 0.497987369847578908998997349045 0.500555220662766697792278591805 0.496905358745212355486842170649  | 0.076947178516284783778012013045 0.997087473565174131628907616687 
0.720272067138068794456273735705 0.502945133524271836833463567018 0.511136788024390109619332633883 0.494167686823759777503539680765 0.506884118855659315805439746327 0.516651536204754124881333154917 0.505238413482070325422057521791 0.500396213393786370993154832831 0.486429464773930897436571285652 0.512245860597318358742313648690 0.507750949644867222154687169677  | 0.425781023154943150110796068475 0.905835366171450440120338498673 
0.549990062204317453620205924381 0.506450804720711800221977227920 0.499899651719831417118200533878 0.505244110527963918855220981641 0.500965002621430510743039121735 0.492980165831807370935280232516 0.497284001771337524910876481954 0.504947382136342826086661261797 0.501233529589893977984615958121 0.505320094213924653203662273881 0.488651609083036342351391567718  | 0.649661119218020055576801041752 0.760631395926008480046220938675 
0.619661021532751710161335267912 0.494104322515971638996035153468 0.492962620772696702431403537048 0.498222721688103886705789591360 0.497995542558313797343316764454 0.493912585638264844956069055115 0.501351682569396217559187789448 0.493153676625084025353373817779 0.489167836045331205774289173860 0.502150033781702087587461846852 0.503015357858934586410271094792  | 0.562697097975127569213782408042 0.827036035942807834508982978150 
0.564818163840794085217567044310 0.512472733871567442953676163597 0.507204858196047769780534508754 0.496407370952020920995551023225 0.518072865800201953767611939838 0.514799225391712300670121749135 0.489505031782495325654025464246 0.505646708350601992165707088134 0.492857976637623429461143587105 0.494543800450654269518224737112 0.506548383111025346536848701362  | 0.632225881231617936606426155777 0.776115289098499250286522510578 
0.212540126682858598883285594638 0.500081490863417577052985052433 0.491359442692806236419045262664 0.489150063829451087205058001928 0.493607956790890034515228990131 0.514734881995024595724430582777 0.486209181029857440137220692122 0.497751547394357896081373837660 0.492141914628741794501820550067 0.491863199701803588403947742336 0.496957258727248996077463516485  | 0.945524990189833380860306988325 0.327946252738761157008440250138 
0.889357999107451835385518279509 0.482333277252257053291373267712 0.492046389980988208012746554232 0.509111932532501310078032474848 0.487371141233617410915002210459 0.485546750076291444564446919685 0.502328451403100229022413714119 0.502481534190166390096976556379 0.515380332732889856472979772661 0.506596257245111591949182638928 0.494823620951673981416263359279  | 0.173120483845689399071687830656 0.986063415278538357711113349069 
0.449636552132948952298363565205 0.503631468221921396732909670391 0.501698505948354855910054084234 0.497601964143843222831975481313 0.497975233044537002324858576685 0.495822679159881041233148835090 0.495222572345884570754748210675 0.496146067059546891364618659281 0.512184199942551821038705384126 0.509874818188020828557682762039 0.502282964421215227801553737663  | 0.761029364556714438272422285081 0.649229445392878523612978369783 
0.519401952717304826734334710636 0.512983908423730095016424002097 0.493732961405925485642853800528 0.494701736511329592804742105727 0.502942618245007078137120970496 0.494640652653069945454689104736 0.496508508907815560018406131348 0.504986232328489048626352087012 0.522770993524962368503850029811 0.491826059084159106227218671847 0.516644814665764395833491562371  | 0.686035206605093650367166446813 0.729179375053833456199470219872 
0.424164481619042410542874677049 0.515619082191353328425975632854 0.506408430665678865878476244688 0.511093291532370486152103694621 0.491992313610695897185820513187 0.497768789179317383553069475965 0.506681953704353871259513653058 0.505892514525518310897211904376 0.502392026958215387466566426156 0.488286899148729081066022672530 0.506965060422224333969154486113  | 0.786716785382134298210132783424 0.618525046440926873358989723783 
0.653901564011906022422238038416 0.501777247368365042490268024267 0.492962620772696702431403537048 0.498222721688103886705789591360 0.497995542558313797343316764454 0.493912585638264844956069055115 0.501351682569396217559187789448 0.493153676625084025353373817779 0.505169496646714510923459329206 0.502150033781702087587461846852 0.503015357858934586410271094792  | 0.517359565777954277798755811091 0.855985527408693602779976572492 
0.501327674846213877657419288880 0.496800674594459201749430121708 0.490440281985015102961256161507 0.500554869825210357880962419586 0.496976642305214100225896345364 0.504985518119725695918020846875 0.501478311798077336369772183389 0.505621730667591418040274220402 0.500350538124673005491160893143 0.493547908390797429589724742982 0.494616944850242545861362941650  | 0.705800235137740816782070396584 0.708750294122234447691255354584 
0.120362660538002569365900740195 0.502223525921020597095889570483 0.494208317268138463962401374374 0.500273909214010381596438037377 0.497222001945680391887805171791 0.499865742911543287085862630192 0.497489988104348856978731419076 0.495836138901742939921746256005 0.504977434332368524394496489549 0.501160611886447115992382350669 0.504655493144182343279169344896  | 0.982295980051269834731897390157 0.187962986178437430062615476345 
0.405504334628006612994965962571 0.500828981328398481487340632157 0.493787124473440530714185570105 0.499805999460046224136533510318 0.501355323683556286518125943985 0.500062510312236696563559235074 0.502161812180032751662395185122 0.497802970050859494577366604062 0.488871401622870793701736147341 0.493641738890138959128250917274 0.497719896715583254298564952478  | 0.804081685958301317640462002601 0.594889037202118498015579461935 
0.249121574197867512445725424186 0.497218557586532605707674292717 0.513189879430353990130697638961 0.510888345821202682905948222469 0.498827381326583552123565823422 0.495344574270113358060996233689 0.510975118055142840667315340397 0.504939582393566066542689441121 0.504338691454586873774701416551 0.492531497624597358608866670693 0.494234086590129462202014565264  | 0.924939161973080570255945076497 0.381627970356645973559750473214 
0.287228442365454417206649395666 0.507225752249819361594518341008 0.507149124125365391435593664937 0.497613871521396244901325189858 0.500716512175762407110823914991 0.499233385097413884246009274648 0.500427995428537553124215264688 0.494667983893298690567519315664 0.499789211318388826299496940919 0.495634242426448212714973351467 0.499530292691847510599956194710  | 0.900076596473881940241312804574 0.436094318630852073592762963017 
0.024017392309803976130355707141 0.498341598383897244062268327980 0.500351718983943150043103287317 0.494146113730695890620125965143 0.498534759263732585310435752035 0.493638559542167842941751132457 0.500474319007451207141912163934 0.498174636378255486501842597136 0.518595756197528845454769452772 0.496402783123765789508041734734 0.508359963931047764695847490657  | 0.999800023189470254969535290002 0.037736792293367744932641727473 
0.275448026737130258201347032809 0.500765027773670157174024097912 0.497626244738451184446148545248 0.496695365933311205886013794952 0.499667142084647020183751919831 0.499381089232667663146969516674 0.501274690674895828657042784471 0.500328407618777726284520213085 0.499620977142856970143469652612 0.506342028752029160720837808185 0.498665365440896179993757186821  | 0.907904158301150232546206098050 0.419324539989665012740260863211 
0.393613076803753847432432166897 0.499970245367126364666177096296 0.504901840929776746236257167766 0.508354115757632118999254089431 0.498272407301996234085805781433 0.481703814685147668761544537119 0.497836618475249070847610255441 0.506330597468288012841242107243 0.508866856984447557543660423107 0.496172787200330589474361886460 0.507879404057688277340787408320  | 0.815387896612213225466803123709 0.580005438054174482509495192062 
0.260155780965686922456825413974 0.506719158069433017743676828104 0.498276534353831457302419494226 0.494128261523749445771613864054 0.497274855249213221242143845302 0.495357183304538706281050508551 0.498637291803162685521755292939 0.495891688406634612018564212121 0.515747908673899635445536659972 0.509829560494271638582119976491 0.503282218460418317995674897247  | 0.918103124035414941417343470675 0.397565458023737050563539696668 
0.763862973160535085881406303088 0.497357436338679848031318897483 0.512623083633656384527910176985 0.506109084177278178984238365956 0.496162137179645912343772806707 0.501630666291622118180271172605 0.497913307207991318037443306821 0.502098993653838809869682791032 0.493321749670020903710820903143 0.504101359722462505352780226531 0.506948577757261986675985099282  | 0.362599038167232545770701790389 0.932309523622533720121907663270 
0.972473558305424035097530577332 0.498583759825941219556710848337 0.498911227217307962078507443948 0.500647624220516784809831278835 0.495558182352580589569157609731 0.492942625504076137321618489295 0.498944663756433037793414086991 0.503121754173859292436077339516 0.501315325702750280711939012690 0.504118126438884761597591932514 0.498282681309414943182645174602  | 0.043229528405284656233931173119 0.999170909994743117188420455932 
0.685835534545629066371930093737 0.504703394265617610869867348811 0.498742495659132589747031261140 0.506113177496815169753574537026 0.498169456790771569831832721320 0.495387227915580041770482466745 0.497671645102708171126693059705 0.500052010404688718203658481798 0.489885336343796329305888548333 0.500358840282130401533322583418 0.502894089923343612369421862240  | 0.473796596140662662488551859497 0.880863611174985128293712932646 
0.694635589466473746256269805599 0.493519071208961490615507727853 0.503888370601816903970870953344 0.505712361371945973154140574479 0.499232546760206397085113394496 0.501792246504152217312366701663 0.496687459709537260099665445523 0.506817287657785553456335492228 0.517193417135281885421704828332 0.501297168378280755263176615699 0.495243651459288669602898380617  | 0.461699589431320722709983783716 0.887567210903600689597681139276 
0.011164836748122538775951362311 0.499997657081460378236670294427 0.499563418370463918627422117424 0.499491512642689261536332878677 0.500212450828212196185518223501 0.500117139229859342108852615638 0.500087444571026051853834815120 0.498975161739942996153018839323 0.501392580025761036566223083355 0.496387447319349361940510334534 0.498302384509459517225593572221  | 0.999865653442431723263439380389 0.017537126429412963624088206416 
0.369377700730735669676363386316 0.507081524448480536193528678268 0.503622889638628890018878792034 0.508347010671394428094060913281 0.503619407739794633371843701752 0.498000701974910031655241482440 0.499448145479639282751094242485 0.511255544118125238028937928902 0.512746289447353897905657049705 0.501746644256453766530512439203 0.489593816780580615155571422292  | 0.836804328223770266248493499006 0.548507524439612259570253627317 
0.901557429626482331741499365307 0.493882601182986658017171066604 0.497977586101942537588627146761 0.504964231629778881327297312964 0.496587479234406881101193675931 0.493970433388400465002376904522 0.501078107392652349894035523903 0.505095965502705412930595230137 0.508564976703572924066065752413 0.502670759089713592437931310997 0.500306778186432321575694004423  | 0.154051886476684607441001162442 0.988287313605611283939822442335 
0.476745088518558901569122099318 0.493249775607263296617333026006 0.518489399180099841402125093737 0.495247310715440758333016901815 0.506369273566740440983835469524 0.506767021154101104940536970389 0.504857831726344130629513529129 0.496624296701082768024093638815 0.478955649167912000940816596994 0.481476478435515109488562757178 0.487345653605417539200317378345  | 0.733541235031031191304862204561 0.681816989167936871041320046061 
0.160667840216184326651571723232 0.501312448106766117561505780031 0.493599289066995072783328168953 0.499116579732278242698129133714 0.498108936585519912476627268916 0.508689727916528333651058346732 0.501426159664507431479307797417 0.496653784950731647107602384494 0.496751807380513110690145595072 0.496387447319349361940510334534 0.491670382915564918580031417150  | 0.968543269610049883944213888753 0.249762959859315458732709203105 
0.329715939877692709725209851968 0.489430895974029722683695808882 0.506124994877458767028599595506 0.501712906971545358203456999036 0.499263956670603858967183441564 0.493573693606320529347897263506 0.506163371768148961926669926470 0.498493965847810804881135027244 0.495304576731511847498268252821 0.500497768732042436212736902235 0.507345639558472449870407672279  | 0.869122283422880337333538136591 0.495224756379268715722474780705 
0.961156374903799903819390237913 0.498435659231613814590389210935 0.498649071811010480281822765392 0.505355628548855295711916824075 0.496233894429352950794509524712 0.491653960092066022458112684035 0.497746570413717170922041077574 0.503842082067126217914676544751 0.500953937665763349151859529229 0.500877173500376859927030182007 0.500375415488558239474059519125  | 0.060986014432967403098295733344 0.998277333583058812394028791459 
0.676496511156880031556681842630 0.499418895038435117772479543419 0.513140959090234050066214877006 0.507218061025756727921987021546 0.496628718804635549410875228205 0.501454558643236958381805834506 0.497144459334852018006500884439 0.501591924654325782562125368713 0.494067065233991020711812325317 0.505641480155220812697791643586 0.492423551700591322077826816894  | 0.486750745644420945712482762247 0.873968702793457175026503591653 
0.240419516489410178827768049814 0.505136845167799553024678971269 0.491735807200263497218628572227 0.497485455994873926321986346011 0.498387529560111730564386789410 0.492630653922472461214709937849 0.500952366561423279023301802226 0.495545829507809842962018365142 0.504723301110080013742731352977 0.502317935968519591050096551044 0.488651609083036342351391567718  | 0.929845213171096252047220787063 0.368860746775801995323007531624 
0.337829601589992423171793234360 0.504139045368879989972299426881 0.511048238838182844467894483387 0.505602134794077451296345770970 0.505730780440044269674615406984 0.488099584193862789938123114553 0.498435205185368379598997989888 0.503552385498378218819937046646 0.499624030928524920369682149612 0.491294727939043829323395584652 0.495187016134122692800900722432  | 0.862868517520455013958269319119 0.506336376440804092347036657884 
0.707869793348372633445819701592 0.500447621870057313131496812275 0.495127840105483663091234802778 0.500769650113293773863176738814 0.494038043616032540583660193079 0.489907562058187029396805201031 0.501542024958368526377228135971 0.496423697497293203717561027588 0.506136634301992294204808331415 0.486171365495404295131720573409 0.497752523884068764914445637260  | 0.443123677359557155419622631598 0.896918980730813886204089158127 
0.744165974246880690401440006099 0.499180294771676358323020394892 0.494208317268138463962401374374 0.506480019211813181634340708115 0.497222001945680391887805171791 0.491327539247148892265215636144 0.505545639882990727187461743597 0.501643364553395865179652446386 0.500983837080355987048108090676 0.494171309470514186212852791868 0.504655493144182343279169344896  | 0.391231210761748438020646290170 0.920563203557027143197899476945 
0.145772315415178488340330886786 0.514657549311574591399676137371 0.498649071811010480281822765392 0.508900395230516444655677332776 0.505314776595958026206290014670 0.498167499559183379886917464319 0.498255965429107050557178126837 0.503121754173859292436077339516 0.517115062472329523046710164635 0.501363937014891458687770864344 0.493284287504910545774094998706  | 0.974561150366377582088261988247 0.227137304728934175113153060011 
0.294715283240618464155602396204 0.500447621870057313131496812275 0.495127840105483663091234802778 0.500769650113293773863176738814 0.494038043616032540583660193079 0.489907562058187029396805201031 0.503920748203834811818069283618 0.494988971542039579709637564520 0.506136634301992294204808331415 0.486171365495404295131720573409 0.497752523884068764914445637260  | 0.895134880757414319596421137248 0.446773374228236652694334907210 
0.585876367791275942664697140572 0.496267479630705554694003467375 0.498749901875237489079495389888 0.496954162613475414200792101838 0.501144855968868707662977612927 0.498568941279582178438545270183 0.504116040331668568974521349446 0.498823970074251721307234674896 0.497133196802138577208296510435 0.497142281278929565324631312251 0.501178828904043194292228236009  | 0.605626356601834392456851219322 0.795829868689833519468379563477 
0.863075979204625309826326429175 0.505398341790442628962409798987 0.498503799327145613595746453939 0.502624019381658238003751648648 0.497469579836993969212954880277 0.511427753917839233999131920427 0.499663220696463128422948329899 0.505704402363909788498119723954 0.500951209062499569490967132879 0.493559117441327910302817372212 0.501645034955353841255032421032  | 0.213479339667903278421334789527 0.977206559620435011304095951346 
0.753284081231130109301830088953 0.499418895038435117772479543419 0.513140959090234050066214877006 0.504408152597777159620306974830 0.500334619259696022908201484825 0.494121404019586929479146419908 0.497144459334852018006500884439 0.501591924654325782562125368713 0.486217913843078386459950479548 0.497498842888063563805189915001 0.492423551700591322077826816894  | 0.378098128176200476424639873585 0.926296324326146724992270264920 
0.578649744140822042126615087909 0.510075319364362900209641793481 0.500487004857195438844996715488 0.501983661638108591418472315127 0.498440121090274634862993252682 0.497170082316690020718397136079 0.499573882288906645499082515016 0.500554110367509963452903321013 0.502719519629433064800139163708 0.498793420406205167960678181771 0.500428357338220997085898034129  | 0.614658796251671857291398737289 0.788952393391255224486258157413 
0.200354783891114301974667455397 0.502814660419708348015888077498 0.494643279824494186414085561410 0.504514398379782291748085754080 0.496230228231585024367689129576 0.490451406318046512211594745168 0.499608973005086109964167917497 0.505157558561511343953043251531 0.498248966749617439031538879135 0.488164621487719718739839436239 0.503482846070555378759081577300  | 0.951211648796251862947315203201 0.309653574546450260918106778263 
0.436178881910932181309448196771 0.507588453875651879343422478996 0.501928123341739862439681019168 0.502658875382659298125531677215 0.499378466251199804037952389990 0.508158687862931834899882233003 0.501420290197263085474332910962 0.502574238659545424745545005862 0.499137802223579396532215923799 0.493666246088166726924129079634 0.501412083458593227369703981822  | 0.774469945157072015007315712865 0.632905979762094395013605208078 
0.772488346986237139901732007274 0.489242447988971096428656437638 0.513922846372760755428998891148 0.491143928879736069159633871095 0.495804228757514953151996905945 0.495547120432244192489434908566 0.503405338137126179276492621284 0.495003836690032616996148817634 0.499620977142856970143469652612 0.511547398307394485250654270203 0.497225406959158566788659072699  | 0.350026796012712304584368894211 0.937383569900790192264139477629 
0.459363214383582962874186250701 0.513841996627976360656475662836 0.510191453728714772175578673341 0.494803645461209529177182275816 0.518507608217242510484368267498 0.518067436879227960488947246631 0.489678842403289127371834865698 0.509937975775374474629586529772 0.490918870415797126138812700447 0.499718021971893966437505696376 0.503355194103543346351159470942  | 0.751741069388189964151081312593 0.661413699546613997881649993360 
0.920185037188305021693679464079 0.502223525921020597095889570483 0.492678479403734270736237021993 0.500273909214010381596438037377 0.497222001945680391887805171791 0.487347963334535727586427356073 0.500295427382663526749695392937 0.502112397969392443286551497295 0.498466463286014405120738501864 0.503374141698021637658655436098 0.504655493144182343279169344896  | 0.125078173240150275491444631371 0.992415372226557179757833182521 
0.608209775941106034480299058487 0.499244942752483267245366960196 0.498706429178814247826778682793 0.500208956229345913513384402904 0.498266102233440588697988005151 0.500408277191975781050814475748 0.501054317739543120246992202738 0.501309793971017714220295147243 0.499259802654844708769132921589 0.499385875390238320736813193435 0.497681596976282447641892758838  | 0.577312097158718895428819450899 0.816541436443635859632195206359 
0.510971117185175960351273261040 0.497672676481941800297192912694 0.488105479264486052937144222597 0.495753793327494474141303726356 0.494608793515028510867637123738 0.498895319324468677901762703186 0.499204837271545354138169159341 0.503898965104973228790186112747 0.517115062472329523046710164635 0.511000743245733302089206517849 0.500990799260521701974369079835  | 0.695251471751573868473883521801 0.719637215268677632451499448507 
0.543804998778354642396948293026 0.491003959141442958280521224879 0.497874426290570992748030221264 0.504365153809737454260186950705 0.496705146498158500723008046407 0.499600496420826101218182202501 0.502011662335569264214996110240 0.510338379105671813285027837992 0.511400449289116432183277538570 0.495897952652118612082432491661 0.502957635226292887331567271758  | 0.657067655376310844062004434818 0.754338268475357009990034384828 
0.785334799063094446402999437851 0.500493068261116835770963007235 0.497144844533180807477634743918 0.494823841552415044642287966781 0.500907963081078211331487182179 0.498433129730629087550397571249 0.499036983123561206365792486395 0.497469270319997214357954362640 0.495355793448622683250448517356 0.500390614543546941028751007252 0.502957635226292887331567271758  | 0.330866881162159898188690476672 0.943758257545541323629834096209 
0.268167519513451968471429154306 0.501312448106766117561505780031 0.493599289066995072783328168953 0.499520282199466314487779072806 0.498108936585519912476627268916 0.508689727916528333651058346732 0.501426159664507431479307797417 0.510481690687269562545225198846 0.507431200501936019442439373961 0.496387447319349361940510334534 0.491670382915564918580031417150  | 0.912923108393448035080552926956 0.409041154218429736655338047058 
0.096407399502731361273788479593 0.497309578332254254018351957711 0.501402508096083887600968864717 0.494257259763592859957981318075 0.497990637726774543203589473706 0.500047327116980855343797429668 0.502360658366192258661442338052 0.500109399777868279812764740200 0.494809581133053122403708812271 0.505338758648067765122391392651 0.503799374209177086569866332866  | 0.988675700989877781488246455410 0.150876595217476705546033599603 
0.231657664041940214438852763124 0.505650068794835982899371629173 0.504157206658932821596863504965 0.504200651628701645989849566831 0.495774680289480962347425929693 0.503325134648573868645371476305 0.502438635095774022154557769682 0.500229851497533628545966166712 0.498324076627939427375224568095 0.501013299127925804121730379848 0.491122027944503103391582499171  | 0.934692803544017292161072418821 0.355975035997200650594862736398 
0.849684065532699039913211436215 0.508138713621275606158178561600 0.498114490659807784833645882827 0.488275572342484476262569614846 0.503794519246005934043353136076 0.497264631619206587398451802073 0.499541233228204262228899779075 0.495836138901742939921746256005 0.501848149536445076179802526894 0.500410101834626419581297795958 0.511199893647865666324037192680  | 0.234015780026603281704922210338 0.972619230959666181135503393307 
0.570631366309818033322187602607 0.505609652685848010023050846939 0.503090686714048218597383765882 0.501259027380506094750955980999 0.497222001945680391887805171791 0.495504609762766001779255020665 0.495400183263995763649489845193 0.491758863926852307635328998003 0.516380807642523476097551338171 0.512476936680692052306085315649 0.506694704760332959025959098653  | 0.624860793441610606890890267096 0.781540941849639625438328494056 
0.175188051427254798397825652501 0.499205428202803946913235222382 0.502997618669602242214011766919 0.505527753168676041717333191627 0.502689007343546712114346064482 0.503580362131943126691169254627 0.503764639814987202903751040139 0.495811640982840307056989104240 0.491589668362212572905178831206 0.500067362328814102312435352360 0.488805930623959716818660581339  | 0.962652161315425414223057032359 0.271802990286923840113075812042 
0.822664802012257556640406619408 0.501113831047442337407460399845 0.496289842582194551390273318248 0.504363753625559962934232771659 0.497637195507870555566398707015 0.493267163462388580352779854366 0.508513891273565277195700673474 0.504481129069320521907116017246 0.501911141844384123267275299440 0.494471230079904011667224494886 0.504279459738412594305145830731  | 0.275032277604798536252417306969 0.961674281829786203878995820560 
0.303622882704565388856110530469 0.504963641177656019642938645120 0.495644825063774940865357621078 0.498523693916678278803544799302 0.491975772406747724474485039536 0.490548128627047774763525467279 0.497860218983016689087151007698 0.505421329809652597475633228896 0.502755220209311848300615110929 0.505232740247355205376322828670 0.500998503218975654860400936741  | 0.888647918166184602739576803287 0.459177362750965434301519962901 
0.439209324890402874608241745591 0.497225863159131253876665823555 0.486381813864677603476138756378 0.495173817321498122012712883588 0.494478784394143555669387524176 0.497486376537956076493429691254 0.500064530380278204901856042852 0.501639065711417808657301975472 0.515204732781368912597486087179 0.511346183143232102530362226389 0.502314238002341761912816764379  | 0.771783465092584330946579029842 0.636861909079551868906321487884 
0.796191669009043145877058123006 0.500431792523006513384586924076 0.492503019999008473384094486391 0.490436676566274265542944021945 0.501403444739377035510585756128 0.512093565363772484921867089724 0.498023325278474815469564873638 0.494115860306464538265203145784 0.491707904226334813202470286342 0.505310394952130925716460296826 0.503335724736762246678267729294  | 0.314840072696533135321317331545 0.949611132135212310245719891100 
0.189983173194505639003182295710 0.499208201521845529313736733457 0.499713113768232020106552226935 0.501783990485937358982937439578 0.499202795101716556569471094917 0.499534486036151414989348040763 0.497609629618400217676565944203 0.503298373856135183856963521976 0.499606926340967427702111081089 0.509493353561076389723893953487 0.501935762266191409786131316650  | 0.955911050140752505122065940668 0.294048980471336096620404987334 
0.180641265433105158155768776851 0.495699510703451251547591027702 0.495544183593649878449838297456 0.502267651504515910687587165739 0.497455660345612393768988113152 0.506613686991554401650716954464 0.499608973005086109964167917497 0.500530838954773349414040239935 0.495603826483191567398023380520 0.495886719002620435237105311899 0.491503519969336111206104078519  | 0.960206646534172425511144410848 0.280014978358948618542001440801 
0.387486495641113593002557990985 0.512972540899192197549893990072 0.508672352257023452359874227113 0.497445025526944806237850116304 0.506662961568592917771525208082 0.507862178477072045978957248735 0.509930470134429492112815296423 0.514198555965377779308767003386 0.509517600958456995385859045200 0.489182760834181995512892626721 0.490034627205753969825252625014  | 0.821203919986594033098015188443 0.572321373899323804224081868597 
0.359544523883633670990889186214 0.507220995443141697833766556869 0.513189879430353990130697638961 0.489937638131100305916021397934 0.496036498175203399707555718123 0.514928498918154287089521403686 0.507881453809561733692135021556 0.500963070231750018379557332082 0.497960844233717558893204113701 0.499674276433140884812189597142 0.507319166854477088257624473044  | 0.845291232797750202720976631099 0.535590174026710053034605607536 
0.165088302893157845563365526687 0.506279233597615951900650088646 0.500537319673794556251777976286 0.499499727813570104650864323048 0.496325600211838469100200654793 0.508586224239876538710802833521 0.498173021550723238437541340318 0.491429712281978570143081697097 0.489887635516006947344891386820 0.493583095239326530290213668195 0.507752892708719372194536845200  | 0.966958441964696269188550559193 0.256527942429463917672904926803 
0.703740072373584490961206938664 0.499004671814050226874570626023 0.501661068357903916492546159134 0.502590671851093073740912586800 0.495607842665380049496093306516 0.513724474645035011910465527762 0.493755070795886874535085553362 0.500414339239967587147361882671 0.509776669105324486963581875898 0.489234426580894832259360782700 0.490665259462035374671273757485  | 0.448997588515188172930692189766 0.894155064799670107333895430202 
0.665358187050792193595327717048 0.500765027773670157174024097912 0.488647986353120955538287262243 0.503953950130241468130520843260 0.500483556072761737176790575177 0.504847459908077111911950396461 0.493701758399182399905669171858 0.505005802877792286942337796063 0.510654188404853104366054594720 0.504320585502269436162237070675 0.502482260778857714456080429954  | 0.501965536614420226868560348521 0.865317577297597728680500495102 
0.840514865922292186972697436431 0.507895195391458997846712009050 0.506883447794652108875368412555 0.488358601015947191292809748120 0.502185498422454079658905357064 0.507806036958479589671355824976 0.496664033665403958917039517473 0.500962255653059851390196399734 0.498478733900062920270102040377 0.492686020915726941016288265018 0.488814698901497812766336892309  | 0.248031390506931931350109721279 0.969272164554182413809257923276 
0.077558220168131963845326026785 0.501558791491327427003454886290 0.505033532412206054296177626384 0.506106587541955477149713260587 0.499777395217737396837520691406 0.510077798245740843263718033995 0.501143791402199889617463668401 0.496128857838862624696218972531 0.508102910889486114598412314081 0.496696074728787240193383922815 0.499294516219544737278823731685  | 0.992846228669716279746637610515 0.121558627606938488008303522747 
0.109549695302596367119107867438 0.501564351656978435478606570541 0.502679214187356060428157888964 0.504639394884329628432340086874 0.498984239267191875821794155854 0.500849241954317458969114795764 0.500746791040462824184942292050 0.499173506653751208883562640040 0.501634543115697884019255070598 0.498930599173741884388988410137 0.503646767393401639800742941588  | 0.985281191879774698172411717678 0.171241030006979849664716653024 
0.876822906076080932358252084668 0.501256325833550842041574924224 0.498109339832950692716906360147 0.498708919200207323463303055178 0.496594557043615658642465859884 0.494312642385498046682101858096 0.495891785430322418193327393965 0.506928123032544974968516271474 0.500661560215392209549634117138 0.488458283331789921977161839095 0.492642391721423988926176207315  | 0.192339474025212675556417707412 0.981637643856205888148735994037 
0.132220939622157446224903765142 0.492248331023198093525650165247 0.504254219542632164952067341801 0.499418376133219932277995667391 0.500584930546445150412182556465 0.501103266006113101660446318419 0.502606058864519589235442253994 0.499412671390187579145703011818 0.500667321137814091969175933627 0.488631220178385838881496283648 0.505044376735025668523348940653  | 0.978746553143276964981112087116 0.206252189383749229278919301578 
0.223106725230452745956100102376 0.516315870551941391575212492171 0.503421113979438672458854853176 0.496565360735283622961588889666 0.494867605509894115112246026911 0.487043800777462509987714156523 0.507407867640064957903689446539 0.489704747060326350815984142173 0.494458335784889346786741270989 0.503862070584017440744162286137 0.500001145018763026861563503189  | 0.939864962024768213488812307332 0.343562431736025797324174391179 
0.984812905499131141517921150808 0.507165284543080185919450286747 0.499381978409072280200575733033 0.502059791652642584125487701385 0.498360924754001899383837326241 0.501321610065842193648677493911 0.499360829894185065391809530411 0.503103664560050289900061670778 0.496481401670794408875764247568 0.500714980688975686007324839011 0.499262120534142039840475035817  | 0.023855570350790854250444539275 0.999799315947794253744973502762 
0.874801323372035311010108671326 0.493006464642872566095377351303 0.489962773940963103314061299898 0.489419140562641630243234658337 0.501589328876833051573669308709 0.519040442014593428332602798037 0.499036983123561206365792486395 0.496209002804794963026324694511 0.490591599911157361102453933199 0.509131903236242799870581166033 0.502957635226292887331567271758  | 0.195557135571808038410068775192 0.981531122755706197935410273203 
0.780073000414356010345784397941 0.494226527859165321032719475625 0.493852468929699806032829201285 0.502646020792782532993214772432 0.487371141233617410915002210459 0.485546750076291444564446919685 0.502328451403100229022413714119 0.502481534190166390096976556379 0.515380332732889856472979772661 0.506596257245111591949182638928 0.494823620951673981416263359279  | 0.338889063709144899849690091287 0.941639362727158091281864926714 
0.811970844753875931054665215925 0.498662081955757563456188563578 0.507202655154709525220368959708 0.495604686455114684662248691893 0.505601790009501339540065600886 0.492588319806111285537042476790 0.509118770948615351201738121745 0.493443724607546707616734238400 0.496751807380513110690145595072 0.502620711337155356979167208920 0.489763079974611659217487158458  | 0.291198639846621309956731238344 0.957088720456242381118272533058 
0.835167060857164855747214460280 0.510054720786805027010757385142 0.493772607183970757560587117041 0.494221587521252780916825031454 0.501105370183925091787102701346 0.498476754974500280148674846714 0.496545753489441354933120464921 0.500832125502785330262156548997 0.503489687551744613536186534475 0.514288370452055998427454142075 0.501435553778085130183228557144  | 0.256140129660544835221713810824 0.967061560262073571792029724747 
0.856841614867980161385219162185 0.492307058617581616566383218014 0.500214685923942026235522462230 0.499418376133219932277995667391 0.500584930546445150412182556465 0.501103266006113101660446318419 0.497725740506713643096503574270 0.498400084612116989202235117773 0.500667321137814091969175933627 0.488631220178385838881496283648 0.505044376735025668523348940653  | 0.223032182827181429951579616500 0.975040865868125994353476926335 
0.053159361267494931180266348747 0.501646432262736530205415874661 0.506853683220319095603656478488 0.492901729966254809056636077003 0.500238560699593715064281695959 0.501254812616385936330232198088 0.498545474205669580936017837303 0.509889334028287288802516741271 0.492796403520501968831268868598 0.500326382915290635011729136750 0.508652599499599067378596828348  | 0.996843025541973681846741328627 0.083432921071514482003195212201 
0.827498874166457620837888953247 0.498623139562328232532451011139 0.496881341152364097712990087530 0.501718895867274139455105341767 0.496932550091586433538282108202 0.494038695850374964813056521962 0.498161705364634666004519658600 0.500414339239967587147361882671 0.501183266065212240647497310420 0.488901850931023340685044331622 0.498193959017140086675823340556  | 0.267711615283795889563833725333 0.963697222513041462654825863865 
0.988324294305105155444834963419 0.498377809672813532060331453977 0.499563418370463918627422117424 0.501293243260245158232635276363 0.500212450828212196185518223501 0.499593633615069587783352744736 0.497314890556399047394364743013 0.502383457353068552109220945567 0.497802500439569584056442863584 0.496514825946974547310475145423 0.499431884539683235146867446019  | 0.018339767403037662146791930695 0.999866711923184325883084966335 
0.314348435260669134549971204251 0.504641403664284782237814397376 0.497920847895973517349688108879 0.500480735067725279741068789008 0.494905962348364536484979225861 0.503949376776956947665553343541 0.500547967220852152436805226898 0.491456454282735766270207022899 0.491747501345596804700477377992 0.500027411353893391776637145085 0.488651609083036342351391567718  | 0.880846313716504458746214822895 0.474115532706596343182070540934 
0.105743824560182830829546674067 0.502939829293734264048509885470 0.501112620730748692388090148597 0.498159867693902469465427884643 0.499356878350432631386013326846 0.514719879727613127684548999241 0.495303685684757244445108881337 0.490598267978361257668495909456 0.497099545394770581108190299346 0.512068583279525424423184176703 0.495675905481786194251014876500  | 0.986743244333405766788303026260 0.165424187432341940340307928636 
0.604724593979118929532035053853 0.506299013988657509166557701974 0.494208317268138463962401374374 0.493930815003618739478241650431 0.503359849200444964267830982863 0.499865742911543287085862630192 0.490165039022997295337091827605 0.499817916368180681363497797065 0.495800033021645547570699363860 0.519385545140073512371259312204 0.495954333167953342886846712645  | 0.582130409543992644039178685489 0.813867580369971088671832148975 
0.412405084944027167104252384888 0.504963641177656019642938645120 0.495644825063774940865357621078 0.498523693916678278803544799302 0.491975772406747724474485039536 0.490548128627047774763525467279 0.500546969553791520901597777993 0.504950967069449752067100689601 0.502755220209311848300615110929 0.505232740247355205376322828670 0.497568542837653282617793593090  | 0.797622109213295238383523155790 0.603597096614788219959280013427 
0.464498012737073029398970902548 0.500001994112579839502075174096 0.499999680460718909369433049505 0.499996476420067947898928650829 0.499995796309364748388759380759 0.499997789807868520117750676945 0.500619979026365902186057610379 0.500000488285750166461696153419 0.499997700620113671998723248180 0.499712616316892455081699608854 0.500001145018763026861563503189  | 0.745420259868889933940749870089 0.666595507182382029931488887087 
0.308847935520497385297744585841 0.498662081955757563456188563578 0.501914344302520465390671233763 0.498206898185353908026229419193 0.505601790009501339540065600886 0.508916604422872342894379471545 0.502161060515386448166452737496 0.502335074295189198956279597041 0.490187058751739290762827749859 0.481125519423771574878401224851 0.489763079974611659217487158458  | 0.885218714960697372617914879811 0.466650109381359701199443179576 
0.597466076868622741891101668443 0.502457739651572476979879411374 0.497549362099396319525368426184 0.506699477822599830822980493394 0.498364152702362506186517521201 0.505913858595486654046169405774 0.498075138024076935483464012577 0.500364107051249229485279101937 0.499068693442095256962431903958 0.501787507761530471306343770266 0.495540511318440290988718288645  | 0.591073018050103926590566061350 0.806769753039056181087573804689 
0.910387600305242350451351285301 0.493762402237175657138124051926 0.506408430665678865878476244688 0.501356487337322409558737490443 0.497301875756461342348302423488 0.494731714022164481558974102882 0.499796195541807042328485977123 0.500045839410702464000735290028 0.501603048225792824688085147500 0.488286899148729081066022672530 0.506965060422224333969154486113  | 0.140341253967762175092204302018 0.990411414878495266478353187267 
0.380525523223840034248155461682 0.505959738680284876188864018332 0.496726539459974858470303615832 0.501747581096281813906045954354 0.501706382574870768387143016298 0.505351187245695721017568757816 0.500430515841052137027133994707 0.501589708180061544240402326977 0.500826145216552998107317762333 0.493666246088166726924129079634 0.498712638225410065384579638703  | 0.826720455130900644391545029066 0.562836843603150116521760537580 
