0.114660173523496000669297245622 0.247200505150855120994890512520 0.117660936964169460239304498828 0.293277948445604841332112755481 0.066573902722683930832658916188 0.989137838123286927682897839986 0.605502891131016851566926106898 0.392860249015696827434851456928 0.340252894087845980664042144781 0.791610519062037387705288438156 0.388036641895349032616024942399 0.949260400000098480965959879541  | 1.604641885590263550298573136388 1.075638073936973526656402100343 0.351744861327548841156698244959 
0.809304693339512493110987634282 0.359852273393936883394417236559 0.577554028794837415183849316236 0.062265096866756075577598039672 0.928689884822127553754000928166 0.302354716743310047988302358135 0.861198101914869229567273123394 0.453891564949321035804530310998 0.903455912971247943055175255722 0.409153491830766435910504696949 0.947724312567219895342418567452 0.762831171206442837373629117792  | 0.459029529711168116090647117744 0.367929973438353652426258122432 1.904848840648438290656940807821 
0.890770907414860535489253834385 0.308865128281436973622930963757 0.205847657589576349401738752931 0.207633473394232326292296875181 0.460240526072251965317150279589 0.027155404691782680792755400034 0.343757508869081629399033772643 0.487048496522450635737300217443 0.009047201570295371197971689980 0.785943509732800027478560878080 0.817773987819208958427452671458 0.898520800000196961931919759081  | 0.275515549937416615033924927047 0.202981335438144061544818441689 1.974913369032245569201222679112 
0.493050023403797554877314723853 0.085384435474947784072696777002 0.155108057589674830367698632472 0.499115078336971551564715809945 0.702145567320997643356861317443 0.604709433486620095976604716270 0.986235663843842202958001053048 0.434449024967856423096179696586 0.240715504766028987049253373698 0.149676976651318294209147552465 0.428630415362296401937669543258 0.255197520623141826945357024670  | 1.030789220149371354651179899520 0.596960293544491427120135540463 1.165442689324359015756726876134 
0.103798011646782928352195085608 0.982503004044982364284521736408 0.754274904287235203881323286623 0.291455104765930506083293494157 0.571775513614896868652692774049 0.210145730015208753727051771421 0.627611677001045364931997028179 0.238153303580559749796918822540 0.331717427231369432760743620747 0.475503960626395882904660084023 0.168053102722486968900739157107 0.496087814719489372805583116133  | 0.745837937090562008712879560335 1.187666454114106873163336786092 0.230708885127535734405057610275 
0.520118455656069067494229329895 0.237752191426021997067152824457 0.841137815750874429099326334835 0.089464951741039744348427120713 0.783327208408728936639420226129 0.963024736156256278007958826493 0.374855668371656070014807937696 0.119136768627907896345163862861 0.427877052143519120974701763771 0.633634681504459673639928496414 0.673492364198985726808643903496 0.198556705096527119636107272527  | 1.070136265099881800466619097278 0.719733398769141996531573113316 1.373854353281561468946847526240 
0.878695097869886865282751386985 0.699616660662085831923207024374 0.612000808205317436971881761565 0.837377978215869567257811922900 0.737578582552011141615366796032 0.411721148558101601722114537552 0.263159230413815170557256806205 0.070711824700877223826012141217 0.874130230358206916640995132184 0.732129512767836443387636791158 0.292187423349764996416411122482 0.531067589972293307987172283902  | 0.193733479543928555077769715353 0.249770865161390132058727431286 1.638788535580070204744629336346 
0.823639053213012561904804442747 0.249296305096428638670147392986 0.167909385819420942098645355145 0.696478557991760283130133757368 0.034446779410480021788032445329 0.935496063843940683923960932589 0.118194355032141484862506786158 0.966247666847039887727532914141 0.727231005446155709392996868701 0.865480396832511877924787313532 0.028653203122011916548217413947 0.406152728390092976340497443744  | 0.540892967792346412991832949047 0.339318462779751917057780019604 2.245618948929946068204799303203 
0.107540565973955337675249666063 0.734832364305770591172972672211 0.628714696560711550077371612133 0.312298998435448726951335629565 0.691051832810285260322302747227 0.843476372065040225223242487118 0.840638781232967757794938279403 0.911791179344105140458509595192 0.880144673929028287240328154439 0.559325591998094062695656702999 0.279588090265131872236281651567 0.679078140042915445739879487519  | 1.000486761342302299837569989904 1.369557564725492726509514795907 0.289264569760743273096892380636 
0.378315371904616726261849635193 0.070243917761138807698273467395 0.635238869239609149630609863380 0.441057181215915861116627638694 0.232557038878546284976778224518 0.377893459687347887943076329975 0.553870788809029179766696415754 0.510521185979866287674155955756 0.975657418918362551174539021304 0.060811748619027827800209706766 0.377174480018635960298922782385 0.855484170182300940332709160430  | 1.206121064679895216187333062408 0.681209148528160501889772149298 0.936030837960658890217757743812 
0.640023304065885478841835265484 0.490422072067196346267792250728 0.115578053708070394023366134206 0.942582848694174413317625749187 0.830015992133945501585401416378 0.357917923863559361841168993124 0.966903918525781724824241791794 0.819471986733057544682878869935 0.052675216207223374276225058566 0.557789887950737695021530271333 0.058500442509095695875487308513 0.884250179122772927975404400058  | 0.893698419355800743879569836281 0.878435929312767260768168853247 1.974784084262174665980182908243 
0.884843858509198444295407171012 0.000467906939738416127738673822 0.238891361118597767010385268804 0.291072331551920582271009152464 0.059630384471218711439632897964 0.153174130284945420044095953926 0.269768264403983382138108026993 0.738775119116562350995991437230 0.192251966901058390924106333841 0.635666809372732455329924050602 0.657272299391844061489109662944 0.080011893661639743591251772159  | 0.303286444331042848165935765792 0.137192255533010981638497582935 1.820112679098607966210465747281 
0.478171050966256006020671520673 0.475825594779843541459740663413 0.611652951738085315369630734494 0.922897548138337464607161564345 0.198637210988066414962815997569 0.048234804526533614499328450620 0.140636647448173612851007874269 0.915360377572713046490093802277 0.576039480353488175801146553567 0.754509110484711031929805358232 0.632551390301189564446815438714 0.959226192942267297247838087060  | 1.099728741201456694298599359172 1.057067864069586970998670949484 1.424206158615961115287973370869 
0.955794922723769313499531108391 0.911323272404366724330770921370 0.641253312810430520229942885635 0.268253260446173480424647550535 0.219957705793913160796648753603 0.525904009757970025695783533592 0.639540252788054375265858197963 0.877991950860080416774167133553 0.999572059866876694300685812777 0.783784881824071799627517975750 0.152545145216906541385526452359 0.899722408721091881922404809302  | 0.061081522142624099236396517654 0.118828869873384951327821568157 1.921071567557406600812441865855 
0.078045194029185638306955752341 0.898868234241780972304525221261 0.052759870780025086567377456959 0.862174537630961412837393709196 0.328939675492102345799594331766 0.714847522734127327481701286160 0.724662926493172432351741463208 0.914382591713708170466645697161 0.361068943223359362093560775975 0.310031458392984848870810310473 0.870789799191678204337563329318 0.402123001139790048341637884732  | 0.872947786143136172931633609551 1.594150040467983586722766631283 0.223937499058730310474985003566 
0.055580646121415000493470870424 0.178218673922627024452935984300 0.784421955761049893851577508030 0.337832182156824534224881517730 0.532596432751125670179703774920 0.626547474091427636366802289558 0.245303605721144069029548973049 0.122475956079657999353571540269 0.239319301251721072709699456027 0.507287449727848782643491176714 0.907085239254312170054106445605 0.253451721563853538121691144624  | 1.345418068675109601883832510794 0.902329406153920765554232730210 0.141794570464877867088659968431 
0.191723070374797743831152274652 0.839906884874781378691466215969 0.139492096121033304356728876883 0.773492271741771042492530341406 0.328332623899741715689515331178 0.365164370927512416109550485999 0.753508124473083573668930057465 0.561443003066135370993094966252 0.250584008514725953276069958520 0.612866089745352615736351253872 0.327847411796388210625252668251 0.646111803386743566157690565888  | 0.803272399365263178871998661634 1.123708062976380261943631921895 0.429036611853290950069350628837 
0.085056001326758612357537003845 0.737141703650086022037157817977 0.791617524592438281949569045537 0.416676928327886497704923840502 0.099954957550063894267111663794 0.332678718850839660881035797502 0.710491317002625244469982135342 0.788847316324708724977199381101 0.401934011558709447520243429608 0.760965810718324697781156373821 0.312872466539600990742542307999 0.272452288194116487574092388968  | 0.942808665061766415504962424166 1.240677257260719867915099712263 0.209439775315081733175759381993 
0.799633367913272996574391981994 0.738499854739047112417438256671 0.226079788125105651808155471372 0.455452257924330083938002644572 0.787380774289394125275975966360 0.146214284248008308253474751837 0.516602190963050267313860786089 0.648284225727055019028455262742 0.439893781034672470831026203086 0.534327125834573202212141040945 0.682827872105358779641903765878 0.629791521407368715124164282315  | 0.267034013655033986012199420657 0.326323749043329669472512932771 1.295187323895079734015212125087 
0.987521222843086410314583645231 0.122765067121269888517076651624 0.944392014895472864388636935473 0.210076500842920954603698646679 0.538111080340838543456527531816 0.691631684137164803871655749390 0.266733329796706275516271489323 0.776284662363917576932692554692 0.023456145042725196070421134209 0.024959715617223543482339209731 0.260144144557009182605611385952 0.560567839434880088589352453710  | 0.033891119976184942708119507415 0.018272841876694943807901694299 1.964040845567439852459301619092 
0.445670237807871072455156991055 0.383976101340610886936133283598 0.013239513126615420901543984655 0.051835191803518698705488532141 0.119704464964918044778130479244 0.107237437315845229868216392788 0.675120879411747476517291488562 0.191622659147726359663010953227 0.699598315086360833525702673796 0.239165145907197840280389300460 0.645504751794382936047611565300 0.735372849520143700985386203683  | 1.205180183856540354625508371100 0.999115734522206033751956510969 1.318728907307603837040232974687 
0.765986901629997163354346412234 0.438677935944865482476018314628 0.306191993619253088887433023046 0.402789588902431661132652607193 0.789736331455549667168725136435 0.954480119249578762286034816498 0.818322671530052336841265514522 0.960857041286168445104465263285 0.768161379549713085879147911328 0.391717212710662954222584630770 0.839810812993054711661500277842 0.772110879415959572291683343792  | 0.511097295531819817426821828121 0.465861439738430416213077478460 1.795826728367013513931738089013 
0.264821079194754172014825144288 0.404871214984097838041066097503 0.388694498432094026618699444953 0.709130618914805999075667841680 0.193168001574682945964411828754 0.165214850878271257705875996180 0.608010708765546636911381028767 0.038901539652686278891735582874 0.986914642217907811527766170911 0.809947506129947147890391079272 0.052007924769250424290589762677 0.380227382618011144899128339603  | 1.412257702094211531118617131142 1.212416826564676863853264876525 0.822245500472904788935579745157 
0.077924255018184784837842471461 0.342092232107801930141022239695 0.037104192132240809698373595893 0.744590794379023535043415904511 0.728347752855780017355868949380 0.811468849877316378282898767793 0.026664181556917965210118381947 0.354603687571556802637928740296 0.552674802184809910166052304703 0.370265687849866242942198368837 0.766000200924878971164844188024 0.426810604942410631856830605102  | 1.363743793640074253303851037344 1.098207364109666350771021825494 0.215399657657994264559064845344 
0.861862114812608437475205391820 0.387590163931823550313993109739 0.314325526127919196994753292529 0.831791714042540597517927380977 0.094929293678737924899735389772 0.169709084190080017329194106424 0.837659529042324435543775962287 0.345074561687924608044397700723 0.026324870908707609373777813744 0.241887685673571550815097452869 0.067696540195667620487540716567 0.727010054697834084969088053185  | 0.345215804664257885914224743829 0.286959722824499441351520090393 2.036265252300919037509174813749 
0.597196624393562691679449017101 0.849530427039924429521988713532 0.662494122954120023827329077903 0.494574351528174305236973395949 0.917156998938602918691742615920 0.923903999642827322702487435890 0.739322720073079198144228030287 0.084074248373308679838089574332 0.753517191434443178721380718343 0.032523901052565418190454238356 0.023736130530670696003880948410 0.527669514307168130429204211396  | 0.596014132609802738116400178114 1.103450519454781675321441980486 1.710269936276128444063715505763 
0.956460556717443899366060122702 0.573266877354344894790472153545 0.453835853421793888884394618799 0.559925498668122356704657249793 0.744881519314316786761764888070 0.602401795225879554962489237369 0.427161550152429736471049182001 0.059796653296173229996668396780 0.362369627523386417244921631209 0.467242933241234448260570388811 0.125471461379015325476871112187 0.438204796180437172736787942995  | 0.067067823890204186776387018654 0.071953705484529908997792801983 1.436000185567485987192526408762 
0.758480281725622207389392315235 0.376407416698566255064406504971 0.492340290689733506290792774962 0.892790507191344229198648463353 0.128103925126423101588102326787 0.640904662544931946754900309315 0.993850006644876104999752897129 0.588575040673358751419641521352 0.004580291079675391507919357537 0.720854663848352839039534956100 0.200678238548611886926664737985 0.855008293159872478916838645091  | 0.594914503021030216523001854512 0.485887046934700361777714761047 1.926601844929181739374257631425 
0.453397304202573070419646228402 0.900767834149762913753534121497 0.992749303516687553461395054910 0.625384168535549456180433480768 0.163598405698999416202354950656 0.999649054789980895385781423101 0.802065461516435207478536995040 0.025220536408437133069071478531 0.847082592886684748734182903718 0.706320252663525272041056268790 0.656724497498300752162947446777 0.376046953338842637748484776239  | 0.704757238530371532547746937780 1.459285523838077747171837472706 1.399109347832080629814299754798 
0.079179247316702228154383647052 0.968667144989358352979991195753 0.533984580218974103082985038782 0.349097178482227321616448989516 0.939592615069244518899438389781 0.086105392152902138214187743870 0.603346617748686586679696119973 0.260955386366565678102347192180 0.657913831874444632319409720367 0.773719687679821466197438439849 0.716478760389991031765077877935 0.068895706482954843785648790799  | 0.789226067267161490725868588925 1.589950314048856672144438562100 0.221916970330358259699821132926 
0.285925415870506127724581801886 0.183306414223545766084555452835 0.760767887917755625259985663433 0.407139732517015962010020757589 0.860137724831671279801525997755 0.528020459517187235043422788294 0.154395095201008691887523127662 0.548046340945907761721400675015 0.606753260535109140150211715081 0.853605246004597084663600981003 0.088157021816016034598817441292 0.226354841887036917214004461130  | 1.289275387298432828941940897494 0.842641482123990592789652964711 0.742359918411108266056430693425 
0.347982302835727508316665534949 0.091129508306814877016677201027 0.828385047304412314161936592427 0.118145754759007126644121399295 0.185878846309770806577432722406 0.352099404027535034522600199125 0.497524895359056529287045123056 0.718493584824121622744996784604 0.718620603009912040093354335113 0.176311746801353197433570585417 0.059208218643468257802453535987 0.354979246674425819030318507430  | 1.340410420873358932070118498814 0.735716405410924534358230175712 0.930346914670858726736923927092 
0.810543592421330338915197444294 0.827807152755603126159655857919 0.597440558562659429497898599948 0.860716939016681559238008958346 0.672657779031424651883241949690 0.700613197958863787029315517429 0.905350963256665308698245553387 0.294014573614653773603322406416 0.139144057512090468797794073907 0.537227146719533421581616039475 0.937243563811962498988350489526 0.651666751954253387069115888153  | 0.275646925640840589899482893088 0.437054020693747935499828827233 1.684735253717953629148951222305 
0.710935953209620330461859794013 0.196835489104024818907134886103 0.728936838127677622090061504423 0.520441406353754465463623546384 0.304625093470765717640347247652 0.185731440236291844847471566027 0.581654351957645698867338523996 0.250173560165236730234994411148 0.815363977209062062989630703669 0.172785431680874124182878404099 0.880384396425776261096984853793 0.731126145478476319183869236440  | 0.604056497951785620337261661916 0.409244863791543900255476273742 1.494927103794963629823655537621 
0.792803025327356247764498675679 0.433148233610962551942691334261 0.060473273311785202821511120419 0.913002748663139906959429481503 0.043820981358566379881835928245 0.368282508524091056756333273370 0.380574452613840819026336248498 0.889291840608891992481233046419 0.621623830405665156462191589526 0.869912585797482540428404718114 0.922894161019708780813175508229 0.876353707562933847974306900142  | 0.531820901334553619577150129771 0.473583427274645807347752679561 2.110204990720585982444390538149 
0.443459141991388361425663333648 0.351210851841882942814265788911 0.877816422407431518060150210658 0.333163839650842619199977434619 0.783531928345250316958470193640 0.040623401650745072366532895103 0.766327950878081809449327010952 0.840955948141578146781682789879 0.013021070095350251172305888758 0.945360323078133002461242995196 0.305494449883994545480447868613 0.620973258549058715338730962685  | 1.293962388941828800525968290458 1.006409968900786600087826627714 1.371191347042537644895787707355 
0.064376661748093977344353788794 0.658020311512336419923485664185 0.805617854346772133133924853610 0.132490765442786817551734657172 0.690925710119377201046120262617 0.974404794060585000003982258932 0.921251751812438346433964397875 0.206183322349937969697464268393 0.727527972765176889069493881834 0.937822777996972778424833450117 0.796304071468490803908935049549 0.257154055967475425603652183781  | 1.295894508432190894708924133738 1.694253116566313499546936327533 0.216436292916850236967007958810 
0.554140111414782365883979764476 0.416198151207222255543172195758 0.805980217861247849597816639289 0.753695218374283104623145845835 0.896620162161217426621817594423 0.885338801076171577619788877200 0.869980005068042183680177004135 0.183814419008674567734828997345 0.783576515049544619628818509227 0.214946956469759919983175677771 0.683651834921707002301616284967 0.788218952461097299710957031493  | 0.958706236183421656171788072243 0.841317359357538818720456674782 1.513251158170070720387911933358 
0.517277690209551721522984735202 0.592153248652900310311508746963 0.009746122862289929855705850059 0.040294666238087306631143746927 0.189458686306399060050864591176 0.756721351417891319179886977508 0.871551273514917901330534277804 0.226964911261024582245227065869 0.332945300546608313752017238585 0.975179970666167128534596031386 0.247516909890075575972900878696 0.111128452556615631152681089588  | 1.021288483588151940750776702771 1.203427094208735947944433064549 1.666460362442975018382185226073 
0.826434341199058453142356484022 0.473093689401669736938060850662 0.815643612544417306864374950237 0.116217367423199435805258872279 0.026273998858491354191357913805 0.991014906486762270354518022941 0.573479136923346177745486329513 0.167396432833208375079436791566 0.094239907357886898431331701431 0.118216883181082699216801756847 0.099880093423543314656853908673 0.252404449189647772655575863610  | 0.460212989311822806559604259746 0.438322443430995911661796071712 2.273077842613362431478662983864 
0.249050260668530087926342275750 0.248802699488677836470174042915 0.003274947233060321316600038699 0.905065656840045695830099248269 0.116035763577595485429583277437 0.864251907131167396158843985177 0.837411750487069395099126722926 0.325075010965728106171468425600 0.830437883680605004599328822223 0.884973855552711241578833778476 0.579797257562761569893439173029 0.147970452861526546861625774909  | 1.732059974918763067819327261532 1.106077601203363069970464493963 0.847660930183317007369225848379 
0.448158062410768609495903547213 0.390539709805520662833089318156 0.611310605341977453264235009556 0.911548779138481424233475536312 0.805289164981728533554417026608 0.683674919044129247858165854268 0.386743678581573990804542972910 0.321958243849335357111840494326 0.687763334680165150381014882441 0.653815124950739789966291937162 0.644215712971569653966241730814 0.636288540407641489693446601450  | 0.823093523478942379334455381468 0.739442669429260068802989280812 0.939484989440821038897411199287 
0.621177305579364347210002961219 0.180539471775614246418228958646 0.878510858209498923798719260958 0.098911192892164434553592400334 0.819399927790539606142772299791 0.262257738200820655904976774764 0.679865939722482326423858012276 0.267078237687172204140040321363 0.179308239181684925256377027836 0.155320810685376065052309968451 0.609661428743637490157425418147 0.608750898556364772318261202599  | 0.850693864623638051902787537983 0.537121563313770478131914387632 1.486294087947565234486546614789 
0.423393211104149291834630730591 0.836425201455503919412137747713 0.721634695204630860487782229029 0.063631191527685704301120495074 0.442227744908347042418483852089 0.427453533512486383294515235320 0.439690662617484462337813511112 0.151135445552334379826220356335 0.127880277864252156483360067796 0.462402242472459645838966935116 0.382058285886921700225116182992 0.354726366079120780661071421491  | 0.686180392984392484301281456283 1.006790798830202504632325144485 0.955523908701736868209763997584 
0.952301831343981830535483368294 0.986856961057594128661207832920 0.215729049148387974632612440473 0.019305690288918264663209356513 0.280480165633003708514081608882 0.990146710988827116750599088846 0.569184320946047761502484263474 0.981724461801505632330133721553 0.823966708051375396060223010863 0.749744846154669630777789279819 0.506374334833957995272157859290 0.255501008574802623840582782577  | 0.058905927081401361633528068751 0.142852826011721362187145700773 2.058510585782888036021631705808 
0.000986549031565475686988975212 0.603440315761097245683686196571 0.766806692152919300298208327149 0.442746110644364199160349926387 0.152343724050275186598923937709 0.708279790244042084523812263797 0.297022616858434229669683190878 0.262659431941268506349729250360 0.148908362869517807425268074439 0.529490493251559724008359353320 0.450562798902607752893345605116 0.731373087700147417322682485974  | 1.011285710094912637657671439229 1.129875837706214802835802402114 0.002349840785065665862973993683 
0.399886717523979862143335139990 0.106229194700947382479228053853 0.668457644391246885717805525928 0.373334959317736081452210328280 0.654069001982742537215642641968 0.067104219461593728190962337976 0.639452843777858714879869239667 0.356572763724238850358005947783 0.128766012054829293020929981139 0.592536858058206439281434541044 0.563898919215736982302189517213 0.159689735044693303933627248625  | 1.068752413274774326623628439847 0.674366161770102556793915482558 0.917806589392163196805540792411 
0.678879390690916850736869037064 0.663637921926074958456354124792 0.412501547028765624958168700687 0.712574700041011865891960042063 0.457317704693362303558501480438 0.900471108312322687794448938803 0.126370594245715062164947539713 0.573765769514235413062408497353 0.572726332335113053062514154590 0.534140698276125980292761141754 0.991664946005739289525138246972 0.696080445812338965971832749347  | 0.503174888199257042131762318604 0.616600167265003218375341020874 1.441632947795291830317410131101 
0.039803945093504600194478371122 0.044906250851386997346992302482 0.459422633473005270765554541867 0.089067283154723564386756606837 0.727989283904179163009473541024 0.287622146617527052470109083515 0.312848987566123115655614128627 0.630284197333355278303201885137 0.086963037093558681611682459334 0.426768832230711825381774815469 0.716581246417266726211892091669 0.830456975944133812816971840221  | 1.443986371054474693309543908981 0.795145193926542370732590825355 0.103201360737450176241480903627 
0.890304930255130910765615226410 0.318086539875430673873779596761 0.411465161022609771102054310177 0.037170146113657764885829237755 0.049056630140595691713656378852 0.355029900262479936046133843774 0.427220779517330062624580477859 0.030713983425984192621172041981 0.232665993876793320005447185395 0.451081164638624909635211679415 0.456263278237936220627091188362 0.668475845150537484329333892674  | 0.240472620121350122435188723102 0.186838146168617269538003711205 1.749798598276448791111192804237 
0.252116366007047232322690888395 0.803236798468263235584174708492 0.059841079714794243038511467603 0.801501209347380560998885812296 0.162940652285080700423236521601 0.418524100134024301667068357347 0.769602520190624583840133254853 0.019266157607388700867545594519 0.241688812160535060336030710459 0.656753712900469355240318236611 0.823612026038608724398670801747 0.176799289206462817425347111566  | 0.962792124575013508192000699637 1.584005071974562417480569820327 0.775038989781880349738685254124 
0.321366303902428041006089642906 0.945107602701629079255951637606 0.091595865941171528135100743384 0.543480227917610747567778162193 0.208869018953257046256055673439 0.183492326134281014127225262200 0.251658611173586788112288559205 0.632923938500090765835182082810 0.179835553151972304952721515292 0.261493535402386956256748362648 0.001054426455426082931410292076 0.231995263161785203465115046129  | 0.730892199500415173929468437564 1.506570351340481561663864340517 0.925250856259676401904812337307 
0.874254228238667829842256651318 0.770528971045972177478233788861 0.512885252620318810024002686987 0.732639488928745419293875329458 0.828724293720658589101901725371 0.277556345678314664304764392000 0.270201424902880016354345116270 0.025640093243998296479446707963 0.217733821312470210429523831408 0.432313570254254209146438370226 0.904377257865570438610802739277 0.110822857411064235044761971949  | 0.204816752259801532209948504715 0.308948456575546870350734707245 1.852160758365362092092709644930 
0.991482683663695074649524485721 0.685176594631726199047250247531 0.995367171152387153476581715950 0.883288604313101077813996653276 0.507712227464009679955836418230 0.646964649809852798689746578020 0.638646319081544122653326667205 0.685162601375339908038597513951 0.231629607870637466149332794885 0.775676610711270808629080875107 0.048002203685169608782246086776 0.123034637100694732581018797646  | 0.015733348998832101528488891518 0.021009083774279690287611899180 1.961714436289550000935832940741 
0.656691808471357885146346688998 0.517828730805665382597169354995 0.500026504948047900711571855936 0.622356870917966320533309954044 0.178706932559621556322326796362 0.398274420247657467974988776405 0.226476272763048935843244180433 0.585502977155793025154650877084 0.627527509460540033892073097377 0.897123951481810122388083073020 0.052117794874016465378474549652 0.427041416470329227017543871625  | 0.571505469585811942678788000194 0.583516024331269700375912634627 1.364841675572354251499973543105 
0.084425925558898384792883007322 0.023898986455001547390963878570 0.358400207847433982522034057183 0.149041485436459675284481818380 0.176647376228755925708924223727 0.538152970124918694772020444361 0.636203702527088132967492128955 0.713477994830991613106618842721 0.315919255229900719506019868277 0.495478024232441138785532075417 0.085834381852562313675036875793 0.081549145462536554163079927093  | 1.490030570700046297361041069962 0.773910811714505153524612524052 0.223980217636409351111836940618 
0.594966802702228902965941870207 0.115095207694425383238012727816 0.679809048203924404241149659356 0.639136664484420635723438408604 0.822347493895804526609083495714 0.833720842914127735490126269724 0.647777955475618893999012470886 0.185025993890179152323582911777 0.885357743159778776131929589610 0.835515537446935296905792256439 0.776606498846642123723427175719 0.850514929207985437287220520375  | 0.959657825435089817389666677627 0.534123081774669716814685216377 1.486797227054984960048500397534 
0.185775499343981631561462108948 0.001741106788996749088482829393 0.859333613465036227907489774225 0.283272084817794533861956551846 0.727729881636814512901878515549 0.572669887286145540272741527588 0.355278981136606941682032356766 0.971698599800734585940631404810 0.679447915922486433970561847673 0.387810580080659939028464577859 0.421877845611447366280799542437 0.565415504347316244526666650927  | 1.277759354903477584386450871534 0.720882627762145289374018375383 0.440699370095862297258548778700 
0.043679516379315219687384796998 0.570067393680914524800584786135 0.551820559666713061908183135529 0.136539946226850172905642466503 0.225654709789365082173162591062 0.289313794186566997090892527922 0.471665814581178732822763777222 0.632470987645886606465239765384 0.664510967501112603805779599497 0.845750372071324196809882778325 0.328192003351636119035106275987 0.212498920903675836413526667457  | 1.038388774147092297184258313791 1.120914158738264276848894951399 0.105001489304415662751068794023 
0.224735165974052186754761351040 0.726169363690756797247161102860 0.344255424642745500030116545531 0.169394069844995609486204557470 0.479447907587870925105733022065 0.071762435333722285335511514859 0.112727325758163798852251602511 0.344451070532515113420402030897 0.970589627766774043493569479324 0.727163639825012309003682275943 0.611231871881439681182257572800 0.494473453745603475084635647363  | 0.982430447526228212140608775371 1.347269502805001684109242887644 0.614357465557687665302921686816 
0.066136308846173608166907342820 0.161657435164278551198435707192 0.179379309003050546600377401774 0.269823314443076056612369484355 0.796520587665995316584144347871 0.627383920266410988197947062872 0.123300988121050170143178092985 0.482624220048538776772772962431 0.015298080702811800435370059859 0.793386292413096438913555630279 0.494155490544168407573977219727 0.621221922010451899076599602267  | 1.464718367226615303167136517004 0.917785138267059541483661178063 0.180217423418252919997684102782 
0.423042789501566707244251119846 0.458856630199422355076421808917 0.541102318517033276101813044079 0.666121467601939687419587698969 0.297158591258771198617694153654 0.778752493874263151951709005516 0.073048173585817832709210506437 0.657290036256481635668080798496 0.888743985698262184413920294901 0.556108444992782224858274275903 0.116498009755374831719620942749 0.078196433540542065188105880225  | 1.050697484388231295326932013268 0.990669622046436382234446682560 1.131246117177048926549787211115 
0.289142672290433333515125013946 0.810041164636456034742195697618 0.500068606919435887370184445899 0.117987265637583882416095093504 0.625357257945452049696655194566 0.938031584080905256328719588055 0.920378528258265049544206704013 0.087443173632375748027811823704 0.536522478963901261472813075670 0.343153653813753733992086836224 0.731499219245196674599185371335 0.668091872176115098014292925654  | 0.873726311825819057510500442731 1.370005022622351242844729313219 0.793320397815055367018999277207 
0.012809184381756377746341968304 0.091368669128853330363426721306 0.998389499899172916386191900529 0.548591780812552998192188624671 0.549439509477372967083397270471 0.139450747317858003704316161020 0.567445129717570551086680552544 0.837425377992494612833240807959 0.788146979649963275171842269629 0.052896060089620777766583614721 0.401251474047328859917627141840 0.782619763043288951820386500913  | 1.656797915729540271456698974362 0.875243659520857697486917459173 0.037706592340451226819109109556 
0.302686161121707764110055904894 0.844382463613079226050217584998 0.852602362129190161077474385820 0.101806381879560259307027081377 0.673200287800534424853537984745 0.574094925487338425540428943350 0.978693135213797860139095519116 0.625134956200377289725622631522 0.836225655189296812608290565549 0.538324095197879382013184113021 0.128428715489880218569851422217 0.596261484571852129477065318497  | 0.835424030219146684927977730695 1.391008369435655200874180081883 0.835399569190689250675063703966 
0.110491803739293792396836124681 0.391255550919685446409346241126 0.016908580803638884049178159330 0.244794511600543440721367005608 0.944715981066795440490579949255 0.481771174692593895372283441247 0.855597659783996156157570567302 0.621431252206927742243181000958 0.752955338867070000929970774450 0.613225407512318909653004084248 0.895907117211442338700067011814 0.996132730830974200131322504603  | 1.601587000981279373945653787814 1.336048045592398203496031783288 0.365671830312165602183682722170 
0.770362012464110068599154601543 0.812907572643402409617863213498 0.036141623569072023336445909081 0.454302063113221965551247194526 0.443297721954840406866082958004 0.504101508053203639647676936875 0.310449537076635473376029494830 0.184906208436078745016573066096 0.663842951730139074761893880350 0.579663170439704500402910980483 0.496928542455571831126803772349 0.341770099509053126851654269558  | 0.298625667236024794348736577376 0.399827407931302059029832207671 1.322941242950150808610487729311 
0.809886724518971257147370579332 0.696187622712690301618465582578 0.519613898160262377423634916340 0.098359142213210293270719830616 0.786783238178401234108605422080 0.186320697483521202642009484407 0.391377932174828635503160967346 0.338413330261783329433455946855 0.385164092386854006733187816280 0.652684663601110659492121612857 0.553306778646398766952074765868 0.369088734853747935105161559477  | 0.269625477392072487869967289953 0.325541960699269161683133688712 1.373139093883356309788723592646 
0.754537557074168141468817339046 0.801283754423422589496794898878 0.333844916536741309620595075103 0.609598338134780370900500656717 0.897149965994125220269950204965 0.472170225966653478444357006083 0.117779952685629019093482838798 0.180539511882940151288323704648 0.272939191689485660674563405337 0.604877839423988428180223309027 0.331430188291481298001883715187 0.764208200968367168393058364018  | 0.344565399170120967298203140672 0.496552746310004733398812959422 1.489063280790396071040504466509 
0.282505512501107558520629936538 0.105521058040114912301987715182 0.737866512976086519337570734933 0.751540857019478147904578690941 0.942108018006359015927841937810 0.420736708661289426913754141424 0.719113871564465156893675157335 0.052842220657902116975890294270 0.631744488416784877315990343050 0.592109847999432781229245392751 0.391409202420396673538505183387 0.112682439838845960267121881770  | 1.378509362688081107961579618859 0.786326440392286274416733249382 0.754432857541378010246546637063 
0.101060102709828014688753228256 0.820147497783505152746386102081 0.419110422330328691309375699348 0.003627069377538538752503427531 0.998757151217317118430116806849 0.523962504864320721686965498520 0.652582059778481049505671762745 0.632368060760462258329539508850 0.763202431879586362661882503744 0.849424223689233537371023885498 0.111867533663359108864199242817 0.739893307084836471254618572857  | 0.988489212223944035962119869509 1.643900420269194029287973535247 0.307089405676957416524430755089 
0.027944024575527914855399558292 0.079385150395963832714585350914 0.925976438754052555424323145417 0.828122313420226352498332289542 0.554820524449212815198961834540 0.921033390847763699937900128134 0.090772852954506100253695421998 0.643345402054788184642575288308 0.887869409743477500107644573291 0.506249294213777512041474437865 0.395374035758004560570100238692 0.073638257644675242374887602637  | 1.795397848880585733866155351279 0.878252967782877869140634174983 0.087787848242074292826053749650 
0.571230434391323482756774865265 0.919302907931454638124080247508 0.381537023009315467980684388749 0.653927512383793541062004806008 0.029344273782078045265109267348 0.716506675075266885599489796732 0.122169496313705883139277830196 0.038081322543836226834912395134 0.484420692847507772249571189604 0.497730804471421262036301413900 0.157256658909288749015331632108 0.444226201391125563588957447791  | 0.529430647704662749042370251118 0.978064479137065512226456576172 1.393718441554391063164075603709 
0.038394802289665186378897487884 0.254563073128887595864000559231 0.444816878269259308176231115795 0.050057314974775612981261474488 0.410396797443717598063983587053 0.673435348013861068139362942020 0.639160110446319373878054648230 0.217651648296637412194343141891 0.231617218762309007296096297068 0.356166821261473587334478452249 0.868469760361683773552954335173 0.346272035460554739039196192607  | 1.275332190703611479065671119315 0.952732785912868695987754108501 0.096125222969381432513991114774 
0.147883437173141674136900292069 0.133539312726447478851810046763 0.250207465407469409335305954301 0.938182335615639240167240586743 0.362064928638318628273395916040 0.396175764763579074667632085038 0.978890606396122131549475398060 0.782066175239668925911473706947 0.934689729482820919059804509743 0.505896264906117276716202013631 0.841500492308028369414785174740 0.079736303473195158098008050729  | 1.784673285093692385316899162717 0.945360059050111778411462637450 0.477765987209723297368668681884 
0.614187257488815863126774274861 0.377804987631574662465538949618 0.318385553610327054485651387949 0.799366908714457924389762411010 0.701470736219641510800215655763 0.066457959070975403115255630837 0.388783914129208540977344910061 0.861733502099326420520242209022 0.694359219991743548128226848348 0.471955492158752765163853837294 0.686350764087529041646007499367 0.574761355387208960898703935527  | 0.676401275943676938418036570511 0.587837057787729100333251608390 1.293077440499411645546956606267 
0.942889415781364426116795129929 0.509806089328340705790765241545 0.637661944336008090772338618990 0.568066958598138271874233851122 0.033309107119685932296704322653 0.677462492881096167707255517598 0.789164259151654556845301158319 0.984613178448633719064275737765 0.875640758103198191264482375118 0.812427020075765171647219631268 0.949607970308882887167101216619 0.102319417586451022472715521872  | 0.137590236496816259448294772483 0.139913276387887641760698897997 2.181549161259566993464886763832 
0.744364508682131220673738880578 0.719695768933509172349261007184 0.685053784133049847859808778594 0.796260068251779751236085758137 0.090798699838313345900076001271 0.055442287261917022611612537730 0.176661300190338765858655278862 0.560203853137144047735773710883 0.972861386110506543012377278501 0.363706550887246571335253975121 0.835635442056508637165279651526 0.730545932232496642022567812091  | 0.450180429817842175932440795805 0.640596724911663084611745944130 1.843894753541366338112084122258 
0.129354021117978668087289406685 0.579989703960629321422004522901 0.663550260164170735421862445946 0.322857714141787655037774129596 0.191007267480587605845698817575 0.250697968655942182714113641850 0.358719178021487117291599133750 0.148926134277813759787534308998 0.374566707304271218070823579183 0.125755315539874068520020955475 0.412456958329435741106294699421 0.293856347177128052194916563167  | 1.033545554760926910020657487621 1.131828951612796840819896715402 0.315790959536909277005634066882 
0.234526097713990910875736517482 0.062370406306159753562212699762 0.249635945349771071199995731149 0.709636196654337525480116255494 0.750701792469715023514709173469 0.024294016211278135486395512999 0.437525957298477097268118995999 0.817601134494430614729765238735 0.345524167499820511473274109449 0.435660357827211353054508435889 0.865835294163132873634936004237 0.335912026838478761092687818746  | 1.379328832356037315420849154179 0.762326764215407237657018413302 0.608349518572147140993422453903 
0.259429893011229872890055503376 0.281743798138697099098237686121 0.030808959827572812706364402402 0.149097778016965110126079707697 0.495343496606941435800308681792 0.324063386731266778184590293677 0.584170237759877308825195996178 0.360879955050526946003230932547 0.263095237031736872701515039807 0.442311643058264203354212895647 0.620852148790250191190409623232 0.383606145703968115512338954431  | 1.068545709287218370420191604353 0.851645877018110786238480613974 0.589848442166690523080774255504 
0.726793852845494803283088458556 0.734977233098862647864280006615 0.166004561448860665784366119624 0.061725227606050148132510457799 0.925313954097604751680705703620 0.664793460287973925204596525873 0.926763374187700605943973641843 0.374171601433688660875986897736 0.249393426305838494805300342705 0.930424774088646877601149753900 0.754886672999834584807388182526 0.796012394250687149721557034354  | 0.489414612658003789213978507178 0.729058858776427620718152411428 1.918941912248757875047999732487 
0.894917502051641666760417592741 0.529394893309571235029409308481 0.823763608093541432886297570803 0.868363054280305135534945293330 0.511572055325241858980689357850 0.146375694472619333197371815913 0.768474066067451722084058474138 0.316894466928892448720489483094 0.221238617105906532067649550299 0.702005565351537463847364506364 0.807401121776619490333359863143 0.389649999565320537264767608576  | 0.193340204819336475283719778417 0.200812819511530793459286314828 1.673432213158983161704895792354 
0.631925325175992314008510675194 0.413948901178951111923254302383 0.208562145855410552286457459559 0.064030087933823920387510497676 0.487143004231830989425588995800 0.629062886889154126990320037294 0.307762723526290304931762875640 0.688198804872471092686225802026 0.000242519043932576394695388444 0.779211422565690647878966501594 0.995815119469880438707320990943 0.228281621960590985764838478644  | 0.828335246180350481814969043626 0.722740497015332383767827195697 1.684627683350098825698637483583 
0.542608455246835430507701403258 0.288206241184859379700355930254 0.521760559406279078586976538645 0.567297303546906217519563142559 0.354263238837891014654246646387 0.189536332365859427895316002832 0.490955826943778150805997029238 0.964849331209804650377748203027 0.809570342721666280638714852103 0.447092212665427646278715201333 0.687942374830321945466948818648 0.934413387165946240919822685100  | 0.868666958730823002277077193867 0.664415652555882529917141710030 1.250775817479955920319412143726 
0.952244912583884994816685320984 0.946931053871575834079976630164 0.054533091176326320415057580249 0.378281555124440282966702397971 0.133709144558419201764820627432 0.754543258814813988522018917138 0.038595047973023710596862656530 0.734734714054930071469584618171 0.386793138883170017905399618030 0.065910108136169709425189466856 0.697032332137013765915867224976 0.122185005041138494696895122615  | 0.063559402698597347591835671210 0.140941199313809883975068260042 2.057226425125884716749169456307 
0.638557133002841226243617711589 0.852411042027409582289010359091 0.682096122758932277285737200145 0.576161535250755862946903107513 0.565350340633975156912072179693 0.305056567306908998915560005116 0.930068170841837016382669389714 0.719824550587904954390694456379 0.376671395428113786607582369470 0.180420679449983190067996474681 0.577158668159295618060866672749 0.194130781888734338380686494929  | 0.460416765045248588261728173165 0.682734976469331233950299520075 1.291111166965356327196445818117 
0.821543012195875888004081843974 0.262361375752566128305431902845 0.842957061981466249100947152328 0.568296420793118262082543878932 0.052857862961805501811340946006 0.836364754000989196747184450942 0.593330277202968603411648018664 0.679214187124021040453669684211 0.821769006972240534381057841529 0.998119979797654210962321030820 0.790110672094817223509721770824 0.506877881848015632293424914678  | 0.434394517810717639694217950819 0.301890602942786745455094887802 1.837426570288068550240723197930 
0.669205590523449078688145164051 0.835787762845061510397215442936 0.318146396285000299108958188299 0.203049887314934784932063394081 0.430464778835905281795248811250 0.923225054653681986849278473528 0.612540284404998414125032013544 0.568381690596954425309661473875 0.145089163978165291979394169175 0.386876624096923027451566667878 0.777104570678595396593379973638 0.995405550477125089514629507903  | 0.465664415744912962846768778036 0.753279511362863085643937210989 1.548116290484592427745269560546 
0.669412814747902262801915185264 0.702487955457238522072316300182 0.966613280740200031537767699774 0.878795791872309384196171322401 0.635084511868516443655607872643 0.098048633164957044172638234159 0.358914635380916391405037302320 0.267716866747554793626306945953 0.232764084204085786033999738720 0.380161575326786072004381367151 0.343598472463601978255098856607 0.247665376966798356228594002459  | 0.533789155683633720350655949005 0.709291919676240056880089923652 1.552988155845722362258243265387 
0.202807285127962200199647213594 0.416588317769929772360626429872 0.183743251568235232973336223949 0.635445329300264427629940655606 0.773807277483331779066588751448 0.509644720636140080571863109071 0.070175442405886800933956237714 0.707321878049244290309616189916 0.295219498662009249834170532267 0.799056964572160466353523133876 0.569944790156850067397442671790 0.635643752559006736113644819852  | 1.107640070121498121480385634641 1.006351081465570951323229564878 0.493559263527703073748398310272 
0.227580215384598494310353089531 0.753211269847704922852926756605 0.497875603555804402411411047069 0.545336167581466746412388602039 0.479110034994338573888228438591 0.835216146507817946975649192609 0.553826145448321094377774898021 0.029597291548480342271432164125 0.462795486654680177096565785178 0.224697948329516283827445022325 0.805192485995007145582746943546 0.952285098960106934917746457359  | 0.932527504946542573627255023894 1.306998234920983215090473095188 0.599729822901114539845934814366 
0.390522992075006403212000805070 0.262625869354091268093043254339 0.638025755404005301407721617579 0.362674650497389783332380375214 0.016303394611485444443133019377 0.997233161211875551721561805607 0.599030148117562277754188926338 0.128465884795817220087599253020 0.022926897622991049274787656032 0.403992922742774318578540260205 0.860519988679055214397806139459 0.287581302094675250735633653676  | 1.410677770278874643139488398447 0.948397543459487235573135421873 1.196757800231039725602499856905 
0.384960069020399919814678924013 0.815170420749249502456734717271 0.647213560422360889567983122106 0.841540456515456281039178065839 0.297994535684256822705151535047 0.160189403969307142538980315294 0.115586669299581168424140287243 0.672890663908758179800884136057 0.503817794085519854441201914597 0.654097843542793100368726300076 0.829892025873509298072860929096 0.145763534204850109254891776800  | 0.775872844720573828780629810353 1.193479517062916217540191610169 0.983714264067115040646172019478 
0.968391643305909988193036497250 0.005090997393463525533263691614 0.594738328800080484626278121141 0.017486924829396288672000991937 0.327295077852116533811965837231 0.250432215754922804507032196852 0.074341400332144980112047960574 0.393661420146938723085838773841 0.779750328825460914394795963744 0.774925340621209213232134516147 0.486225975388656528330955097772 0.124684651615740160757184185059  | 0.081978758310690999500103259834 0.038078187169023648694921035940 1.819049527141674449381980593898 
0.255005021656637298477221520443 0.060108317626883400741633067810 0.453679042146552968794992466428 0.501062428887903643648371598829 0.409755386187542924858462356497 0.520057083259425567689504532609 0.554689551475840314509468953474 0.249393475762185068411724842008 0.843777760013011302042684746993 0.715444141707957448339527672942 0.333346500789488464633336661791 0.866824503201907958782612695359  | 1.076164089971431092607190294075 0.715531773861828424010411708878 0.547242761109520747808687701763 
0.548735148054857568844511206407 0.434858962748399857645154042984 0.445308561825283888424564793240 0.897402870477399750015479185095 0.554760270240084341075714746694 0.667235592036786950842497390113 0.316181591742861423099952844495 0.868964449207152545007204480498 0.858275426578544387012925653835 0.587749309876180570100245859066 0.530077419222828916112177921605 0.872548509596135390964377620548  | 0.783190100868804583988946887985 0.723148199875405350844914664776 1.243101656507301422394107248692 
0.344025126460924979276967405895 0.068357567168933819345966185210 0.569247855476438080479795189603 0.902930493854870674930168661376 0.450764602491512289539343782963 0.767524218835249683046129121067 0.830270517544559605305209970538 0.565776944987064434045009875263 0.803435800409349587525298375112 0.126096314807498832699650392897 0.964648034894768358071814873256 0.293364900767399183756367619935  | 1.407063159111560324276979372371 0.723370743934651838635829790292 0.949213628433188127964115210489 
0.566851521244723599579629080836 0.238031701160358322155730093073 0.058509232260235966016637121356 0.756694973065393350353247114981 0.275131755633424956997146182403 0.478527942168063158412394386687 0.652210051563048565093083652755 0.136126548186310980526059211115 0.736462902221536097613352467306 0.429737614953215718571755132871 0.797217658629287617699787915626 0.377883706158787413542654576304  | 0.831677540829463768368157161603 0.601459116495565271343082258682 1.268217315745353790390481663053 
0.005983833163211160766081775364 0.824413564670500642606043584237 0.876819834970590239464627302368 0.324160738129696923692790733185 0.718701756553406845284825976705 0.294414134071180555451974214520 0.689228076669572864432211645180 0.256672517217533813216334692697 0.327582727339054136095342073531 0.536414393993135285576556725573 0.116390485420143741102094736561 0.953205562014701968109875451773  | 0.937454778929829868339140830358 1.467713748685591124143456909223 0.016370001320082185058968349267 
1.000000000000000000000000000000 0.000000001718314542525239301587 0.500004042542379956159948051209 0.499997582681789787262260915668 0.499999332992048406421048412085 0.499995902431617955663512020692 0.499997896027604249447051643074 0.499994302178889238330583566494 0.500000908888699524545984331780 0.500000522337633701575043687626 0.499998706812972149027274326727 0.500000277203448861840229255904  | 0.000000000000000043297802817894 0.000000000000000043297802812510 1.000000000079160455968008136551 
1.000000000000000000000000000000 0.999930175264559517600559956918 0.500004042542379956159948051209 0.499997582681789787262260915668 0.499999332992048406421048412085 0.499995902431617955663512020692 0.499997896027604249447051643074 0.499994302178889238330583566494 0.500000908888699524545984331780 0.500000522337633701575043687626 0.499998706812972149027274326727 0.500000277203448861840229255904  | 0.000000000000000043297802812511 0.000000000000000043297802817894 1.000000000079160455968008136551 
0.000000000000000000000000000000 0.000000000350123674570074954577 0.500004042542379956159948051209 0.499997582681789787262260915668 0.499999332992048406421048412085 0.499995902431617955663512020692 0.499997896027604249447051643074 0.499994302178889238330583566494 0.500000908888699524545984331780 0.500000522337633701575043687626 0.499998706812972149027274326727 0.500000277203448861840229255904  | 0.707106781286485075455061632965 0.707106781198559852796847735590 0.000000000000000000000000000000 
0.054513160387723545718952067318 0.120621100671659028935600588284 0.504758921248135372650267527206 0.493938428772089377360998696531 0.507343800079557039062194689905 0.510663508086507733629844096868 0.492576833742553565897992484679 0.497331192646033981574760218791 0.541608431642274346096144199691 0.470487703167572268725393769273 0.497834240091215907142441210453 0.518196169022259844894051639130  | 0.708143310969980066538198570925 0.705433424514535500904344189621 0.085800478825051970654946842387 
0.015700630971462192081444797509 0.999413605369610991147055756301 0.499548652493410294539444294060 0.507714080449441884645978007029 0.501993217676604208676849339099 0.506976140129985708426829660311 0.487949926644646314599640390952 0.498051122577859939344335771239 0.525333969506331488474870639038 0.506227057248671563627340219682 0.497237329660359439476025045224 0.484019046435726296717660943614  | 0.707075009584700042708504952316 0.708411409577682338323256772128 0.024689707777683637945909111977 
0.495208498976690836279601626302 0.327047031319736114518548220076 0.499739076075744470539774511053 0.525562289491856571288508348516 0.520046350786198319227082720317 0.479401929976867036131693566858 0.487330183716024711859660101254 0.499966527654482628673093813632 0.480060005140529100220447844549 0.510040753811291547314965555415 0.506322863314368376563834317494 0.508179208870773058137615407759  | 0.505187396257553933409667479282 0.504572789661238640945839506458 0.703340567989971465756582347240 
0.470206641034184913419124995926 0.000080574312631111690724029784 0.492942475920459144411722718360 0.494422435899833812023018708715 0.499408657112777765174627120359 0.501613269048533982896742600133 0.501947786614415414341294763290 0.495802590857710889782339336307 0.491616268509357912108725940925 0.501099264541135513972847093100 0.500322366837517074067420708161 0.493140253753543145176507778160  | 0.523052684499548892205211814144 0.522868798395105915943759100628 0.673403322248446789544118473714 
0.182366589062505218832299647147 0.992735174396126129892081735306 0.498512304051914045821547460946 0.499486586634389051475579890393 0.503280677265806386522228876856 0.507851281922967023874093683844 0.494956520520486109582236622373 0.492563493834931254156117574894 0.511114567735156954952913110901 0.507896119861747874502100330574 0.507276381889297356408974337683 0.495693285083194712381526869649  | 0.678355404445584286854398214928 0.678789041654297875538759399205 0.282675689942574748236836512660 
0.975569727293284394420425087446 0.361804823509830786321117557236 0.493673433632679958815714371667 0.492412596897686294372675774866 0.499557236344643329495340822177 0.502218556272677085772215832549 0.496499423769512504556189469440 0.502799883390877888622583213873 0.499951021308112197871764692536 0.500754660156737418930106287007 0.494706487333831101960157639041 0.491370177990663403733151426422  | 0.027136008592593564153760965496 0.027133348279092535382250872544 0.999489476972237445018265589169 
0.080541074515256105836868982806 0.796605964653869680347497705952 0.499852374997502568731988503714 0.470053850028234854185882340971 0.481800255638213992259721862865 0.501487306303951774211213887611 0.493965333742678369688405837223 0.507031084899476347516156238271 0.492684197344190055734003408361 0.506472610321414884460011762712 0.492535241566853132511027979490 0.480717330189537217499662347109  | 0.702144184865372888992851585499 0.703346236722288353782062131359 0.126408448845818144334884891578 
0.165068812770833711622842088218 0.588341081156853906719561564387 0.498207449319097828155378238080 0.504066351454192540515464315831 0.529756562899906358055091004644 0.507922323699256605955554277898 0.489222896888211244981192749037 0.507612762153101249040787479316 0.495632353160163907634938595947 0.488733721303492962828585177704 0.495426428858622092121777313878 0.506548448889086566637729447393  | 0.684265630141720704315844159282 0.684522058983698888923186132160 0.256740463393956896975822701279 
0.983876738042780751847260489740 0.953104183599323584452633895125 0.500391635890712560552628929145 0.497653190064909933809644826397 0.501732368334770639783926071686 0.508039651966514127501284292521 0.493994667092470418623406658298 0.498778435537309328129396135409 0.495433291976443035409261028690 0.498499373993763539303358811594 0.510583389980264645835461578827 0.494682621093935848133327226606  | 0.017907942199566501823015940431 0.017914932499516929287342037469 0.999953460526560533594420121517 
0.689656693757416672241333799320 0.987001256564043916164052916429 0.508661782550589358642412207701 0.498852234475394562540628839997 0.490888543143471856033954736631 0.499768757547099595761608270550 0.508222658014499506506922443805 0.505667727723190352229210020596 0.506088868918741163760444123909 0.490605130021242508142620408762 0.490059611502313141606634872005 0.488820343316288374868605615120  | 0.331260606026978488003464917711 0.331568850228460276774455905979 0.884050591753258951932537001994 
0.299780809139507664617951832042 0.000062023817914125316209592031 0.490680622599141580408854679263 0.495452772262638729827699535235 0.497404216389151443422633747105 0.504794364370791837082208530774 0.493107192243128544806296531533 0.481227955461861534036671628201 0.494487761518229207435837224693 0.491115731513592279622315572851 0.503103641132160106508308672346 0.492407367006688134747349749887  | 0.630950115922046639305165172118 0.630243712073847439647522605810 0.454007511477543534983425388418 
0.795493686615674877593562541733 0.262562507453868443363376172783 0.500683123941664809386509205069 0.501312651723727076280567871436 0.489418442554519494969156312436 0.496906435899091725172382894016 0.493978047310567658367830290445 0.485915531988559912246472549668 0.490260901674406501804526214983 0.495890787508175057141102115565 0.498105963521366879032115093651 0.497953284270916007869800523622  | 0.223409260641689005888466112992 0.223329675493638107885985277790 0.949298763067927153791458749765 
0.135519356614970581942358762717 0.991598130134826671877590342774 0.522565395681117483839273063495 0.505626375193834354249133866688 0.498513784455005604101529570471 0.504739387589331345296272957057 0.495839341556000734456688405771 0.495913799727901116742856402198 0.500026216155007419139622015791 0.494438240147614505026751885453 0.490108325940997180403257971193 0.486314983079856044678734861009  | 0.691289882982681569423277778697 0.692267190327920056702737383603 0.211462655238766727983090731868 
0.858272654521033961927400923742 0.999245427446318390529711450654 0.509722026093134217283875386784 0.502800224895412650738535376149 0.492919999586865831275872551487 0.503920364284301758317496933159 0.487079811078819591152466728090 0.497796076132832165939134938526 0.510484893838078712668959724397 0.514527077509697172708058587887 0.497237329660359439476025045224 0.496433066772163478219681564951  | 0.156145306552819079781713185184 0.156312052616541491412149866846 0.975985442716642448424124722806 
0.958428812656194395458442158997 0.999988921525398311018761887681 0.499360908630915645289860549383 0.501010704447373278469513024902 0.507487339007215210173740160826 0.500366347525567856102668429230 0.501383627203220050283505315747 0.504337478813948525413479728741 0.497094306004080721539395426589 0.496548675262543204311782574223 0.501853109788694462523039874213 0.497122879644688986378042727665  | 0.046142265152078990042561201790 0.046150267972696300267099189796 0.997978904851074766213514521951 
0.314869381063387909769346606481 0.987977548782545622607642599178 0.505354730895954062930286454502 0.498752649971688111207868132624 0.489418442554519494969156312436 0.517527881310136272929867118364 0.497467273740838988871360015764 0.485711874264038112603003582990 0.490260901674406501804526214983 0.495911966320928154772218476865 0.502523776020357360039270133711 0.516727415293711800359233166091  | 0.622521104706180605781185022352 0.623530289542455262719045094855 0.475177890210941478166262186278 
0.149784850743880842971478273284 0.239778091012034233475702649230 0.491725567420136122631646458103 0.522341379335055644439478328422 0.533730356999572386200725304661 0.484852809887134972299804758222 0.494391737159804167678345265813 0.501285189645834794447409876739 0.492189640504970216117186510019 0.497309489333446597125742982826 0.503661745678016914418151372956 0.504613136540943307828399611026  | 0.689630852856169984654854943074 0.688466764071197334651230903546 0.233599473565374693428964292252 
0.844146267012168660670567987836 0.533080435870495694672399622505 0.507405716759053548869928818021 0.500589930740465538505645781697 0.494296477757260876995104581511 0.499264162820812762433320131095 0.510813280866068475383201530349 0.503102573211661074914502478350 0.503201237504897758157085263520 0.491198044501481190238223462075 0.487945551975748403883414994198 0.492360350491599485511784450864  | 0.171468197832019081383592151724 0.171477214168413188977169170357 0.970673428905544533051852340577 
0.671687562418218808701908528747 0.990653507833838986584851227235 0.491725567420136122631646458103 0.495467447166661523194619576316 0.508905092828597083176589421782 0.491514226165614465102748908976 0.494391737159804167678345265813 0.501285189645834794447409876739 0.492189640504970216117186510019 0.495495035189666699348975953399 0.509468152619019454263593615906 0.504613136540943307828399611026  | 0.348749991065596121053715705784 0.349000284492981427408864192330 0.870346917025115573984805905638 
0.611152918492877672562713087245 0.853546823213407912511740960326 0.504377713983174769118988933769 0.495135862467527332331229672491 0.494166191100589069495896410444 0.502453997264344920381518022623 0.492636861449166296722523838980 0.491182467435777425635023973882 0.497409986998188113904717511105 0.500145923503083178474071246455 0.511519918445835664044807344908 0.514817634897687281814171456062  | 0.405645205831969890564181469017 0.405903685678315306883945368099 0.819659797399252432192895412300 
0.371789473318964724946056321642 0.997805030209616083958223953232 0.494164916679048271674901116057 0.500998171307745043812076346512 0.507116630090220343873852471006 0.506806433748096751834566475736 0.499793328203765208073150461132 0.507564612609365806150663047447 0.507453725498513974478953514335 0.502915674068125428952669153659 0.502703804232597528667270125879 0.505007281456815171338803338585  | 0.589948217428439725118494152412 0.590211818738987203936119385617 0.551527556692521181425092891004 
0.439824128366122113487080014238 0.954768694754280278225166966877 0.498321381627019499571673577520 0.499626032055926483366192769608 0.480876799506416152674148634105 0.518320716998551755949620201136 0.502145032514808686840979135013 0.485883384817443586545238076724 0.489923343964985102960696394803 0.506882423616265009869152891042 0.502938237092865780830663879897 0.502939644798388818536238886736  | 0.545126719483151611633786615130 0.545963201106857587419085575675 0.637895701616214783058467219234 
0.739075879965243487390580412466 0.000061746854089796921415643494 0.495228867314874254823564569961 0.481723956068599801216834066508 0.496204866010856893154823410441 0.512981023534833657784304250526 0.485928247168977145431512099094 0.487101343249071394581051208661 0.490472211324497808782041374798 0.484513798120109362432827992961 0.501974053664777875027880327252 0.479854950855501061202090795632  | 0.282594653514853799691763924784 0.281866933536065122911651315007 0.918685361796732880002025467547 
0.756105458632567062338125651877 0.756649495093709711923679606116 0.509384154902431163236542488448 0.490680696955704320760816017355 0.486070566893877453740202554400 0.496757936613207273790493445631 0.505743728479518428464700718905 0.502023803114558075932905012451 0.505639670725228529413186606689 0.507468394456052296348502750334 0.499025416981314917652667872972 0.496202290448718552617890509282  | 0.264402400365078893429426898365 0.264513113963840362785617799091 0.927988922142229499812060566910 
0.679228907609034759929045321769 0.357906786817166255865174662176 0.504153322246733148759290088492 0.495511188637241195564797635598 0.494377961870394511123549818876 0.502282601415035556691179863265 0.494567749397417821821676398031 0.501939557924451884574068571965 0.499962776690442423088711620949 0.501188724572127930478870894149 0.485872456567697619256307461910 0.481696446562088653742250698997  | 0.341670296480946766859432273122 0.341572224659442480465543212631 0.876286059805689632185021764599 
0.288909281922797800401525591951 0.987428802740407007831890950911 0.507571421286105328718463169935 0.508636205897358695260379590763 0.494650151898103851433319277930 0.507214863107017577270596575545 0.480512251511246379909181314360 0.496589716633858424543745968549 0.504513139613470662503402763832 0.489449755747751791279398503320 0.501137914374286230767552297038 0.485797750549538998043885840161  | 0.635673072280726336735767745267 0.636586573288275170412475745252 0.438811447615812921796418777376 
0.455865273115655056379580400971 0.256296259787937408258784444115 0.499789620555118385691883986510 0.496469636811490200312135812055 0.488048627885349028954209416042 0.493911060905111332086647735196 0.506862489972189966813687078684 0.486736664556340958842639565773 0.493532921702121984974809265623 0.509041616199671587139619077789 0.502429404700408865913630052091 0.506483521749444776105519849807  | 0.533867443985048706345253322070 0.533627733575591900461176919634 0.656811402726980797517342125502 
0.382971377911154542417193624715 0.756851933520905850727444885706 0.498430534022560711715499337515 0.500252073567927113550979356660 0.513965426877341591271886045433 0.500718416656277587328816025547 0.498286762444994424381405906388 0.500112254143482148904809037049 0.500795396572474071916758475709 0.508269727296838391694677738997 0.504529784529075153720611979224 0.502945402655809115088914040825  | 0.583076896212930129159701664321 0.583217662782541612642717154813 0.566106932374794369344783717679 
0.537966823661530813005526852066 0.870050061542901764788382479310 0.500899923011818293261399048788 0.506524573873223804554299931624 0.511523261570015375099274024251 0.503965277322077409571932093968 0.489548160125410691811964625231 0.509265171657623749723597939010 0.499020496066967911286127446147 0.495791065883225468002848401738 0.496022490589978548580774031507 0.500133339452661140889233593043  | 0.469392499169575982964630611605 0.469622459651784562861820404578 0.748310481774593250214877571125 
0.277469919538744780318495486426 0.927319461393504962387623891118 0.503809965430129569341488604550 0.520866607153790628359502079547 0.499389182896341599082745688065 0.497970552623106632594840448292 0.501673065829163933315726353612 0.504124166506463633474766083964 0.494655308006480831650719665049 0.514479608297676693773325951042 0.505473952590892561254065640242 0.513843162307714651504397807003  | 0.641197536197889106368563716387 0.642001307620752359461846481281 0.422574276058091669039384896678 
0.733973544770938124415238235088 0.863385318604109164297710776736 0.498119007317674167278909180823 0.497369064877275501856956907432 0.492373599773165748771930338989 0.501722041865849344155492417485 0.499310334664170074603362081689 0.508764293642349541002545265655 0.497509669296629208901094898465 0.497531699045650255275319295833 0.500073921854010672305435036833 0.484676721640655894240978796006  | 0.287005236091859738944975788399 0.287134955451673001824985931307 0.914315933066926156413956050528 
0.323028305755999112225396174836 0.779054510496162810895270922629 0.499699183010393788162417649801 0.494680146393016162420508408104 0.506049464149355698872057018889 0.502669622553981620960428244871 0.492576833742553565897992484679 0.489371486378483933066263489309 0.503796645598219128281414214143 0.500808945249096915119935147231 0.503881392975695341363007173641 0.521084465970246824007006125612  | 0.618263076696672797538667509798 0.618650393237368700916078978480 0.486264036818567890740894199553 
0.881128621417198498733114320203 0.975967163480871868763699694682 0.501942276593486003122279726085 0.504469756683700865096398047172 0.505611730281184335034083687788 0.495193909531723819306137102103 0.507162471942663062307588006661 0.506407352594359649877731044398 0.474317382832430800565504114275 0.521989842617860300144627672125 0.503326568778394656256125472282 0.477658610948907214055481063042  | 0.131327312730898648762689617797 0.131685342459088444710957332973 0.984410247224325907211550656939 
0.891262802749511529043502378045 0.000000001718314542525239301587 0.500004042542379956159948051209 0.498966883444648068302029741972 0.497024664944815841582936855048 0.499995902431617955663512020692 0.497671909765916908874316959555 0.500234984105697999545725451753 0.500000908888699524545984331780 0.500000522337633701575043687626 0.491287654371245496864872848164 0.500000277203448861840229255904  | 0.120209850763139433627024743600 0.120192613800627040587798433080 0.985538399071631876502408431406 
0.636622685345417993474370632612 0.256296259787937408258784444115 0.499789620555118385691883986510 0.496469636811490200312135812055 0.488048627885349028954209416042 0.500338384407334690884283645573 0.506862489972189966813687078684 0.486736664556340958842639565773 0.493532921702121984974809265623 0.509041616199671587139619077789 0.502429404700408865913630052091 0.502774236333421109534924653417  | 0.382321106970967661276006310800 0.382170280655556526827609786778 0.841907354160480903004781794152 
0.864491180659173963363173243124 0.853546823213407912511740960326 0.495906179408142577802465211789 0.495135862467527332331229672491 0.505873156295142845095824668533 0.502453997264344920381518022623 0.492636861449166296722523838980 0.491182467435777425635023973882 0.497873687209901161221381471478 0.500145923503083178474071246455 0.511519918445835664044807344908 0.475322219921976651946238234814  | 0.149442143924059439585860786792 0.149601279943362835966880197702 0.978368902936258000302416348859 
0.204822167521715420290817633031 0.999599947431689117571806946216 0.505117872549962321215843985556 0.503921130441798870158720546897 0.500652450880899491103548371029 0.486590318582682701542552194951 0.485613655547240452570179058966 0.515214911505425754434384089109 0.512877686036359414778473819752 0.501584675178571970377561228815 0.497015129036683434016197224992 0.508241931690359471929241408361  | 0.670954677725972059576520223345 0.671908021238661001817149553972 0.316498290989714547993827409300 
0.707822834768801256721815207129 0.999974610461423218943366464373 0.496109640163098331022695219872 0.508579357887080640843180390220 0.502686754235607380358885620808 0.493486030613308424008778274583 0.495544845840272141224147617322 0.511658941135948786005371857755 0.499500257325110275097301837377 0.493230008020862920048443811538 0.507615272227271874250220662361 0.514079367177575519143317706039  | 0.313293848415735820545080514421 0.313587332998541357120814154769 0.897052535778648407749358284491 
0.117193426665008426645897543494 0.948536898249678128713924252224 0.501897941389370050302431991440 0.492411371721420854097317487685 0.497540201091812739342401528120 0.501802111592757782432272506412 0.502398136665398231670565110107 0.482907235393179479210346016771 0.509166656392439187506226971891 0.502987383454959191553257369378 0.489908428218719771418676600661 0.524185709876182626132390396378  | 0.695394927532972273453992784198 0.696519604725595375960267574555 0.183259206499292504055631525262 
0.509112397544277173189186669333 0.994567258897747108470355215104 0.499447181907247461651877529221 0.497119809915865351612751510402 0.502497151429447730386357306998 0.511094498314015655004993732291 0.489458502160123543056613470981 0.500078694387757316519582673209 0.491873513700973430395890773070 0.496270813067063498724706960274 0.513428011321856225812609864079 0.498190854264110916105323667580  | 0.492848488863026623629792766224 0.493240957642387123360805389893 0.717522932007087832495528800791 
0.773488912260225869310659163602 0.999989916117459132216538364446 0.500004042542379956159948051209 0.498955653295595102925119590509 0.509663849567270510476646450115 0.504601509685587812370499705139 0.499997896027604249447051643074 0.497765928827466064277018631401 0.500000908888699524545984331780 0.493503775963762991718652983764 0.509126437210418836265546360664 0.507140821880920134034909096954  | 0.246331384938189040800793350172 0.246446345618837131530298734106 0.937645666188807180851938483102 
0.391237391201836648413348029862 0.019224405586808029217094073715 0.496885612461932468786329764043 0.489134415529680399714607119677 0.502125569508686919739659515471 0.500070508397712498727116781083 0.499272553238651162210715028777 0.496804822289321879047463426105 0.500631423669223640793290996953 0.495560601716984183706671274194 0.492345672152854130221300010817 0.502521292783622675059973516909  | 0.577959101159879917730677334475 0.577760083359235898647909834835 0.576725900298884264216781048162 
0.221501063807637343927581241587 0.902188128890458074238267727196 0.494640473490023546698779455255 0.508579357887080640843180390220 0.502686754235607380358885620808 0.493486030613308424008778274583 0.495544845840272141224147617322 0.511658941135948786005371857755 0.499500257325110275097301837377 0.493230008020862920048443811538 0.507615272227271874250220662361 0.514079367177575519143317706039  | 0.664885843327910674993574957625 0.665398236651408292452458681510 0.341163451249389404473788545147 
0.410922535681076173119663508260 0.984516076842288700987637639628 0.505978849573796352068200121721 0.492012477068991038731127218853 0.494096581051613636947905661145 0.493279360553082635298949298885 0.491613218553293540580284570751 0.502033698221372559622466269502 0.505379072264925843782634728996 0.506166772506281503751779382583 0.489374609064775312194939260735 0.488500851164694716022296461233  | 0.564922963102324371398310631776 0.565409712952835818988717164757 0.601919002500682198686376978003 
0.346583957622782878882361501383 0.963694763755749916889215000992 0.498430534022560711715499337515 0.500252073567927113550979356660 0.513965426877341591271886045433 0.500718416656277587328816025547 0.498286762444994424381405906388 0.500112254143482148904809037049 0.500795396572474071916758475709 0.508269727296838391694677738997 0.504529784529075153720611979224 0.494067608168104077659421591306  | 0.604934959194803334447954057396 0.605222001691229305464503340772 0.518084591645164516116039976623 
0.598894680302228477053461119795 0.996208516320323589354757132242 0.497929209706814590585821633795 0.497077303580058638132754822436 0.504455661516921116671596792003 0.514567378129594077407205077179 0.494387788395628691162642098789 0.507720771017819871850917934353 0.501921082933775131174058969918 0.507873731250950588567150134622 0.511478710929068047796874907363 0.496918027014389585005460503453  | 0.416669395317279700474699666302 0.417022017136952471982880297219 0.808433940468264555789801306673 
0.838883525612118541303630081529 0.994160371849768353946785737207 0.507973028398525205950875260896 0.500445048395261382623289136973 0.495691762516075551392447096077 0.507984598497195238842039088922 0.505409109648701448946894743131 0.497633420656352187805282483168 0.500468888920108878615167213866 0.515250620613816878723412173713 0.518867925188255085799937660340 0.480397491216436545169443661507  | 0.177096816121351641193371051486 0.177414008026329089728889698563 0.969262770326871025972081952204 
0.720526108146192001413510297425 0.566966017439266112276641251810 0.497111981070088970735554312341 0.500702069583281228482007918501 0.494993007894391434664527196219 0.482405576356617904476564717697 0.497909806488469885987768748237 0.482331016541401869091032494907 0.482356411899462600434418391160 0.497391465975451363412673799758 0.495842890897982446762881636459 0.498497797161736755366945317292  | 0.300810877279516553084448560185 0.300873957961721005816002616484 0.906081678889995911774235537450 
0.334459245708529695484401145222 0.985853813373693266264297108137 0.497396100543001706828505348312 0.498713011159388708293249692360 0.496664393503946866026410589257 0.504493237714362940948831237620 0.500550753396640568659847758681 0.494193683599438771114620294611 0.509014245647274599093634606106 0.490368170820698279221971915831 0.508770061818701213596227717062 0.515123956871466170959195096657  | 0.611826317276789377608281483845 0.612343092452017567772770689771 0.501808421610352217712147648854 
0.700887548605387156186452557449 0.958159783929940500613042786426 0.509812685733804449306205697212 0.503940130258978102872902127274 0.489983944914752556076820155795 0.508983931110867593439195388783 0.502432727946554691378366896970 0.494819947922896519187929698091 0.512231248324979127062306361040 0.517257394277490512024542113068 0.498768462439884541215207036657 0.510763564909662126645173430006  | 0.320220919239983081716616197809 0.320631206476053698395389801590 0.892432497807084668117738601723 
0.504391535624929110426251099852 0.996811417798489030062114579778 0.505619911416858247577010843088 0.515312548127055625180048537004 0.488555893004871788498633122799 0.507084394297699914133659149229 0.506862489972189966813687078684 0.501387167095339258970909668278 0.535505837128929740309501994489 0.502830933393214829507655849739 0.512688788033717979253367502679 0.505043194762023084365409886232  | 0.496751237978951709628461230750 0.498263509383944369623975489958 0.713356986152608230078442375088 
0.555332524258570270347945552203 0.000173052848455226008150473205 0.494339678363168000263527801508 0.498381348112375333059276272252 0.500268731858286352931486362650 0.499388339037781847640218302331 0.501141189180600243879837307759 0.506113182313431830827710200538 0.491088307491718556452298116710 0.498400377769953606410524571402 0.496049161533086480080356750477 0.499391809205679271244093797577  | 0.454848613980728788686036523359 0.454725993750059065412472136813 0.765950721962320502100851626892 
0.721574836924664952952923613338 0.956689404600756465590905008867 0.500177742558348348289598561678 0.512844128795106657392466331657 0.483089244797568651001995476690 0.505133344196248335045140720467 0.497152084590461618152090750300 0.501939354034831364259616748313 0.506513584200870448093212417007 0.498673873071580342486441850269 0.492023787559265457502988283522 0.502981128973218671873723906174  | 0.299539035392288655046399981075 0.299799378050111586802017882292 0.906426417813612550489210661908 
0.238224913972523516525470199667 0.327047031319736114518548220076 0.500172706135429967488903457706 0.525562289491856571288508348516 0.520046350786198319227082720317 0.479401929976867036131693566858 0.487330183716024711859660101254 0.499966527654482628673093813632 0.480060005140529100220447844549 0.510040753811291547314965555415 0.499828739248104780834580651572 0.502406579758118976286596080172  | 0.659969190140644701436656305304 0.659202327907460916556203756045 0.366314461124288837101659055406 
0.419754310918077466752151849505 0.990653507833838986584851227235 0.491725567420136122631646458103 0.495467447166661523194619576316 0.505785346804454194469258254685 0.491514226165614465102748908976 0.494391737159804167678345265813 0.501285189645834794447409876739 0.492189640504970216117186510019 0.497309489333446597125742982826 0.503661745678016914418151372956 0.504613136540943307828399611026  | 0.558933519798499700570459935989 0.559218263374114399333336677955 0.612804544635085379766792357259 
0.204822167521715420290817633031 0.414022558485448000098472220998 0.496267044133723411736269781613 0.516807639445000632782978300384 0.496339979239704742752792299143 0.501454158362446666963307961851 0.495443079318753587525492321220 0.506438369948473909865072073444 0.484280642797059512894009003503 0.501584675178571970377561228815 0.513879091169481161394116952579 0.522679719245018770124033835600  | 0.671837379437785764402235599846 0.671596252611352473316230771161 0.316632779083149407117758755703 
0.660530880256050112464549783908 0.907715427493622994958855088043 0.497442288384667141709627458113 0.511100640419632878952427290642 0.481747634852076167533141415333 0.504146841805967471650262723415 0.502600373158456958933015812363 0.498893514490767187030684226556 0.498154724378835789266872779990 0.497163138539281568295535862489 0.493453721454333360529886931545 0.504727531561793174574859222048  | 0.359511932616508989024595166484 0.359771943302360119876226463020 0.861652566482443149631365031382 
0.802867676434942723062704317272 0.440431148095942692766158188533 0.500004042542379956159948051209 0.512727930249088248437772108446 0.499384640543810265356228228484 0.499995902431617955663512020692 0.497315754614923499765666292660 0.508694730502264103044751664129 0.486923354231389160506893176716 0.515598973404287175270610532607 0.512748578215694861270890214655 0.517381339810034202031374661601  | 0.215741403370679152295963376673 0.215696072729169519011094280359 0.953509521367677193026679560717 
0.362019400957916070993292123603 0.990471151206419708756811814965 0.505015585782281117843695028569 0.510130377177334448646206510602 0.514679108071266822044265154545 0.514463184757596780904975730664 0.484305431558361976218662903193 0.507031084899476347516156238271 0.504288450373682084482140908221 0.505151434174434532664577091055 0.493502029249718587866624375238 0.495656028216902522220976834433  | 0.595955505980489186335091744695 0.596831557673565549215766168345 0.539016208648031347472340257809 
0.033216444256553970260092967237 0.005879202608033805635412427648 0.505452340845299552540836884873 0.504280196309534911591754280380 0.504693438787616743823605247599 0.493084028347314129447909181181 0.503593988825006388942995272373 0.503702079248061429517235865205 0.509368330997909901647346941900 0.481902251238349010886707901591 0.487965229006501910458126758385 0.526880114250475650727878473845  | 0.707934099597844701534654632269 0.706369651230109529826961534127 0.052227030229747603562451274684 
0.568504475605115966452274278709 0.369634551119393972573590190223 0.497410645480554358677238724340 0.499668415254324482788206296391 0.498224260369769855749666476186 0.487975303337596644226437092584 0.494734790927801482141035194218 0.497250816012154650547216760970 0.503645287840271849155726613390 0.490060237197138315323741153406 0.484087466888030393263875339471 0.510598812510751787208107543847  | 0.443765047073962248802558860916 0.443643833962374445345488993553 0.779479391415981659463341202354 
0.587128728095719365498439401563 0.924525863652740143017183527263 0.497610555203092497222883139329 0.509493152776543500870332081831 0.497614088865971859743098093531 0.495193909531723819306137102103 0.498907142814611848091743695477 0.500497412760335991244176057080 0.494775582307547423521754126341 0.512069261960912736064699402050 0.496845485568189859648668971204 0.514953303720293353862302865309  | 0.427182980588727501114476581279 0.427486350577627682856274304868 0.797392975275148185865248251503 
0.224887302216261575349420809289 0.922541102351751796106782421703 0.495480413984453416098574507487 0.491021783737002448511077545845 0.489956421450992274380098479014 0.494102111820359124472190615052 0.504559124840054162852709396248 0.499300173282103965100020559476 0.499505073598338511509098225361 0.490559871232768174298399799227 0.497237329660359439476025045224 0.526343375696925908080459066696  | 0.663678626915146674392076420190 0.664602415206323238194840996584 0.346313848416912428707092885816 
0.913264241676285504212273735902 0.247197226563207028693369693428 0.495398391728873288553103293452 0.500559855738359038568319192564 0.499755123972270176579968392616 0.500991085526061641353123832232 0.504921576497342594613826349814 0.503208215769058719857298456191 0.491255112336194843525305486764 0.498815940992714812463049156577 0.495494907488375657678147945262 0.492344312598485212006949041097  | 0.096070123207650265362289587756 0.096053813364273349373334554002 0.990944949553569154332421931031 
0.923622744801647410639588997583 0.996811417798489030062114579778 0.505619911416858247577010843088 0.507156902722609936873254810052 0.488555893004871788498633122799 0.507084394297699914133659149229 0.506862489972189966813687078684 0.501387167095339258970909668278 0.499953011829391891218676846620 0.502830933393214829507655849739 0.487982238533630041654731712697 0.505043194762023084365409886232  | 0.084639554220673526852003476506 0.084704391060959532966379015306 0.993299181670064923466156869836 
0.899685753412163835562864733220 0.999599947431689117571806946216 0.505117872549962321215843985556 0.490240285901853645178505303193 0.500652450880899491103548371029 0.486590318582682701542552194951 0.485613655547240452570179058966 0.515214911505425754434384089109 0.512877686036359414778473819752 0.501584675178571970377561228815 0.497015129036683434016197224992 0.482176924948197194176202629023  | 0.110990044431884010700528619964 0.111205140156660081673933859747 0.988830768022046835419303079107 
0.781961871040907863239510788844 0.138190295395635182051918832258 0.512061715407316708770224522596 0.496079466823167114508663644301 0.490057525231854806957443315696 0.506199395414456576602901805018 0.488035128715303689883597826338 0.498433108532153057446123511909 0.482967748780928685103930320111 0.501964848633525861920645638747 0.500721891617757486336870442756 0.491434708254118834958035222371  | 0.237774723868483445210486593169 0.237555653227310981101538800431 0.942684648461604046687511981872 
0.436191810195336149291733818245 0.756649495093709711923679606116 0.502389034450527072195313849079 0.490680696955704320760816017355 0.486070566893877453740202554400 0.496533569985140144087409908025 0.487012366057514300976549748157 0.502023803114558075932905012451 0.505639670725228529413186606689 0.507468394456052296348502750334 0.499025416981314917652667872972 0.496202290448718552617890509282  | 0.547709245596821103774232142314 0.547962790191046100751748326729 0.633166926047057709858734142472 
0.910293855498602311193678815471 0.000000000741852068956991934426 0.497945400175671515352604501459 0.492590969949532719862617113904 0.497657930066183751272035351576 0.502456530755362229534455309476 0.499799061712504766319398186170 0.499059826042641263565968756666 0.502454077260672482552195106109 0.493655553877344888125122679412 0.490532411065659867954735773310 0.499802422064764551024040883931  | 0.099345861920623654284234760325 0.099313491848532192696197284931 0.990294041759145371450756556442 
0.781961871040907863239510788844 0.996938093466543273635238620045 0.512061715407316708770224522596 0.496079466823167114508663644301 0.490057525231854806957443315696 0.498518249061138674083082378274 0.496209971077258393812314807292 0.498433108532153057446123511909 0.515214895676453843442743618652 0.503626656338902578546878885390 0.500721891617757486336870442756 0.491434708254118834958035222371  | 0.237503575332911276429825875312 0.237724999405617282155489533579 0.942482754209915563059496435017 
0.649714345497210077340355383058 0.457687368209139244790151224151 0.497127164233837903761781262801 0.494501254555928693168453946782 0.497724708885981248496221951427 0.496649858261663579295230874777 0.493978047310567658367830290445 0.507621199679120893577533024654 0.503122394240400394593848432123 0.495890787508175057141102115565 0.491450711342483359533872544489 0.506566027922563666407995697227  | 0.369847935651823833680396091950 0.369833580712101650522782847474 0.852654596664785047188672706397 
0.461502645663392163655203148664 0.999989357736683071031791314454 0.494818955096446022601242020755 0.507156940569732039847394844401 0.508743926120530098877736691065 0.491784257493714016540309330594 0.502778695062712555063910713216 0.508740048305675429674010956660 0.499762720768624268963264967169 0.496798135537911078607464787638 0.506217960164632829744846276299 0.495548348646538683315299067544  | 0.529345972051643465228210061468 0.529657682469075297149174730293 0.663329147058656531932285815856 
0.767172957138157918244303346000 0.101112995734533611669192509908 0.496472659514777869826929190822 0.502799089292911616233539007226 0.510194456534803442160352915380 0.506653697437609129572422261845 0.508569979494143953324680751393 0.504698996716407610740873224131 0.486548020281394821839882069980 0.487940979154510179327530750015 0.493424647861837706308563156199 0.494473334018382892907084169565  | 0.253152493416508972412515277028 0.252942026875862147061724272135 0.934485365780255317069702414301 
0.627649002868634231511180132657 0.992469600096676396461248259584 0.498651667311409085847628830379 0.493550088174188883449744480458 0.504819141924603087545619928278 0.501340938142071923522280485486 0.498990227040340628139603040836 0.494448915121250942572572739664 0.498512311677531905207416684789 0.496648898521519277515778867382 0.505032283118460600945809346740 0.503100615996965983001132372010  | 0.390410788633025029881196132919 0.390500577117144864747189103582 0.833898105678875234403335525712 
0.098121713605197502516830354580 0.372365713112027041375995395356 0.504758921248135372650267527206 0.500157354680217047793178153370 0.512390473107456778656398910243 0.501903982783343249884921988269 0.492576833742553565897992484679 0.492165428009808392229018636499 0.495992658495649885175282634009 0.464337135886120910832630670484 0.493141258603412957484124490293 0.510006400247996816155193755549  | 0.700176696483508220758551487961 0.699691615717226489401525668654 0.153785507445940161641573240559 
0.339665061512385957342985420837 0.763554911648068990182025572722 0.507335092860387693036727796425 0.484897109925435332300480695267 0.492284711063549040854780969312 0.508246449633762198416775390797 0.495712285731229163054933906096 0.511798562852086136309992525639 0.516507424870298437191706852900 0.492296847456048569657838243074 0.492822940101114270738946743222 0.482518093155723637455167818189  | 0.609273838814963997201346046495 0.609906975427020547897427604767 0.509227269569131446580456668016 
0.810726355667862330633965939342 0.003996437761290073768793984499 0.504772477542186015497804874030 0.500427003552369242811437288765 0.498519852272690966454860017620 0.500855903179529104995992838667 0.488863480482089884926466538673 0.496283472028390848507228838571 0.497551504437433789185263321997 0.495943271934293383740310900976 0.495537805600345604428724755053 0.496882736249990297761058855031  | 0.207226186569296672024265149048 0.207156530455811560553769368198 0.956334210036333121074392238370 
0.822443870361237783228602893359 0.999992558817913157476198193763 0.509803915891973047358476378577 0.499997582681789787262260915668 0.495342819445958260082818469527 0.501499813993642518106241823261 0.505327741866265944814529120777 0.495620030768726183012518049509 0.503569926598100847670025359548 0.490198119551867150800461558902 0.496105691686836491882672817155 0.494622885556956048969112771374  | 0.194681764272729235232262112731 0.194779774271197164692281944554 0.961665743600936151480595981411 
0.829872940140506942796605471813 0.999995595495637989991166705295 0.497610555203092497222883139329 0.509493152776543500870332081831 0.497614088865971859743098093531 0.495193909531723819306137102103 0.497579039284422874889202148552 0.511726086470730368027659551444 0.494775582307547423521754126341 0.512069261960912736064699402050 0.496845485568189859648668971204 0.514953303720293353862302865309  | 0.186749547808923277436576881883 0.186947377965376054786972304100 0.965155289175326225326045914699 
0.577608664276602401521643059823 0.690432161255315035575108595367 0.505093934768571561910732725664 0.495829673583247532153706060853 0.501058027992141385986712975864 0.496336400856959181204786091257 0.470244506635520143067452636387 0.496988494169082528628678119276 0.493264815518181853892798471861 0.498815940992714812463049156577 0.492814702834088291805159087744 0.499050742865758678590282215737  | 0.435807364493349724821058543967 0.436081351136871075979684064805 0.788675706621874694768337121786 
0.549936845417705266747532277805 0.212077532526690287761894637697 0.497962771658741643054923997624 0.500346278216630580004675721284 0.488178304470963997374610698898 0.501223674244978267822148154664 0.515304886722328769899093003914 0.483281584942178432662274190079 0.486160344610664651998632734831 0.508353335281205853668495819875 0.505399085325587305028705031873 0.511094718415047055692923549941  | 0.459997976498904670439316078046 0.459552286364247275507466383715 0.761157245952444938552616804373 
0.940017718956800751861635490059 0.853546823213407912511740960326 0.498926273592514624155569435970 0.495135862467527332331229672491 0.494204713969593256717161011693 0.502453997264344920381518022623 0.492636861449166296722523838980 0.494360438287994585770945832337 0.497873687209901161221381471478 0.500145923503083178474071246455 0.505077327466634695696257040254 0.475322219921976651946238234814  | 0.066548387864399830005091018847 0.066606742370653254647905328056 0.996350835843072268893649834354 
0.590715790270303076070490533311 0.000007154316148132974827536512 0.490351470787673215934177051167 0.494017308039580216316721816838 0.490057525231854806957443315696 0.502369645529974095943259726482 0.504530380630774044625752594584 0.512176828300262565463185637782 0.495602129717641948225548276241 0.493110444708960038440181961050 0.498939223951889443409157820497 0.495011238677898035565050349760  | 0.424299760411653847924640103884 0.423970161600785433453353334698 0.800755399174266635498042887775 
0.427377599374904049156498331286 0.981039384360915089899890517700 0.495175897034258460926992029272 0.496231275976050156817365177631 0.510247291266334168646778834955 0.501512440705485951220055085287 0.506390394367921881091376690165 0.497513647491961752411526731521 0.495449024572335805505218786493 0.486996631911474020526497952233 0.506390480333315906591451494023 0.493791668066801248127006829236  | 0.553726463631103338336458818958 0.554112163027085991018338972935 0.622309300515464181025038215012 
0.649714345497210077340355383058 0.990471151206419708756811814965 0.492900112772582443820823527858 0.494501254555928693168453946782 0.500782326253228382562099341158 0.505976393055601603165882806934 0.489881707250131193109865535007 0.507621199679120893577533024654 0.503122394240400394593848432123 0.495890787508175057141102115565 0.491450711342483359533872544489 0.506566027922563666407995697227  | 0.369768422062221768786827169606 0.370007855217519388002500591028 0.852763875114627145634926819184 
0.656936416429340530598324221501 0.999669220538476510640180094924 0.497515623779242355251284379847 0.485823978662652922189124637953 0.492626908991983192276364889040 0.505236294443600408854422312288 0.496881351789163094867518566389 0.501294149481890549679974355968 0.488511090113743551288649769049 0.479033181901540094926872370706 0.508307873637277363165765109443 0.498355376924465909294070797841  | 0.362944941221388484020593523383 0.363482458363843241588853061330 0.859092338563116508787231850874 
0.578642644514425263935208931798 0.863385318604109164297710776736 0.498119007317674167278909180823 0.497369064877275501856956907432 0.492373599773165748771930338989 0.502084028497372214516758504033 0.499310334664170074603362081689 0.508764293642349541002545265655 0.497509669296629208901094898465 0.497531699045650255275319295833 0.500073921854010672305435036833 0.484676721640655894240978796006  | 0.434655123278348598514497780343 0.434852260195974782419625626062 0.789159873436905301424815206701 
0.946184190896093957334755941702 0.953104183599323584452633895125 0.500391635890712560552628929145 0.497653190064909933809644826397 0.500288664804783511641517179669 0.508039651966514127501284292521 0.493994667092470418623406658298 0.498778435537309328129396135409 0.495433291976443035409261028690 0.499339036527861823699936394405 0.507896398753287958705016080785 0.494682621093935848133327226606  | 0.059706952860953066419824608602 0.059725637437186070155537009896 0.996648226779121237939307320630 
0.267286153056711328623862300446 0.997291124769993375664967061311 0.490575460132683105474171725291 0.488254276776851792174483080089 0.495715874478337314990028517059 0.498602985278169819061133694049 0.499588443121885439346385737736 0.501523495212199410531184184947 0.498795220342307998873110364002 0.498220053178882793520898530915 0.502322612313824023999586643185 0.510245153952732954927284936275  | 0.645745507438878152406402932684 0.646113257699118426202744558395 0.407774012294091769970094674136 
0.242735683714594613347159679506 0.911299598893388851372776571225 0.495674340705563210018880226926 0.487027679302402316530162806885 0.497163582674208293088469190479 0.488157040664327634971186853363 0.503067629059257059864762595680 0.496820544642891492870262482029 0.494628171067531319238241849234 0.505518504145126557070000217209 0.502711338747718672337327916466 0.490569945438177557051062649407  | 0.656445143074702031071865349077 0.656877994808952259120360395173 0.372306507265186992228223061829 
0.399568493048749751039849797962 0.770706246377363846100649880100 0.502768657536433738464154430403 0.512748262194581250206226741284 0.493656314105422433513581381703 0.500338384407334690884283645573 0.494895991000215251798266535843 0.488178575946890624948082404444 0.487331669907788811446636145774 0.503824899964423922327227955975 0.502434364179160652952305099461 0.502774236333421109534924653417  | 0.572528863293934708877941375249 0.572803913336493164543128386867 0.587568591540785223337195475324 
0.617682061575083651838724563277 0.985521902654469483806565222039 0.484043849836704620503979867863 0.490618483016736550705871877653 0.511849280292044239715210096620 0.494338539612204030948561239711 0.499426773564541626182489153507 0.493295214185761110581296406963 0.480323145410606555660848471234 0.493042823269420282805697297590 0.507846099217018842608695194940 0.502531689080202625952153994149  | 0.399680482801055947383872535283 0.400328914654739020928531090249 0.825906296585262156284557022445 
0.564175804393451385543301057623 0.987428802740407007831890950911 0.497515623779242355251284379847 0.497948986066357623947453703295 0.501237335166691888588275105576 0.492452626024346362676453736640 0.490445890130498218795196407882 0.512326639405816686156924788520 0.508491664755796213270855332667 0.518443045285265968757926202670 0.509330977034288201465983547678 0.500732172191391322613185366208  | 0.447228393718219374708411351094 0.447784350441159051392503442912 0.775306721887072836096876926604 
0.265283950308235483284136080329 0.999234554863195567619982284668 0.501964231207008726443064006162 0.496389488867367889568527061783 0.505728389011668166830304471659 0.493360798157196356328313413542 0.470484199940887470869910202964 0.493317388410694113165533281062 0.486930340827906649181500142731 0.486783409094177554887750147827 0.499889817650755741151868960515 0.497919230958594694058660934388  | 0.646786665297473639668623945909 0.648165320907361230950982644572 0.405301740550760625225734656851 
0.017484618435537238601007459238 0.995485437395024042039892719913 0.505194606544159929839565847942 0.496898393724473697030674657071 0.490503143095705029796960161548 0.505273121439822614497927588673 0.503000615554889951575034956477 0.497190816922895295615347777130 0.514854583825041456357496372220 0.508175607207550950050745086628 0.497905706629014899178287123505 0.501366745741233077460208278353  | 0.706912966655916519265190345322 0.707424868743765422607339132810 0.027474098039010547145366558652 
0.253116435443627163515145639394 0.999958369330372409677920586546 0.492692311383052528039883100064 0.477973183502538812028603842919 0.499382111218977853273059963612 0.494226380408534893273753141330 0.493994667092470418623406658298 0.498778435537309328129396135409 0.485723518829287603804090167614 0.504792935239630091714957416116 0.499895937510931920311207932173 0.483646491303701964170613791794  | 0.652103281023154512929806969623 0.653233866219770642480568767496 0.387628989762393683093932850170 
0.898166826003798157707080918044 0.981039384360915089899890517700 0.516553042709603005278040654957 0.496231275976050156817365177631 0.510247291266334168646778834955 0.501512440705485951220055085287 0.503773670775083282080686331028 0.514093409078437924009108428436 0.508082872482886194198670182232 0.486996631911474020526497952233 0.506390480333315906591451494023 0.493791668066801248127006829236  | 0.112651840365275271449441163440 0.112808797456558709826346387217 0.988144181786267616907082356192 
