0.890567545158253426329508783965 0.958363454980341811229038739839 0.275243737033187052531957306201 0.143742989744056970380370330531 0.303903162360466105873513242841 0.109470749499103847668379785318 0.681044548351937950592116521875 0.679084262728792964480817317963 0.357512101307506879876996208623 0.579206166229040086967927436490 0.773830052377188715162503740430 0.256117697869872040783434385958  | 0.134793594685286788337208463417 0.237061738207775152265099904980 1.570791416196704481933466013288 
0.875727701335473507349149713264 0.348192925884662218827259039244 0.034004177643452204726770560228 0.724571360055958679780019338068 0.705748757474271792844433548453 0.630163651947846292777910548466 0.850299564071793523289954919164 0.989408056860397899789916209556 0.965804349069761425283786593354 0.014878138480137192978247639985 0.223507742291181199512095645332 0.295525894664884325457876457222  | 0.348271718956143339074316145343 0.266116646435268167092402791241 2.216747750430516195052632610896 
0.554697080092194649836301323376 0.973725751225497981877765596437 0.811890657417032368670106734498 0.116546019494278341177562197117 0.986218713152858139636691703345 0.226323126252240380829050536704 0.575073149517934090191317864083 0.985083566862505533023863790731 0.211140416439288380878736006707 0.454798011414412117758843123738 0.822137948640419002899193401390 0.512235395739744081566868771915  | 0.516648380661563044746742434654 1.169575922556691294218467191968 1.519617015577480634291873684560 
0.754435950612372785428760835202 0.714644827893527789797190052923 0.068008355286904409453541120456 0.363142869229625242510905991367 0.681040898653235915460868454829 0.260327303895692585555821096932 0.690595256995229611618469789391 0.504700589856282300083023528714 0.879282669137258388047939661192 0.622743730036456333287731013115 0.964206668367276198416959687165 0.645939869376788378119158551272  | 0.389941687976800455128767453061 0.520036951767548050185041574878 1.600682346189613580733634989883 
0.000038294657357273997888569284 0.635079863635685359923854775843 0.334756290953735824444947866141 0.623164971267386347264505275234 0.361281279850411141119082003570 0.450168950083704944020723814901 0.905483978295747893305644993234 0.747223038541053430350302733132 0.820445725618774934773114182462 0.321605041103637967481176929141 0.791667766620722024306644470926 0.355034798886731062239618950116  | 0.999687283010134319916062395350 1.158681949958549894930115442548 0.000092054273855782435087395654 
0.966399720458410160794926468952 0.611075907441888555027276197507 0.994369232077881637366090217256 0.898165267575804171507058981661 0.513502748481496129606682643498 0.565522440874642429164964596566 0.371027111479191207266126184550 0.468910256747403830779319378053 0.411260447606995871439039547113 0.760364691688682481363059650903 0.059808888097483414725274997181 0.630125357290489018780021979182  | 0.059046052796829055775429395680 0.068298048867437774478439393988 1.708994823858381195691436005291 
0.215219700436108163366100143321 0.654651765906662075344968343416 0.342639377802375078019281318120 0.653596858629726051859165636415 0.773338792207476255491371830431 0.788809402048772145832344904193 0.649213101796446756530656330142 0.226502712684444551527462863305 0.991444931798257433896992552036 0.794940978390640373696385267976 0.194550946532136115330047232419 0.871288327365509318589431586588  | 1.095460920287271822104457896785 1.374639682956709352268376278516 0.617957745970892924347594998835 
0.608673429059523929396391395130 0.374007659420616977996587593225 0.216771184361406743512645789451 0.556632743838607946251784142078 0.308635200158922873292510757892 0.946712954865101652401904175349 0.383408839133181578162634650653 0.245734571146123959017870674870 0.656747907679908538014501573343 0.602778177540942761147846340464 0.621232010555752500735593457648 0.630201946605203566775799117750  | 0.633563590299663803584451216011 0.558616638741741722284928073350 1.196526021136787854004523978801 
0.475375556559121448252369646070 0.850048823949620224738055185298 0.536643291334883310028658343072 0.969146871406730281428565376700 0.190867876159799942925587856735 0.857130467328016232286813647079 0.350825192860910517467232239142 0.408577150951240808396391912538 0.343311359155478390547955314105 0.828223992876745973568120007258 0.166730333318275025789034771151 0.578880622718195625431292228313  | 0.666313977214541774962697218143 1.076252878620921782371055996919 1.171495465646777089929742032837 
0.531476318875130915309057400009 0.530451854179646686837656943680 0.263812981780166988521330040385 0.012969840944715094188666171249 0.844954811755620371904740295577 0.971625959753549484076984299463 0.720665149312286201777055794082 0.954327999761980017012774624163 0.391591054536938876218243876792 0.276933257020051670771465524012 0.883300801876292562830883525749 0.090146884315520980912594950496  | 1.046459653678545986821291080560 1.103939899705920879569021053612 1.679480497107380676524712725950 
0.520978287529570982528070999251 0.932266965412520520750661034981 0.442113576200265590010474170413 0.569496815528882538437471794168 0.202678420769467182438461350102 0.279300164429578501312789740041 0.806642549484867354969708230783 0.311340406751183684797013029311 0.514415384925629104451161310863 0.486866525311451026070130865264 0.194458169489280630060079602117 0.890766338492183895603204746294  | 0.545854464425483798528659917793 0.884915757768444888320402696991 1.110612345731988970243264702731 
0.117736782921315841221598930133 0.696050858504797864689805919625 0.727631950018090445375662511651 0.781971137445925279507719096728 0.349596134776515743425306936842 0.899662367611959834512447287125 0.888008279747237727619335601048 0.419679659658636960983812969062 0.825180129824467867294401912659 0.279699486818556275480318618065 0.425334398282630310461627232144 0.856566070549580671489309224853  | 1.049216633220966254924633176415 1.372613089799587404726821660006 0.323213760605716715623714208050 
0.862430551603610595634563651402 0.313467605733603438267209639889 0.214634331479642948004027402931 0.033281362012060222710374546295 0.418553589786285318297132107546 0.350901782175625065463009377709 0.668733007074254093282661415287 0.538708417198436539941042155988 0.022227906409254205577497032209 0.482280346095279255358434511436 0.996409706670519312865508254617 0.966364128835832336683608900785  | 0.353899623311058564301134765628 0.260907304542756068865827501213 2.002899445709921177893875210430 
0.233088409939594676245633309009 0.712526292446442943706585992913 0.615679409137387945172292802454 0.046252855430820694060400910530 0.817134198541759282363727834309 0.679218255106235790918844941189 0.111796659216493954325244430947 0.705271724355178819543255031022 0.984113494961610713041011422320 0.587635442662084783727038939105 0.988388741206039700415431070724 0.109195408149938888442420648062  | 1.156426995454946649033445282839 1.672940940651267860417306110321 0.779777942580800464966728213767 
0.407197543578682763509846154193 0.739693668282337069008747221233 0.358309692524878653507869330497 0.858379667233766352474333416467 0.532399019700667497367874148040 0.421413877241266887629933535209 0.982269870331134442587028843263 0.910039059003266315173164002772 0.959833230104986334652039658977 0.573087108858363225571963539551 0.236314291933634845754852449318 0.046211754489983825067156431032  | 0.918137556932053899849677236489 1.363380201610856934379967242421 1.222854696739097857260958335246 
0.094116257038424411263122237870 0.695660997613795739624720226857 0.468162529494808410390760400333 0.669732326769691743706403030956 0.515239914383044839141234660929 0.880731554682833372993400189443 0.005940123704821886896354499186 0.990779134149619045146550888603 0.743518455056479732334651089332 0.194335694783840495780680157623 0.361207393570476043009875866119 0.790466959462020946070026639063  | 1.129564118359976498950913992303 1.522088494456014462485882177134 0.282275574209418456117504092617 
0.480810736168554964109489446855 0.679985991376299891975065747829 0.466870437299589213786532582162 0.421319819584789923005985201598 0.892935378581962813093753084104 0.435152193308313783859375689644 0.880160681272476153047534808138 0.403428546730337123094045637117 0.254801101374656613351987743954 0.460194253153696997138411006745 0.182239297852650472542279658228 0.304690027685641240395852946676  | 0.703532696878852670252513235027 0.854839595110251648790722356352 1.042308873249564449281479028286 
0.574616750035829682019539177418 0.843047419584640800316321929131 0.554065376914445795186736631877 0.812548019325587511652031480480 0.481169792287474473724273593689 0.085632574152998963690208711341 0.227148286234772789349278809823 0.721747158296823898560035104310 0.872160954080908212837641713122 0.851917160646980198279720752907 0.455926804971283239353851968190 0.888751295644214844848818302125  | 0.580922245568540551730052357016 0.960453335028708554688137155608 1.422086040017364272358690868714 
0.431810667840194062350178683118 0.238401287055589605756722448859 0.562793675376820790035026220721 0.694700064080121970633285855001 0.553236547897725916556055381079 0.229034726877462735394885839924 0.003768996848345640415800517076 0.484892566907680455656759477279 0.898115439371181656369458323752 0.676140369381115879932053758239 0.227708992015026256972021201364 0.846797127205437205610394357791  | 1.116330113547958857722619541164 0.779377083807306858531660509470 1.097121575731184517366045838571 
0.139222450746493642270706914132 0.355973682088820519986427370895 0.147285210779398823000008178497 0.091917316570888751847689945862 0.150681717780635882064643737976 0.819063468255211035717877621209 0.372369098741600512703087133559 0.823500043532887526787078513735 0.616245368847828212111039647425 0.213805521798408504352551062766 0.626488618738829994292416358803 0.351507507042037814493085079448  | 1.335220900169819646663427192834 1.095374775882837603546704485780 0.383824618408224405019524283489 
0.574129455864627824546175816067 0.752377847094029439389828439744 0.180724779679658942299624868610 0.499635630703718525147394302621 0.807970845672750126453820485040 0.561432232584558210675140799140 0.477041739320209323693688929779 0.195093424468619436318306270550 0.568754997928407557417074258410 0.745179450203674043073931443359 0.665226386566936556121731882740 0.588355066102876578248981331853  | 0.539117220497311588900402057334 0.675820938810198668100781560497 1.093549432663171838697735438473 
0.740938230525982510776827894006 0.047454864641516603107618266222 0.107515890595257790351979565457 0.368276936582808245290721060883 0.031557580072014590477635920251 0.485626559430430204677975325467 0.202247651294229169316452043859 0.019547376051753273529243415396 0.937820008066617583075696984451 0.598742497527179007299480417714 0.854681173548644479431857234886 0.734125067110961149197123631893  | 0.758181144683527374894538297667 0.333362827806421735399311501169 1.921698185396133462532475277840 
0.653018830370144964803102993756 0.969369311202794459170206664567 0.691436174401249270538016844512 0.352281529943261673132326450286 0.647955959298533112900031483150 0.327319063059656634173677502986 0.236717243371574626031872412568 0.669646289127182048339648190449 0.817614225173146746961094777362 0.029473677513185414511553972261 0.964881481794849338307074049226 0.488096496351480224618057945918  | 0.410301008035279080043977728565 0.807353871963144009704649306514 1.493708377244222340607393562095 
0.956314132206829037308182250854 0.377376676312422665304779911821 0.529838502788373411078737262869 0.644582789309101289454417837987 0.742082432584596052294045875897 0.644549475911208036293942313932 0.119675074694740368741463498736 0.418153674022202936910730386444 0.548542713252219815700527760782 0.237236143022244272415832710976 0.416556650669674732867520106083 0.166044637885066070914774627454  | 0.073948912077383854857259848359 0.065688210303494892761122514457 1.439134012879684565433535681223 
0.402999787538806053532880468993 0.132063869131638256249061669223 0.263963838904566538978713197139 0.565849562499875391452519579616 0.299169555679173360118738855817 0.299325198721451579686458899232 0.337412212493053198514303403499 0.082731557966847391050180249294 0.363110554506512195338530091249 0.470161953190533110635840330360 0.843089363877900788146746435814 0.073335736233077986057082853222  | 1.137523616371816981285292058601 0.706039657341642534760239868774 0.982385082089663908000432002154 
0.520727607113380286385506678926 0.817716748156196771013526358729 0.038916495140034146338336995541 0.100596660894572753619513605372 0.923143953982340503827686006844 0.943805590191668541955039017921 0.621263155831242142035364395269 0.629301190619313666196887879778 0.558973177343037974651451804675 0.131040793560563972874888349907 0.615000929402339857610115814168 0.319581921545364133763200698013  | 0.691084329224536997315908593009 1.152077592275192463588950886333 1.433918507633539229928487657162 
0.799247863755423115783571574866 0.887483506920115017280181746173 0.673856169162051044096983787313 0.032892935027303615846960838098 0.555511617869471119313118379068 0.434799868389509569510664732661 0.315606617877091766288799590257 0.886637753235947068120026415272 0.328325619894737075199486753263 0.882119576752728562496486119926 0.804866595420632324753285047336 0.253983326826578648116594649764  | 0.272942864347723357365538277008 0.475638040490336144738847679037 1.681004329747049608201336923230 
0.419000495215377855018346053839 0.630729793987147902001311194908 0.717017564278573993341581171990 0.106329723530844910683867965417 0.021075891603180796352035031305 0.866833340520238082582693550648 0.327012941587515371111294371076 0.818403498969384690653328107146 0.398797709227809438203848912963 0.029581859906761431844302023819 0.422500511039231918530845177884 0.845301612155784920510370739066  | 1.021827473486832893456721649272 1.263552974931141381631505282712 1.256415090623043351314436222310 
0.232191567774625351461281752563 0.744297504860151892813746599131 0.515649778224916199853566922684 0.681724525152773153102714331908 0.981756782280165163356855373422 0.850438020007974304625975037197 0.516362034302858985412854053720 0.803738249236901181049574915960 0.381844262151837976482227077213 0.760982967079243066699234532280 0.045186228852594712002144206053 0.767870497514245631265339397942  | 0.985554810019188431979841880093 1.409944325361163208754078368656 0.656804823012281713268123439775 
0.918411717277675343495957349660 0.452001763979699489048869054386 0.646092990227938201996948919259 0.363832229659688199951972364943 0.822013472274719991794711404509 0.206502395712839903474389302573 0.193714665525864915274212307850 0.999313249186812080360198251583 0.640118785912224708134488082578 0.071014800987811321775211581553 0.500643442943108585296840828960 0.098503978035883621444668278855  | 0.181389254672010530322623367283 0.168613468386727777259537219834 1.921812559079155713348541212326 
0.389071588056616790574082642706 0.885003685759161773383141280647 0.043323399118121774797884881991 0.449316268407790819772174017999 0.633244147122174694253260440746 0.469143901537389829137225660816 0.282885829452564130370717521146 0.083745257683213836230606830213 0.292011907010213067614756710100 0.271909967948060549147726305819 0.510325389016876407310974173015 0.666929370875263938245325334719  | 0.689952341239868705002891147160 1.088409259826562447415199130774 0.902887322479278053855011876294 
0.397194900599416422792842240597 0.434635989256247579071157360886 0.682232629666798873202537834004 0.518287347093040362544513754983 0.982853123145912332958573642827 0.047480931113738744642205347191 0.419687246028565774658147802256 0.990611008074923193866823112330 0.646002763290762671566369590437 0.605686280587736325387027136458 0.922571913567297174907366752450 0.477761752463621292008610907942  | 1.161124620358858550162040046416 1.051553516915696873113006404310 1.127628726917401902340998276486 
0.442009255828353597728153090429 0.775080099851262915855443225155 0.949481440820018618431674894964 0.396337712784586737591041583073 0.953356609501842089393619517068 0.562415782703220790139653217921 0.148446310091411515230674922350 0.452285597849938825198989889032 0.243739810276855650705840616865 0.171399136135896745791740158893 0.314827411404901225111530038703 0.453243119408557881833132796601  | 0.761883415623451409892652463896 1.115882817649452407593457792245 1.124986980192060448402457950579 
0.081726045046611406341696692834 0.121505619570102307847037081956 0.863556915058797613937713322230 0.778129843933330733740660889453 0.997705297738855967359938858863 0.430130461832904598118432204501 0.498724471249109568837809547404 0.461390755904776295182045942056 0.000090226937175530430579328822 0.758145949071951874564945228485 0.899441558707422816887344652059 0.728740643249218611465778394631  | 1.743812965798807734785214051954 0.928600560495917992653858163976 0.255026175506927077485386234912 
0.751705409697511317546059217420 0.224233149335549164504755026428 0.690637345092206089702813187614 0.674677088203224584184169998480 0.547286833441266495903221311892 0.536088195332662831305015060934 0.240625277965205275343407720356 0.432718087909222948184151391615 0.799583588841266124092044265126 0.277917132271894073980433859106 0.318416735717273469141730402043 0.015900782128831947304092864215  | 0.475078868598502401798810979017 0.347804787632494893934165247629 1.432293794737273806561006495031 
0.201159784405952724029020828311 0.962239638113111528383569748257 0.428454991951415453677043387870 0.493780124014729815407065416366 0.512620091278020439951035314152 0.236798909042359340126893130218 0.898470429350306853955032693193 0.973245233351471283889111418830 0.682142402729623342771958505182 0.760141398021088487979568526498 0.083411564438489516071228990768 0.318740287864520133176426952559  | 0.760772223942189129708424388809 1.494755744626979909739361573884 0.548342146090741500152887510922 
0.195454096693016610153392775828 0.299973662982717104164009924716 0.971325675087538087382199591957 0.058399447146469829483805824566 0.386483718234634343602351691516 0.237136474498416016665203187586 0.009291167919130649544001698814 0.975496511009996791763398960029 0.671564308548124544451241035858 0.077920977067313268449311181030 0.937455827373010142089526652853 0.361255998297268066110632389609  | 1.871946550801153907883644933463 1.288873656430730374466975263203 0.720559195826552811858789482358 
0.186206671978299986847105174093 0.023830605898523371521946501161 0.749959686262125835298775200499 0.658779044857876305840704844741 0.078028502362541884984636908484 0.554772690058251027878100103408 0.108480811695140122452585274004 0.439363216840478965075078576774 0.103415517037709125958144795732 0.694718279494841217669431898685 0.678965009874335834183511906303 0.844095835849074882517584228481  | 1.520032669745665643290521984454 0.752516486546744745034231982572 0.510748063943652685914287303603 
0.303270374556092958684416771575 0.161417092922059191018036017340 0.028764551849637443048379736865 0.699746501925482045081139403919 0.512957840472788473284992960544 0.491604168750802594800575207046 0.742414241778380668002057518606 0.248736638325552372741356066399 0.019073036544081545251572151756 0.596756111135911315734858817450 0.609831006068256353813694659038 0.174832197035394765194382671325  | 1.313020819382517467843740632816 0.820939626956578072380921184958 0.799065398494064327294950089708 
0.054418605986905288496302546264 0.408887482010699576662204890454 0.049623902579140288793269064627 0.619138087414017768139729014365 0.240388233354731584157093493559 0.461128092070580919425992760807 0.092678972710812601576435554307 0.522876421272632563308491171483 0.325039474913706327718898592138 0.799061844519888597737633517681 0.833655081403684605767523407849 0.392703073193284457609308901738  | 1.262362190000736683614945832232 1.122234465486425802893677428074 0.144735601432266935972847932135 
0.595200054794213895270615921618 0.811828140429412092871075401490 0.653377850879985899723578768317 0.060394896095606442898429122579 0.570453723965701042786236030224 0.827136119113717538375851745514 0.946717458367464237412036709429 0.280900626438635558912437772960 0.374569563951626771647340774507 0.448568441078213475670111165527 0.211651521199239578407969020191 0.182717868511510728168900641322  | 0.570839177429719346612557728804 0.888652736074966975721167727897 1.430922891616683845228408245021 
0.600403685908431072881796808360 0.925872608430856502970129895402 0.052426221134106776311512021493 0.837532743712581684292217687471 0.476327735302429222663533892046 0.268577025586455464534196835302 0.663330250705667423538614002609 0.698791130984817043803047909023 0.950897841742237237561141682818 0.825123963454191700073181436892 0.685325429169257427375328006747 0.959572635264037132607484181790  | 0.510996504773054471826299050008 1.050466937383337295841556624509 1.609980448354851656489472588873 
0.296652671265728029581509872514 0.785985365960493065351499808457 0.043020620942102683059715673153 0.124264555529140174883195868460 0.851828890760618295807660160790 0.000475451643625834918793771067 0.356552916188628721272380062146 0.880516466483423632105598244380 0.654194987898010671401038962358 0.251178060847268569411028238392 0.301306319273548894877023940353 0.308886300239291866631674565724  | 0.965654105458398470673841984535 1.556563329525572969558311342553 0.921233315479500602940277076414 
0.142010555869949595120260710246 0.322864029894695869771226170997 0.966646815409974768940060130262 0.759223367423329631442641129979 0.133503270765827131150160766992 0.906255171448939300660185836023 0.391088355281237864957688543655 0.710096351025882532859156981431 0.098726060836903051232127381809 0.794014123959826068066547577473 0.555062804185474156781765486812 0.501555456806543786818508579017  | 1.463133797872713026677615744120 1.122261802900141436367675851216 0.418295428350584808097067934796 
0.796026301445084571994925681793 0.736891055312139497956991363026 0.282018853971603644659182918986 0.674797288990748422854437649221 0.981826190643066309959863247059 0.392227621549658622690515130671 0.238647138605585173998235859472 0.931311673945988460765477157111 0.999182862981975228322539805959 0.809216835248337873487400884187 0.269147404692152147909212089871 0.518249818874425671744177179789  | 0.352039770615014735444248117346 0.512661366361577996997311856830 1.874111770786140107603046089935 
0.623853428472768367640810538433 0.314253811028660789972377642698 0.615346196528297140204699644528 0.315065170312386344519950398535 0.305396349750300277747783184168 0.791629513230272863211212097667 0.890307334882548540022639826930 0.827146547593953451738002513594 0.258412097174280708244964444020 0.282469939527107527510452200659 0.974772278495885435845025313029 0.472550724141370892539271153510  | 0.775706847602674942621092668560 0.601101912367199675557571936224 1.462980814848596322619300735823 
0.926439195393527925581622639584 0.416772277013213399143864990037 0.276100552751488814706704033597 0.843297772811125390113318189833 0.293097807619598804684812876076 0.720925496658451958609248322318 0.365340997319739568816032715404 0.786802502978517837028960002499 0.233803785693764809572314788966 0.855117150836988026973983778589 0.333579071886192624063482981001 0.298865623308126382440264023899  | 0.138977178090514241759478863969 0.125658067397924511077178522100 1.614272393182730525040824431926 
0.732699487715860353631569523714 0.566262655454762842133220601681 0.038848791369713531196339317830 0.936112890534882224891077839857 0.995909969523248617129240756185 0.517256787009019003420462468057 0.251703220987401055097620883316 0.495717482300742418033223657403 0.708234718235694060695095686242 0.476753427896222103932188929321 0.158730992269941695305135453964 0.433704447307568408120914682513  | 0.513719413705032379446890899999 0.566233702954653916883387410053 1.712603964773738329796515245107 
0.464649159887709939376065904071 0.293324074012669133715291991393 0.822625508085414236525423348212 0.950716351148700677953229387640 0.261964996565875352096952610736 0.780629960148091828209260256699 0.430685304125345003178892966389 0.950088552333621660928031360527 0.048215068277838835086868130020 0.819680138153760395880453870632 0.648247118756873685896380266058 0.093361998241532240250251106772  | 1.307450452281661235076626326190 0.918083011554495231898442852980 1.429337603428636693791986544966 
0.505947650889724820366666335758 0.365049018491225618632256555429 0.960334071612261697126200488128 0.873103944713455648596323044330 0.273237435168903530779971333686 0.000993031865406668323714711732 0.128135946172025949607586881029 0.606019092792966729277281956456 0.138592768632075036272510715207 0.156334178042444649214814944571 0.871691902442731869626868501655 0.326980353342562923835146193596  | 1.218679718504938724876751621196 0.963513587427379358807399967191 1.582859761930296427223652244720 
0.596983260869879406307347835536 0.004521039508539215212579165382 0.307695746025580030291735056380 0.020504942961232175413499589922 0.194142318347793607635765056330 0.041865420016025889360378187121 0.976350643059906264653591279057 0.368557208735374564056996860018 0.456420414597728418826250162965 0.195050654054251704216937923775 0.199735809378066564434561769303 0.214977845768727138242581986560  | 1.142696284745382762082499539247 0.457914800837754820683755951904 1.677595462431979322914799013233 
0.000291978828513950183776159975 0.826468431366256139902759514371 0.360699840980309160975991744635 0.581879715668084496194012444903 0.332586040020785955739768269268 0.848959015960027985059355160047 0.604563541543834404023982642684 0.960243562661796112855938645225 0.900256022737638494923828602623 0.779778712492437575676262895286 0.124218067080516747502372254530 0.190276433666456079585316274461  | 0.973568436026099326419114277087 1.601599068939885572859793683165 0.000859622090286859467760105513 
0.654719960117521648790273047780 0.491196442792203202820644492022 0.400538972210114030403360629862 0.456248484934989928518689339398 0.964588673922148087669370397634 0.391839027291542518760536495392 0.488298516827803674722474625014 0.924766865277294569658295131376 0.366205093487685817699173185247 0.755665697094448973736291463865 0.062229187187808787662390841433 0.565652114379364689966678270139  | 0.623671240050856057202111060178 0.616613978998747924720191804226 1.455290027012733578004599621636 
0.430393325296831052995116806414 0.123620120967365521025271846156 0.687515227297529674110876385384 0.237800422485675899686441425729 0.315661078736087730156611996790 0.244402982281504255190895946726 0.901384109345890416342683693074 0.404805455829429505776317910204 0.060078048874623202202371885505 0.093325232221018072920060149045 0.149019368088386783277599079156 0.810716598198950588738398437272  | 1.338420656605307845765651109105 0.726069063265350256308749976597 1.221439891568403490751393292157 
0.636939503379822746786942389008 0.205480120582852698873921326594 0.682344283697085107753821375809 0.191745504120296561545444546937 0.479852875151189350866332006262 0.838681836514759249112671568582 0.672216395592584836649052704161 0.638315946020853397513405980135 0.552030048931131056555443592515 0.958275755773423387751108748489 0.628490203968428917669086786191 0.611472094719194836365261380706  | 0.671843354920746649305840492161 0.484096794044864386918902710022 1.291090257739215152454903545731 
0.852730522092540743628319432901 0.681041981437844889946120474633 0.218619992112052519139808737236 0.879389575318163974060325926985 0.955332827096562309243665822578 0.313593736422836721899898293486 0.595486522999084444407458249771 0.766390382491632937700387628865 0.267374608759291088055931595591 0.432860347579697712916413365747 0.521869441821835367001369831996 0.053772368729451236468719343975  | 0.253093541261677879017355508040 0.326983103209838976699330714837 1.755446760031949882119306494133 
0.967624038164011657237040253676 0.754763442078943413982017318631 0.217911739040553387170007226814 0.588033208372141014130818348349 0.644365191929327396636040248268 0.351594597151696830472644705878 0.982503564524936812141220343619 0.852880496771349805307238511887 0.848508923278982973847917037347 0.497972729161566540767580590909 0.336098469953719170000283611444 0.780366932572347682395275114686  | 0.050541834398944204820303127690 0.071000981958169506746969545929 1.712238745778298154576191336673 
0.635567994735262931094155192113 0.243724883839449679712174656743 0.147585101375633298559364448010 0.876276121776284999675965536881 0.106896360091246478418725018855 0.252058377956527968066779976652 0.834906802297746608587658556644 0.357229738475732583324884217291 0.420140618538238586054944789794 0.804940074905978186770028059982 0.793791636914252363155242164794 0.190630613552053018722176602751  | 0.850311933738753356060158239416 0.575747580858746110799017969839 1.593499261975301894977974370704 
0.933760071181878759105643439398 0.650042013750486091794300591573 0.842166309834069815032364658691 0.505292023848877058789241800696 0.504654176159059386641558830888 0.459122001047253758265753731393 0.784059006608472941479703877121 0.356971197303869725026004289248 0.184371554535518566986240784900 0.855647034166577391545160935493 0.699485942578841668471056891576 0.203113841779496318018516376469  | 0.105246156193268824985409537476 0.125092070010186712236688322264 1.565474845479210674881187514984 
0.428491511753135156936878047418 0.490730844645220098954041532124 0.675753927154846056879478055635 0.851379395682176909332383729634 0.376431826011900949602306809538 0.776565292421448227777602824062 0.495500783616808160303435215610 0.260901362899606303891175684839 0.413679917206074332369780677254 0.085597938403911610905083762191 0.764702213544509290521489219827 0.379833665240957962794254854089  | 0.870931278095639083147716519306 0.861802656270644895641908078687 0.976848616789242285562977485824 
0.945444509248598352613157658197 0.924224072657563122668022970174 0.762082584910414029266689794895 0.928206171420638326274854534859 0.062747440774581608735616100603 0.241089286023811300019303871522 0.183565031555538715757336376555 0.397792244775073688956013029383 0.033540184505034820183766441914 0.732386174205563622585657412856 0.944879249350485728164983356692 0.148480755372200512454128329409  | 0.077270302093280410216102893628 0.173020751383189230754311438432 2.205797052484889331225303976680 
0.554012052771801655204342296202 0.362149652126129706353196979762 0.172754996124136916968438981712 0.646593333479389631435196861275 0.959666643941818220397976801905 0.003801640150899454617672290624 0.140067211118454770790719976503 0.982823520939843375820998971903 0.733905184169558966189583770756 0.790678183372373388770881774690 0.342194146546737187897235799028 0.872224712715570005272525122564  | 1.142062216922552053688377782237 0.895620498930046249341785369324 1.721169894406587186352908247500 
0.889462293049148255974500898446 0.433005665818169460656861247116 0.658058033627824556788254994899 0.876733903485339860495173525123 0.731044196139670754419626064191 0.949541327528241718702872731228 0.750195039626340043348307062843 0.252249768975412402838287562190 0.808626125329034994848598216777 0.772905849643313436203584387840 0.559774926808573658476575474197 0.310641245675053245811625401984  | 0.223943932633645426122370736266 0.204525535075786080163595670456 1.729118459984572808707525837235 
0.421909354482343235126506897359 0.184216201179732808057565307536 0.537778221056128935551043923624 0.895980390224759171147184133588 0.695684302427942213853384600952 0.063046630661041547227796399966 0.445667990813291781115879075514 0.756825660475661132764457761368 0.885075743782472668108596280945 0.509185249135439721435147930606 0.504207113296330944329781686974 0.887102999372299971803101925616  | 1.162943508546669058034694899106 0.748812526696299385342570076318 1.079556160507839202011837187456 
0.062495117798638699646573968494 0.602843329271781747102920689940 0.536946013720734471874607152131 0.354553742264240856485457698000 0.815160886016267571818616488599 0.629638625614617919445947791246 0.693194740273185949774870096007 0.115597947328528127819424753397 0.989176735267100593063105407055 0.368431244612064667798279060662 0.752106195099528362923990698619 0.982418256089973018774230695271  | 1.217269967675800090844973055937 1.416391998066133250944176324992 0.183927627494372192273885957547 
0.761655677073195480630829479196 0.213576043595340880898447721847 0.495761963448905884632722518290 0.836405783980804451438473279268 0.249194946922543514311598755739 0.085434124711158965226331929443 0.108344061958509874088463220687 0.605323991650468573588739218394 0.287679252341664248859842700767 0.137408084343949910000048930669 0.455459530645487276068195114931 0.116698640778599482814570365008  | 0.562107055063815530537851827830 0.368501630670591551197645685534 1.710589225522969991644117726537 
0.077572093319816071144146008010 0.379980191668061628718078281963 0.196959170448824494314976618625 0.436124441108132532285424076690 0.527033260530469616078619310429 0.242586087100952085826577331318 0.196267552775962306199630802439 0.317407718489641332837436493719 0.668881298360723963725149587844 0.508302658873275192696894464461 0.978938001040142391495635365573 0.967123071438268699928642035957  | 1.335500669666446871275411467650 1.133361905256191848323510384944 0.214493911587683827590922192030 
0.988539362553144562717477583647 0.038673725380071521939839840343 0.312864161880129110215875698486 0.936500065662508984765111108572 0.310579979886030144164976718457 0.225207120963894280585293472541 0.816585362831874661537767678965 0.896536948838068559197722606768 0.400370136712179025550994992955 0.440520859579271895078989018657 0.578985661649342731038814235944 0.985474537341225476083650391956  | 0.029947680672295251547154748550 0.014558591808177263893231412339 1.849499445466207703248073812574 
0.065687799145230152397800793551 0.559866490026836638449481142743 0.448951302674340135823172204255 0.982151988604970105356528620177 0.261621026195378858503204355657 0.690835446596337665603471123177 0.745087399308997366809137474775 0.933962030911057783377771102096 0.028643354847459279177712687670 0.375615741224098464989822332427 0.848037814577998871889974452642 0.641099263061473356728470207599  | 1.310700828769519654670716590772 1.437038879687531522932886218769 0.201404349409765953682338590625 
0.654521014893114427835030255665 0.802733785448399017603549054911 0.052676669604591608297994298482 0.057851264726034523633302342205 0.526899074135634082338697226078 0.832091288114644611617620739707 0.945070314241320819093061800231 0.317039094757272321700725115079 0.095391826736726859081727525336 0.395884924401532556359484260611 0.670209285273200783272784519795 0.099959587369933489142681537487  | 0.554425840903453814867418714130 0.933103708706285894791676582827 1.799760263356538159129627274524 
0.042656262813279721690662427136 0.045457501623631935139258075651 0.838727949667324113036670496513 0.155256095738979804643520310492 0.193838504450108417564990759274 0.425863194182261817211099241831 0.332484694010818704335008533235 0.446018160757003845340307179868 0.168315815601365215137263930956 0.060508699884034067295601744263 0.678995445952470744188644857786 0.601486824039478729098107123718  | 1.505493808783884723823121021269 0.801304360390796777124933214509 0.114444602817251064874604082888 
0.541746537882847878364600546774 0.514673933041242315233887438808 0.616204628756132355427155289362 0.450451394147240669063592122257 0.452038926904508309156938139495 0.135031783323624088311021296249 0.043469048311823743624415783415 0.721634630622799200239114725264 0.217472335143402251134148173151 0.540615141260976428405626847962 0.640370694612829360892192198662 0.125247533593960791442611935054  | 0.762431513343344025024350685271 0.776412973867716127429616790323 1.241136760442322684028226831288 
0.771127861208242726398509603314 0.057808999170744446161052110256 0.245114040973199220907474682463 0.246682355129163477513998259383 0.153122467467080913827714994113 0.652989843330406771748641858721 0.619669638388226307057493613684 0.391550674425471423312217211787 0.388442602790306068527570459992 0.303156542652499361167883762391 0.660134202155900129405097231938 0.149088908713489787238870576402  | 0.448414087215457890511771665842 0.277523205692175312098157746732 1.403094697465203655184495801223 
0.230413466267755051575250035967 0.317757402154925427950615812733 0.578191960700218610114120565413 0.923576814319590155832884192932 0.713006031254374783578953156393 0.597630214749649613104054424184 0.932886384270315227595915530401 0.585261450304996766469400881761 0.512061528343615179892367450520 0.417480570113205162741110143543 0.401651540541673290896085291024 0.724420582952595926151673211280  | 1.083683775610166488689856123528 0.893877047135271274314050060639 0.531862304882971925756862674461 
0.173942453033078092694552196917 0.259230095586527875539673004823 0.850277785763527638174252842873 0.149202569272369078845486001228 0.517086817806119869445069525682 0.446969744039526717394039678766 0.422986624425053414633168813452 0.653906827198160511827040863864 0.450285346877018044509100036521 0.852099553086480443475636548101 0.533704302294208288159893527336 0.276774285468772029972228665429  | 1.101456535662217239845972471812 0.867215899582078342255897496216 0.392858440196044933490071571214 
0.102071227743063652759758497268 0.128260758602078417389691367134 0.590123854901146605023143365543 0.136931885564443911462717551331 0.965989414698095960609691701393 0.003856609289829115994052699534 0.608860153612532650768685016374 0.929412482736245548764486557047 0.104143100412517175534787838842 0.032970824034035506322481978714 0.050387386362835018260852848471 0.410611200371028162159348084970  | 2.123246444323446890933837494231 1.016131726266111812151393678505 0.380670665861759405235176245696 
0.869526595278745650929863586498 0.462404535036271324699441720441 0.367194549379874612959895330278 0.391412571988607349560140846734 0.123283876806709491447122672980 0.678277789554434074048572256288 0.117221034010082214571468739450 0.607523652293726401651952073735 0.393014487886718777431838134362 0.712978052834955189354104732047 0.876348181998308883855486328684 0.550918615587343118988883361453  | 0.229545062207808625576177519179 0.219989425686900857970229594684 1.529548767516447860259631852387 
0.491408879786147889667802246549 0.801426819524324818289073846245 0.251510717225862157064852908661 0.337167127954403400558192060998 0.656277592866071013411044532404 0.540228755100957136470185560029 0.301000983531509502810763478919 0.213614301742408252415827973891 0.545221136666183103791638586699 0.873189427956755137572031344462 0.302394830883346621419605071424 0.728103619470903962174190837686  | 0.623601628599682822340355414781 0.847458038760762089047773315542 1.024149701744296203642647924426 
0.470481849234043902896473809960 0.218066900925122153509505551483 0.120648956355007830332226603787 0.294196693306495671293987470563 0.723373750987239216847513034736 0.039736502215600655318894496304 0.056721419022995878123083457467 0.651706443292801473887720931089 0.457263297876808860742414708511 0.436224516437413889491381269181 0.640738635807810985589583196997 0.896051128452183598405156317313  | 1.142364627563814405419861941482 0.751569028008777229032943978382 1.246154849747552306737929939118 
0.931577744638905524965366566903 0.852480007673835693537967017619 0.198774629651155887444247127860 0.514932425132077042917444487102 0.877426709428137274748848994932 0.736545530367814893502043105400 0.801070244211554149948995018349 0.914646456859670164973863393243 0.044902718234963501231504778843 0.263742457607688773890686206869 0.663594583814749339190086629969 0.275752989818925153819861861848  | 0.101610295469988037853070750316 0.175678779811441504454805340174 1.881003809850353869492778358108 
0.138378304378488747872211206413 0.711345581811123395254981005564 0.983494144057509345202561235055 0.738774130727539835028494508151 0.327013635375595801413339813735 0.370874698155427506840453588666 0.812805176255749772806780129031 0.810698091743469850811720789352 0.909931251503065752217480621766 0.955188055551193460068759577553 0.482545240998898505857539475983 0.782226661102250475643415938976  | 1.128109779010784796682287378644 1.578525496647825931972874968778 0.428499615068536288120526478451 
0.264741026336246521033501721831 0.408749022642570514207704945875 0.878082062754641734514393647260 0.835551343406817914605255737115 0.139802651630493990353443223285 0.749848371375788969039888343104 0.576762422926477724693938853306 0.756524101289361317057569067401 0.987768259618173383174166701792 0.673572544139654061368105431029 0.380524603047145859591182670556 0.401850450722468388597974353615  | 1.244420511233930604078068427043 1.094072140927280667455079310457 0.731736685517414664481350428105 
0.589655401720386107555782473355 0.230120157684898907213266738836 0.806447005938643268763144078548 0.546175792581159336158691530727 0.931520132727919114579151482758 0.915298443215154189367410708655 0.659783757490574052084753020608 0.308135649422056401292024929717 0.165460900803814370263467026234 0.811651452307597165436447994580 0.941147089884988741204097095761 0.286630166117510909451482348231  | 0.990109043428838431211147508293 0.644554890741723340852331602946 1.571738811526376400351523443533 
0.791980392686749357089581735636 0.242957420650230959680015985214 0.579181235122167126228021061252 0.600673173030595974886125532066 0.500935984177316995236139973713 0.146202757076394629365267974208 0.354815321712427800271427713596 0.095955906384474376480397950218 0.211006370032982504270080426068 0.841359880992422981549339056073 0.496902106380991415157666324376 0.334695079645346504904068751785  | 0.399425367407487019733025590540 0.298369670409641241093368080328 1.471100643109286343346298053802 
0.211414842491168042393212544994 0.684526299174771257760596654407 0.238455712296320232468360700295 0.717566665026529437731994676142 0.732074451086830224610935147211 0.360454546603770964452451153193 0.478594546887914695787458185805 0.403209932389066993962956075848 0.818033243253694974939094208821 0.927122678419942669592046513571 0.385866545490607060209242717974 0.084244532037916597388971240434  | 0.978531404516511105207143828011 1.236949957740795635885433512158 0.543916339144329796795318543445 
0.020824783569000415717198393395 0.567740671093238891131704804138 0.330750016380898625989459560515 0.354514882520597485182634045486 0.981609256821581510621399502270 0.636023904025855846278147964767 0.168785119951772144553103771614 0.197742652609588009937624519807 0.036722181762218752965054591186 0.338649237025826499447589412739 0.805107571985147485449374471500 0.538433528884620926646675798111  | 1.233534964582135184940625549643 1.359304391559776448161755979527 0.060065659416329630904129999180 
0.892236123751706466933342198899 0.518068388993041084589208367106 0.270201594591643945442172025651 0.941498093052823836757170283818 0.020070056443374895138731517363 0.923255903834553692810516167810 0.186445469331319113592826397507 0.412086914431203932274172530015 0.879324327518700599171097564977 0.160309247090552275949448812753 0.847275600690002517190180242324 0.894473659646153773650212315260  | 0.269410597128632134378278806253 0.278192209387259525854574349069 2.265882382044002607557331430144 
0.092043086397335160953048216470 0.977385633041157775302565369202 0.810946018283216885080832980748 0.830042195486015654815048492310 0.305123185859132894925949130993 0.888339151731848963855497913755 0.623195272734977212536477964022 0.045214768040642949742391465406 0.542459053359948373262966470065 0.262023936004769475438536119327 0.695828412192169509786765502213 0.607769228191773702718592176097  | 0.773419779227276227295817534468 1.521518145650179620886888187670 0.248505974727683015546020328657 
0.462579197960721333338085514697 0.577887517391433291891189583112 0.940804775441338558827908400417 0.899861787939599144792168772256 0.476832049937616520018934807013 0.411439175810792812093552583974 0.024969373159848928800386147486 0.272439384743567325486424124392 0.359131384777619633297263135319 0.557257417935977161782545863389 0.884798850396827707420754904888 0.465980886957617190802238837932  | 0.903911241737237358684353694116 1.008914966118148015539190964773 1.204036953520602803990868778783 
0.386551460490579534834409969335 0.425824299347909218660390706646 0.007087224970478089858261228073 0.097080482933927014776998021262 0.080743359631474165283293586981 0.195905380306067633533473326679 0.397629510834023203180720429373 0.522525903052595941389313338732 0.788290963020950252726493090449 0.092490946515828009744097926159 0.285780844629412000834634000057 0.028254675834082143559555788670  | 1.357518130807246370395091616956 1.194948281083638930155643720354 1.256471191762041028638918760407 
0.590897602560338852661914188502 0.256937877168249451109716119390 0.136860393822619608172885818931 0.861817187088209979428654605726 0.393668396174354673355821887526 0.513464155724771997846289650624 0.619796739008139141446918074507 0.158937004215421451291945231787 0.712944176655666783659626162262 0.056699242655996129336415378930 0.554089169485757704336492679431 0.536704443343974157976106198475  | 0.796694644788162764648120628408 0.586809272424365868658924227930 1.321738661886099341913336502330 
0.760621169983409894932435690862 0.404999689460725842415911301941 0.782243844584773584394099543715 0.079565887459078110666155225772 0.651370220383934883656706915644 0.496844148812130570469491885888 0.569517183344739219563734877738 0.189094670020207522576072278753 0.718455071767388875336735054589 0.544261350856603653980414492253 0.276868510025050751366393342323 0.952627335306908351597598993976  | 0.463306350053817150858037621219 0.410239392603892361055528681391 1.567449896670580988811138922756 
0.032297670174638359874563775520 0.788276890872393498632675346016 0.405598659537328765090080651134 0.400206748916559496009881513601 0.302160016017814836430943614687 0.094305072467001704872302525473 0.842782458952582191891167440190 0.418950513176011840599244351324 0.227860598785671775168282238155 0.843162545283603015455753393326 0.922742880451858815682442127581 0.874734732466818654117446385499  | 1.011025565885854016201506055950 1.555547603700667691484227361798 0.094202643067199706705672213047 
0.264348203176439033867950456624 0.867439695282841483070512822451 0.576887540192846048903163591604 0.477691530476899051116390637617 0.233428630012892823764047989243 0.969136738145486620332746952045 0.817034277145840315270675091597 0.236729629327701696084318427893 0.288632153203089214521526173485 0.552819132077323360796583529009 0.803874849606423413916900244658 0.243278044999159281935874332703  | 0.804360448865021560038712777896 1.302576195283464244312199298292 0.674937490766090331106852318044 
0.365331840659384843306156653853 0.734249012180202442756637992716 0.382692303483621487636412439315 0.692284197599268513734216412558 0.983620828611597164403690385370 0.933949603367080438687253263197 0.171947089384327012062669837178 0.029077278382577675941433881235 0.293697848539016592717132425605 0.939074306636351163746212478145 0.518933663707536019238375502027 0.249115952548332963978339194000  | 0.985428994061790741731954312854 1.463591259472653671735997704673 1.140573643980485663007584662409 
0.752357043725297658376405252056 0.582049464022575402388781640184 0.235252646178767732543235524645 0.823270612643103305572367389686 0.584952431340271084003745727387 0.719670166198133842705431106879 0.523891540655708198848117262969 0.116367536257636627894385128457 0.229424712507450223597516014706 0.275691037852654696749254981114 0.408092175384775601720832582942 0.131512308152745727163335232035  | 0.418436540075837415386672546447 0.463043682358154740086320089176 1.522627103520858726781739278522 
0.835268171164536776807096885022 0.806402366536586034939659839438 0.026170874168120361602518642030 0.560640522245006489576724106882 0.342918906657970312679140079126 0.859697977834549931230867514387 0.860350580790311347811893938342 0.759199612489815822691241464781 0.111900810998312172372948225529 0.461132442280208332263669035456 0.783226352310278817192568112660 0.845189119918668740893963331473  | 0.259656747075173555128202451669 0.420319413099640881714691431625 1.866509862718756185273605296970 
0.090425415227284533514762188133 0.836901049153436438210462711140 0.992607952606904042625046713511 0.019891932640499709883386003639 0.337790449111587731678696400195 0.155064566268684811412015278620 0.740456662520730835019833193655 0.751072159025204855176127693994 0.347462827685395825305647576897 0.202000492624244354367135656503 0.825336454628117222043215406302 0.837624429992740893169411720010  | 1.003977391453781287111723941052 1.787739902194653396350076945964 0.293207754362302508432946979156 
0.981766105981303538463578206574 0.430327262791115661144658588455 0.262461279034968852919007531455 0.992178609832316871219859422126 0.460955942948453101237760165532 0.383580067164609350705006818316 0.504981259869073495494262715511 0.975049399690386620065396527934 0.270791492485309315263464213785 0.231151755319060181470547377103 0.200394476301318347211122272711 0.088760483448411697793289931724  | 0.040934688318245461557953746023 0.036844871718091518064674971811 1.922347773012022642546980932821 
0.335046040230890573852207126038 0.036469325775673633316387167724 0.273805915898516882833746421966 0.601283857524763432067516077950 0.363869097438851207826360223407 0.508659290027602128958506000345 0.001284884700092803200277558062 0.234586636337179577083134063287 0.033252153554523378176099868142 0.997934158014986083529151983385 0.747328001347530190834334007377 0.737904060216830304241852900304  | 1.562267758472085876775281576556 0.706132247919497579857761593303 0.995991613921560992039871962334 
1.000000000000000000000000000000 0.999999999097408887038795910485 0.499998806411419860484812716095 0.500004242563083067807383486070 0.500014656838867699306661052105 0.500002242160855869812507989991 0.500014151472858769942320122937 0.499997386701923840490735528874 0.499993491544347801180947499233 0.500000396656212986457035185595 0.499998186666254951227017500059 0.499992790397822406411876272614  | 0.000000000000000043297802816831 0.000000000000000043297802853840 1.000000000544151612658083649876 
1.000000000000000000000000000000 0.000000000353843597458347929633 0.499998806411419860484812716095 0.500004242563083067807383486070 0.500014656838867699306661052105 0.500002242160855869812507989991 0.500014151472858769942320122937 0.499997386701923840490735528874 0.499993491544347801180947499233 0.500000396656212986457035185595 0.499998186666254951227017500059 0.499992790397822406411876272614  | 0.000000000000000043297802853840 0.000000000000000043297802816831 1.000000000544151612658083649876 
0.000000000000000000000000000000 0.000000000162967802509694364704 0.499998806411419860484812716095 0.500004242563083067807383486070 0.500014656838867699306661052105 0.500002242160855869812507989991 0.500014151472858769942320122937 0.499997386701923840490735528874 0.499993491544347801180947499233 0.500000396656212986457035185595 0.499998186666254951227017500059 0.499992790397822406411876272614  | 0.707106781873521161863038742013 0.707106781269120632238411872095 0.000000000000000000000000000000 
0.036120381757651309762024993688 0.960701197054261712970912867604 0.505998543606647532833164859767 0.508593451487134862176731076033 0.526579894434305750827718384244 0.505206421792102511325595060043 0.493813154217103922327680720628 0.515322075563463877223568943009 0.495684275289248188478552492597 0.498070595623415435238001691687 0.471722046471170997072874797595 0.512232095506381379657057095756  | 0.706375480645174080862602750130 0.708509031111735798624806648149 0.056825736180420714782624003192 
0.027365031349374499547444372638 0.090575662077525209703310338227 0.524060750177156364770780783147 0.487170054932728802121744138276 0.499103091329504255924121025600 0.493971005997971335244045576474 0.498460673008110588533270401967 0.497714826620514416699592175064 0.508054483429183689757735464809 0.482275786305231601858167778119 0.489413542173314675132189677242 0.502057372801288703811906088958  | 0.707943370328876109276450279140 0.706776998730810235294086396607 0.043026813173884063956631251813 
0.935604919305542903629202555749 0.999574316294880027555791457416 0.501341944728147081988822719723 0.489111031657120498561397425874 0.493910206391093953293136564753 0.498333485307415002818487437253 0.506465608932691768728773240582 0.490249388197709634606979989258 0.491193798338762310784488818172 0.506316850021359621258909555763 0.508818985649114541303106307168 0.523409174630778184500456973183  | 0.071419011231768733671820825748 0.071535594645328562379837933349 0.995923551773071236148382467945 
0.652571061027979570923207575106 0.834771654757643810640388437605 0.495697418652776555791916734961 0.495967930150445879267095961040 0.500058346954594612476796555711 0.496003264085945805295096988630 0.499808197365768813735797948539 0.492901730245555502740728570643 0.500463628261309079192642457201 0.493593658094243326051042686231 0.495446879426491293418877148724 0.492563322742463949310831594630  | 0.367062375525086581617983938486 0.367146702493312548920556537269 0.854930102504961597631449876644 
0.447814422063206429847070921824 0.065239872680695393247773949952 0.497452883997490324929913185770 0.506351298916479897194165005203 0.508751453446503965061253893509 0.496046782817607889715105784489 0.495938965685181920584057024826 0.515661940240498273269054152479 0.502778353321581494839165316080 0.511629321531880454365648347448 0.498520289506985736505129125362 0.479956484816316308883443753075  | 0.540121599817249387065487553627 0.539423559211419267889198181365 0.647446697609684207463942584582 
0.983116964261106951461499647849 0.388807387084728783843701194201 0.499532523309965725832881844326 0.494413077098800612940721066479 0.501933440907417205423257655639 0.501322622412280649584204184066 0.502685063281162802795165589487 0.506012500228504302768328670936 0.504792154950921889700055089634 0.492774227324963065566265640882 0.500925690212660423838997303392 0.500978412911793014039574245544  | 0.018753603725399081714186877434 0.018752573631478790944226986426 0.999805585356778103722774631024 
0.838845571653093036168513663142 0.397834398954069246023834693915 0.515974392482081656297054905735 0.510448799283318321862168431835 0.517023975374360955648000981455 0.503757671840807996765931875416 0.501314251682367095774850440648 0.497637820230135474730559508316 0.497585676524937958742356158837 0.500528570142683704169428438036 0.503139980375683304458789280034 0.500904320029218474985555076273  | 0.177234271907117962863154048136 0.177194916672762103893035146029 0.968800922900865280062987494603 
0.528612619821527296437579934718 0.095489640310836426673191112968 0.510620456235456376958836699487 0.495375953034634219918075359601 0.498637955612087180323754864730 0.508966332220995965052168230613 0.500813672509707541458112700639 0.500081058644041731575669018639 0.492770079841361008377020880289 0.492468647222764011051054922063 0.509299128787992660960526336567 0.505167742227339511273953576165  | 0.477373016726405974274882737518 0.477106727075437053731121750388 0.738486899825899989480149088195 
0.566636662051893447156203365012 0.169666887617693884493519362877 0.516164816826322203624499707075 0.503570144915486572756435634801 0.493582671695145969170681610194 0.496557021594971004230245625877 0.495556004719858556040179564661 0.512188124942792644134215152008 0.501379934753099387734209813061 0.503325726123943550938122371008 0.498677204355053804718522769690 0.487567293064485207665370580798  | 0.445471864707013276429847792315 0.445164898997953362158597201415 0.777632825578568387392408567393 
0.964310257841174189863409083046 0.699377576234150977185777264822 0.487943780448815700445663878781 0.497369699742956361543377852286 0.480771466545914238910341964583 0.488372491840893430126158136773 0.500499768890337870530515829159 0.487397147573221611871474578948 0.498782675108879858250077177217 0.490178644216470560390774835469 0.495446879426491293418877148724 0.498117556709271991355336695051  | 0.039646112265119375084321262648 0.039669402979841443535047318392 0.999366004965571708140714690671 
0.463884132607775834244989709987 0.113431083821028497182759053885 0.499907162652396208635252605745 0.489157027945255451495398801853 0.497459146754840264570418639778 0.511151216713165768013027445704 0.502406715924395008698866149643 0.497298460603309233629687469147 0.510052559021755835821920754825 0.495450694996511509238246162568 0.494241197685201194556015025228 0.514628288665105682042621992878  | 0.528080192702477191346588369925 0.527676327627227270689047600172 0.666295844104312307010218319192 
0.721180196562237751933821527928 0.958672371397904288237157288677 0.486960893267591898858626109359 0.488798129717361695689703537937 0.503852219758742947419705160428 0.508095277842011139313171952381 0.503565640114472135024925592006 0.478810238926738740428135088223 0.503431642944904722547505571129 0.496245998899501161716329988849 0.503149146031545257962136474816 0.498999642321262870670040001642  | 0.299958032282963416026433378647 0.300335871386618269429646943536 0.906406678598198567442523199134 
0.430052735852454903753283588230 0.499510931527867629853290054598 0.481441879033596698000962987862 0.490744484145487325221779428830 0.492944100523301342864357366125 0.491156901732122952441983443350 0.505002431161057141473236242746 0.500130781856551909214658735436 0.501823549766487686518701138993 0.489427428355617977207003832518 0.495896757344414962354051112925 0.492008000502978881662841104117  | 0.552241148784023860862646415626 0.552240488399721951573440037464 0.625794360545349426239170043118 
0.127577121378326663325708523189 0.000000000127090963987939924577 0.482276650484413982322706715422 0.505868506172353682437403676886 0.488416882369112959061396850302 0.502144915605902797395287961990 0.500393983110592133201066644688 0.510987324755717509106034412980 0.494545927840784382834016241759 0.498789849682364505589760028670 0.486334369471701666309826350698 0.502723878292786419130777630926  | 0.693986964733009803474317322980 0.693079616420453015201985635940 0.199224993898354241217418802989 
0.557737017930020728684326059010 0.065239872680695393247773949952 0.497452883997490324929913185770 0.506351298916479897194165005203 0.508751453446503965061253893509 0.512697147363201599645776695979 0.497518881822660075098241350133 0.515661940240498273269054152479 0.502778353321581494839165316080 0.511629321531880454365648347448 0.498520289506985736505129125362 0.479956484816316308883443753075  | 0.453485569681076339243475104013 0.452816006503038381847403570646 0.769074527739581292884452068392 
0.482946448478036138851621217327 0.362748876178615675680561025729 0.499973824033660030341508218044 0.487254563509730287407251125842 0.487097224142916229716604448186 0.492868138814666956193377700401 0.500512730329157884412438761501 0.511645158242318043306795516401 0.499343096156404653296334572588 0.499895592447537062685825048902 0.502093748511300508319266100443 0.497457339873743908942316238608  | 0.513541584768333780885996020515 0.513424974306805004253817514837 0.688276126147325029158707820898 
0.084685647105381192667472589619 0.852465581255035464991465232742 0.485580986179208418107577927003 0.486284275125081932866777378877 0.502094618109296342289837866701 0.496369063631688756110804661148 0.509978355048940068527940638887 0.506606009079163199793072180910 0.507257232655078049710084542312 0.479698959249351963851637492553 0.500367331223589117961125793954 0.498451956887597358303310102201  | 0.701180013327772688747074880666 0.701974810353688027930729731452 0.132767766175631407588042520729 
0.518101363890521415811463157297 0.140234896716523532722575851039 0.506375151039868742763871978241 0.510639004923316486284079473990 0.494076719818809517725810565025 0.502559832621125135432293973281 0.492294002392016594171764154453 0.516291816195732722327704777854 0.503043709007037653790916920116 0.498016869332722544871927539134 0.493745444984647230413088436762 0.506202431628470894686699921294  | 0.486047408741520414743320088746 0.485712044206470350271587221869 0.727368010311448043303528265824 
0.538516053917498904723970554187 0.890190408076550032667739742465 0.509314623497562957155082585814 0.491545559416759370030547415809 0.500415377351774548486673666048 0.504239941820264325755829304399 0.497445526278413097109876161994 0.483890654491067606635112952063 0.497319070445642552602549812946 0.498274936481806873800337598368 0.504861649084761721084646524105 0.500511218540574343016658076522  | 0.468939660036269467813241362819 0.469213510489523311086657031410 0.748924212324374449778474627237 
0.472617736532421950368387797425 0.534532489560603729650267723628 0.508265587977051458423716212565 0.489119746677151634450808614929 0.504350741473042818441285817244 0.488609642104919028593457142051 0.507910183050766850243462613435 0.483828028554085798340622659452 0.498857156714221983140333804840 0.502835614419242404871113194531 0.506691092005034815493047517521 0.502590669277781842971819514787  | 0.521391858717444756088355006796 0.521432574309303342730004260375 0.676535085964667826097240777017 
0.603702160034295109980462257226 0.605682993023997529036250853096 0.497452883997490324929913185770 0.501142219548554312957833190012 0.482082859992001289128893404268 0.499795457497965500692771456670 0.501063763708893494808194191137 0.504335358024233570972683082800 0.506581094470996862177969433105 0.493732240983221881691633825540 0.498520289506985736505129125362 0.498608222669597866971713528983  | 0.412442945528996851578540372429 0.412502560674921137096049505999 0.812775281636540780638711112260 
0.626124982233426496947004125104 0.976497627107141052960059823818 0.495266374463923075843752030778 0.499287209669717180204884243722 0.470676870135566305375363072017 0.506123668340161980694347221288 0.499975546791771641164103812116 0.481241055475619128323216955323 0.502349933557093564218121173326 0.502052166014852585540495510941 0.506644771153022976939439558919 0.494158918363064691980923726078  | 0.391941748619860252933477795523 0.392739513647678395447115917705 0.833582340271287969279967455805 
0.869383789846905452591840912646 0.983139286106716969726448951405 0.498765231521613006115956068243 0.503042724937625918002481739677 0.510193251315655293964823613351 0.504079858222979959592180421168 0.499805958349494428016868141640 0.495884569593703528056494178600 0.499641052065359692058166274364 0.500347721004170575831437872694 0.494689961168461089791037466057 0.492780697464405448293689460115  | 0.144070367927183501377541574584 0.144120412936544151083495535204 0.979250135031007440389316798246 
0.802955848294678364851506557898 0.000000000025259223236515247673 0.502262096150555392704006862914 0.497998121008610517002068718284 0.512091532942194227473464707145 0.506134368109351862052847081941 0.496550069468406796158177485268 0.505487988450661229755667136487 0.504910564541075634892308698909 0.504077648607122119628343170916 0.504596215547256754518912202911 0.502157778276749899859510151146  | 0.215499168742339236581884165389 0.215397163507777045232671753183 0.952768212009646231486215128825 
0.101286621906728879771719675773 0.323844315744123201206150497455 0.503118068879875868226747570588 0.501939323450328878095660911640 0.499284565404819524747637160544 0.502985662433157232342750830867 0.496914314041394300502929581853 0.511643911757162839215595795395 0.499048993614699232246323390427 0.481310527605920912552761592451 0.491985331993328112165642096443 0.499594338980180963094568369343  | 0.698695450689009955880237612291 0.698470342769156871121083440812 0.158522586388954805913797940775 
0.257247048227162544709045732816 0.216948446636430536393902457348 0.497487299873667576655122957163 0.496364169228867058158982672467 0.514099132708733530527922539477 0.498297176554619969390813594146 0.498578770239081203730080460446 0.520774235548221442471117370587 0.497035588048481469236605789774 0.498794989499624474849071020799 0.497506785868171486075794973658 0.501675219198471689097118542122  | 0.650791907852974471637708120397 0.650402199877863296251234714873 0.393440546506133970172669478416 
0.595907144434981050906685595692 0.632104448471293212108435000118 0.505729562512272856622530525783 0.482818902233173363747198436613 0.508306656404862611253747672890 0.494857715622245564190961886197 0.504810173681753959762374961429 0.501692566916849713720694126096 0.504775501882240629214493310428 0.476955712899247985525619242253 0.506691092005034815493047517521 0.499231335997632974521565074610  | 0.419644581067629529602669435917 0.419827066057338216253924656485 0.806065816519424993558118330839 
0.694849707837779662078503406519 0.807409090049941768896246685472 0.493160725506864960898667504807 0.505823399098936143936100506835 0.501694539417053220198283725040 0.503805203333449469482729909942 0.503974743077683084990781026136 0.492852590751731545193337069577 0.497660595991214871336438818616 0.494782942505001099853245705162 0.497409114413338904192585232522 0.495580981249039653757648693500  | 0.326143983460252584460903335639 0.326214483579405634117165391217 0.887503222617634035529476932425 
0.766964962651297543771988785011 0.355427906327099918382117493820 0.502503153290764226213127585652 0.508612846168224885801123491547 0.487097224142916229716604448186 0.497846940167263274368281145144 0.497582744543069388498679472832 0.503271982250689475790750293527 0.494129060286123411582792641639 0.499499716482332933864540791546 0.494833587217067383257074197900 0.507699289501367667654108117858  | 0.253215812135758444600952543624 0.253171118383952786778934296308 0.934111285136078883795107685728 
0.821724696102498541883107918693 0.348467133040874343929971246325 0.515527440631820654814987392456 0.506230989343339876640470720304 0.500334134099979621623788261786 0.497109869947485627506011951482 0.504358071652149630992312268063 0.501626195988765011257726200711 0.513954188811200918252097835648 0.505099601718960178331485622039 0.507475553497170106531655164872 0.487918545255784652514563504155  | 0.195613442491407191203833804138 0.195545282717152268947558013679 0.961750049986556110326318957959 
0.112845530485199796455475507173 0.699095297833580264779129720409 0.508197485927908587655110750347 0.504736432921875532997546542902 0.506418045915458803207798155199 0.506215810778682273607387287484 0.492770762382807203660917139132 0.492551539244561076280604083877 0.491694032489415733255810891933 0.498534508269757203891003882745 0.505940552825405953640824918693 0.503572310856792326738684550946  | 0.696216739808512730114387068170 0.696389307583100247711627162062 0.176400455091369479099228101404 
0.613776074149826489367853810108 0.169666887617693884493519362877 0.516164816826322203624499707075 0.493566883390747390691899454396 0.493582671695145969170681610194 0.496557021594971004230245625877 0.495556004719858556040179564661 0.512188124942792644134215152008 0.501379934753099387734209813061 0.495656352796940147253934583205 0.507620851372209913598965158599 0.487567293064485207665370580798  | 0.403615309263278543294717337631 0.403298410705212884153070262983 0.822168190740398818761036636715 
0.922318943948201463989278181543 0.901755458982831381575806517503 0.534583492887887534728008631646 0.502745416850661430707702947984 0.498776973544821589090503266561 0.502691013802666009091524301766 0.505992968985286450944727221213 0.484496037682474456342873736503 0.495005243418612850270221770188 0.515668810017475887086391139746 0.506829936056259588994521436689 0.495428940543652218675418907878  | 0.086125949712282906522986536402 0.086324373036874763043257985373 0.994377657517736213144132761954 
0.986622931943968106693887420988 0.989086994530746554943334558629 0.495830675876738014018485500856 0.506197909323047423590935522952 0.505141754281157151496017831960 0.497360505436203692575247714558 0.505093136583499635605676303385 0.499221889127914930650575797699 0.498644780588243685670590821246 0.495201874590894708383359557047 0.494804657971277317418667962556 0.501412112430451362143912774627  | 0.014857677273661325928477694447 0.014861548730086448361076278957 0.999948796643920223559121041035 
0.909146000923584551856038160622 0.144825266359745685740278986486 0.513053555200681743464485862205 0.495914412555636507917711242044 0.498818170791875348246691146414 0.500127831799797917256000800990 0.495601204825338537141021788557 0.493831182153047942851031848477 0.507355315730608769086984466412 0.498969118605420203227396314105 0.502486605950697162725759881141 0.511640513881366665316363651073  | 0.100640585663747436639958721116 0.100590900533928759297275234985 0.990272004955029760964180240990 
0.452317629852890312758262325588 0.546592516200546496563106302347 0.494541941109679861199310835218 0.498188962807678492605845121943 0.499242718816461927833216805084 0.516625340338690897112883249065 0.502615629316825907046961674496 0.484156962813034164039294182658 0.499409067724646160701951203009 0.501130927839749884533659951558 0.505138109065011109422016488679 0.515430696799716425715587320155  | 0.536427148710622025973293602874 0.536492585149039413749960658606 0.652755975370536645208119352901 
0.271709979546138014061540388866 0.081399437665562623944737197235 0.512676546730877147339811017446 0.488442396297249947778595924319 0.496623589293519129839182824071 0.519949815309611707014880721545 0.504241454580793391215820520301 0.498803780853186939925336673696 0.516799098664579847905997667112 0.496833945383138853024718173401 0.500076441004063676487589873432 0.516651281827854247374887108890  | 0.645054376354148861771875544946 0.643960221719445224941580363520 0.414496010690977301216264550021 
0.354804822018580989784197754489 0.969373107930442068358445339982 0.502478814294727516021055180317 0.497167710812243757168005231506 0.514412819018988498598332625988 0.495301966748895872161284614776 0.505692167536608172540013583784 0.491459739855463817459479969330 0.500071182309272055377391552611 0.494941887575690742107070718703 0.496353741244102530938420159146 0.500117297536775695654398532497  | 0.600163195261518178647008880944 0.600506714917778405826709331450 0.529124163390784052474202781013 
0.951152295227429944723951393826 0.904498992529371270698845819425 0.481746259256215558774982810064 0.505447328470472578842986877135 0.499951483520208350697089372261 0.494081142276883378272600566561 0.505134462144197216026952901302 0.503100225491508679098728862300 0.500760820036012743727837914776 0.515668810017475887086391139746 0.496584973013175612344127785036 0.493321859677057106274844500149  | 0.054217480048181977692056676688 0.054268191367879532738260905944 0.997791779221653407638825683534 
0.946622383503204933852259728155 0.999999999097408887038795910485 0.489799785826019962176047783942 0.500004242563083067807383486070 0.492660216479508084042038262851 0.493594074694083451149140273628 0.500014151472858769942320122937 0.503736600255614841437079576281 0.499993491544347801180947499233 0.503842602169744080420343834703 0.499998186666254951227017500059 0.494499167991461596738389516759  | 0.059221460807349420030210040977 0.059245454297071294125220930482 0.996744069948675481818156640657 
0.406361630287529029814663772413 0.006094760910197046487046801388 0.503694602899685484054259632103 0.503233766021596862216824774805 0.501573079598412352453351559234 0.485031487758142143551509661847 0.504767636787826767807985106629 0.496466838456978587501566835272 0.494979670926359360816348953449 0.501501687358758108103984341142 0.491606558123031167628624871213 0.482041285042916212155716948473  | 0.568591784668831534688138162892 0.567969449733201736663090741786 0.596260964078866861903804874601 
0.351037281232576492406849411054 0.076272862446382011514245391481 0.493133212412685095760167541812 0.509170675026637487015079841512 0.491832776253457615300845873207 0.499798689045068023073525864675 0.500407824738126727481812849874 0.500853648578853172246283520508 0.503474549242709401575268657325 0.500640359090745223902274574357 0.499261258747159264448356452704 0.490502358923759151920762633381  | 0.602607934897467223400724378735 0.602365697312305492516770755174 0.524045406479433428792447102751 
0.368118065680041628429108868659 0.000000000028425109773185867816 0.493021488386932771330606328775 0.502484588068011106543053756468 0.501777778848066291494944834994 0.500524014723408461335907304601 0.499795386492301818570638261008 0.502262408679660543597833566309 0.491621003851833826558959117392 0.491274758761798380213292603003 0.497790254812860766264748235699 0.493927526836530794707158520396  | 0.592416040708117708213364949188 0.592182049565061707774304977647 0.546687154871319136439922203863 
0.683359013952913763034757721471 0.291996828264088459370384498470 0.496294959030704474489681388150 0.496974837588791351628003667429 0.503151469774456905348358759511 0.492990984891197081552149938943 0.496668980462815434773204970043 0.499532707406097786773102598090 0.488083989437355036944410358046 0.500677957705132792298741151171 0.489053236939852142839413318143 0.503704839939593695952169127850  | 0.337542408664211313062963881748 0.337461000666925137192464489999 0.879160878686486180200176931976 
0.509657836927396523662991967285 0.309906150908670852128778960832 0.492677285170688261661808837744 0.502022284451480116374000317592 0.485501185686216973902418203579 0.492268924025609067030018195510 0.490674344789506167163750660620 0.499417095722555548498178268346 0.504698111420425754580776356306 0.495714167212251810568091059395 0.501023173204964700211405670416 0.489107837478228446581596244869  | 0.492725225883966888584808430096 0.492556117368822932167660155756 0.718164964560471186238999052875 
0.171986790056305738350062028985 0.362748876178615675680561025729 0.505493600596548353642845086142 0.497308347115200388710576362428 0.487097224142916229716604448186 0.500135365431416900605654518586 0.503856796568769582655988870101 0.519042570969926342350220238586 0.490827743851413200726341301561 0.497729055361202543661391928254 0.501384094108428657321496757504 0.500706319123924603609054884146  | 0.682017055422787898955050422956 0.681819267857853072989371412405 0.267061635758486626279761821934 
0.636631028250479680252738035051 0.398439749990888880670780736182 0.507945837339048411607222988096 0.510643927803042796398358404986 0.515374476512848511688957842125 0.507580458414861546145857573720 0.502039638447339342519626370631 0.510342687907583303363878712844 0.510046562502758260571056325716 0.505165401223179877376878721407 0.495370102592569361288354912176 0.492491000219504870827336162620  | 0.382389459426295097443926351843 0.382293548758681434041051261374 0.842142643552232117443168135651 
0.671046601626538952167777551949 0.135691770476159490055323431079 0.520916713791656604826130205765 0.494265694675231459509490150595 0.505945221729976801761097249255 0.516566696448405138220039134467 0.497473836945585112800927163335 0.508398474850503157007608479034 0.507292344010803697429423664289 0.492751385179381773404827526974 0.504995105891451245838652539533 0.498327561651010109144976922835  | 0.349875949635860272746157306756 0.349479903883310683010421371364 0.870306125362728999483863390196 
0.860084589497398299684505218465 0.144959584492956372603345016614 0.500602609049836222432361410029 0.502697579028915653154285791970 0.507571083163794067871776860557 0.502728446068213097319699045329 0.497136199972845360672835113292 0.488741152786294263954403049866 0.484311272346929333476595047614 0.510980589581398914056364901626 0.491346613194875159180696755357 0.513996178525612745779937995394  | 0.154361730919368972392291539109 0.154216460555690354494728921964 0.976770268760837945265507187287 
0.492367927960003171072855820967 0.127021513073918401737216754555 0.484096163299815196445763376687 0.495363331719493427129918927676 0.523889900402002783863508739159 0.502155070625697974584511484863 0.499125436716750026100442028110 0.518021039023581875149204734043 0.505592150868587109080465324951 0.502252247550780461793351605593 0.488140756459782054754725777457 0.509668275298981621190819168987  | 0.507118038838778373289528644818 0.506260897327530767775272124709 0.699589067209295478733110940084 
0.144037593404003294583759497982 0.327224152874004414748299041094 0.514661560661521244597338409221 0.486782046297923820521447169085 0.507768213170784799004309206794 0.502107229833471446767134693800 0.503427204881833567640114779351 0.499350403721172952931084410011 0.506654386527275679696913357475 0.486061453652258446123113344584 0.472697148538394229522197065307 0.488985862843833829494144538330  | 0.690462316861824354496945943538 0.689874361338357444672908513894 0.224680940743448104290891365054 
0.658723073788654578386569937720 0.716809454922948230404244895908 0.501054772586208452267442226002 0.492565818797101040438235486363 0.493170079105333891700269077774 0.499235779563597159569354744235 0.501048821859537363287984135241 0.507514559138850573916101893701 0.499783957001939171949089768532 0.501206839635673695454443077324 0.502477012601716177542243713106 0.502401736355236105957544623379  | 0.361208289931052695109769956616 0.361251238436153476740742007678 0.859869361457303305051880215615 
0.636631028250479680252738035051 0.985917025197011076542707996850 0.507945837339048411607222988096 0.491760632807053121862139732912 0.515374476512848511688957842125 0.500671894599802547176636835502 0.502039638447339342519626370631 0.510342687907583303363878712844 0.510046562502758260571056325716 0.505165401223179877376878721407 0.495370102592569361288354912176 0.492491000219504870827336162620  | 0.382102749298767641050744714448 0.382501905032216926727528516494 0.842056460853428556667665816349 
0.068948362729913670321479912673 0.982224335923329472386456018285 0.490672409025691147466119446108 0.493717025087415828377146453931 0.497838097628376718972731396207 0.498239574951733543706211548852 0.509625843914194520678506705735 0.498154047062746296870017204128 0.509034173360160657750839163782 0.479537189598860602579577516735 0.502655162677683176042364721070 0.498089878458767176816479604895  | 0.703090030838709911797934637434 0.703879545360604708115204175556 0.108172365184928731540736634997 
0.919488269980981320905755183048 0.759507185192026090803096849413 0.525818708398956835559090450261 0.491298543455987724026812202283 0.488516151119755437370884010306 0.499567460668129403877912864118 0.496661075250139139036775759450 0.500953256225272092194700235268 0.506444896566209612487341473752 0.498229633788959846985022750232 0.493978540768074625422201506808 0.501093243223305617739526951482  | 0.089239022290072911314240400316 0.089309448632577420612577157044 0.992974467734051402523220986041 
0.759657363124107254392924915010 0.502666605140159372666630588355 0.493728873399162104806947581892 0.487583683879994678189717660644 0.472871586698927426350991254367 0.504178361002676211910511483438 0.498285774063027597780006772155 0.500487429623299950876003094891 0.500862306739205398464775953471 0.500104147038774260458637854754 0.499519318728441574783971645957 0.495752617495892056176387541200  | 0.260908724112043133303018294100 0.260910840271366462062019309087 0.930479079260003172358040046674 
0.754214360355907831312549660652 0.017440682138471313294969533558 0.500425639015143475241131909570 0.493925835315418004789478345629 0.498480913224685406870406723101 0.500375894619150551889674716222 0.502978731836936088228640073794 0.497166513321798397839756944450 0.511677543357188180372929764417 0.499482072133233090394099917830 0.495334669877764033341094318530 0.485251358568518864622376440821  | 0.266469860570372085728507727254 0.266295337747458449317861095551 0.926793121216659465666509731818 
0.209639870144386397665670074275 0.945919840683750234866522532684 0.505729562512272856622530525783 0.482818902233173363747198436613 0.488152405016157198147652707121 0.491465488525740901160077100940 0.501629173382031279260218070704 0.505339286779346696931725091417 0.499897549877635682946674933191 0.495959650291630360641192964977 0.497463738719688186584733102791 0.499231335997632974521565074610  | 0.669232182216243032257807499263 0.669790606400361032690682350221 0.323574827089246341849104737776 
0.060462706452126729894658296871 0.000000000052719348125417872472 0.505179403433511864385252465581 0.503605819664148635084188754263 0.494909356218963258911003322282 0.498051417502724469432706655425 0.499319429834766570497350812730 0.496763428432541620516360580950 0.501606657339714101517813560349 0.508899814748177692358410695306 0.502959405541211657109101906826 0.494937335641706055433530764276  | 0.704167207793434446472247145721 0.703949763338450607008667248010 0.094850529519748885687313588733 
0.619218407399619419351211035973 0.684581570389340199334071712656 0.488745602478913632182866422227 0.510856728139295723778445790231 0.508311235086101209645903509227 0.491434299631080262482640819144 0.497219821546368567766194246360 0.505224388167273996685935344431 0.495800993309674420395083416224 0.487036020398094626759899483659 0.487139674283813384203511986925 0.506593226086973880128994096594  | 0.398401532560990145892532154903 0.398590068320259949263828502808 0.827064662579614195969668344333 
0.962182411326288233865966503799 0.937672035545682680535151121148 0.516952936774905058570084293024 0.498889433852435948413273081314 0.497153097306883839934243951575 0.507027070774580090883887351083 0.502305851986634133155007475580 0.488062442816871056017191676801 0.499641052065359692058166274364 0.500916770794619936602032339579 0.506034170423177220854427105223 0.511747173409608846483820343565  | 0.041988856177483727116772627141 0.042027490647753205921244301635 0.998904255493301307389231169509 
0.811734848897939897938158537727 0.839977984998118376580578114954 0.496862088790281264394366189663 0.501822112993114521906079517066 0.486966934658354000386992765925 0.492949642420415279353562709730 0.500878933293459782660761447914 0.505685222922554800106809125282 0.496431187279681218615934312766 0.487401621587791156198221642626 0.494234285131104678079339009855 0.503065557173053456985201137286  | 0.206121466903654015911939723082 0.206227100229843918199890140386 0.957049845141069499554475896730 
0.323190334644167742705889168064 0.000277482618535492312709239693 0.509292252709658277431969963800 0.504098409666739577517091674963 0.501253042598295617260362178058 0.483892842475037665561643507317 0.507058234238879079747164269065 0.505547758401497682179126513802 0.498510969931347913686181527737 0.493604061924594161858692586975 0.492339017857925165255750243887 0.475212532212114013852044536179  | 0.619207776882184424138699796458 0.618081506674102332254960856517 0.486703499713733112042035600098 
0.787792710902051274146629111783 0.785976502452676695220645797235 0.489090192711468363384597068944 0.509227292829030231402498429816 0.482138686857893628001647812198 0.492818333121428198140279164363 0.494941762137635965501658574794 0.516508337142925988416664040415 0.491301495748954986098055996990 0.508207828903017633237482186814 0.493822427123264906523303352515 0.489946790971972467865214184712  | 0.231509492653760667879581092166 0.231749601630201251811769225242 0.946048146919129195886455363507 
0.503343558030067028674636731012 0.220419358024758677006005314070 0.505012925652011279709086011280 0.492565818797101040438235486363 0.493170079105333891700269077774 0.493786818741333233262480462145 0.499549134154466223378676659195 0.513829194940001565683473927493 0.501891465047309859315305402561 0.496573192829468990083796597901 0.494522388352761299579185561015 0.498991752480306138828325401846  | 0.497655862922067704356976491908 0.497479619798521677243030580939 0.711097539921049626165938661870 
0.897091759462791737966824712203 0.840868426082560294076984064304 0.516143851317173663062476407504 0.504612911286747789496587301983 0.521314328882334199199988233886 0.508061758494960047372046574310 0.502996539355828331530062769161 0.489938778185820933419591938218 0.496091917196703091619269798684 0.497445941373275246633056667633 0.505210847984923105968846357428 0.512703740797544549323561113852  | 0.113864464793785105656276357422 0.114001171482067967244411477168 0.988070518337521130902700861043 
0.427096302279018735781335180945 0.156797276502189775193585319357 0.496482907703951981126522241539 0.503518474080460465280850712588 0.497557719656735841784467311300 0.507877485441340925653719295951 0.503239699850828059446428142110 0.503934779030579593772642965632 0.500608628654534926205599276727 0.494629019422804128147674873617 0.497213018095086389802617077294 0.507554925262316047884780800814  | 0.554039821356305250965590403212 0.553912737639439045622680168890 0.621808828554964776458291453309 
0.315509025620509864218377060752 0.551331923861731465486002434773 0.516726838301850066592635357665 0.489979809016628076179244999366 0.507077736254904709589652611612 0.506542713506144215429571886489 0.507221957401346568161670802510 0.493347907745202873819323485804 0.504910564541075634892308698909 0.479557909416715333339453763983 0.476087911851395872986358881462 0.501218335450083651849695343117  | 0.622936331924282882255283766426 0.623095301347317609419462769438 0.476313565738982203079388000333 
0.741640646359219557481878837280 0.372090174372807280800401485976 0.495905181930933247613779712992 0.501852296016823684610130840156 0.472373985107556793039407239121 0.504541404584622377171854168409 0.498743486222146148456602077204 0.496320137868782929047029028879 0.504284192703774558630414048821 0.506375288894138964046476303338 0.504028806094360182221691957238 0.495964777381054489069356350228  | 0.279457894282924501627718427699 0.279355741956752168242417155852 0.919611760191730853719604965590 
0.276354558068875877374637184403 0.705453271599292941473891005444 0.509577576826001465981619276135 0.492701208692195802285596073489 0.501694539417053220198283725040 0.496117336105604878060404416829 0.503106721042038018687492240133 0.492852590751731545193337069577 0.504599010006814396867014238524 0.494782942505001099853245705162 0.499046127337527845035936024942 0.487338516090183138107505556036  | 0.641711102194797544662208110822 0.641890510020332039076151886547 0.420773308985317062713704672205 
0.701653447408274621999169085029 0.276338329243310143468193018634 0.479838450919235381952887564694 0.500503909470162877681786994799 0.515108858713779205196203747619 0.491915056351937551859521136066 0.496252342843537641581264097113 0.503022869574443642903815998579 0.483753480350416709132588266584 0.511645688731546366412317183858 0.497678107861855067994838464074 0.498898986411402567409112407404  | 0.319869891047898535774152151134 0.319616359417136175480322890508 0.893190572525307202589317512320 
0.417290532619557730242831894429 0.021859437022492447799670856057 0.489090192711468363384597068944 0.509227292829030231402498429816 0.491703836883952360992111607629 0.499754389668653486999971846672 0.505093136583499635605676303385 0.516508337142925988416664040415 0.508158207608971235202943717013 0.508207828903017633237482186814 0.493822427123264906523303352515 0.489946790971972467865214184712  | 0.561392424002305601149487301882 0.560681179755048941792949790397 0.610053456907387881003046459227 
0.382830159878505993376052174426 0.732447012993330481833709200146 0.491632004518016141325631451764 0.500598817380108362939949984138 0.478585358507433222818860940606 0.494671742376050438405599152247 0.507160265083273942288144553459 0.515398172182176539379838686727 0.502107219356432543655444078468 0.504161441541769894669755558425 0.494769781068739922247345930373 0.493666377658700361585886184912  | 0.583407650898604135392133684945 0.583805740995730682030284697248 0.566283642825614719207294456282 
0.222796157377631837137599291054 0.323844315744123201206150497455 0.503565967182342366648128972884 0.497485670074002406249036312147 0.501668057820829127457784579747 0.495396293817340349630029550099 0.500762603721836341286177685106 0.506977763076106202611015305592 0.498915363381707499534911676164 0.497359966894751259758322703419 0.482731553175590744064749060271 0.501636758941092386621107834799  | 0.664585047145672125346038683347 0.664437525993297417592486908688 0.343004766145442618885397223494 
0.747002217342332519578462779464 0.328080896944803912518295874179 0.490836283231850356578718219680 0.495870301340866015404884592499 0.514640827353622598572258084459 0.505906631347264879039471452415 0.499493481620029544654215669652 0.522496904456031141528171701793 0.491474224534956372067995289399 0.496371973506683439314457473301 0.495715865753984852304370178899 0.494657548000920765929322442389  | 0.274015156437119156151993593085 0.273868915708409876863527188107 0.922979555024029063581281207007 
0.794467289591167413753680648369 0.351473923908304619612152919217 0.488292902289742647425896393543 0.494321949270701166412322891119 0.495922258308014285432818724075 0.493817651914033428628414412742 0.499215343227844332574250074686 0.495822948083843195732356434746 0.499120176337934096100212855163 0.496540773240468469307273835511 0.494359039900135965872607357596 0.497341183151452814747983666166  | 0.224425511096791902021507780773 0.224394751731509217718141258047 0.948613699227733087049330151785 
0.710951755296298615327543757303 0.700470891688925845208757436922 0.493125119587846327817715064157 0.486783088166264310547859395228 0.497620003230024532392405944847 0.499166633321468156125888526731 0.503097088427405192412322776363 0.504183114396209663965464642388 0.500634971744411294558574354596 0.503092576888990339334384316317 0.489470780799092231028168953344 0.504192494041433514340155852551  | 0.310217958695600815044457476688 0.310294878167633847443340755490 0.899038196737168671113238360704 
0.880353186379768781755217332829 0.267313749768877173540460034928 0.514581711828363097538385773078 0.508507369072695669665051809716 0.526675095145996419176981362398 0.505634748464070971074590943317 0.500496066989373211697511578677 0.499550311327329965571664160962 0.497800666265132585319719282779 0.504581273801828378289258125733 0.504304032639622756839514750027 0.500409766720606108414415302832  | 0.132306845354173030493427631882 0.132203192932065283216047646420 0.983445435167068726656225408078 
0.877833400467380786658111446741 0.890190408076550032667739742465 0.509314623497562957155082585814 0.491545559416759370030547415809 0.500415377351774548486673666048 0.504239941820264325755829304399 0.497445526278413097109876161994 0.483890654491067606635112952063 0.502748052490076147158504227264 0.498274936481806873800337598368 0.504861649084761721084646524105 0.500511218540574343016658076522  | 0.134886575425665400373986813065 0.134965406452233621648062467102 0.982111948294830949812705966906 
0.398880150719755632859886418373 0.100686978936847262855458495778 0.510620456235456376958836699487 0.496265948037423354488595350631 0.498637955612087180323754864730 0.508966332220995965052168230613 0.500075588061554165975053365401 0.500081058644041731575669018639 0.491001099562390741493089763026 0.501466995978006258027903641050 0.509299128787992660960526336567 0.479579987953134279088374114508  | 0.573533094943106336316418492061 0.572961425000334978463456536701 0.586827737042024066838052931416 
0.497273492596602140203287945042 0.557385736551226584900575744541 0.495266374463923075843752030778 0.499174538569122305808889450418 0.508278560616323593635001998337 0.506123668340161980694347221288 0.499975546791771641164103812116 0.481241055475619128323216955323 0.502349933557093564218121173326 0.502052166014852585540495510941 0.500176489688005543321480672603 0.517355487742283792762520988617  | 0.502498643790984078627559483721 0.502570340691523953502439781005 0.704629541255429869828219580086 
0.831347785495290647617139256909 0.145304250140176616223897099189 0.505349922255031946960457389650 0.500280064348442965460606046690 0.504111964947464796793497043836 0.502171455091247498359052769956 0.502495297864380963126507140259 0.496892972371958840938077628380 0.508284179301930039152068729891 0.503504660612576149247843204648 0.499319230873173924845076498968 0.488467408978478345726870202270  | 0.185222937602090020892120492135 0.185165052784273725938746224529 0.965384690942398315804950925667 
0.779797596806466430940929512872 0.308830832260109211517828953220 0.500240260552947013650282315211 0.499151894633461101769000833883 0.515786309365766304502187722392 0.502292814975393686616200739081 0.499123498924367969831195068764 0.500737182170013506166128536279 0.485206724021166657667691879396 0.502052166014852585540495510941 0.494951894470759490296529747866 0.508225243220780775743605772732  | 0.239913925947241618574778954098 0.239831462751579405079382922850 0.941311846819755215776126533456 
0.183029336096010741830042434231 0.348467132927374523276853324205 0.515527440631820654814987392456 0.506230989343339876640470720304 0.495561691863228070964453308989 0.497109869947485627506011951482 0.502841688316935098157500760863 0.501626195988765011257726200711 0.510169091462272628056950907194 0.505099601718960178331485622039 0.507475553497170106531655164872 0.487918545255784652514563504155  | 0.678629382636487976654393605713 0.678419572528880077122437342041 0.283741759792194014888622177750 
0.775864274853781621388293388009 0.061978565404535543303943256888 0.504142295127861905790211949352 0.497927946200428905854096228722 0.493902056062751726450699152338 0.498297673518846795381875836028 0.501708821256657166998138563940 0.499951503464561297640500470152 0.503600555912947722703165709390 0.500718214932946326101159684185 0.501917349018679015415500543895 0.498568304794396399692857357877  | 0.243875295691884125259818461018 0.243847222900144988688708735936 0.938738890858237584602363767772 
0.577539399006039788631028386590 0.458025082329052091179022454526 0.497145882166478869645942495481 0.504083120626160230415280238958 0.497005778298837519457720190985 0.500951694064478258994199677545 0.504523971296026885191565725108 0.503230483534318429050813392678 0.484531181301026070418203062218 0.499711305763033630800151740914 0.496072050272840292528542249784 0.511735107261409361001369688893  | 0.435759696529856799251945176366 0.435733385639183512516581231466 0.788141049817414840461538005911 
0.731850820466753870796594583226 0.752882297533261968247586537473 0.517059168872234131697496195557 0.494452527681549180993414438490 0.502551358067990561195870213851 0.501810020608191686974919321074 0.504789718251110741675802273676 0.495701243861775608934294723440 0.499406618721453532394605190348 0.499376386651071424438441681559 0.498584457350942700237794724671 0.500246723580718088975061164092  | 0.289175240868627836388071727924 0.289261556549581633213108489144 0.912938758326133137366298342386 
0.731850820466753870796594583226 0.390527158812625618811154026844 0.517059168872234131697496195557 0.494452527681549180993414438490 0.502551358067990561195870213851 0.501810020608191686974919321074 0.504789718251110741675802273676 0.502693259843358886129749407701 0.499406618721453532394605190348 0.499376386651071424438441681559 0.498584457350942700237794724671 0.506367808772579475196096154832  | 0.289246999124594117436259921305 0.289206723456993441967455282793 0.912965463124586040777330708806 
0.390152234268403064199048912997 0.055684477656742135953660266523 0.498518316786593584932774092522 0.498813494803333201677020269926 0.514099132708733530527922539477 0.507620104662008353457736120617 0.500620738684724897460398551630 0.499057854245535226223040581317 0.499059276913296434585731731204 0.501921002078508871058204476867 0.491562329220271210239445736079 0.487572352991903379404448060086  | 0.578905082503544554661800702888 0.578507889648866346909983349178 0.575483845329044174654598009511 
0.377681708763376700055403034639 0.372090174372807280800401485976 0.495905181930933247613779712992 0.492532532799070499329729955207 0.472373985107556793039407239121 0.504541404584622377171854168409 0.498743486222146148456602077204 0.493989939912138298350186005337 0.504284192703774558630414048821 0.503877718031232157969157015032 0.502602587970877312528727998142 0.495964777381054489069356350228  | 0.586946961597649363717721371358 0.586723033411939098868970177136 0.559599184571495267270790918701 
0.815164077149222010554296957707 0.699095297833580264779129720409 0.505027866688567028674583525572 0.495402223845235967214506445089 0.506418045915458803207798155199 0.488084408904739808221506791597 0.504650883442692821390096469258 0.510986498551697865266874032386 0.496842257294317579674469698148 0.481397873990265123822496207140 0.494913512607666028486619325122 0.497499893020202810234309254156  | 0.202534579446908974409424786245 0.202630813872852227897070065410 0.958874961967585037747596743429 
0.162292183430919195741282123890 0.006514041882602322752759960167 0.489728612486066472442303165735 0.496703917429118069204463381539 0.492920521440811720825792008327 0.513992031065435006631503256358 0.500740317450090177686661263579 0.515590355608112504981477286492 0.500338750048440861206699992181 0.501812922367249836241853699903 0.492803529828497677289789180577 0.508979026896124175927127453178  | 0.685154907122765721716461939650 0.684368115011989019969007586042 0.252362737195196307204980712413 
0.198420643441778288273980024314 0.277586343839881233286348560796 0.500222948011995405259710878454 0.488886248981331983376463767854 0.509575312263214064145699921937 0.499989212584305176001464587898 0.499708855423613484969536102653 0.496100883822561677938267621357 0.506581094470996862177969433105 0.493732240983221881691633825540 0.504207969182940085595134860341 0.487711339543023536524657401969  | 0.673476125120191171369299354410 0.673249521779892834416614277870 0.306804383275393832697375273710 
0.587344588155711111454593265080 0.189813069316576127354423420002 0.485340154839584647650241322481 0.498848941095366926745668934018 0.505945221729976801761097249255 0.507005882130026508392006689974 0.495391863476437877000790876991 0.488455632073131307269164835816 0.503749087226485925405938814947 0.491946673816220536590293477275 0.504995105891451245838652539533 0.513128431509569660207148444897  | 0.427380471547974150059445719307 0.427076197524818790274281354868 0.797756334226470076309567502904 
0.547413853130610528197053099575 0.150860885548228546015891993193 0.508597459525319872675197530043 0.490314994943116977399455436171 0.494454582611665527380750972952 0.497247413629953560754159980206 0.488348900292905119258080048894 0.521458982327351772134704788186 0.505514856126412559511607014429 0.502833125578065476268818656536 0.497359054097721797749187544468 0.508920907405904898723747464828  | 0.462072021966990154062671081192 0.461602728310271825939992140775 0.758464094438784264262665146816 
0.414900935595391262555864386741 0.462340303589438117448651155428 0.489090192711468363384597068944 0.509227292829030231402498429816 0.482138686857893628001647812198 0.492818333121428198140279164363 0.494941762137635965501658574794 0.506440465988399979302414521953 0.497608609614816288502225916091 0.508207828903017633237482186814 0.493822427123264906523303352515 0.489946790971972467865214184712  | 0.562685880772377244873894142074 0.562629069439410267605694571103 0.607076735440520653952489738003 
0.338245617118915486987162921650 0.134837260792305513312783205038 0.492835771717090254107063174160 0.490703818884786091558680709568 0.503317867213513236990252153191 0.510830104896099257416608452331 0.491140619071805173412315070891 0.479933123359179425460041557017 0.491621003851833826558959117392 0.493654963941848545783130930431 0.510585705502705544667207959719 0.512627631919145954064731540711  | 0.610709259123279557535113326594 0.609919547626405322837683797843 0.507239597632751504363568528788 
