0.890567545158253426329508783965 0.958363454980341811229038739839 0.275243737033187052531957306201 0.143742989744056970380370330531 0.303903162360466105873513242841 0.109470749499103847668379785318 0.681044548351937950592116521875 0.679084262728792964480817317963 0.357512101307506879876996208623 0.579206166229040086967927436490 0.773830052377188715162503740430  | 184.880942857889749575406312942505 1064.924550789483191692852415144444 
0.256117697869872040783434385958 0.875727701335473507349149713264 0.348192925884662218827259039244 0.034004177643452204726770560228 0.724571360055958679780019338068 0.705748757474271792844433548453 0.630163651947846292777910548466 0.850299564071793523289954919164 0.989408056860397899789916209556 0.965804349069761425283786593354 0.014878138480137192978247639985  | 1133.758824953245948563562706112862 482.434014734230402154935291036963 
0.223507742291181199512095645332 0.295525894664884325457876457222 0.554697080092194649836301323376 0.973725751225497981877765596437 0.811890657417032368670106734498 0.116546019494278341177562197117 0.986218713152858139636691703345 0.226323126252240380829050536704 0.575073149517934090191317864083 0.985083566862505533023863790731 0.211140416439288380878736006707  | 757.643292329160658482578583061695 277.493457648586797859024954959750 
0.454798011414412117758843123738 0.822137948640419002899193401390 0.512235395739744081566868771915 0.754435950612372785428760835202 0.714644827893527789797190052923 0.068008355286904409453541120456 0.363142869229625242510905991367 0.681040898653235915460868454829 0.260327303895692585555821096932 0.690595256995229611618469789391 0.504700589856282300083023528714  | 737.141455987941185412637423723936 639.248888538257460822933353483677 
0.879282669137258388047939661192 0.622743730036456333287731013115 0.964206668367276198416959687165 0.645939869376788378119158551272 0.000038294657357273997888569284 0.635079863635685359923854775843 0.334756290953735824444947866141 0.623164971267386347264505275234 0.361281279850411141119082003570 0.450168950083704944020723814901 0.905483978295747893305644993234  | 246.586922655366294065970578230917 1284.787095437725611191126517951488 
0.747223038541053430350302733132 0.820445725618774934773114182462 0.321605041103637967481176929141 0.791667766620722024306644470926 0.355034798886731062239618950116 0.966399720458410160794926468952 0.611075907441888555027276197507 0.994369232077881637366090217256 0.898165267575804171507058981661 0.513502748481496129606682643498 0.565522440874642429164964596566  | 316.851690214926350108726182952523 755.608235118789593798283021897078 
0.371027111479191207266126184550 0.468910256747403830779319378053 0.411260447606995871439039547113 0.760364691688682481363059650903 0.059808888097483414725274997181 0.630125357290489018780021979182 0.215219700436108163366100143321 0.654651765906662075344968343416 0.342639377802375078019281318120 0.653596858629726051859165636415 0.773338792207476255491371830431  | 1204.071039330500070718699134886265 793.710640150288440963777247816324 
0.788809402048772145832344904193 0.649213101796446756530656330142 0.226502712684444551527462863305 0.991444931798257433896992552036 0.794940978390640373696385267976 0.194550946532136115330047232419 0.871288327365509318589431586588 0.608673429059523929396391395130 0.374007659420616977996587593225 0.216771184361406743512645789451 0.556632743838607946251784142078  | 292.415119007675968987314263358712 848.890840382002465958066750317812 
0.308635200158922873292510757892 0.946712954865101652401904175349 0.383408839133181578162634650653 0.245734571146123959017870674870 0.656747907679908538014501573343 0.602778177540942761147846340464 0.621232010555752500735593457648 0.630201946605203566775799117750 0.475375556559121448252369646070 0.850048823949620224738055185298 0.536643291334883310028658343072  | 1201.125519894540275345207192003727 632.670080233874955411010887473822 
0.969146871406730281428565376700 0.190867876159799942925587856735 0.857130467328016232286813647079 0.350825192860910517467232239142 0.408577150951240808396391912538 0.343311359155478390547955314105 0.828223992876745973568120007258 0.166730333318275025789034771151 0.578880622718195625431292228313 0.531476318875130915309057400009 0.530451854179646686837656943680  | 62.096866911901926755490421783179 1280.296028273223555515869520604610 
0.263812981780166988521330040385 0.012969840944715094188666171249 0.844954811755620371904740295577 0.971625959753549484076984299463 0.720665149312286201777055794082 0.954327999761980017012774624163 0.391591054536938876218243876792 0.276933257020051670771465524012 0.883300801876292562830883525749 0.090146884315520980912594950496 0.520978287529570982528070999251  | 900.898991115513354088761843740940 396.276834563152249302220297977328 
0.932266965412520520750661034981 0.442113576200265590010474170413 0.569496815528882538437471794168 0.202678420769467182438461350102 0.279300164429578501312789740041 0.806642549484867354969708230783 0.311340406751183684797013029311 0.514415384925629104451161310863 0.486866525311451026070130865264 0.194458169489280630060079602117 0.890766338492183895603204746294  | 61.109206772429843113059177994728 572.193838774959772308648098260164 
0.117736782921315841221598930133 0.696050858504797864689805919625 0.727631950018090445375662511651 0.781971137445925279507719096728 0.349596134776515743425306936842 0.899662367611959834512447287125 0.888008279747237727619335601048 0.419679659658636960983812969062 0.825180129824467867294401912659 0.279699486818556275480318618065 0.425334398282630310461627232144  | 799.516854485376029515464324504137 149.572225290382391449384158477187 
0.856566070549580671489309224853 0.862430551603610595634563651402 0.313467605733603438267209639889 0.214634331479642948004027402931 0.033281362012060222710374546295 0.418553589786285318297132107546 0.350901782175625065463009377709 0.668733007074254093282661415287 0.538708417198436539941042155988 0.022227906409254205577497032209 0.482280346095279255358434511436  | 264.351743033084972012147773057222 1153.382791742480094399070367217064 
0.996409706670519312865508254617 0.966364128835832336683608900785 0.233088409939594676245633309009 0.712526292446442943706585992913 0.615679409137387945172292802454 0.046252855430820694060400910530 0.817134198541759282363727834309 0.679218255106235790918844941189 0.111796659216493954325244430947 0.705271724355178819543255031022 0.984113494961610713041011422320  | 5.007040571761137037753996992251 887.823623987683390623715240508318 
0.587635442662084783727038939105 0.988388741206039700415431070724 0.109195408149938888442420648062 0.407197543578682763509846154193 0.739693668282337069008747221233 0.358309692524878653507869330497 0.858379667233766352474333416467 0.532399019700667497367874148040 0.421413877241266887629933535209 0.982269870331134442587028843263 0.910039059003266315173164002772  | 606.180322191251889307750388979912 801.141692402627995761577039957047 
0.959833230104986334652039658977 0.573087108858363225571963539551 0.236314291933634845754852449318 0.046211754489983825067156431032 0.094116257038424411263122237870 0.695660997613795739624720226857 0.468162529494808410390760400333 0.669732326769691743706403030956 0.515239914383044839141234660929 0.880731554682833372993400189443 0.005940123704821886896354499186  | 60.807675707516736451907490845770 962.486835391408362738729920238256 
0.990779134149619045146550888603 0.743518455056479732334651089332 0.194335694783840495780680157623 0.361207393570476043009875866119 0.790466959462020946070026639063 0.480810736168554964109489446855 0.679985991376299891975065747829 0.466870437299589213786532582162 0.421319819584789923005985201598 0.892935378581962813093753084104 0.435152193308313783859375689644  | 14.004199891782613818236313818488 966.799347815317787535605020821095 
0.880160681272476153047534808138 0.403428546730337123094045637117 0.254801101374656613351987743954 0.460194253153696997138411006745 0.182239297852650472542279658228 0.304690027685641240395852946676 0.574616750035829682019539177418 0.843047419584640800316321929131 0.554065376914445795186736631877 0.812548019325587511652031480480 0.481169792287474473724273593689  | 199.158673865703121919068507850170 1045.459860264935969098587520420551 
0.085632574152998963690208711341 0.227148286234772789349278809823 0.721747158296823898560035104310 0.872160954080908212837641713122 0.851917160646980198279720752907 0.455926804971283239353851968190 0.888751295644214844848818302125 0.431810667840194062350178683118 0.238401287055589605756722448859 0.562793675376820790035026220721 0.694700064080121970633285855001  | 1273.058751851633132901042699813843 172.281129740392515259372885338962 
0.553236547897725916556055381079 0.229034726877462735394885839924 0.003768996848345640415800517076 0.484892566907680455656759477279 0.898115439371181656369458323752 0.676140369381115879932053758239 0.227708992015026256972021201364 0.846797127205437205610394357791 0.139222450746493642270706914132 0.355973682088820519986427370895 0.147285210779398823000008178497  | 804.732284460941286852175835520029 951.978453801517275678634177893400 
0.091917316570888751847689945862 0.150681717780635882064643737976 0.819063468255211035717877621209 0.372369098741600512703087133559 0.823500043532887526787078513735 0.616245368847828212111039647425 0.213805521798408504352551062766 0.626488618738829994292416358803 0.351507507042037814493085079448 0.574129455864627824546175816067 0.752377847094029439389828439744  | 1209.824026413559977299883030354977 175.902508997586380701250163838267 
0.180724779679658942299624868610 0.499635630703718525147394302621 0.807970845672750126453820485040 0.561432232584558210675140799140 0.477041739320209323693688929779 0.195093424468619436318306270550 0.568754997928407557417074258410 0.745179450203674043073931443359 0.665226386566936556121731882740 0.588355066102876578248981331853 0.740938230525982510776827894006  | 975.968135123670322172984015196562 284.750260339502517581422580406070 
0.047454864641516603107618266222 0.107515890595257790351979565457 0.368276936582808245290721060883 0.031557580072014590477635920251 0.485626559430430204677975325467 0.202247651294229169316452043859 0.019547376051753273529243415396 0.937820008066617583075696984451 0.598742497527179007299480417714 0.854681173548644479431857234886 0.734125067110961149197123631893  | 1027.250872005479777726577594876289 76.715401925518690973149205092341 
0.653018830370144964803102993756 0.969369311202794459170206664567 0.691436174401249270538016844512 0.352281529943261673132326450286 0.647955959298533112900031483150 0.327319063059656634173677502986 0.236717243371574626031872412568 0.669646289127182048339648190449 0.817614225173146746961094777362 0.029473677513185414511553972261 0.964881481794849338307074049226  | 726.690436168639735114993527531624 1198.571826202541842576465569436550 
0.488096496351480224618057945918 0.956314132206829037308182250854 0.377376676312422665304779911821 0.529838502788373411078737262869 0.644582789309101289454417837987 0.742082432584596052294045875897 0.644549475911208036293942313932 0.119675074694740368741463498736 0.418153674022202936910730386444 0.548542713252219815700527760782 0.237236143022244272415832710976  | 1104.739473796845004471833817660809 1064.180328335455669730436056852341 
0.416556650669674732867520106083 0.166044637885066070914774627454 0.402999787538806053532880468993 0.132063869131638256249061669223 0.263963838904566538978713197139 0.565849562499875391452519579616 0.299169555679173360118738855817 0.299325198721451579686458899232 0.337412212493053198514303403499 0.082731557966847391050180249294 0.363110554506512195338530091249  | 849.619404301272084012452978640795 651.702655092886516285943798720837 
0.470161953190533110635840330360 0.843089363877900788146746435814 0.073335736233077986057082853222 0.520727607113380286385506678926 0.817716748156196771013526358729 0.038916495140034146338336995541 0.100596660894572753619513605372 0.923143953982340503827686006844 0.943805590191668541955039017921 0.621263155831242142035364395269 0.629301190619313666196887879778  | 895.210207814346290433604735881090 814.995007983830646480782888829708 
0.558973177343037974651451804675 0.131040793560563972874888349907 0.615000929402339857610115814168 0.319581921545364133763200698013 0.799247863755423115783571574866 0.887483506920115017280181746173 0.673856169162051044096983787313 0.032892935027303615846960838098 0.555511617869471119313118379068 0.434799868389509569510664732661 0.315606617877091766288799590257  | 637.024115352385820187919307500124 767.505996849064558773534372448921 
0.886637753235947068120026415272 0.328325619894737075199486753263 0.882119576752728562496486119926 0.804866595420632324753285047336 0.253983326826578648116594649764 0.419000495215377855018346053839 0.630729793987147902001311194908 0.717017564278573993341581171990 0.106329723530844910683867965417 0.021075891603180796352035031305 0.866833340520238082582693550648  | 169.105571742805977919488213956356 939.604400423725110158557072281837 
0.327012941587515371111294371076 0.818403498969384690653328107146 0.398797709227809438203848912963 0.029581859906761431844302023819 0.422500511039231918530845177884 0.845301612155784920510370739066 0.232191567774625351461281752563 0.744297504860151892813746599131 0.515649778224916199853566922684 0.681724525152773153102714331908 0.981756782280165163356855373422  | 918.520354745330337209452409297228 518.218056721047901191923301666975 
0.850438020007974304625975037197 0.516362034302858985412854053720 0.803738249236901181049574915960 0.381844262151837976482227077213 0.760982967079243066699234532280 0.045186228852594712002144206053 0.767870497514245631265339397942 0.918411717277675343495957349660 0.452001763979699489048869054386 0.646092990227938201996948919259 0.363832229659688199951972364943  | 305.841548371152498475566972047091 1277.794185404965901398099958896637 
0.822013472274719991794711404509 0.206502395712839903474389302573 0.193714665525864915274212307850 0.999313249186812080360198251583 0.640118785912224708134488082578 0.071014800987811321775211581553 0.500643442943108585296840828960 0.098503978035883621444668278855 0.389071588056616790574082642706 0.885003685759161773383141280647 0.043323399118121774797884881991  | 191.835844352899073328444501385093 668.184098216651477741834241896868 
0.449316268407790819772174017999 0.633244147122174694253260440746 0.469143901537389829137225660816 0.282885829452564130370717521146 0.083745257683213836230606830213 0.292011907010213067614756710100 0.271909967948060549147726305819 0.510325389016876407310974173015 0.666929370875263938245325334719 0.397194900599416422792842240597 0.434635989256247579071157360886  | 672.362113746326940599828958511353 573.003767609547821848536841571331 
0.682232629666798873202537834004 0.518287347093040362544513754983 0.982853123145912332958573642827 0.047480931113738744642205347191 0.419687246028565774658147802256 0.990611008074923193866823112330 0.646002763290762671566369590437 0.605686280587736325387027136458 0.922571913567297174907366752450 0.477761752463621292008610907942 0.442009255828353597728153090429  | 499.734687960982512322516413405538 916.613909576087735331384465098381 
0.775080099851262915855443225155 0.949481440820018618431674894964 0.396337712784586737591041583073 0.953356609501842089393619517068 0.562415782703220790139653217921 0.148446310091411515230674922350 0.452285597849938825198989889032 0.243739810276855650705840616865 0.171399136135896745791740158893 0.314827411404901225111530038703 0.453243119408557881833132796601  | 553.542891608420404736534692347050 1501.025237087944333325140178203583 
0.081726045046611406341696692834 0.121505619570102307847037081956 0.863556915058797613937713322230 0.778129843933330733740660889453 0.997705297738855967359938858863 0.430130461832904598118432204501 0.498724471249109568837809547404 0.461390755904776295182045942056 0.000090226937175530430579328822 0.758145949071951874564945228485 0.899441558707422816887344652059  | 921.942358878246977837989106774330 119.008803633556482282074284739792 
0.728740643249218611465778394631 0.751705409697511317546059217420 0.224233149335549164504755026428 0.690637345092206089702813187614 0.674677088203224584184169998480 0.547286833441266495903221311892 0.536088195332662831305015060934 0.240625277965205275343407720356 0.432718087909222948184151391615 0.799583588841266124092044265126 0.277917132271894073980433859106  | 508.712403799537867143953917548060 1120.756473961121173488209024071693 
0.318416735717273469141730402043 0.015900782128831947304092864215 0.201159784405952724029020828311 0.962239638113111528383569748257 0.428454991951415453677043387870 0.493780124014729815407065416366 0.512620091278020439951035314152 0.236798909042359340126893130218 0.898470429350306853955032693193 0.973245233351471283889111418830 0.682142402729623342771958505182  | 716.312259237117928023508284240961 391.479290800723106258374173194170 
0.760141398021088487979568526498 0.083411564438489516071228990768 0.318740287864520133176426952559 0.195454096693016610153392775828 0.299973662982717104164009924716 0.971325675087538087382199591957 0.058399447146469829483805824566 0.386483718234634343602351691516 0.237136474498416016665203187586 0.009291167919130649544001698814 0.975496511009996791763398960029  | 321.031481703892325185734080150723 811.359425522166930022649466991425 
0.671564308548124544451241035858 0.077920977067313268449311181030 0.937455827373010142089526652853 0.361255998297268066110632389609 0.186206671978299986847105174093 0.023830605898523371521946501161 0.749959686262125835298775200499 0.658779044857876305840704844741 0.078028502362541884984636908484 0.554772690058251027878100103408 0.108480811695140122452585274004  | 664.238651453504985511244740337133 1171.212032336381980712758377194405 
0.439363216840478965075078576774 0.103415517037709125958144795732 0.694718279494841217669431898685 0.678965009874335834183511906303 0.844095835849074882517584228481 0.303270374556092958684416771575 0.161417092922059191018036017340 0.028764551849637443048379736865 0.699746501925482045081139403919 0.512957840472788473284992960544 0.491604168750802594800575207046  | 539.234415537927930017758626490831 445.185746965711757638928247615695 
0.742414241778380668002057518606 0.248736638325552372741356066399 0.019073036544081545251572151756 0.596756111135911315734858817450 0.609831006068256353813694659038 0.174832197035394765194382671325 0.054418605986905288496302546264 0.408887482010699576662204890454 0.049623902579140288793269064627 0.619138087414017768139729014365 0.240388233354731584157093493559  | 446.741992700163336849072948098183 1043.196050415673880706890486180782 
0.461128092070580919425992760807 0.092678972710812601576435554307 0.522876421272632563308491171483 0.325039474913706327718898592138 0.799061844519888597737633517681 0.833655081403684605767523407849 0.392703073193284457609308901738 0.595200054794213895270615921618 0.811828140429412092871075401490 0.653377850879985899723578768317 0.060394896095606442898429122579  | 630.513661335507094918284565210342 557.861348795484786933229770511389 
0.570453723965701042786236030224 0.827136119113717538375851745514 0.946717458367464237412036709429 0.280900626438635558912437772960 0.374569563951626771647340774507 0.448568441078213475670111165527 0.211651521199239578407969020191 0.182717868511510728168900641322 0.600403685908431072881796808360 0.925872608430856502970129895402 0.052426221134106776311512021493  | 722.477566502380682322836946696043 903.117748400778054929105564951897 
0.837532743712581684292217687471 0.476327735302429222663533892046 0.268577025586455464534196835302 0.663330250705667423538614002609 0.698791130984817043803047909023 0.950897841742237237561141682818 0.825123963454191700073181436892 0.685325429169257427375328006747 0.959572635264037132607484181790 0.296652671265728029581509872514 0.785985365960493065351499808457  | 262.574068155589770867663901299238 1006.449130411093051407078746706247 
0.043020620942102683059715673153 0.124264555529140174883195868460 0.851828890760618295807660160790 0.000475451643625834918793771067 0.356552916188628721272380062146 0.880516466483423632105598244380 0.654194987898010671401038962358 0.251178060847268569411028238392 0.301306319273548894877023940353 0.308886300239291866631674565724 0.142010555869949595120260710246  | 1247.013629770715169797767885029316 84.397491873549384422403818462044 
0.322864029894695869771226170997 0.966646815409974768940060130262 0.759223367423329631442641129979 0.133503270765827131150160766992 0.906255171448939300660185836023 0.391088355281237864957688543655 0.710096351025882532859156981431 0.098726060836903051232127381809 0.794014123959826068066547577473 0.555062804185474156781765486812 0.501555456806543786818508579017  | 716.704491607970112454495392739773 398.220868499085099756484851241112 
0.796026301445084571994925681793 0.736891055312139497956991363026 0.282018853971603644659182918986 0.674797288990748422854437649221 0.981826190643066309959863247059 0.392227621549658622690515130671 0.238647138605585173998235859472 0.931311673945988460765477157111 0.999182862981975228322539805959 0.809216835248337873487400884187 0.269147404692152147909212089871  | 304.653300987577324576704995706677 918.087661994439372392662335187197 
0.518249818874425671744177179789 0.623853428472768367640810538433 0.314253811028660789972377642698 0.615346196528297140204699644528 0.315065170312386344519950398535 0.305396349750300277747783184168 0.791629513230272863211212097667 0.890307334882548540022639826930 0.827146547593953451738002513594 0.258412097174280708244964444020 0.282469939527107527510452200659  | 457.331989320545858390687499195337 484.333885033824628862930694594979 
0.974772278495885435845025313029 0.472550724141370892539271153510 0.926439195393527925581622639584 0.416772277013213399143864990037 0.276100552751488814706704033597 0.843297772811125390113318189833 0.293097807619598804684812876076 0.720925496658451958609248322318 0.365340997319739568816032715404 0.786802502978517837028960002499 0.233803785693764809572314788966  | 41.530225844658097855699452338740 1047.463680608375625524786300957203 
0.855117150836988026973983778589 0.333579071886192624063482981001 0.298865623308126382440264023899 0.732699487715860353631569523714 0.566262655454762842133220601681 0.038848791369713531196339317830 0.936112890534882224891077839857 0.995909969523248617129240756185 0.517256787009019003420462468057 0.251703220987401055097620883316 0.495717482300742418033223657403  | 256.150415774279622382891830056906 1106.033819179716374492272734642029 
0.708234718235694060695095686242 0.476753427896222103932188929321 0.158730992269941695305135453964 0.433704447307568408120914682513 0.464649159887709939376065904071 0.293324074012669133715291991393 0.822625508085414236525423348212 0.950716351148700677953229387640 0.261964996565875352096952610736 0.780629960148091828209260256699 0.430685304125345003178892966389  | 582.342324340951108752051368355751 1180.412424848658702103421092033386 
0.950088552333621660928031360527 0.048215068277838835086868130020 0.819680138153760395880453870632 0.648247118756873685896380266058 0.093361998241532240250251106772 0.505947650889724820366666335758 0.365049018491225618632256555429 0.960334071612261697126200488128 0.873103944713455648596323044330 0.273237435168903530779971333686 0.000993031865406668323714711732  | 90.858495615759693464497104287148 1156.523329035227789063355885446072 
0.128135946172025949607586881029 0.606019092792966729277281956456 0.138592768632075036272510715207 0.156334178042444649214814944571 0.871691902442731869626868501655 0.326980353342562923835146193596 0.596983260869879406307347835536 0.004521039508539215212579165382 0.307695746025580030291735056380 0.020504942961232175413499589922 0.194142318347793607635765056330  | 792.789682368323497030360158532858 161.759430637250204654264962300658 
0.041865420016025889360378187121 0.976350643059906264653591279057 0.368557208735374564056996860018 0.456420414597728418826250162965 0.195050654054251704216937923775 0.199735809378066564434561769303 0.214977845768727138242581986560 0.000291978828513950183776159975 0.826468431366256139902759514371 0.360699840980309160975991744635 0.581879715668084496194012444903  | 902.709607005892394226975739002228 59.449756943768328198984818300232 
0.332586040020785955739768269268 0.848959015960027985059355160047 0.604563541543834404023982642684 0.960243562661796112855938645225 0.900256022737638494923828602623 0.779778712492437575676262895286 0.124218067080516747502372254530 0.190276433666456079585316274461 0.654719960117521648790273047780 0.491196442792203202820644492022 0.400538972210114030403360629862  | 749.174639559257002474623732268810 431.364419610688344164373120293021 
0.456248484934989928518689339398 0.964588673922148087669370397634 0.391839027291542518760536495392 0.488298516827803674722474625014 0.924766865277294569658295131376 0.366205093487685817699173185247 0.755665697094448973736291463865 0.062229187187808787662390841433 0.565652114379364689966678270139 0.430393325296831052995116806414 0.123620120967365521025271846156  | 965.553749561054246441926807165146 841.189941436776507543982006609440 
0.687515227297529674110876385384 0.237800422485675899686441425729 0.315661078736087730156611996790 0.244402982281504255190895946726 0.901384109345890416342683693074 0.404805455829429505776317910204 0.060078048874623202202371885505 0.093325232221018072920060149045 0.149019368088386783277599079156 0.810716598198950588738398437272 0.636939503379822746786942389008  | 513.375613757584687846247106790543 960.513480861546327105315867811441 
0.205480120582852698873921326594 0.682344283697085107753821375809 0.191745504120296561545444546937 0.479852875151189350866332006262 0.838681836514759249112671568582 0.672216395592584836649052704161 0.638315946020853397513405980135 0.552030048931131056555443592515 0.958275755773423387751108748489 0.628490203968428917669086786191 0.611472094719194836365261380706  | 1131.384856607310894105467014014721 378.407013637692955398961203172803 
0.852730522092540743628319432901 0.681041981437844889946120474633 0.218619992112052519139808737236 0.879389575318163974060325926985 0.955332827096562309243665822578 0.313593736422836721899898293486 0.595486522999084444407458249771 0.766390382491632937700387628865 0.267374608759291088055931595591 0.432860347579697712916413365747 0.521869441821835367001369831996  | 233.767393761309733690723078325391 992.444416015298088495910633355379 
0.053772368729451236468719343975 0.967624038164011657237040253676 0.754763442078943413982017318631 0.217911739040553387170007226814 0.588033208372141014130818348349 0.644365191929327396636040248268 0.351594597151696830472644705878 0.982503564524936812141220343619 0.852880496771349805307238511887 0.848508923278982973847917037347 0.497972729161566540767580590909  | 1356.158803235012101140455342829227 114.821740825686205766942293848842 
0.336098469953719170000283611444 0.780366932572347682395275114686 0.635567994735262931094155192113 0.243724883839449679712174656743 0.147585101375633298559364448010 0.876276121776284999675965536881 0.106896360091246478418725018855 0.252058377956527968066779976652 0.834906802297746608587658556644 0.357229738475732583324884217291 0.420140618538238586054944789794  | 1224.550081294019264532835222780704 714.103915446189375870744697749615 
0.804940074905978186770028059982 0.793791636914252363155242164794 0.190630613552053018722176602751 0.933760071181878759105643439398 0.650042013750486091794300591573 0.842166309834069815032364658691 0.505292023848877058789241800696 0.504654176159059386641558830888 0.459122001047253758265753731393 0.784059006608472941479703877121 0.356971197303869725026004289248  | 318.955571120702757070830557495356 1008.198047220775492860411759465933 
0.184371554535518566986240784900 0.855647034166577391545160935493 0.699485942578841668471056891576 0.203113841779496318018516376469 0.428491511753135156936878047418 0.490730844645220098954041532124 0.675753927154846056879478055635 0.851379395682176909332383729634 0.376431826011900949602306809538 0.776565292421448227777602824062 0.495500783616808160303435215610  | 829.561342086302374809747561812401 247.199558554030886625696439296007 
0.260901362899606303891175684839 0.413679917206074332369780677254 0.085597938403911610905083762191 0.764702213544509290521489219827 0.379833665240957962794254854089 0.945444509248598352613157658197 0.924224072657563122668022970174 0.762082584910414029266689794895 0.928206171420638326274854534859 0.062747440774581608735616100603 0.241089286023811300019303871522  | 1245.085830426585971508757211267948 540.891019198235085241321939975023 
0.183565031555538715757336376555 0.397792244775073688956013029383 0.033540184505034820183766441914 0.732386174205563622585657412856 0.944879249350485728164983356692 0.148480755372200512454128329409 0.554012052771801655204342296202 0.362149652126129706353196979762 0.172754996124136916968438981712 0.646593333479389631435196861275 0.959666643941818220397976801905  | 1583.577078828000821886234916746616 469.703882521288790030666859820485 
0.003801640150899454617672290624 0.140067211118454770790719976503 0.982823520939843375820998971903 0.733905184169558966189583770756 0.790678183372373388770881774690 0.342194146546737187897235799028 0.872224712715570005272525122564 0.889462293049148255974500898446 0.433005665818169460656861247116 0.658058033627824556788254994899 0.876733903485339860495173525123  | 1254.992837439973527580150403082371 7.494407304820502879749710700708 
0.731044196139670754419626064191 0.949541327528241718702872731228 0.750195039626340043348307062843 0.252249768975412402838287562190 0.808626125329034994848598216777 0.772905849643313436203584387840 0.559774926808573658476575474197 0.310641245675053245811625401984 0.421909354482343235126506897359 0.184216201179732808057565307536 0.537778221056128935551043923624  | 530.081663822924952000903431326151 1179.153696132829281850717961788177 
0.895980390224759171147184133588 0.695684302427942213853384600952 0.063046630661041547227796399966 0.445667990813291781115879075514 0.756825660475661132764457761368 0.885075743782472668108596280945 0.509185249135439721435147930606 0.504207113296330944329781686974 0.887102999372299971803101925616 0.062495117798638699646573968494 0.602843329271781747102920689940  | 147.034956435835084676000406034291 891.859384647169690651935525238514 
0.536946013720734471874607152131 0.354553742264240856485457698000 0.815160886016267571818616488599 0.629638625614617919445947791246 0.693194740273185949774870096007 0.115597947328528127819424753397 0.989176735267100593063105407055 0.368431244612064667798279060662 0.752106195099528362923990698619 0.982418256089973018774230695271 0.761655677073195480630829479196  | 735.575891197755368011712562292814 826.322010178774689848069101572037 
0.213576043595340880898447721847 0.495761963448905884632722518290 0.836405783980804451438473279268 0.249194946922543514311598755739 0.085434124711158965226331929443 0.108344061958509874088463220687 0.605323991650468573588739218394 0.287679252341664248859842700767 0.137408084343949910000048930669 0.455459530645487276068195114931 0.116698640778599482814570365008  | 901.788071192281336152518633753061 314.421381225569177786383079364896 
0.077572093319816071144146008010 0.379980191668061628718078281963 0.196959170448824494314976618625 0.436124441108132532285424076690 0.527033260530469616078619310429 0.242586087100952085826577331318 0.196267552775962306199630802439 0.317407718489641332837436493719 0.668881298360723963725149587844 0.508302658873275192696894464461 0.978938001040142391495635365573  | 871.181811096257661120034754276276 106.681975300093498049136542249471 
0.967123071438268699928642035957 0.988539362553144562717477583647 0.038673725380071521939839840343 0.312864161880129110215875698486 0.936500065662508984765111108572 0.310579979886030144164976718457 0.225207120963894280585293472541 0.816585362831874661537767678965 0.896536948838068559197722606768 0.400370136712179025550994992955 0.440520859579271895078989018657  | 44.489613316778729767975164577365 860.718600850727966644626576453447 
0.578985661649342731038814235944 0.985474537341225476083650391956 0.065687799145230152397800793551 0.559866490026836638449481142743 0.448951302674340135823172204255 0.982151988604970105356528620177 0.261621026195378858503204355657 0.690835446596337665603471123177 0.745087399308997366809137474775 0.933962030911057783377771102096 0.028643354847459279177712687670  | 870.552687702338516828604042530060 1118.624929901780660657095722854137 
0.375615741224098464989822332427 0.848037814577998871889974452642 0.641099263061473356728470207599 0.654521014893114427835030255665 0.802733785448399017603549054911 0.052676669604591608297994298482 0.057851264726034523633302342205 0.526899074135634082338697226078 0.832091288114644611617620739707 0.945070314241320819093061800231 0.317039094757272321700725115079  | 1305.303183076967343367869034409523 874.003035686759517375321593135595 
0.095391826736726859081727525336 0.395884924401532556359484260611 0.670209285273200783272784519795 0.099959587369933489142681537487 0.042656262813279721690662427136 0.045457501623631935139258075651 0.838727949667324113036670496513 0.155256095738979804643520310492 0.193838504450108417564990759274 0.425863194182261817211099241831 0.332484694010818704335008533235  | 1231.840924115790357973310165107250 185.974380022512718824145849794149 
0.446018160757003845340307179868 0.168315815601365215137263930956 0.060508699884034067295601744263 0.678995445952470744188644857786 0.601486824039478729098107123718 0.541746537882847878364600546774 0.514673933041242315233887438808 0.616204628756132355427155289362 0.450451394147240669063592122257 0.452038926904508309156938139495 0.135031783323624088311021296249  | 977.169728510883146554988343268633 824.067636238105933443875983357430 
0.043469048311823743624415783415 0.721634630622799200239114725264 0.217472335143402251134148173151 0.540615141260976428405626847962 0.640370694612829360892192198662 0.125247533593960791442611935054 0.771127861208242726398509603314 0.057808999170744446161052110256 0.245114040973199220907474682463 0.246682355129163477513998259383 0.153122467467080913827714994113  | 1582.137268255137769301654770970345 108.198151658153875587231596000493 
0.652989843330406771748641858721 0.619669638388226307057493613684 0.391550674425471423312217211787 0.388442602790306068527570459992 0.303156542652499361167883762391 0.660134202155900129405097231938 0.149088908713489787238870576402 0.230413466267755051575250035967 0.317757402154925427950615812733 0.578191960700218610114120565413 0.923576814319590155832884192932  | 467.483825064525603920628782361746 770.968449307888363364327233284712 
0.713006031254374783578953156393 0.597630214749649613104054424184 0.932886384270315227595915530401 0.585261450304996766469400881761 0.512061528343615179892367450520 0.417480570113205162741110143543 0.401651540541673290896085291024 0.724420582952595926151673211280 0.173942453033078092694552196917 0.259230095586527875539673004823 0.850277785763527638174252842873  | 398.400420615356154030450852587819 823.050695816454890518798492848873 
0.149202569272369078845486001228 0.517086817806119869445069525682 0.446969744039526717394039678766 0.422986624425053414633168813452 0.653906827198160511827040863864 0.450285346877018044509100036521 0.852099553086480443475636548101 0.533704302294208288159893527336 0.276774285468772029972228665429 0.102071227743063652759758497268 0.128260758602078417389691367134  | 1310.889357638545789086492732167244 312.980547271700004330341471359134 
0.590123854901146605023143365543 0.136931885564443911462717551331 0.965989414698095960609691701393 0.003856609289829115994052699534 0.608860153612532650768685016374 0.929412482736245548764486557047 0.104143100412517175534787838842 0.032970824034035506322481978714 0.050387386362835018260852848471 0.410611200371028162159348084970 0.869526595278745650929863586498  | 675.865622024043091187195386737585 900.533326599944757617777213454247 
0.462404535036271324699441720441 0.367194549379874612959895330278 0.391412571988607349560140846734 0.123283876806709491447122672980 0.678277789554434074048572256288 0.117221034010082214571468739450 0.607523652293726401651952073735 0.393014487886718777431838134362 0.712978052834955189354104732047 0.876348181998308883855486328684 0.550918615587343118988883361453  | 585.847620946146776077512186020613 520.439955680162711360026150941849 
0.491408879786147889667802246549 0.801426819524324818289073846245 0.251510717225862157064852908661 0.337167127954403400558192060998 0.656277592866071013411044532404 0.540228755100957136470185560029 0.301000983531509502810763478919 0.213614301742408252415827973891 0.545221136666183103791638586699 0.873189427956755137572031344462 0.302394830883346621419605071424  | 815.154863676627087443193886429071 793.445642727235053826007060706615 
0.728103619470903962174190837686 0.470481849234043902896473809960 0.218066900925122153509505551483 0.120648956355007830332226603787 0.294196693306495671293987470563 0.723373750987239216847513034736 0.039736502215600655318894496304 0.056721419022995878123083457467 0.651706443292801473887720931089 0.457263297876808860742414708511 0.436224516437413889491381269181  | 561.986125045262497224030084908009 1234.840507453156988049158826470375 
0.640738635807810985589583196997 0.896051128452183598405156317313 0.931577744638905524965366566903 0.852480007673835693537967017619 0.198774629651155887444247127860 0.514932425132077042917444487102 0.877426709428137274748848994932 0.736545530367814893502043105400 0.801070244211554149948995018349 0.914646456859670164973863393243 0.044902718234963501231504778843  | 530.870869611558191536460071802139 838.667878112524817879602778702974 
0.263742457607688773890686206869 0.663594583814749339190086629969 0.275752989818925153819861861848 0.138378304378488747872211206413 0.711345581811123395254981005564 0.983494144057509345202561235055 0.738774130727539835028494508151 0.327013635375595801413339813735 0.370874698155427506840453588666 0.812805176255749772806780129031 0.810698091743469850811720789352  | 965.898256065161262995388824492693 424.740247278680215003987541422248 
0.909931251503065752217480621766 0.955188055551193460068759577553 0.482545240998898505857539475983 0.782226661102250475643415938976 0.264741026336246521033501721831 0.408749022642570514207704945875 0.878082062754641734514393647260 0.835551343406817914605255737115 0.139802651630493990353443223285 0.749848371375788969039888343104 0.576762422926477724693938853306  | 179.488428738341724510974017903209 1260.175859434935091485385783016682 
0.756524101289361317057569067401 0.987768259618173383174166701792 0.673572544139654061368105431029 0.380524603047145859591182670556 0.401850450722468388597974353615 0.589655401720386107555782473355 0.230120157684898907213266738836 0.806447005938643268763144078548 0.546175792581159336158691530727 0.931520132727919114579151482758 0.915298443215154189367410708655  | 308.738600075973067760060075670481 767.514692496665588805626612156630 
0.659783757490574052084753020608 0.308135649422056401292024929717 0.165460900803814370263467026234 0.811651452307597165436447994580 0.941147089884988741204097095761 0.286630166117510909451482348231 0.791980392686749357089581735636 0.242957420650230959680015985214 0.579181235122167126228021061252 0.600673173030595974886125532066 0.500935984177316995236139973713  | 385.290288939874585594225209206343 650.985529396316906058927997946739 
0.146202757076394629365267974208 0.354815321712427800271427713596 0.095955906384474376480397950218 0.211006370032982504270080426068 0.841359880992422981549339056073 0.496902106380991415157666324376 0.334695079645346504904068751785 0.211414842491168042393212544994 0.684526299174771257760596654407 0.238455712296320232468360700295 0.717566665026529437731994676142  | 905.527023082789696672989521175623 211.693399409764907659337040968239 
0.732074451086830224610935147211 0.360454546603770964452451153193 0.478594546887914695787458185805 0.403209932389066993962956075848 0.818033243253694974939094208821 0.927122678419942669592046513571 0.385866545490607060209242717974 0.084244532037916597388971240434 0.020824783569000415717198393395 0.567740671093238891131704804138 0.330750016380898625989459560515  | 385.004214715631576382293133065104 860.151996403091288811992853879929 
0.354514882520597485182634045486 0.981609256821581510621399502270 0.636023904025855846278147964767 0.168785119951772144553103771614 0.197742652609588009937624519807 0.036722181762218752965054591186 0.338649237025826499447589412739 0.805107571985147485449374471500 0.538433528884620926646675798111 0.892236123751706466933342198899 0.518068388993041084589208367106  | 891.180026777025432238588109612465 554.847527786994191956182476133108 
0.270201594591643945442172025651 0.941498093052823836757170283818 0.020070056443374895138731517363 0.923255903834553692810516167810 0.186445469331319113592826397507 0.412086914431203932274172530015 0.879324327518700599171097564977 0.160309247090552275949448812753 0.847275600690002517190180242324 0.894473659646153773650212315260 0.092043086397335160953048216470  | 927.804969501950836274772882461548 419.273756851393329725397052243352 
0.977385633041157775302565369202 0.810946018283216885080832980748 0.830042195486015654815048492310 0.305123185859132894925949130993 0.888339151731848963855497913755 0.623195272734977212536477964022 0.045214768040642949742391465406 0.542459053359948373262966470065 0.262023936004769475438536119327 0.695828412192169509786765502213 0.607769228191773702718592176097  | 32.646760987665516040578950196505 918.656308860599779109179507941008 
0.462579197960721333338085514697 0.577887517391433291891189583112 0.940804775441338558827908400417 0.899861787939599144792168772256 0.476832049937616520018934807013 0.411439175810792812093552583974 0.024969373159848928800386147486 0.272439384743567325486424124392 0.359131384777619633297263135319 0.557257417935977161782545863389 0.884798850396827707420754904888  | 817.350014431992235586221795529127 726.497301082587341625185217708349 
0.465980886957617190802238837932 0.386551460490579534834409969335 0.425824299347909218660390706646 0.007087224970478089858261228073 0.097080482933927014776998021262 0.080743359631474165283293586981 0.195905380306067633533473326679 0.397629510834023203180720429373 0.522525903052595941389313338732 0.788290963020950252726493090449 0.092490946515828009744097926159  | 324.949219341296554830478271469474 291.952374783439495331549551337957 
0.285780844629412000834634000057 0.028254675834082143559555788670 0.590897602560338852661914188502 0.256937877168249451109716119390 0.136860393822619608172885818931 0.861817187088209979428654605726 0.393668396174354673355821887526 0.513464155724771997846289650624 0.619796739008139141446918074507 0.158937004215421451291945231787 0.712944176655666783659626162262  | 962.824092895973308259272016584873 463.795660841270489527232712134719 
0.056699242655996129336415378930 0.554089169485757704336492679431 0.536704443343974157976106198475 0.760621169983409894932435690862 0.404999689460725842415911301941 0.782243844584773584394099543715 0.079565887459078110666155225772 0.651370220383934883656706915644 0.496844148812130570469491885888 0.569517183344739219563734877738 0.189094670020207522576072278753  | 1075.849094124745761291706003248692 96.072463881866980273116496391594 
1.000000000000000000000000000000 0.499999998798356493079353413123 0.499999982991118807618136088422 0.499999990784821102263180137015 0.300101269096236578093339630868 0.500000019737489420634801717824 0.599949367969358049457184733910 0.599949383709349359783402633184 0.599949368219431344861902744015 0.499999998746799845239507931183 0.499999963394770374769393583847  | 0.000000000000000489641684482688 7.996455546588542517838504863903 
0.000000000000000000000000000000 0.499999998798356493079353413123 0.499999982991118807618136088422 0.499999990784821102263180137015 0.300101269096236578093339630868 0.500000019737489420634801717824 0.599949367969358049457184733910 0.599949383709349359783402633184 0.599949368219431344861902744015 0.499999998746799845239507931183 0.499999963394770374769393583847  | 7.996455546588542517838504863903 0.000000000000000000000000000000 
0.000000000000000000000000000000 0.499999998798356493079353413123 0.499999982991118807618136088422 0.499999990784821102263180137015 0.300101269096236578093339630868 0.500000019737489420634801717824 0.599949367969358049457184733910 0.599949383709349359783402633184 0.599949368219431344861902744015 0.499999998746799845239507931183 0.499999963394770374769393583847  | 7.996455546588542517838504863903 0.000000000000000000000000000000 
0.467450573191815821338934711093 0.499993996953992492215945731004 0.499984145317854788981293268080 0.500012075796802624161330186325 0.300101137102690040947550187411 0.499997663831970862169384872686 0.599971090898044900896479703079 0.599969925201941811643280288990 0.599978333755864734477825095382 0.500019129914040960649401768023 0.499979584259246045974123262567  | 5.936364733029790841101203113794 5.358377544331360375906569970539 
0.481585599831030553019672879600 0.500000058514784573304723380716 0.500045700708324436511986732512 0.499972793908555923625414152411 0.300070205235414777522606755156 0.500003658871834733012917695305 0.599928860620139947634754662431 0.599983524699036596672385712736 0.599950096700146873196501928760 0.500006442071027956686180004908 0.500010796401303636571356037166  | 5.816311015820604168879981443752 5.489204666048776992681723640999 
0.442249214386869149429060144030 0.500037796605689810469641543023 0.500031203711687854962519850233 0.499997354378532488095032704223 0.300128047362996031033333110827 0.499967060329981005661892368153 0.599919080485303957139819885924 0.599939019052177946456083645899 0.599949295588037001536463321827 0.500041527029354115896353505377 0.499987255002362407374505437474  | 6.144408651037348789714087615721 5.119769664761268046504483208992 
0.501049012789357317565475113952 0.499978790066316181039951516141 0.500013748212833064599180943333 0.500013208721339807993899739813 0.300101299539846932962205983131 0.499986836466687512015028005408 0.599987387819317707915445225808 0.599972198888903851532461430907 0.599935363553454115148610981123 0.500007237501823076364360076695 0.500003472567672080373313292512  | 5.645471237101899575350216764491 5.664107012298368992730956961168 
0.350699420945531747939583055995 0.499985677757679547461577840295 0.499995756697395987711018960908 0.500032536196470367428901226958 0.300095041048865307509174726874 0.499984823365606567691088457650 0.599978852813413565669975469064 0.599934842988626315651856657496 0.599963513945319770748199061927 0.500009729463856356090900590061 0.499979348787281785426728220045  | 6.814068922019372642751022794982 4.185971286854272221944484044798 
0.758588432774561782778732776933 0.499976193051964390434704910149 0.500019301898318113686059405154 0.499998135550003053317880130635 0.300077902117172501395003791913 0.499991838244575326211105448238 0.599984347297474518434512447129 0.599914436868275613434775550559 0.599938849542690610938677764352 0.499981817202345413253539163634 0.499983974228050687127478113325  | 2.960513105428908442462443417753 7.429232827413294160123768961057 
0.330292876380226585464328081798 0.499966744240614435756953071177 0.499963199198408092538414848605 0.500008892888198386295073305519 0.300125409008662358267827130476 0.500035807094394768590461808344 0.599956624578096064936971743009 0.599951404039036795268202695297 0.599965358584188090951272442908 0.499989705504036707761628122171 0.499995230812058044644885512753  | 6.944980898451366790880001644837 3.965582797317258822999974654522 
0.540571437022355660850791991834 0.499936168452696116926148306447 0.499991494665059321711453321768 0.500021545221777663492446208693 0.300085105549560471338566003396 0.499998768280810412800718722792 0.599918718068223499884084048972 0.599953247395513145079348760191 0.599942512254645676783582075586 0.500017607651714546257437632448 0.499988570172195445628915422276  | 5.283588746224533672091183689190 6.003910470401871535273130575661 
0.552580342796515244785382492410 0.500010408898419411727331862494 0.499992297662772811062126265824 0.500026096667920305627319521591 0.300114988631077272973612934948 0.500018602868352202150958873972 0.600010163681406805125106984633 0.599961582029538087468267804070 0.599987637829422548740865295258 0.499948596060521832651346585408 0.500032314617328110806226959539  | 5.169919234115379680361002101563 6.103116077168038167144459293922 
0.107207818410131064390533595088 0.500008530348977187074410721834 0.500008636971985720443001355306 0.499995094906057757633277560672 0.300096802100498105669856840905 0.499979535715101508497326676661 0.599949262089537804776284701802 0.599932979000059041219117261790 0.599957129880384743003673975181 0.500039110213959081541190698772 0.499990101361082794895196457219  | 7.883836760615275274233226809883 1.340345454428134575053377375298 
0.252010607161746225113319042066 0.500023777964368809634265744535 0.500002796510531144491551458486 0.500022788658515349169420005637 0.300114649566822988546732631221 0.499992767170554353040046180467 0.599943544068542111702413421881 0.599958416531773064406252160552 0.599946354925641189836937883229 0.499993400425587930513415813039 0.500002744278082889017866818904  | 7.378333466607752910704220994376 3.083542399023612379238556968630 
0.929564898425181862506860852591 0.499979627469704090980684441092 0.499983554400558194430459479918 0.500012615333551124763289408293 0.300074992524152983630614244248 0.500015820935695076698834782292 0.599970241638267953732110981946 0.599994202049534464116220533469 0.599972000514750414268405620533 0.500020085098912159260464704857 0.499979240624773113577106187222  | 0.883039196916096003064922115300 7.948657967624431996966904989677 
0.563728082133088670424569954776 0.500041873075548370941589837457 0.499959465702870198278162661154 0.500011472801371259500058386038 0.300109497011560255597117929938 0.499988420810914768743771219306 0.599963918143978536257066025428 0.599910448289164843771459345589 0.599997458492560364895496149984 0.500023473054569289608650706214 0.499960613271238363264359350069  | 5.062197884329038721773486031452 6.192627552260471013312326249434 
0.686691351304242969533220275480 0.499984670606909875623102834652 0.500040955394889463647700722504 0.500019474483492820660046618286 0.300093803427662120242302989936 0.500028386649950418174626065593 0.599958026934174659672294183110 0.599943170163792838245342409209 0.599948898818997600201896602812 0.500017877752647832423349427700 0.500036109532539074784551758057  | 3.778914278471861010189059015829 7.048301563781509848638506809948 
0.587673414898054025101714614721 0.499953164344718814504631154705 0.500002913309910423933501988358 0.500002506392259626899488011986 0.300089148874909339426153565000 0.500049487229865086135305318749 0.599945801426378544363160472130 0.599947681391430287511923324928 0.599967972293171225572905314039 0.500068949134654050503456801380 0.500008997532175758493622197420  | 4.825762992769764281320021837018 6.378628731994327338838957075495 
0.811007980567989061881917223218 0.500029699743423150515297948004 0.500044248648342626317742087849 0.500052663954046572314382501645 0.300083190345430073087129585474 0.500020864800754361034762496274 0.599959162490480646390267338575 0.599938335861967542150807730650 0.599990867379880277177051084436 0.500048596110306609041629144485 0.500022105575773090357927230798  | 2.339821189995038963616025284864 7.648778374601864271653539617546 
0.949556912889298332380860756530 0.500049730633280953284725001140 0.499981564503688524769842160822 0.500014075191192897129610628326 0.300107895363761700835425472178 0.500022705021226809840584337508 0.599946854500020165801288385410 0.599980788947929277732384889532 0.599937815736790391873967109859 0.500004166458232202074896122213 0.500022105575773090357927230798  | 0.633024236373199711280790324963 7.972391006832413751226340536959 
0.122877185502194952171350905701 0.499932169832430051137350801582 0.500014624185443401493955661863 0.500091376091659212121953714814 0.300076063807114934434139286168 0.499986317212316733193944173763 0.599983027265837520758395839948 0.599960099413462732975688140868 0.599933150040218188259188991651 0.499989837492937627683176060600 0.499999739832012901619151534760  | 7.850988195071466613228494679788 1.534461584667239808510430520982 
0.426138747258721028998706970015 0.500026507264138775354922472616 0.499988336102612784817011970517 0.500028175923761586396665279608 0.300130411208016978363843918487 0.499986732664404076587061354076 0.599973516767706827046424677974 0.599950646520657882021509976767 0.599978841249375061117632412788 0.500007118628672198035189921939 0.499987787542986727995497631127  | 6.271554347344135749153792858124 4.962310490659413986236359050963 
0.910383830870045263061740570265 0.500005048839040400210365078237 0.500041903048605629322764798417 0.500076043217510313176887848385 0.300102274938270074944313137166 0.500020414981903971174403977784 0.599983384739332659130184310925 0.599929177338185071199916365003 0.599996138465480721713163347886 0.500057376300870548568866524874 0.500008560754590547503539710306  | 1.122355503375152663281255627226 7.920310610204393420019641780527 
0.777785619743347478305395270581 0.499980155556192740196053136970 0.500003575233352925977214908926 0.500043225158936066598869274458 0.300102630180777041335460353366 0.500027815522452678820286564587 0.600001856330176108755836139608 0.600001283020474174279001999821 0.599960386489032382328900894208 0.500010522218677921912899364543 0.500004578027465340639423629909  | 2.735447625248357716998270916520 7.515868643521878667002056317870 
0.186537482209443578051732970380 0.499999977396398287421419581733 0.499957452160957882547620556579 0.500004995033534904713690139033 0.300087301249307381034725494828 0.500001886583508414751975124091 0.599982609036161629312289278460 0.599970191374115113802645282703 0.599947548658652296538207338017 0.499986334597974924065511004301 0.500006591460000815452247024950  | 7.656351333669960013139643706381 2.309893590030220877906685927883 
0.890202421758959472342098706577 0.500022255391204595298404456116 0.500004533615827639891904254910 0.500027520050967400067065682379 0.300113697834268000619317717792 0.500007336241578226321280453703 0.599943382391163293476665785420 0.599951621107948307454194036836 0.599998144202306793459911204991 0.500043863199684746057016582199 0.500029750400705852442229115695  | 1.372546067091353627631633571582 7.879125350326444454651664273115 
0.148384470153192005170694756089 0.499988479562800625100038587334 0.499987872039602654350431976127 0.499985599646975809040583271781 0.300111404659829772434420647187 0.499973214675239419069185942135 0.599983452835321839913262920163 0.599916574050366802062228543946 0.599948915558181972151885474887 0.500000030090585800834901419876 0.499992226482230350814717212415  | 7.780917697676478006485467631137 1.847162266357983417819355054235 
0.733203901594294271681917507522 0.500002724892129934985973704897 0.499996250679638043479258158186 0.500009590387028191038609747920 0.300081039082397638129151573594 0.499996510047065412241096282742 0.599942868338711687847819575836 0.599936044086507580530565064691 0.599966029750918838914230946102 0.499989359370717423303176474292 0.499986199248535434502827001779  | 3.254043995332738248293935612310 7.304705246691683306892173277447 
0.829049325855241159288766539248 0.500021583755417609040705428924 0.499983040056376004667271217841 0.500016179536721505627383521642 0.300136415207119755521603110537 0.499993165529965033488934977868 0.599925420855595747937627493229 0.599953169042137135491543631360 0.599975004836342473701904509653 0.499987441201494575704344924816 0.499950908902326351945788474040  | 2.121884903816283696187383611687 7.711044372336829155756277032197 
0.357711508270498412809246246979 0.499989883335896889704486056871 0.499980708728244405136820205371 0.500027706351255596395333213877 0.300093588790794785214899320636 0.500002928044097627591213495180 0.599930429567636425147725276474 0.599983932918942697298803068406 0.599970808658531473689379254211 0.499963399964339028080928528652 0.499952607131127602091424932951  | 6.768144195448045685736815357814 4.261144002175377032415326539194 
0.717408553119809444531540520984 0.499974777806368786414736860024 0.499971983539979514254980585974 0.500000941246331209733000378037 0.300112624297823982200128511977 0.499997936743335924525410973729 0.599957518664622435622391094512 0.599942172302364462588286642131 0.599950125362360031644470836909 0.500040846672764827118840003095 0.499961030966939057318398909047  | 3.434561880861168869927269042819 7.222356963900161908043173752958 
0.232430075095388877226554313893 0.499999998798356493079353413123 0.500002601822669645592611686880 0.499989198878346974286301929169 0.300117035615912242096925410806 0.499991324101371481525291073922 0.599985327359702447225231480843 0.599915812635106737715773306263 0.599958438625691647949622620217 0.500000464195148208723651350738 0.499994198033539671843783480654  | 7.469942974438663618741429672809 2.855288725660173110298956089537 
0.793880484286001220084472151939 0.500039274282436219110081765393 0.500028813295521401549592610536 0.500041658203379757452466947143 0.300102950628578390990242041880 0.500009351271129998117714876571 0.599972229637205090035934063053 0.599952145704965467132296907948 0.599984493282338604558390215971 0.500039374271527004012227735075 0.500008268621216389604455798690  | 2.544505668834228462316104923957 7.582396759912612083098792936653 
0.860913939477991441151516482932 0.500011137948806583253258395416 0.500040082596206136855698787258 0.500018709727247823160212192306 0.300078482536435930949636485821 0.499947769929576013581140614406 0.599957531744012673158295001485 0.599918392219129681386391439446 0.599944095910036390151276464167 0.500012577412584868774558799487 0.499980133385050873329191745142  | 1.733464431398089811153795380960 7.807708182171006150440462079132 
0.698062894846512072000166426733 0.500001072332589946434211469750 0.499977593820584320649658138791 0.499979268706821022849595692605 0.300124212485460173382989523816 0.499993936060794119669026258634 0.599946186274037507324408124987 0.599908220184760532234236052318 0.599926595889138214445779340167 0.499969508028455911219367635567 0.499944792524199710381793693159  | 3.652671677066615885109968075994 7.115166757819586962341418256983 
0.985756632849041469768280876451 0.499976193051964390434704910149 0.500019301898318113686059405154 0.499998135550003053317880130635 0.300134282800998464235675555756 0.499998168251455044064357480238 0.599935243981266741464253300364 0.599965391058701835724775719427 0.599938849542690610938677764352 0.499981817202345413253539163634 0.499983974228050687127478113325  | 0.178907298124561631169626707560 7.995084115972280081052758760052 
0.390136520348258075685521362175 0.499966847674630232578607547111 0.500026080008073026128556648473 0.499975886162682681135294160413 0.300075040952475002864474618036 0.499950815266477999188055036939 0.599941149343128699022997807333 0.599944489305335837414645538956 0.599958097192028971811339488340 0.499991087000976830445608811715 0.499991881185498310280479472567  | 6.542245568841697611617291840957 4.600063450603443904185496649006 
0.664194604877795247155347624357 0.499965199243345481683320485899 0.499966717836689000797889548267 0.500004783134092800622738650418 0.300122445423498473981993583948 0.499997559088434795349087380600 0.599943038208114010068072730064 0.599988921482335846313560523413 0.599977112430301606771365641180 0.499999343231525394948278062657 0.500045481743215725067841503915  | 4.025808278738102430338585691061 6.910791370179151016372998128645 
0.795920593194744396825512922078 0.499968651823464005357067208024 0.500028813295521401549592610536 0.500016789521571247689735173481 0.300116835813855065140387523570 0.500013663223009885427927656565 0.599972229637205090035934063053 0.599986660325761533840704942122 0.599916928007278471568497479893 0.499998240723777298555319248408 0.500038785457807333223456680571  | 2.520157754481238132626685910509 7.590402365678367679890925501240 
0.326374209216703126124059508584 0.500037478249743316816022797866 0.500012994111265207664018817013 0.500032525302908092967868469714 0.300099304268176658716527072102 0.499961449223964127241970345494 0.599923474973551362765533667698 0.599956984663589154571639028291 0.599910293352505119557349644310 0.499967198159573411597733638700 0.499981012023606008476406259433  | 6.969769716085373545411130180582 3.923046056803147330072079057572 
0.218905314389276350883761779187 0.499968799775064698387438966165 0.500017950013631251593437809788 0.500008004700918218254912517295 0.300103467410396840264752427174 0.499990054074604173273144169798 0.599956697326705645778588404937 0.599935607703500184406664175185 0.599950382745943255891063472518 0.499975878074372104276079653573 0.500031451670597815173380240594  | 7.528967405290072356649488938274 2.695979774739207801559359722887 
0.206281748018588229065528594219 0.500049730633280953284725001140 0.499987761782493600470900219079 0.500014075191192897129610628326 0.300107895363761700835425472178 0.500022705021226809840584337508 0.599923808444009609708302832587 0.599938335861967542150807730650 0.599937815736790391873967109859 0.500004166458232202074896122213 0.500022105575773090357927230798  | 7.581226324953949102791739278473 2.546262596661974519918203441193 
0.653931312186532109897996178915 0.499997270628020573646210777952 0.499993476089034771803198964335 0.500017297659698156664376256231 0.300107519501157993246920341335 0.500040755311087159462601903215 0.599985649689773081760790773842 0.599949462147414513957244253106 0.599991799969026851080400319915 0.499976583315321188027979815161 0.500017250727433082424511212594  | 4.136567565872195650911180564435 6.844786469133138595566379080992 
0.012291866228673578587127224182 0.499986393406137152872759088496 0.499986438542429190157179164089 0.500004133627417690632910307613 0.300086200365966726533173414282 0.500009828611508999607337955240 0.599958489377073189707800793258 0.599951795836508927628472065408 0.599965977520095949948597535695 0.500032874630967572038287016767 0.500008810229154110338356531429  | 7.995406041095869831281106598908 0.154394632890131000557687457331 
0.726088687885635075680568206735 0.500023826298969353842949203681 0.500008212007973407153826883587 0.500010541414240061719453933620 0.300103688787912548097125409186 0.499963779760881410485495734974 0.599940793028421404109451486875 0.599931325148923111356680237805 0.599962428589167706682871994417 0.500003290321022531017547407828 0.499997899100772136282699875665  | 3.335588616391965910423778041149 7.268116424442523815230288164457 
0.314445039422047933896919857943 0.500022255391204595298404456116 0.500004533615827639891904254910 0.500024392116933724672378502873 0.300113697834268000619317717792 0.500007336241578226321280453703 0.599943382391163293476665785420 0.599951621107948307454194036836 0.599940577027234911433595243579 0.500001954832497097491739168618 0.500029750400705852442229115695  | 7.041098952991757364827662968310 3.791249658914090492345394522999 
0.266726940314748861560190107411 0.500003884469595760720039834268 0.500021604035557398759692659951 0.499995199003950507865567942645 0.300113815663057281746262106026 0.499964048553179163381088301321 0.599970814880822933545800879074 0.599916237531613938394059459824 0.599942512254645676783582075586 0.500020128437894673112396048964 0.499982291616152263458161542076  | 7.305589464719555614635737583740 3.253486813505763741716236836510 
0.744259055186168083650954940822 0.499988894209464573847867541190 0.500007692255389879498750360654 0.499980031440331706971136327411 0.300062814726256177344509978866 0.499984296038461617506243328535 0.599936296480786168672239000443 0.599987553909347659519823992014 0.599910293352505119557349644310 0.500028826216130983794982967083 0.499988320555629917052442579006  | 3.127103994476644110989127511857 7.361034703277416824107604043093 
0.509660110891500872654091836012 0.499992562151197528219626065038 0.499978698155073619791011196867 0.499992354027980201447434183137 0.300109198097992246889731404735 0.499954854055617903263453172258 0.599996344066617837142985081300 0.599942041776343026882045705861 0.599968615379745995319638041110 0.499956302836107924214559261600 0.499926958410688682121758574795  | 5.569625833651882018671130936127 5.741271315610513958915817056550 
0.277218523082732537510253223445 0.500037796605689810469641543023 0.500031203711687854962519850233 0.500019930747645613422491805977 0.300065057159123793617538922263 0.499937616037453513850863373591 0.599942537702355838113987829274 0.599968948694250103770286841609 0.599967341344552096416009590030 0.499957493987836509852229482931 0.499924572075394813008841765622  | 7.253126014366151785850433952874 3.374434210296243019655548778246 
0.778012633579904022695927778841 0.500006407285228493542206251732 0.500002808911474083686243830016 0.500050655978995006734066919307 0.300116274093396251387844131386 0.500039759552048601598528421164 0.599997546229039446785691325204 0.599969972021375252957398060971 0.599929487575398101562029751221 0.500026197128093707888751850987 0.499984334012288422766090434379  | 2.732749756062337276318885415094 7.516795214036351424624626815785 
0.609635019465203598088010039646 0.499970990592869146684762426958 0.500010957801624300600451533683 0.500008527771950150864199713396 0.300072209239081566511941900899 0.500006383989390901234628472594 0.599947839211492306432660370774 0.599925524255030206965955130727 0.599964398021187395038111844769 0.500010696562181888857878675481 0.500035442537012264629936453275  | 4.602218432181007123915605916409 6.540320780322004701190508058062 
0.095846282042608768603209057346 0.500029055301526415000523684284 0.499966626844235650928283121175 0.499965761025223220936908319345 0.300146123440580447905290384369 0.500010678009527809173562218348 0.599952680469909349625368122361 0.599932945165877584692282198375 0.599950125362360031644470836909 0.499977986167490562330328884855 0.499961030966939057318398909047  | 7.907471880139739006665422493825 1.199586656703206966056995952385 
0.397321170908204845950706385338 0.499990565750057291971586437285 0.500046288734295019118292202620 0.500037656248396356062357881456 0.300104965850392479964625636057 0.500013925504749323636133340187 0.599939059287066256409559628082 0.599983524699036596672385712736 0.599951580796811656526301703707 0.500006442071027956686180004908 0.500052028941509685289190656476  | 6.490252499204105518515461881179 4.673844965215169011685247824062 
0.297122180947319847188481389821 0.499965199243345481683320485899 0.499978443919848858367771526900 0.500016608720615041150381330226 0.300059027858623705853347019001 0.499966134682435503489017492029 0.599941631417949539084588650439 0.599936179511370237804612770560 0.599970917830029426554006022343 0.500000025077670051665279515873 0.499975889685499108594513018033  | 7.142318789851141325186745234532 3.598617622986944653007412853185 
0.020849269490488292477792242607 0.500040575266795461750746198959 0.499999158875001792345926787675 0.499978114031642884018680206282 0.300129402351068108600884443149 0.500002420524670809776068836072 0.599944786782556027660007202940 0.599942894022015504873479585513 0.599937610366765072811290337995 0.499989127303520519696178325830 0.499971922010139235847958616432  | 7.992963232412699348117257613922 0.261862821484913355085666353261 
0.076926011134584540429592891542 0.500037184693184255657172343490 0.500015033797181041030910364498 0.500000820288595937412878811301 0.300088913158944314840681499845 0.500024243799883194583344447892 0.599953475889680509780532702280 0.599956432934802608158975090191 0.599956472282047958977102553035 0.500011947686847868510540138232 0.500030879609425382703591367317  | 7.938846574544820455798799230251 0.963987625594503794168588228786 
0.872556483891335443736636534595 0.499992481104227060040301466870 0.500031987851130343969430214202 0.500020498298788029778449981677 0.300042046223631619916716317675 0.499971362344402758814965181955 0.599941349054451511513263994857 0.599948403743999159054567371641 0.599947549545443381546760974743 0.500012743116277635913036192505 0.500004628175231058406779993675  | 1.590361064412796121558812956209 7.837937058832297410049250174779 
0.404643987500572621662797700992 0.500042046345423263353779930185 0.499976225359456905028565643079 0.500037347298948997575962494011 0.300068610717453998493198241704 0.499993629097079284040461288896 0.599919203613707652245068402408 0.599949272709118686108809015423 0.599942871234472874242271700496 0.500013123031906259186030183628 0.499971010436905061169454711489  | 6.435890423057843534593303047586 4.748062146335596089841146749677 
0.381301281301228478515241704372 0.500040800295976528566654906172 0.499996798521162189032907008368 0.499981767222178241638630424859 0.300076741961280646364684798755 0.499941839183909386701287758115 0.599887580325839664396880834829 0.599921201732042552734469609277 0.599947788273423765481595637539 0.499975472824039035568688404965 0.499989956976346516803744179924  | 6.606356251855848960019557125634 4.509443027079765187181692454033 
0.922986344423181725993288182508 0.499983964091229415860340168365 0.500040955394889463647700722504 0.500026965706380721599089156371 0.300115676151641863622643313647 0.499970074426777100207175408286 0.599932197303075009919837157213 0.599934197074970532170823389606 0.599948898818997600201896602812 0.500007361654735471567789772962 0.500002157514323086751062419353  | 0.965099279642895879760544630699 7.938867691121628489270278805634 
0.161794787778989479498648051958 0.499958591905913907194047851590 0.499995654262378574905767436576 0.500009868726250972237323821901 0.300095109200272325278291418726 0.500000453819820833700759976637 0.599950784676545390006197067123 0.599962409219490178102773825231 0.599942099313550802897054836649 0.500047387330113335401904350874 0.499970923862445681962185517477  | 7.740586064923002496129811333958 2.010722864063862136418947557104 
0.598151183760098792419057645020 0.500024096989558630710348552384 0.499985196344614246655169154110 0.499971459376547910924415418776 0.300086200041569384211470605806 0.499965896147896937673493766852 0.599963738012625369400154795585 0.599966388474685641263306479232 0.599955703408051821412527715438 0.499992206222675705795666090125 0.500007095726496708643082911294  | 4.719391938301534139554860303178 6.456173556217437159432392945746 
0.529100609937786847680740720534 0.500007816714078900943718508643 0.499997041076859549679767269481 0.500024793514436738384176805994 0.300091342748154965569540308934 0.499999069460045908463996511273 0.599945213005541710948875788745 0.599971703649031296023963477637 0.599941028726558855943551407108 0.499994845015136024635182820930 0.500004646228776716831987414480  | 5.390253683764975711767419852549 5.907025057174732474152278882684 
0.963187108812660897072532861785 0.499957421800376389242615005060 0.500034807299878814035309915198 0.499983965219160775284024111897 0.300078939830266233634858963342 0.499977082766262903579246312802 0.599964408684595218446133912948 0.599928134650927091797711909749 0.599935626004555411228125194611 0.499979033525054683551047673973 0.499973820019656567392729584753  | 0.462213685335427448830358798659 7.984331388358296699436777998926 
0.164026207603638229937104142664 0.500037078329051754010947661300 0.499980574607208017035020475305 0.499941725018943572411700415614 0.300099304268176658716527072102 0.499999321536908514218566779164 0.599930323500075579623569410614 0.599961829275262092942000435869 0.599955853491971446977970572334 0.499993249836381437045673692410 0.500062787292885335688197301351  | 7.734353028360831494580907019554 2.038069254368984672964870696887 
0.435306472162231616884753293562 0.499966372775721368260093413483 0.499983807447655026479083062441 0.499985444325000694121285960136 0.300128893393313611603900881164 0.499966548655563003400459365366 0.599933895742562506292472335190 0.599923912829766980969736778206 0.599953580150595633391219507757 0.500044031656451282152886506083 0.499984224728585835428873451747  | 6.199793365320429572307148191612 5.052390124292568174269035807811 
0.305103661786022495316927916065 0.500012048649654761156568838487 0.499959689283385300129225470300 0.500002248276356531242470282450 0.300116374466871116410970898869 0.499988222759028044794860079492 0.599883406042472366870299538277 0.599976167831114959305693901115 0.599935652047461132063688182825 0.500022673033992282043413979409 0.499999174551649050446400224246  | 7.096948681383306478664962924086 3.688037205332372003852015041048 
0.223196937213470586458541333741 0.500050729181418129876135481027 0.500002913309910423933501988358 0.500002506392259626899488011986 0.300089148874909339426153565000 0.500049487229865086135305318749 0.599942508278545116873203824071 0.599972338490644130359896735172 0.599946750733317157866508750885 0.500068949134654050503456801380 0.499969438515455222304950666512  | 7.512138461007870304797506832983 2.747227420487491578171557193855 
0.176526365177181371324266478950 0.499995433770356767499976058389 0.499997331717316861876554412447 0.499996622460763151529761216807 0.300123599475542734982269621469 0.499959262070285681556214285592 0.599894453614545408726144160028 0.599934170457387505592805609922 0.599924433434893988881242421485 0.500054828291642938786765171244 0.499971790845922747781315820248  | 7.692878477537657744278476457112 2.189541228477401180185779594467 
0.636421390547788345948276855779 0.499952124878122516893341753530 0.499998235024847081930943204497 0.499947756471900817132336669602 0.300056979510420263057568490694 0.499959571121621149103475545417 0.599905932579550382754973725241 0.599957493508924244451918639243 0.599962380670648109948217552301 0.499985912651581487775587220312 0.499974419301691230810291699527  | 4.323837854382568401945263758535 6.729365226597667337671282439260 
0.367650488091944005475397716509 0.499945285698732033718982847859 0.499972593110859453435779187203 0.500030293278673654278065896506 0.300106195125848906890553280391 0.500000314458443062548553825764 0.599897892035069824068216348678 0.599953247395513145079348760191 0.599952497443627330575566247717 0.500036841579191149165239949070 0.499995721812893423319223984436  | 6.701099105504659370069475698983 4.366482548668702001748442853568 
0.141675276734561594871308898291 0.500018055292859364691082646459 0.500012172508769059398048284493 0.500001686156911095970656333520 0.300087950227525157576025094386 0.500013094055823503758517745155 0.599957959629339510065904050862 0.599951496822998531222026485921 0.599922913030678128798456327786 0.500048939069202891261056720396 0.500056173718470886591092039453  | 7.800635754916253716828578035347 1.765214566128782580634037913114 
0.837442116650056078697161865421 0.500027440751029672583172214217 0.500027715642722081490489927091 0.500041288067191835864377935650 0.300099309427177940445830017779 0.500011705828686703334540197829 0.599969431561229615823549465858 0.599947390297392413316401871271 0.599988264939831927868851835228 0.500039414975888441006190987537 0.500011701350805415344780158193  | 2.020089194719781655606993808760 7.738512736777668266086038784124 
0.518343565738546119270324652462 0.499960088924796541842709984849 0.499981950557219168018718846724 0.500025276617945491075545305648 0.300072509864909076071626259363 0.500042396118456466957979955623 0.599904263773091694922356964526 0.599981894416128369584839674644 0.599944676563206158448338101152 0.500042537127621700143720318010 0.499982006950336121953171186760  | 5.490512885709939006062541011488 5.816400547699527301404032186838 
0.600844730200897680916227727721 0.500058569179128165060888022708 0.499968058394198999749846734630 0.499965891676945328736536566794 0.300087916108576546747599422815 0.500008240920956970043675937632 0.599901008951308267747037916706 0.599923770572320380622954871797 0.599957651106083456049589130998 0.500043423422738220196492875402 0.500037581537970399203629767726  | 4.693026405426770075735021237051 6.477453782738439969079990987666 
0.669713382299989445911592156335 0.500009212742084985237056571350 0.500016094596304583319579251111 0.500004783134092800622738650418 0.300100481745535052624518357334 0.500008787164681112180630861985 0.599960537278535932514955675288 0.599974748199205931697974847339 0.599945049536349861440953645797 0.500028640017384451432747027866 0.500010833605637694532219938992  | 3.965252517248312624786876767757 6.944561024203117050035416468745 
0.376349048530660923450597010742 0.500023777964368809634265744535 0.500002796510531144491551458486 0.499974143778989410513702296157 0.300084920354829032262955479382 0.499961326591929933194080604153 0.599894134177448634659413073678 0.599912084223260366755425820884 0.599940768976532146083968655148 0.499999171646984930106327738031 0.499979650389836438595381196137  | 6.640681586723382601178400364006 4.457545293413931020154450379778 
0.053053365439149430260457052100 0.500009132188150240416746328265 0.500025013548880181701861147303 0.499987281120686299917821315830 0.300091210080885462119226758659 0.499984968764313864042492241424 0.599919852297628675152907362644 0.599929887691276197969614258909 0.599949114969172470068770053331 0.500053435656301226153175321087 0.500017844853961945794651455799  | 7.969810833443668585118757619057 0.665714226049485602310085141653 
0.031500197897738446695115044349 0.500022255391204595298404456116 0.499982674540424443243580299168 0.499993086158167399091212246276 0.300087371772169764216897647202 0.500013798708562995365412007231 0.599878496119123694185759632092 0.599936062655747948113571510476 0.599940135327053702951616287464 0.500035005343997807081279916019 0.500013636935485394907630052330  | 7.988231392857765733594987977995 0.395583735722808860213461912281 
0.527777376181668866905738468631 0.499925527531138114145647932673 0.500000284263395822215159114421 0.500013512439401064391120144137 0.300053733096445784944705792441 0.499986815481984481213117987863 0.599935250760192717578433985182 0.599909133913002823312865530170 0.599940684916906663559643675399 0.500025722014841633722426195163 0.499982814022452370927851461602  | 5.403800107663309759686853794847 5.897205526929750085685100202681 
0.648612555843108729014545588143 0.499954840386100995974771876718 0.499973038003568515108554493054 0.500028167961945269048840145842 0.300119217856431808044703757332 0.499992680582131254762856542584 0.599960853082337819408564882906 0.599940945537094205697314919234 0.599980646975225795358710456640 0.499979026313673746706456313404 0.500001718889025781322743569035  | 4.193561665874407040632831922267 6.809912134500066827058617491275 
0.678328935145684930319021077594 0.500022971946999739145667263074 0.500046102100756062469599783071 0.500014008130501896864927857678 0.300118679871160531913432123474 0.499965551475115232982204815926 0.599969501737830479548563289427 0.599961916696331587495194526127 0.599950253683534495685591991787 0.499993758905039886730747866750 0.499935616605071908580271156097  | 3.871570846061000104043614555849 6.998781686294193171704591804883 
0.243398322034903691335472331048 0.500038526394330440361102319002 0.499970663790700986517379078578 0.500029232261854916785637215071 0.300094409027316766369608558307 0.499996400638391680359973179293 0.599912837762149431242164610012 0.599941814646579696379546930984 0.599975735246439989545308435481 0.500004164465263523098315090465 0.499990354927873692503226266126  | 7.420096646197245071618908696109 2.983739645020770048233771376545 
0.061037414447710047760153884155 0.499896806191146847453410373419 0.499988484503104624323555071896 0.500000928857257109783063242503 0.300088872030316533567884107470 0.499986317212316733193944173763 0.599956926089008080182907178823 0.599919513715817753762848951737 0.599911125071608153369595584081 0.500048215232956727582802614052 0.499987511161568143336353386985  | 7.962878342657146113481303473236 0.765807638037423243915213788569 
0.953853690209410021161318127270 0.500024059960996969387281296804 0.499967629372628397099731500930 0.499959426050711086553235418251 0.300075753710101700288959136742 0.499993629097079284040461288896 0.599929635807852967843700753292 0.599927299461310403749791930750 0.599941279095158264134113323962 0.500013123031906259186030183628 0.500018562600263227757579898025  | 0.579204809709174428533628997684 7.976525089300683823978488362627 
0.197806183834876303517802398346 0.500000210366893127478249425621 0.500041343296008800045626685460 0.500004783134092800622738650418 0.300085026906671603619258803519 0.499997559088434795349087380600 0.599976573267974599978913374798 0.599931751142216862504596974759 0.599977112430301606771365641180 0.500013796427491996610115165822 0.499983099712678458192982589026  | 7.614359536126072747208581859013 2.445078178455629913656821372570 
0.240791868374574530298204422252 0.499986848289453000848681085699 0.499993128656115171093432536509 0.499984936327071582962133788897 0.300106658705102724571389671837 0.499977458243599848231042415136 0.599965868464402141135849433340 0.599936336563322347714688476117 0.599952981149107000824471924716 0.500026283631406109897454825841 0.499994357934050059899533380303  | 7.431645851304581995577791531105 2.953095047693912622577272486524 
0.818383969396030641618722256680 0.500015822962285860775466517225 0.500012250741152075583784153423 0.500046811469753049728126370610 0.300130086882701707651222022832 0.500026874840199808680551996076 0.599986645229453552374820901605 0.599956937595187311806910201994 0.599921140164838662123258927750 0.500028849356820015437108395417 0.499976376424777713136649026637  | 2.250857754983275782478813198395 7.674732001476996856581536121666 
0.912365024779888234007785285939 0.500016869633016614038467650971 0.500016974320812712662132071273 0.500027948104750485924796521431 0.300124618961458533572539408851 0.499989933114610596298632572143 0.599920412764916366477052633854 0.599965977930063898426737978298 0.599894894897062380678676163370 0.499967646501222329202818173144 0.499954736947665234758630958822  | 1.097541181718741709616438129160 7.922606458404590767941044759937 
0.087339969721269491986781474679 0.499998556938556715234511784729 0.500018438817401933427220228623 0.499986982662381562736442219830 0.300072687288887585133068114374 0.499998418523466880980521409583 0.599946747221253851023448078195 0.599961826414308174726386369002 0.599939089507145695279177743942 0.500033831907987225129375019606 0.499886405151480583963774506628  | 7.924379992299833475044579245150 1.094044535096855508271573853563 
0.267842739830854770222146044034 0.499970473429809991738892449575 0.499992499857218664072178171409 0.500000716131484113091687504493 0.300160621439712338442973305064 0.499997206107051672674401743279 0.599933642437490144416756265855 0.599958405439035780126744157315 0.599931418525032067456947970641 0.500043160561623456494828587893 0.499964884295677647330080617394  | 7.300583939532946153860848426120 3.266603087799967219950758590130 
0.884114204745718890166017445154 0.499963778112664403163734050395 0.499992499857218664072178171409 0.500000716131484113091687504493 0.300053327461085928007378242910 0.499997206107051672674401743279 0.599937539706951850071448006929 0.599958405439035780126744157315 0.599931418525032067456947970641 0.500043160561623456494828587893 0.499995434060298782341646983696  | 1.447811227789651544739513155946 7.865520945271329722459086042363 
0.877424964668440332538068560098 0.499977948261969007415217447488 0.499993229602397226685184250528 0.500016154500241949421024401090 0.300110708916197177487106273475 0.499992396380116776999358307876 0.599912548597230421698611735337 0.599978298406762977634798517101 0.599977581847368046652491102577 0.500067324799348456032532794779 0.500030051893932570017398120399  | 1.530499499866198931385952164419 7.850506574343618204636641166871 
0.627592767564774445254727197607 0.499974810885049358866183411010 0.499981985823807317803613159413 0.500011826361649869276959634590 0.300073406588739488576322855806 0.500017695906680770256969026377 0.599906937700352305142814657302 0.599953567641247520469960363698 0.599961187901411396872219938814 0.500011887263575482975852537493 0.500043342625691278335864353721  | 4.416149614513592780440376373008 6.667863214322509612941303203115 
0.572253512192626878629653219832 0.499992562151197528219626065038 0.500008724667401982522108028206 0.499992354027980201447434183137 0.300109198097992246889731404735 0.499954854055617903263453172258 0.599996344066617837142985081300 0.599942041776343026882045705861 0.599968615379745995319638041110 0.499956302836107924214559261600 0.499926958410688682121758574795  | 4.979098721791468840081051894231 6.260216530408663437867744505638 
0.283307560662740709478413236866 0.500007891338437260309035536920 0.499966723358981179892168711376 0.499980287457889749358486142228 0.300121018761977775834992598902 0.499990324493708893083265820678 0.599957752680880695983489658829 0.599927938644340130736054561567 0.599965917165263484811532634922 0.500033139690541750255192710028 0.500005455109835406091178811039  | 7.218330714361572475468165066559 3.442608437825905642881707535707 
0.708783056061057736840780307830 0.500037184693184255657172343490 0.500015033797181041030910364498 0.500000820288595937412878811301 0.300088913158944314840681499845 0.500024243799883194583344447892 0.599953475889680509780532702280 0.599944415339725312108498656016 0.599956472282047958977102553035 0.499999787876911794270995414990 0.499981094394576164319232702837  | 3.531918801024828358237073189230 7.174795640876593161294749734225 
0.290221485153790981215138344851 0.499983964091229415860340168365 0.500003078448826410173921885871 0.500000601768431973681572344503 0.300137638355080893504123196180 0.499985226594550913326031604811 0.600003163140740203296275012690 0.599939499991462565908761916944 0.599972266085085581543978605623 0.500007306951611885104114207934 0.500005794171583750618026442680  | 7.180772689653949214516615029424 3.520922591303982329691280028783 
0.417261345782443560104013613454 0.499974057386389059143283475350 0.499979264986060989439664581369 0.499975609921543551195100008044 0.300153970423302662862141687583 0.499958882414389904624840710312 0.599942560959557114053097848227 0.599900199107619047644845977629 0.599951152330543857615907654690 0.500056081573525879058195187099 0.499965634417277371426280296873  | 6.341493623226689635430375346914 4.875417497395168275886589981383 
