0.425507852741461300993819349969 0.663720528941829979174826803501 0.580854275079139892312696247245 0.564956432448076251162660810223 0.539265919019876305284810769081 0.658553458009325964894742355682 0.821857659396372675075781444320 0.813032997182417060955117449339 0.733901231631653327980302492506 0.181609873261977305958225770155 0.482628888026463975791102711810 0.588083286064328580877713648078  | 1.403162253373409829038109819521 0.000000000000000003481391241029 0.000000000000000000000000000000 
0.184366353323820453269377139804 0.758322552768075253126767165668 0.317973799183239425047986514983 0.845475433623713579223135639040 0.549354094231971012973758661246 0.085795077079962256405565312889 0.240446959408482374698223793530 0.426426679428742350097536473186 0.261719647062824245509204956761 0.325202810168428113613003915816 0.966924323297920329522980864567 0.327108919653032126362290910038  | 1.734510405709754454761650777073 0.000000000002634474570851019564 0.000000000000000000000000000000 
0.745215418253875716558809472190 0.845882862605439544978480626014 0.047864312302150269218259381887 0.522572410961060995759908109903 0.366791166227691700640889393981 0.853616354976685087763144110795 0.766225626667955905801932203758 0.590735879080784620498434378533 0.958196631809853593964021456486 0.136363925921262119089760744828 0.864885836116322526123667557840 0.176166572128657161755427296157  | 2.007019507954383108483398245880 0.000000169704791674742296118725 0.000000000000533156419925033461 
0.901428723756141803136188173085 0.831736501771223490919737741933 0.635947598366478850095973029966 0.507285294989182844460628984962 0.951062233322812256020029053616 0.171590154159924512811130625778 0.894131256660911200029318024463 0.303411890167474940227521074121 0.977982031694130338195236618049 0.465224327371141832543344207807 0.834839514465469667570118872391 0.941094457743453016718149228836  | 2.060189311270283152310867080814 0.000000032255453414106383055348 0.000100731724471268073418071809 
0.084061310750787265888561705651 0.779091961916684505595753762464 0.881665515752852346764711910510 0.389898745629801757317522969970 0.517578886064310239589758566581 0.730456212574901009304539911682 0.834771973660676680495384971437 0.705523897131976385210805347015 0.444490349157877773222935502417 0.700070596331753725038993252383 0.363099346891219143529383472924 0.757124734253184161758554182597  | 1.493486764558931145785436456208 0.000000000033821558818561100153 0.000000000000000000000000000000 
0.990121157625149184156043702387 0.177085398815938210859144419373 0.226615936642470483519673507544 0.230547639939165049938196716539 0.311038733866539462979972086032 0.693952029403417380848395623616 0.880954463156345513041856065684 0.780340521073944914931530547619 0.852749471812097592504642307176 0.010635919158243911653016766650 0.608259636488517996255609432410 0.001733766329174990517003607238  | 1.727723923401824013268424096168 0.000000000000000000000000000000 1.136998185211594014631941718108 
0.461354997491797869102470031066 0.544761163675890003332824562676 0.871820901433022488191681986791 0.807623924104117874023245349235 0.236468110723019320218440952885 0.824178114182200882709139477811 0.910443444593199036063424500753 0.140358965473463159767675278999 0.603373963144272495995323879470 0.822501814629307270720914857520 0.003691819336472557111505921057 0.096491620723500926004589928198  | 2.229063681764389848183327558218 0.000000000000000000000000014617 0.000000000000000000000000000000 
0.776104469042806721645888501371 0.413650480264846409639289959159 0.731580695167383110444347948942 0.905816285982097069151564028289 0.553847102249783063143695471808 0.482214542725239780907031672541 0.020474260599796290094332107401 0.051395980697278575988207194314 0.783198126554381257591330722789 0.496649375830938932807612218312 0.342802596834294259764419621206 0.169856387830749522294127018540  | 1.866641043919986753252260314184 0.000000000000000000000000000000 0.000000000028787179254026767019 
0.432776259169113330926847993396 0.758650726491584936894696511445 0.106161130261107850003554631257 0.657600403267023958520098858571 0.598371403742450347351677919505 0.116916343561252134009009751026 0.173617866157588229825137204898 0.638732996443221345828078483464 0.278291552608579850769388031040 0.567396931000494486596608112450 0.513887066727837682478252645524 0.633964591851400083299949983484  | 1.533985449370733444851566673606 0.000000000002432926122749160369 0.000000000000000000000000000000 
0.421121493395830270856095012277 0.973943201964593274766457398073 0.538674063175780704071371474129 0.146223494081970661895297780575 0.880884804165979362622351800383 0.736650473653387871664222075196 0.938725176927870608167836508073 0.393887272261556953267813696584 0.729966560811531550712061289232 0.887745043104870790173777095333 0.141182346035789940685845067492 0.261175770234304049921547630220  | 1.908440444147136760832950130862 0.214775650310898874595366692120 0.000000000000000000000000000000 
0.122303736664760576147159554239 0.674179390812837064927975916362 0.195149068545073633984543448605 0.412264515415793564301338847145 0.491343292927265862246599681384 0.828115900171586760691866402340 0.822622001048576523274391547602 0.266469611067310152563436531636 0.304423970432528001595073874341 0.293736857376280191544992703712 0.602503518871619236918490969401 0.097351777754176360701876546955  | 1.620415015907732847466604653164 0.000000000000000019199652453834 0.000000000000000000000000000000 
0.489321951197368765207329488476 0.166415763508869885001217880927 0.064699899968491791923952405341 0.676278320547336608825617076945 0.122807015170493194489154120674 0.359841147070113054340367853001 0.837379292114936113478051993297 0.019763208003289456371476262575 0.001614134355851559732286659710 0.018071242877226278977786932955 0.412664756213993122457850404317 0.221038772490935730985484042321  | 2.293022047653205941486476149294 0.000000000000000000000000000000 0.000000000000000000000000000000 
0.898170523935035713947172553162 0.377216589884441511060231277952 0.588049058009307623606787274184 0.084384860415145368506273371167 0.851459303907028397517819939821 0.341740487659162761602260616201 0.610154258120536807652456445794 0.492181115424274784331259979808 0.801737159828579848408480756916 0.363863545890743766975106154860 0.995867884870831110433186950104 0.019564565807075773307133204071  | 1.927535004272216134779682761291 0.000000000000000000000000000000 0.000065614826359558322036412414 
0.684295914960219464617807716422 0.472317232934351460826860602538 0.213591652640088058845435625699 0.891118610453157877770991035504 0.391080051557344487989098524849 0.274123444781287028959582130483 0.401358285392540814484618749702 0.972329067608741715034170738363 0.520602820298554425093584541173 0.733558737867977539437447376258 0.659846031675043631636867758061 0.838479949718352157717049522034  | 1.725805808657645101789057662245 0.000000000000000000000000000000 0.000000000000000090678962630816 
0.561508587043429097107605230121 0.805838214252249329661026422400 0.645581700396386182205787918065 0.036285739197842392655957155512 0.799441858376627179083584451291 0.651021512113767242269091184426 0.630122621240485791815899574431 0.872442230984257216519495159446 0.831285522654329867009437293746 0.416396630544962453868151897041 0.471778727120190088939466477314 0.143819985211367296074058685917  | 1.748743246892172198414527883870 0.000000001157795298283674079871 0.000000000000000000000000236857 
0.350304768114225062447530945064 0.052877958427222093718000905938 0.413305359979370123824082838837 0.902656805818935703555894178862 0.328380074090332207958908838918 0.207904733441087952172665609396 0.087963665804827950722710738773 0.194086695900128169967047142563 0.544097079669937366830367864168 0.942719582679359069388169700687 0.462960983495449562852286362613 0.521361197351760896623318330967  | 1.747551768737400479380994511303 0.000000000000000000000000000000 0.000000000000000000000000000000 
0.275870705071507016370446763176 0.213924993751040126710449840175 0.356032433959465377526498741645 0.981785503679383886321829777444 0.613222897837365943374265953025 0.570017260377168488716392857896 0.268047902694549922131272978731 0.504774358900184294540736118506 0.756763535354977756597349980439 0.667988229870182914638121474127 0.379680576786838308578353462508 0.197920502447795465528201930283  | 1.524266687826597355126523325453 0.000000000000000000000000000000 0.000000000000000000000000000000 
0.259849490006311745204925500730 0.439303156997052690613259073871 0.388431799849209724584397918079 0.461206740071808063419211975997 0.667487810780498902474278111185 0.811659832365987821134467594675 0.596332249155391513895096977649 0.278230537034223290859813459974 0.669494572970150692015067761531 0.948399027773798808382821334817 0.928119068061894925136812162236 0.752762247429526132336263799516  | 1.674562783641280416802032959822 0.000000000000000000000000000000 0.000000000000000000000000000000 
0.187433291641500687774168909527 0.616296633649276337507671996718 0.538817316619170538771754763729 0.120335840030611596063181423233 0.089828771297875142920474900166 0.570432047023802235585776543303 0.056734228143244802566869111615 0.049074678897271573063676441961 0.977593470526203267567666443938 0.656605162411004084077603693004 0.601521355928831713555382521008 0.391172022107455497064165683696  | 1.993441772713961057661435916089 0.000000000000000000002983341600 0.000000000000000000000000000000 
0.190819464243433101202640500560 0.484010431135047491935097241367 0.370078782582521803590225317748 0.748908819764463551393873785855 0.660118894754202267804998882639 0.547487736055975782178961708269 0.072074231080001771587717485090 0.383383385457071401702933144406 0.464906332205571315441261504020 0.974537737757040778419082016626 0.575617826660806075622645039402 0.594328394199506560013901435013  | 1.544481699054029988360525749158 0.000000000000000000000000000000 0.000000000000000000000000000000 
0.900530374163327262948541829246 0.577790062250851832459375145845 0.005279763050766828058613100438 0.822383742648747473324988277454 0.373132212197574419931811462448 0.950929150327958661037541787664 0.219136476928262213803577651561 0.164850314853768553646773398214 0.378438963433262109958832297707 0.325180341268379802244226084440 0.011701541908534229818883432017 0.178845238269712991652227174200  | 2.146236316359691809196874601184 0.000000000000000000000005067622 0.000094980400628541018261119522 
0.077228438451116820928632478171 0.020763927765136802605638877139 0.386684752772455953007124662690 0.919079410105719363244247688272 0.719561682032636040773354579869 0.650432766391819683349240222014 0.187775258926309973617208015639 0.055919771539981288910325929464 0.923525467643638409143136414059 0.486669002314767285000129959371 0.091869984119692826851633071783 0.217331438166481261120566159661  | 1.980019947851264561222706106491 0.000000000000000000000000000000 0.000000000000000000000000000000 
0.695801874992064250946555148403 0.700440474783371458400438314129 0.664214809919383863956454661093 0.126015285125051335057833057363 0.554986855864320505205000699789 0.801833097101567471298722011852 0.022582976787732134127395511314 0.237857670216014227548839699011 0.213636975350790736527528679289 0.108634298122077366244297991216 0.910983533028162151268247725966 0.493203608572685414657144065131  | 1.961728008547549251261443714611 0.000000000000001061407234902520 0.000000000000000546157801147192 
0.035970300378107999961230234476 0.662389926124815620056551779271 0.058514060420483904323418755666 0.937043480378368043304249113135 0.951088589537012030206142298994 0.203396763181145523446957668057 0.134899692703451812292314571096 0.560484963491409082791960827308 0.883409780267754518590095358377 0.657038835644770724542240714072 0.442787456587721006684432722977 0.851685861063911531232406559866  | 2.112948374987748678677235147916 0.000000000000000004289243033319 0.000000000000000000000000000000 
0.371633756296630313187279170961 0.719168575537687537746478483314 0.338891047080519980383428446657 0.419550881892720273214081316837 0.773784729559238604323923027550 0.199888531886187381658714912191 0.877947397375595128821146317932 0.339932392034837604910535446834 0.791642787699976091531084421149 0.713749444526670107080690286239 0.462148679169412268663563736482 0.457725541755273246380397722533  | 1.499883194012357146007730079873 0.000000000000011356579790521209 0.000000000000000000000000000000 
0.183166176550154213842347417085 0.502460388728952933590221618942 0.319924903012778205635413542041 0.388136860890011758939976971305 0.060612952371522199612741133024 0.975448475088567468205269506143 0.942328745747665008636317907076 0.460278964273727719813678049832 0.503274972504701434417029304313 0.262040574460948638702006974199 0.276774225444915034088921856892 0.798746905327908152116833662149  | 1.856999986044584272093516119639 0.000000000000000000000000000004 0.000000000000000000000000000000 
0.816141502629679660429928844678 0.336751196002293751163847446151 0.584634420563118428759707967401 0.067118120422047011786048642534 0.318085254560454222527710044233 0.017442906280293879461851247470 0.817854477616469122125408830470 0.360508082748533853489902867295 0.872572022219407772425370239944 0.412265840598381227977142771124 0.092838176694908236541436963307 0.344107555346294224918324289320  | 1.917583893161671548810431886523 0.000000000000000000000000000000 0.000000004522937400857433187192 
0.520122588058779200537173892371 0.917932767203236021913426156971 0.825500114460778977587551707984 0.048021345750555166631556858192 0.935535057939594683062978219823 0.550874862825020406020826158056 0.575691336104380280147552184644 0.159114953620114185639522474958 0.796473485959535265621411781467 0.660269254933453009215327256243 0.152341684209103878089308636845 0.387255260551465863017028823378  | 1.871606218489900053114638467378 0.000561592982666860507032224881 0.000000000000000000000000000120 
0.798148496701158061128467124945 0.975850542928290654032252859906 0.816291659845707506804046715843 0.338953581084316502014530669840 0.425344550307427127222581475507 0.033831383447442409106997729396 0.011125673548096459697376303666 0.846596553318279765321108243370 0.926625206482138752406285675534 0.326712705197812036672644353530 0.429677174212944379405598738231 0.988614846123022417145875806455  | 2.143654403422986298721752973506 0.293972027003519209564785796829 0.000000000549149319382042296375 
0.357824809316815928283972425561 0.421999624831601582997109289863 0.966142673239197113943532713165 0.665728098776114940449133428046 0.526613621229817585600585516659 0.906850678930252840359571564477 0.607474840445773933694795232441 0.343345435108838747950699143985 0.523451417053242940014001760574 0.727867605956558749724649715063 0.908271268162418321523432496178 0.588193214537101605188240682764  | 1.674019134653101259502250286459 0.000000000000000000000000000000 0.000000000000000000000000000000 
0.144180249046506947507850782131 0.484428421345437065781425189925 0.686983312658993927612982588471 0.923086993376632136687476304360 0.851429675137487906866340381384 0.764915521880465743009835932753 0.805015829081583200732552541012 0.490154642684013985842739202781 0.658009214080979676353422291868 0.740405415224234975113404289004 0.888408080347509843122111306002 0.028828060157271462315975441015  | 1.956405509706877321463025509729 0.000000000000000000000000000000 0.000000000000000000000000000000 
0.460029668299653193841436404909 0.938508457916932270492793577432 0.906429348980210658481837526779 0.746537741822266287528009343077 0.566224555465090650940851446649 0.437256876416041384558752724843 0.176777152949940452586474748387 0.394481350149993081899424396397 0.097632508504220227862901992921 0.139750077588136845108124362014 0.347341843402493077874737537059 0.406694613778513458512975375925  | 1.673578926230972374611383202136 0.004608783005272659889783870568 0.000000000000000000000000000000 
0.091262914758943214366126994719 0.472131640961120258026539886487 0.873386492582903128933935477107 0.808839579795965102348986874858 0.387426162328638135079472704092 0.582239431469882662284476282366 0.307993854017144075285727922164 0.317841328847310977678830568038 0.075886244621472531690642426838 0.450545500736806658892419363838 0.396516490150155664906606034492 0.573801715147789215265561324486  | 1.522757448448010419994602671068 0.000000000000000000000000000000 0.000000000000000000000000000000 
0.072617215631164189204582726234 0.940167204338069106839270716591 0.180087464659872464878276332456 0.760488149732721385731792906881 0.992420297796902994846846013388 0.384816000805631386327831933158 0.181047656366875475697497677174 0.027518274681608501097684893466 0.868510164734976886080630720244 0.525978021187978095341009066033 0.179271777827324507725847979600 0.500156065151739381846596188552  | 1.990243260699957161818929307628 0.006539392018714833276771258852 0.000000000000000000000000000000 
0.516211925686830719328668237722 0.871213794147718489924159257498 0.650064924470339811080066283466 0.919028026160593647375662840204 0.520845105833780186443959792086 0.005953783067218942903764400398 0.836186395029362872222122859966 0.166587092498126088102594621887 0.611097068037521395922340161633 0.472541492639825477795056940522 0.454913184987332241959734346892 0.191113806732676527744274608267  | 1.777345639688662881638947510510 0.000002873201468584692553910305 0.000000000000000000000000000054 
0.732398613450419011527969814779 0.549987438345944879003468486189 0.477921749421107211475145959412 0.979917265491513589381611382123 0.895987782550606848275265292614 0.644012059351640075988143507857 0.278982011932777718143938727735 0.910990183235323769395108683966 0.037919184245233772401206806535 0.220559720634288192187000277045 0.386952777637766143215003467049 0.937100811264302002712156536290  | 2.121558053510915975437001179671 0.000000000000000000000000036145 0.000000000000099431992260715961 
0.305563358802221962662315490888 0.744416425679653270819358112931 0.178604482343626580487239152717 0.618904971754356658664164569927 0.341388060335274134970973136660 0.570508218749150586290852515958 0.924675822260817126263532372832 0.861034572923598862104199724854 0.400844999943077651138878536585 0.353926394808632860389252527966 0.196312355595961607335198095825 0.849840818019463650756506467587  | 1.704042139738016770067474681127 0.000000000000406625810798173290 0.000000000000000000000000000000 
0.758006415671199196282259435975 0.839919579426203766203684608627 0.095968979129958942309031044715 0.554557718186199810617154071224 0.752504430798515588918462526635 0.294819703215011497121622596751 0.161627032395840419809474042268 0.902248020092835334438063910056 0.959527744025584272691276055411 0.373535372094955242516789439833 0.055319486532600992134689477098 0.297229081175071074838456297584  | 2.014390641293620554108656506287 0.000000083952589601195599197448 0.000000000002934618954290774528 
0.875484297564653513035182186286 0.283101849001955230278326780535 0.689905682391350305593391567527 0.907073049433621436676844496105 0.837883717492050372754874842940 0.929647846402588795555743672594 0.591536103426013593065135864890 0.010179221224119627819959532644 0.249219924527262159941187746881 0.565101631351960786986410312238 0.324532750237818579108761696261 0.156112965047755292147257932811  | 1.965014484994691557062651554588 0.000000000000000000000000000000 0.000005179904393156343120319628 
0.078179979358163675939863423991 0.326667513071922321898910013260 0.515128088907562453613309116918 0.917983774453625667177902869298 0.702408754188816653041271820257 0.896294103517665030622652011516 0.570771581054578591718495772511 0.647739418253109544565404576133 0.518394005395522938783869904000 0.606381893396558346864821942290 0.840668296018005856140575815516 0.346782978176569001149687210273  | 1.550978957791745660443893939373 0.000000000000000000000000000000 0.000000000000000000000000000000 
0.403497714368124205108756541449 0.627888334233368539116781903431 0.348013501853883466807815239008 0.313486671200666755510155780939 0.549069060145715770460128624109 0.007452964861713207156412863696 0.295384137578102334842355958244 0.495196501152391110878170366050 0.613502850991665793500828840479 0.294372221516538079555402873666 0.185275095287518842823715203849 0.492328239390986910350989091967  | 1.499064498705866554928434197791 0.000000000000000000014460443668 0.000000000000000000000000000000 
0.598008309188894804364622359572 0.345906484016036408490890607936 0.482861225489451983960975667287 0.651517640619816207347980707709 0.300018252078296576712546084309 0.279069236964885059038010695076 0.110266997418089651716854859842 0.321525574030680827419814704626 0.489587085733400595444209102425 0.713889422168193954476578255708 0.405721452621946587768775316363 0.891321988846887292012866055302  | 1.503677825744173190969377174042 0.000000000000000000000000000000 0.000000000000000000000110661491 
0.533738698162471880692692138837 0.554234518238951867630248671048 0.646041072824917517181120274472 0.824466311949239472056660815724 0.047866521670887784978276613401 0.801178264970524356414216526900 0.580100159986551178192826228042 0.787905347849564119400156414486 0.076402831399684512092562727048 0.612700827917083357121441622439 0.652608622204531529931159639091 0.437319607011601885204754580627  | 1.730399198104426439215330901789 0.000000000000000000000000063624 0.000000000000000000000000001469 
0.993527794237118788700513505319 0.664272737208083219329068924708 0.766358699037810175980212079594 0.913583990732144579638429604529 0.024514498159522002396215611952 0.877043728082870233109247237735 0.967912981940074024223008564149 0.005141939041241494479095308634 0.025541003174161858169100014493 0.204094352285431712701324613590 0.296687301566870065272496503894 0.004972114670777738609785956214  | 1.822531108945568467660791611706 0.000000000000000004914028776290 1.955512069870353641931615129579 
0.037032882892106711025803633675 0.093504900014157676935155905085 0.872352932570605421602749629528 0.781915581447318874808161126566 0.792801774347118071162299202115 0.545604713206044644735470683372 0.823397554381573026915930313407 0.839982986383804419716625488945 0.271610670454198954715252511960 0.700785843283583398388714158500 0.896460437941184240528968985018 0.570133357850111321951658283069  | 1.780686387043896257154074191931 0.000000000000000000000000000000 0.000000000000000000000000000000 
0.631111400370019115513287033536 0.728837802114580934897958286456 0.699918860259521213862399235950 0.269857723357016077159187261714 0.308231367204648609714467966114 0.524415257450912886127980527817 0.592866370147653309885527050938 0.320365480841874550321790593443 0.278766873204020271259651053697 0.354830339052946142075484203815 0.295046137407518838102760128095 0.242036354072778348012207061402  | 1.349766709947097353960998589173 0.000000000000038856848054753432 0.000000000000000000021726067376 
0.016762097403931974781698954757 0.449172641460075405817065075098 0.707671504286081720636047975859 0.921087647821075883314279053593 0.860116739415901943033304632991 0.067924434465314265096935741894 0.693755711778667460976066649891 0.282623847784752912914996159088 0.945255229541334118792406115972 0.928005874008055231527691830706 0.477733163820776463026618330332 0.298655243003096426690490261535  | 2.044086059361234219977632164955 0.000000000000000000000000000000 0.000000000000000000000000000000 
0.948988759616532062679539194505 0.059067545734983184502198128030 0.376483971140163298230163491098 0.342843104560067279962254360726 0.344377254999882920216691672977 0.912904349560688999076774052810 0.400661424089465478814986454381 0.343907256366208669007278331264 0.487591825833789904720561025897 0.558753651679198437562945400714 0.729468360752003164293455483858 0.635007374010091885097040176333  | 1.343337762635339549532886849192 0.000000000000000000000000000000 0.011231093966236871048436363196 
0.951150884536142049441309609392 0.555969297581166088662030233536 0.317869498888080137533052038634 0.283006704464355829387045559997 0.436570562150968122239191870904 0.937047680205463473512850214320 0.343277171113439250049736983783 0.810881052229404764020159745996 0.927097703029271302810343513556 0.853909707439263643280469295860 0.315068610526341608135680871783 0.246949470202948218044980421837  | 1.802300072336459280109011160675 0.000000000000000000000000090579 0.018919277208717822508221573230 
0.874408794765040964236391118902 0.780915440648821235214427360916 0.895126699314035656485089020862 0.357942738723516118426459797774 0.552083182941301320312277312041 0.657229008289422322874884230259 0.287204144003810446506008702272 0.241245976280791030177397260559 0.141165208580322776299453835236 0.540389362605012912865731777856 0.673223993194556724617427789781 0.573264372914770836686670918425  | 1.481742642402862575323752025724 0.000000000042392951719502918335 0.000003454175220294582603384548 
0.036897072566487221223496817402 0.002495981953794412788738554809 0.995760168739664441872605493700 0.918259776901978019836292332911 0.357998457202055364589909913775 0.898759182959339097962470077618 0.205881045174527210761539208761 0.522074938430804103006721561542 0.853761796846818077355578679999 0.606019037294734275178598181810 0.613167269212953724988324211154 0.193515639700273300860544622992  | 1.930012911635262895515552372672 0.000000000000000000000000000000 0.000000000000000000000000000000 
0.912840271129846225761639288976 0.387497148470717256429907138227 0.587312490817818000365946318198 0.375922691066753911215414518665 0.820504155531354140151734100073 0.196793645125133975781750450551 0.661784615612721616173530492233 0.817821569454192154324800867471 0.235318762559840521930709655862 0.802453741955054367096522582870 0.671153261805326195599263883196 0.339639976645918162390103134385  | 1.561403645341983281724651533295 0.000000000000000000000000000000 0.000268605066297368413712198798 
0.363764351522978257591489636980 0.341411274412414256218539776455 0.491831657094125462847955532197 0.640493874777220417726653067803 0.371469903549947799703545570082 0.736248191050752787134570098715 0.745269839361614838679770400631 0.033894359150361985655308671994 0.464107702041262060177473358635 0.676987667169621554208447378187 0.823403292938014397250867659750 0.743532040505190172652305591328  | 1.566060642694958371379243544652 0.000000000000000000000000000000 0.000000000000000000000000000000 
0.430436899983593024288097694807 0.423383903758687507590252607770 0.339785212211453302444397195359 0.477987016372509732065054777195 0.494564454994987467983946771710 0.050155825077814242263229971286 0.212624179152319348062860626669 0.963093871194629080889626493445 0.659807936754195134554379364999 0.555488996768461751329937214905 0.880929921135975124713013428845 0.317589031643504160484781095874  | 1.732582444086560702345423123916 0.000000000000000000000000000000 0.000000000000000000000000000000 
0.945792869591396190287468925817 0.749414319186665567329441728361 0.500671333803102358572800767433 0.168919459055065113162186207774 0.936975802143803937482857691066 0.827994533553155998006900517794 0.003002713416125235568188145407 0.538388279912532352611265196174 0.318772501570042887664158115513 0.094856483963963622585424673161 0.614466416696865191937604322447 0.468322282975746073674372382811  | 1.867680472003294012139917867898 0.000000000000870204154814041663 0.011143744846226098441088758761 
0.782497141415839703171286600991 0.182289726219350800562324366183 0.375774780474308345290523902804 0.111454582299746807194651410100 0.563011444135139482725094239868 0.980891460547953952797683996323 0.949746399935217144872012795531 0.727689211716522121875527773227 0.031823494049356249036009103293 0.494992769930778786502401089820 0.502915123887849979666953004198 0.458696398770149782464500276546  | 1.876669485587745489496569462062 0.000000000000000000000000000000 0.000000000065733027777211056393 
0.715991746021325425886061566416 0.068407250267526586995359139109 0.734647428756738163357908888429 0.633534282899989253934336375096 0.734177459661522258116406192130 0.511645443092762164383202616591 0.360761638106853022023301491572 0.803022994499881903607274580281 0.173059155524082575183797416685 0.545637390813256795141228394641 0.757003486853082607765941247635 0.267925908075006713460197715904  | 1.467958039732796704512907126627 0.000000000000000000000000000000 0.000000000000007138962427997656 
0.962772697945775135508483799640 0.851604632931011185092984305811 0.088332921566953714886949455831 0.565533084869874747013795968087 0.260391848802874914525773419882 0.762640579957236219854621595005 0.480690500048375879416084899276 0.695694692042165385714724834543 0.307961718162097053408388092066 0.982994246441730945562653687375 0.991649331107137488316993767512 0.591459426307664459798729694739  | 1.857909792723264841285413240257 0.000000308280492845799709985492 0.065720697078279641245579512088 
0.496632433130993922176799060253 0.894686620927102493894267354335 0.925160507997456971196470476571 0.921954713868472497395600839809 0.146752461474452866596607236715 0.805943588550741996101578479283 0.142769875091514286680194345536 0.576355163662582992145644311677 0.955033942989845563431572372792 0.411915972201982505396244960139 0.669049894068797224022659975162 0.865221835607380862498416718154  | 2.087415554685406515744716671179 0.000048175151724959370462368635 0.000000000000000000000000000001 
0.151398080485114050475203839596 0.450055358345578637724315740343 0.753239416700168140650362147426 0.834464635161088708059651253279 0.851825836739628972082982727443 0.987631782927370194258287483535 0.086802449373674317456561766448 0.874328008057253747153936274117 0.392780534032577399727870215429 0.119805251192609318877657642588 0.971552017827475022926364545128 0.484259027416960030620884936070  | 2.227069787560331803888402646407 0.000000000000000000000000000000 0.000000000000000000000000000000 
0.055059779008114650977745441196 0.802528703719065150679057296657 0.109868780180883751640408263484 0.348240308456325919905793853104 0.696971535337107983565374524915 0.081360790522018611170551594114 0.573221870929811139205867220880 0.492052086604943594849714827433 0.779613485766892599926336515637 0.221618310698006748538091414957 0.065127565592725034093746216968 0.646423607485381301884785898437  | 1.760948531207873202220071107149 0.000000000772545378112331635815 0.000000000000000000000000000000 
0.209363557621738971548097651976 0.352967636154303265882958839939 0.419819738823914434533435269259 0.711172755652168087081577141362 0.905177650113453635682958520192 0.280294125147636519201910232368 0.875970248572100818051922033192 0.977276624873757437939048031694 0.695552387534376315159079240402 0.445727833677265428136138325499 0.288839830975399891599408874754 0.278381552540276189233736658935  | 1.767498568615064602482789268834 0.000000000000000000000000000000 0.000000000000000000000000000000 
0.425630721040261228438339458080 0.893165988323100235035667537886 0.198092937981213301767979828583 0.634753937985405025656859834271 0.294677795770029504751619242597 0.510098635785645848628178100626 0.923410562201182782970931839372 0.402634534322158899044552526902 0.145547022230564371270133960934 0.700336403170465748857509424852 0.081624895881727832502861019748 0.159519981065360694216792580846  | 1.797058184568195438046700473933 0.000034986435515440172017067461 0.000000000000000000000000000000 
0.789802238937211020797235505597 0.156535424838668557612209042418 0.243861187337677476349995231431 0.506738322088528869713286439946 0.388755768921160704820749742794 0.989251587035280044446494684962 0.174121455611356612536155807902 0.754502970811202322565236499941 0.307511583022902712514223821927 0.545624804185688816460242378525 0.573444284199352782849246068508 0.562001061887108965819948025455  | 1.536735086530099936297233398363 0.000000000000000000000000000000 0.000000000136318543908907963244 
0.193636461050574082420894228562 0.676235070076040445385956445534 0.758026596047172374071010381158 0.825127455422579814126038399991 0.461453382041829174298186444503 0.560848465215777247649953096698 0.652425244685955751933192914294 0.656981681488500779408923335723 0.409532377010418002782898838632 0.266615412574598087402932833356 0.537451554271747289348581944068 0.913388739895626411424700563657  | 1.460296293199885298008666723035 0.000000000000000023460099305521 0.000000000000000000000000000000 
0.783419631992600118408631715283 0.335516661766275037237505785015 0.535752298429215123576341284206 0.714879988609477878824804975011 0.676371796671564329272996474174 0.657172020450101257438291213475 0.035242102010382359011941844074 0.598464665343100943317722339998 0.112308155801011722019211447332 0.165547951466479270621334762836 0.331733365914100852833712451684 0.718293063260527553381962206913  | 1.667085545527104084584379961598 0.000000000000000000000000000000 0.000000000065693562197465611790 
0.682333787521526735631027804629 0.301041554797716992553091586160 0.937525791487203941088068859244 0.620600378254685614010099925508 0.827386448933570717301222430251 0.717533087324498941583783562237 0.773205476354305476505146543786 0.236184306834599455626744202164 0.788560560970795298985080989951 0.368138525410806938253927000915 0.757226241498282215403037298529 0.596709895890019437203477536968  | 1.680888541855270368330366181908 0.000000000000000000000000000000 0.000000000000000066274505565585 
0.139990930208582664562300124089 0.067117872555883861807046741887 0.609794723801349247693792676728 0.985456414560987870032704449841 0.405253099210163503229864545574 0.502347960615259436778501367371 0.191337573594110077479513165599 0.044227269037656835592997595086 0.078313235871198205728660468594 0.175004956174428016879573988263 0.670462705660633151438787535881 0.306917799513753308815466880333  | 1.909486351423358208023728366243 0.000000000000000000000000000000 0.000000000000000000000000000000 
0.873079900813639619983064221742 0.816977179323998381477167640696 0.686911204768217098504123896419 0.718238355252118099159019948274 0.855911196874853841265462506271 0.788795585532803489314801481669 0.957452154215974626794150026399 0.887674509105245146400875455583 0.389888070636365435817083380243 0.067901213924297598723001101462 0.864743486151809737094708907534 0.420857535007194583087652972608  | 1.990328785229611430196428045747 0.000000005200406036139462027546 0.000003985141482650371899643625 
0.585307372130071890126146172406 0.047186957687151531715130658995 0.424075962449430132750194388791 0.861362313364434584173068287782 0.035103593656487852570080576697 0.780658791279616570690791377274 0.592082058398490040929118549684 0.291289392728618201644508189929 0.457439062558016917847680815612 0.539875032435049861945230986748 0.005909091010931177834208938293 0.350254220936347948622824333142  | 1.753235506118876463332867388090 0.000000000000000000000000000000 0.000000000000000000000015078549 
0.162162201196742739028877622331 0.781487486019102561840554699302 0.425396951032794623515087550913 0.447309596214361171462314814562 0.475822169039247011568249945412 0.929497477727724064067160725244 0.724881633305552108836877778231 0.413367045692471846152216130577 0.547637720850838505270985479001 0.552699164330388015287098824047 0.962642962781760980206513522717 0.296675552317304358496130589629  | 1.511897458626906276535351025814 0.000000000046541997465462244387 0.000000000000000000000000000000 
0.187898104224233586379000371380 0.188997349147447923911613543169 0.364484598521365166234886601160 0.506776212046372354080858713132 0.722122647841794362832956721832 0.816051104610402866512686159695 0.547908871810092623633181574405 0.775828479827265660162538551958 0.152355661243332329846111861116 0.445581382125938008087473463092 0.399344008199232325395655607281 0.152093739678911488155677034229  | 1.501002089676140016649696917739 0.000000000000000000000000000000 0.000000000000000000000000000000 
0.409850087575007515638958466297 0.618830318004862212077910044172 0.631003639656837034266345654032 0.699182787135181005311324042850 0.740965227932909087371626810636 0.582036166208201199978589102102 0.459712855121167773830848091166 0.269339458473159876206182161695 0.134212040437829083217025072372 0.755595392470357118952506425558 0.559235644557549482769331916643 0.600897481308569902935801110289  | 1.389276248726412532619178819004 0.000000000000000000003133767393 0.000000000000000000000000000000 
0.768454805068526702882536483230 0.523189910583879980165988854424 0.883111858589993081736224667111 0.345778566082503235890044379630 0.048692381541406870582022747840 0.872948663197101959454471398203 0.809478892302806229963607620448 0.894831296443819201869018797879 0.978494580323492124662720925699 0.462018305165202258777412680502 0.883009853977576364414403542469 0.810091043860349468985759813222  | 2.238249832431403518739898572676 0.000000000000000000000000000258 0.000000000012819216774957413259 
0.182231970823482525290160083387 0.672459074723755989566598145757 0.826435422901179883581335161580 0.840692245299868856633906943898 0.264943863078022090462582127657 0.768218054728146748644235231041 0.702449346075574965198029531166 0.512148027545942685634372537606 0.291184910594965540298062478541 0.691714203744004052509808389004 0.916586524481697528798918028770 0.328599996419154161131359614956  | 1.674237287106342009224135836121 0.000000000000000015364652992538 0.000000000000000000000000000000 
0.956426828237025405954341295001 0.890177135108591865986227276153 0.664525862260845423534760811890 0.206920598247884779397054444416 0.913950581240354109624490774877 0.423726889120202399041659191425 0.378419211921427356415392750932 0.294166052703628722042594745290 0.385990018197873041572165675461 0.044757906881170095303446032631 0.839112793864217998418553179363 0.005960060750053397526926346472  | 1.926282177801129202876495583041 0.000026821513042481839205659691 0.035161143347546393311819912242 
0.365676900986610098343021491019 0.103369405103509670595940406201 0.325920238342152446264776699536 0.604889136826069151453566519194 0.134400145121210234933073479624 0.383875684950764739511441803188 0.897702060029064830004585928691 0.327645407409896671779847565631 0.939289435912832981756537265028 0.782596262653483476512406014081 0.412365231513754926240267195681 0.625609337971175794024247807101  | 1.672620053617805968571019548108 0.000000000000000000000000000000 0.000000000000000000000000000000 
0.569535720012575907844620815013 0.604813596212314452671421349805 0.927291442189944303819970627956 0.841644811230003009328015650681 0.135508755437347083727672725217 0.222478269387142546520408359356 0.474288752364897980839941737941 0.137199892386006938593823178962 0.838353951708822986432778634480 0.506665772218285237471491200267 0.042732320791353473055096401367 0.507271762210491861111449907185  | 1.965130756404762646383233004599 0.000000000000000000000448400290 0.000000000000000000000001100546 
0.706109487199296559367667214246 0.568911058101666755604242098343 0.373605443497422973209154406504 0.327618160043992023844339200878 0.499134169026811624902961739281 0.541972642516657332478757780336 0.284529910794417695285574154695 0.344813667313859317786750580126 0.887145986988346901824797896552 0.058095982646385380121500929818 0.852578631564267164222314931976 0.142608716756970954619987423939  | 1.715165088806317461589401318633 0.000000000000000000000000860723 0.000000000000002077927885954597 
0.132913626062999057353408716153 0.907334431333628232962951187801 0.363893468405021236478091850586 0.850069392514001043181792738324 0.781077769044350445071245303552 0.106121727032011614610951255600 0.482138075872127425114399557060 0.752977242722584927392404097191 0.826171910552022437101982177410 0.700254826029599541925563244149 0.871218260449000636569394373510 0.916455126909710537930209284241  | 1.897262879183931660875828129065 0.000178232360283020360670544480 0.000000000000000000000000000000 
0.672309724722130797047725536686 0.725254994601961966438352646946 0.012384574700450068363011268957 0.717139746837178071459106831753 0.339978624837406373515591440082 0.463987418233396065048168566136 0.081146990192192403057447336323 0.758555737789650352809189826075 0.438774251353805544439978802984 0.546793154179683771332065589377 0.281821513556943070710758547648 0.241266968193793784891454379249  | 1.674593957839593638681208176422 0.000000000000029451148144497828 0.000000000000000015030337012727 
0.990367628695436597041634740890 0.963751939004875435301755715045 0.089220043398831938574744526704 0.001518493609133031441160710528 0.306243504481743311629315940081 0.143471262099048368909848250041 0.816558477289990980452216717822 0.778641685660292015569439172396 0.227036616160344761894407383807 0.970426550781002372758621277171 0.219053628527636545797463440977 0.550168544665011749472682822670  | 1.766337138374275639307597884908 0.069173832335107557356401741799 1.200824748134653674469518591650 
0.749033757762936014401589090994 0.124815317685556870230811910005 0.121214204871644914973671802727 0.166687147380878863955899760185 0.578744902557957408006927835231 0.426124772018299458054002570861 0.947553749409646206558477388171 0.130136806747861211164263295359 0.826812289317739201877088817128 0.045796646487048953133580653230 0.257867200833017840011507360032 0.406767867235964253325164463604  | 1.983765067437309292941449712089 0.000000000000000000000000000000 0.000000000000878515090325230907 
0.294162282098981098243939413805 0.381061728308983882484994865081 0.797925943589514963250053369848 0.056577489037252348680340219289 0.546335127082523852592998991895 0.999137454657922585710139173898 0.316355148773008076901191998331 0.128692745673336217393512015406 0.136856852244676474583684466779 0.879642841732998670423171461152 0.562024140516713899273781862576 0.555953182366999865138268432929  | 1.991242427898727296309289158671 0.000000000000000000000000000000 0.000000000000000000000000000000 
0.733104318109191410712810466066 0.628161925037028057161592187185 0.704957705680377522128310374683 0.533567678648720677969663483964 0.292473357891043228562466538278 0.490330354891411079876206713379 0.724755975312484590489248148515 0.595118187854100755274089351587 0.185572285382710866485922451830 0.671343100350129118325526178523 0.082111424004388533504084080050 0.057219550997431811723004102532  | 1.644766611212089113536194417975 0.000000000000000000016572386083 0.000000000000084879324854973592 
0.786984708093211304813507922518 0.377494009480666470324194960995 0.640848307764290581189925433137 0.490215665142431422651725370088 0.735486386474419218117759555753 0.242129513535871199181315205351 0.861674883022100379648122725484 0.826895086760198960718071248266 0.209577201665833268151573065552 0.439494353092419132167378847953 0.750290322114743446491047507152 0.410366943989856958197037783975  | 1.538239788943675634413921216037 0.000000000000000000000000000000 0.000000000095449417860612496832 
0.188396552252962923290624530637 0.073683979979914493441128797713 0.693468937511624083924743899843 0.677953192889959144196154738893 0.728723273636225465921256727597 0.825412569352527158983434674155 0.153915569908835259127499739407 0.939243032302846003744889458176 0.449871104521515796648145624204 0.084575723376490330451815680135 0.521525351560525596283923732699 0.639140063925088153240494648344  | 1.734927652934159070241548761260 0.000000000000000000000000000000 0.000000000000000000000000000000 
0.570059739928979736234282427176 0.489288498983570629974337862222 0.336596624175307779225363447040 0.310310260012629735015821097477 0.015737687297146640830192154681 0.587918240728279251072763145203 0.432487399076880718595816688321 0.554166641548784921766923616815 0.588348741923681695098480304296 0.617083135944833216512961371336 0.796044804967780406101951484743 0.588770510668065627513101389923  | 1.429451132619386388711291147047 0.000000000000000000000000000000 0.000000000000000000000000877660 
0.127958596520045153610567467695 0.055008765693421723952383217693 0.443387914733052390658940566937 0.201689648843039526227016722260 0.833300866880488433352525134978 0.730540613014472706154833758774 0.579188748200356151585310726659 0.688918892734182053416702729010 0.255086601158861725480164750479 0.448991955272230347517847803829 0.770948006330517632278542805579 0.851190290966322926635712065035  | 1.557725477953845416578815274988 0.000000000000000000000000000000 0.000000000000000000000000000000 
0.154696235383504854254965721339 0.105829688870530125299751489365 0.848975661207403087260559004790 0.361032840337499383309705081047 0.066373736707241892673891925369 0.469301310269152560650240957330 0.354497309016330586217691234197 0.823327367931881548557271344180 0.052499565840608886091445128841 0.873132529197598206138763998752 0.939441581506638812015808071010 0.653359002867805571668213815428  | 2.011894059521389444000760704512 0.000000000000000000000000000000 0.000000000000000000000000000000 
0.806666117328678655695739507792 0.383507172027146570059130681329 0.007887552822793741924556343292 0.606193486211930698814853712975 0.019749709100270740336213748378 0.831178195789500806611727057316 0.499477659518780869873921801627 0.818597378821052767960964047234 0.244476982239393736406896096014 0.907005186559441511917611933313 0.877532982669902539285544662562 0.670716333969022304728468952817  | 2.097896073266698024895049456973 0.000000000000000000000000000000 0.000000001539165775084285638806 
0.048085881038305133827748250042 0.090267371095442916484330453386 0.088838264184016413338440543157 0.018201986669248437777923754766 0.052224041291373035633682775369 0.284642754908757567022803414147 0.746732371997098187677011082997 0.436788933142961743882892733382 0.463464094977709573086599448288 0.370868678505990923000013026467 0.362378684429341069161978339253 0.897027210740639402430929294496  | 1.907517856338388551051821195870 0.000000000000000000000000000000 0.000000000000000000000000000000 
0.625821281748202062900077180529 0.170659469521638351707792935485 0.580461189100887953173923961003 0.010889649732902517698107658362 0.776295095867509665765737736365 0.757592314878564820901374332607 0.628480937001264283736645666067 0.236411386872368955991419170459 0.198910932493658654252044470923 0.294684462283598014309404788946 0.955767884210585894066980472417 0.059824279045450401426364805957  | 2.008670152713401435562445840333 0.000000000000000000000000000000 0.000000000000000000013933533822 
0.531102867162051017757562476618 0.598651521638739136932372275623 0.166248336974845312141724207322 0.430789968602981909739924049063 0.718723965039144596644860030210 0.566547536057565359612908650888 0.407963863386406666577954638342 0.669040755727568381416858755983 0.385511566229693514173959556501 0.990164161831508460309692054580 0.703995052277900823511913586117 0.572274099528513158219311662833  | 1.505700409823198082648332274402 0.000000000000000000000123386464 0.000000000000000000000000000779 
0.728676027268128523317614053667 0.652667898410243196849478408694 0.472038376739720932917521167838 0.862242879464695688440656340390 0.163146485639129146250070334645 0.895766687989240750766839482822 0.570254730456309699704320337332 0.184596239533487915807086210407 0.713203090539195727615151554346 0.650425602001344804747873240558 0.959925430054820338909848942421 0.300075328627449788854164580698  | 1.826103271812837158805109538662 0.000000000000000000845026733084 0.000000000000051415421567796351 
0.900826137880041732941549526004 0.652349041846207455819239839911 0.813687013636411826666972046951 0.188281221520296915272751903103 0.310985446612337179672636011674 0.262752470582615638150514314475 0.379045125310736752410889494058 0.704755804865749402310370896885 0.098674102352507953028748488578 0.314206934391347614266010168649 0.479949941762859877414371112536 0.555966727640629043705189360480  | 1.543251869500481765484778406972 0.000000000000000000680079326141 0.000070575600695094178557188747 
0.094064473586854990827532674302 0.964750556403240810965371565544 0.601221215513013884645943107898 0.207722192866861776749942691822 0.466611996440100318395138856431 0.834617117754263837525741109857 0.055566551291892363195756843197 0.986063229988150435900706725079 0.867258098561692225558772406657 0.360464047731557712950234417804 0.816369665812689326855888793943 0.457516986251115032047209751909  | 1.896988291314330554726552691136 0.082406460414756438348504730129 0.000000000000000000000000000000 
0.727654799121222550795096140064 0.584062345026161500172179330548 0.385223918857246827585072423972 0.106403240763301099036652885843 0.644782437598248714394344460743 0.797071808462834763275850491482 0.152057741851314265346672982560 0.893895716772989734622001378739 0.067574234622337359112975718745 0.116583034211634295473913880414 0.238774023276284719230488917674 0.010580808416936315907719290408  | 2.195293990223996516419902036432 0.000000000000000000000015259256 0.000000000000053722023939257021 
0.313899389799551675750421964040 0.704290199324327570451487190439 0.784290350716679629528016448603 0.782441968964646683559749362757 0.237383055837800505116774729686 0.737656981774249320693570552976 0.673109475976236160121857210470 0.666604668422092760948771683616 0.604780278178028707358748761180 0.501778831733137975490421922586 0.346776819826439819394181540702 0.438249701738125718719629730913  | 1.382039489118509045795235579135 0.000000000000001293614344224895 0.000000000000000000000000000000 
0.986192385430148199532141006785 0.799372320676241088222013786435 0.606799849775894628578498668503 0.005643164403096090353528779815 0.162853621591985575633998450940 0.148017586776135523507491598139 0.006930421107051998319548147265 0.584774807223870096706264121167 0.697103979424777531193058166537 0.949507198244012196042262985429 0.300404638195400863764916721266 0.948853080783063962400092350435  | 2.057800302503415501576000679052 0.000000000608742635382309397436 0.848508706666026846221484447597 
1.000000000000000000000000000000 1.000000000000000000000000000000 0.500006620301284621099568994396 0.500001534969011340869826653943 0.499999197732030276064563167893 0.500000193163819939279335358151 0.499993639310466420067058379573 0.500006464008444395652475122915 0.500016264269372734396768009901 0.499989305439663245245185407839 0.499995075322702875464386806925 0.500004700033240490064656569302  | 0.000000000000000000000000000000 0.000000000000000061232339991312 1.000000000554350121362290337856 
0.000000000000000000000000000000 0.000000000231111160132007700245 0.500006620301284621099568994396 0.500001534969011340869826653943 0.499999197732030276064563167893 0.500000193163819939279335358151 0.499993639310466420067058379573 0.500006464008444395652475122915 0.500016264269372734396768009901 0.499989305439663245245185407839 0.499995075322702875464386806925 0.500004700033240490064656569302  | 1.000000000554350121362290337856 0.000000000000000000000000000000 0.000000000000000000000000000000 
0.000000000000000000000000000000 1.000000000000000000000000000000 0.500006620301284621099568994396 0.500001534969011340869826653943 0.499999197732030276064563167893 0.500000193163819939279335358151 0.499993639310466420067058379573 0.500006464008444395652475122915 0.500016264269372734396768009901 0.499989305439663245245185407839 0.499995075322702875464386806925 0.500004700033240490064656569302  | 0.000000000000000061232339991312 1.000000000554350121362290337856 0.000000000000000000000000000000 
0.000000000000000000000000000000 0.000341610240916677345042462566 0.500006620301284621099568994396 0.500001534969011340869826653943 0.499999197732030276064563167893 0.500000193163819939279335358151 0.499993639310466420067058379573 0.500006464008444395652475122915 0.500016264269372734396768009901 0.499989305439663245245185407839 0.499995075322702875464386806925 0.500004700033240490064656569302  | 1.000000000554350121362290337856 0.000000000000000000000000000000 0.000000000000000000000000000000 
1.000000000000000000000000000000 0.000000000069954610958437541816 0.500006620301284621099568994396 0.500001534969011340869826653943 0.499999197732030276064563167893 0.500000193163819939279335358151 0.499993639310466420067058379573 0.500006464008444395652475122915 0.500016264269372734396768009901 0.499989305439663245245185407839 0.499995075322702875464386806925 0.500004700033240490064656569302  | 0.000000000000000061232339991312 0.000000000000000000000000000000 1.000000000554350121362290337856 
1.000000000000000000000000000000 0.992856024276641324632919349824 0.488962673559171390191835371297 0.535276932308365704926700345823 0.553871577302307405155090691551 0.452514631676923795300382380447 0.542167962851467288842854941322 0.615420914767121240984693031351 0.580660423355104815534843964997 0.445120478590441459587623285188 0.495679085871548963382338115480 0.551031187746182649078718895908  | 0.000000000000000045579310861301 0.000000000000000043924830230943 1.033764134418247326863138368935 
0.995549945847175932200912029657 0.970237053644430802457065965427 0.524227548038306623290338848165 0.531110527149524336287811365764 0.528724550567935436262700932275 0.532227512684477988003095560998 0.506826919760790528535210341943 0.518512290342547865762412584445 0.571025641165121777831359395350 0.486088536561239625832797628391 0.464944248111483215968320337197 0.478826576336032483371951684603  | 0.539739965033984692155399898184 0.041394192229415746608900406045 0.853538977194366776934941754007 
0.955228771903751439076302176545 0.989789383060377669920626431121 0.485526486461274775496832489807 0.421981233071344052909523725248 0.455254965174773928993090521544 0.418349642782737562995976077218 0.528012637116623828603678703075 0.526152076408603730506285955926 0.517253610148638021115630181157 0.487848164116891025443578655540 0.473074979219522850915069511757 0.479822137221345756952217698199  | 0.860854673606550879760845873534 0.543146207748941289850108660175 0.016390540207022574747952603502 
0.996521150181986059557459611824 0.984047256069398024180827633245 0.523664639547811505693175604392 0.557675959510759655657352595881 0.482337786790790978841414471390 0.545522349587055255248912999377 0.537573708157420115938407434442 0.575996873915836649082677922706 0.544329056414073586545043781371 0.469713653076283876863783461886 0.511148777960588218682858041575 0.526927385911299173137933848921  | 0.431329527549139835063130021808 0.140342674747343992835979520351 0.910458034043237107724166889966 
0.989977366617570964102412744978 0.992961659987648848080254992965 0.545176769146247797159787751298 0.462610962703613792790235947905 0.515383696419983494685368441424 0.543606969571636788884916313691 0.448624211685998364185223863387 0.447615269045305186335070857240 0.459963687387119457561368562892 0.568082266711118610835740128095 0.452787832868899453586664094473 0.504201976814666275039655829460  | 0.611658602850920107840693162871 0.599210338672246600744131228566 0.553253847867016035344533975149 
0.988822280818956178549683500023 0.998768676431085689060296317621 0.470471959719310772740641368728 0.428249983713171578081357893097 0.484726835441483483446489799462 0.490434993180154543690463242456 0.554913538368978720427548978478 0.538266415527488217840357265231 0.504887581993937128999050401035 0.455341364774808188276011833295 0.460094809358688294764760939870 0.506091341497875490951230403880  | 0.160286849197595060445564740803 0.870523885655310247777549648163 0.495631364569489973881388777954 
0.991966738597922392806083280448 0.972644696086476967522571612790 0.529554017395871823303821201989 0.515689055226674852860924147535 0.578858935968463939047978783492 0.538407537015250015066669675434 0.478583409838098550181939572212 0.456751298610286404766611667583 0.554165867246209753460561842076 0.498849307086106863451391291164 0.518131217377936326151655066496 0.457214412282348436900036858788  | 0.772755431813281545849747544707 0.076029075983622129708550119176 0.655596407395396041373203388503 
0.992995303181787636326305346302 0.994518287270469203420475423627 0.482248018783040577339704668702 0.552352884529226040299931810296 0.492851161192721098913693822396 0.511284082469809830762130786752 0.486081459793651859957464012041 0.568860395257968831650430274749 0.473633048310328208518882320277 0.499404530054812612060999299501 0.515188449270239767763257532351 0.511640472337975382721708683675  | 0.443277219831333335609002688216 0.566189519148603048748213950603 0.708154803420154910220674082666 
0.986179128003247362777017315238 0.999323865525631460648980919359 0.488212809255974489186513665118 0.411152938926195643531968926254 0.525638611012345435824499872979 0.490346170206875431318849223317 0.442504846048511146783255298942 0.521146100507103082755122613889 0.518739327744132117103958989901 0.472598459505127688196068902471 0.495990127900504951252713681242 0.438405183668400311169932592748  | 0.096480738088747436398406875924 0.935865697354636871807542775059 0.387359732034014636603558301431 
0.971525737451505166930587620300 0.988347531009890367670323030325 0.493724894816606862946173350792 0.511279456785775243687908186985 0.519611883889125047986112804210 0.480788808148622348603851150983 0.496792635075659905208311784008 0.506163825912099629711349280115 0.447580113769546206192728732276 0.511325366934031300125695906900 0.508779534647004760827826430614 0.479925974447518388643629805301  | 0.884405576888461997242529832874 0.467769364121018715874100735164 0.087674220757544663040761179218 
0.968689560377317904205085596914 0.997471343630225493193108832202 0.509278491672463640149715047301 0.561456682532803452723157988657 0.560063631974484832376504073181 0.495262831304039641278080807751 0.518150929538364279913764676166 0.441824307400603411011275056808 0.563918117145704500536851355719 0.534935219189752286794714564166 0.524057514303149729606445816898 0.513814160907051231674813607242  | 0.349368771748514217456715869048 0.953103078940988002187850725022 0.066330792988575207336232608668 
0.993693070701136549338627901307 0.997072856099009308117331329413 0.477065548948502560211437639737 0.513179796024221923644859089109 0.551180065782200800938994689204 0.490947632344322315578466486841 0.448514727920061306853938276618 0.486684454853205328284104780323 0.569488499870306363881411471084 0.497781587664503311074781777279 0.464883458765884771679566256353 0.495567283201936381598073921850  | 0.264225095183450220392984419959 0.626494960589160654329532462725 0.749981183881187840611914907640 
0.995768045963620673788341264299 0.984501655122989483004403155064 0.493630011630251830379023658679 0.507614393143159259302876762376 0.526237600426587626145646936493 0.532282767641815479642275477090 0.501560532700637717873348719877 0.524571998986389953500975025236 0.545085296610298253305870730401 0.518491625119370969088095080224 0.514071432508538039840573219408 0.444790666717973681709707989285  | 0.492799760738808378945918775571 0.168483130211232456918679645241 0.863098404768414595444880887953 
0.984203335595931760870769267058 0.981465994560185572836985556933 0.565861912106249587139927825774 0.502270172822950500268746054644 0.484645227227889885401879155324 0.570146602372740063380263109138 0.468047539142148361079875940050 0.535685046584748358888816710532 0.411117073613894545847102790503 0.511230609445718964245486404252 0.570597672316278892168384118122 0.477710772256419946568684054000  | 0.945039945032792094714579889114 0.233176471153181547046884247720 0.322133410790019891756230663304 
0.989285968892464340207482109690 0.994990756748277305199223974341 0.488976634462202741637781855388 0.388531502126521322004748526524 0.494982002438456469839422879886 0.507477506229375707746953594324 0.542994491994181593952362163691 0.570683248441610002643642474141 0.554688391567627836487019976630 0.505411135018345003544482096913 0.446085860509921217076367838672 0.464779291515878767437897067794  | 0.513279594473605493831769308599 0.718760995388897483415746592073 0.523369849791114671866409935319 
0.977228079634402613251609182043 0.987192214801306811011727404548 0.550719761043812039424949489330 0.465765146250338823996628434543 0.488316459526900281673533754656 0.471194678151043322422708570230 0.440611333726412701672359162330 0.558877880091000478479656976560 0.549738529857656255117603905092 0.456819081388861680803614717661 0.471782766990580249011344449173 0.528362091282497337019208316633  | 0.912457194171532148807557405235 0.421573591099690725414461667242 0.159046899033126964972950645461 
0.977888783948254736166916245566 0.979263924474431113331718279369 0.523818459790854840107954260020 0.564151314049701424480076639156 0.484645227227889885401879155324 0.492721236107769577916570824527 0.468047539142148361079875940050 0.525018468453200326528929053893 0.411117073613894545847102790503 0.504801458145724968318290848401 0.503484052647253266243865255092 0.452191921801749274756332397374  | 0.983879422721644636418147911172 0.192526556790296593524303148115 0.169932382370357210055189511877 
0.966038819547614391325396354659 0.994873578563209903791175747756 0.498915458767661135208726363999 0.560328483854133252428653122479 0.602935838707377436129775105655 0.503517387342213740275553846004 0.509476308595861349104438886570 0.418429647264277670970500366820 0.571756217278765466183187982097 0.502085987861991212000134510163 0.555021185552622031700309435109 0.446334977430955959221137163695  | 0.608336623146005783802081623435 0.832130066923062239325759037456 0.051180149448299364078884821083 
0.983440491556762941272040734475 0.983383714735684089092160320433 0.534662632438568374837473129446 0.424212966221088283447215872002 0.484267303959864447993055591724 0.524736128770992182879240317561 0.440269114222412050185795351354 0.527545386871762334024538176891 0.527674785791602540818701072567 0.485626472393628660917386241636 0.472273491915483067948855477880 0.503248074857257976510993557895  | 0.928234696323447683319329826190 0.281096120605315413776281729952 0.295506080718529018369622463069 
0.990237546762070430794722142309 0.974347961635925741141761591280 0.521323744937811639488245418761 0.485346002818076660556556589654 0.510733574957683011952269680478 0.502136591097197659827600091376 0.468542577641651802888844713380 0.502722529002742168913187015278 0.496498062425451303081302967257 0.490410021158700804022601005272 0.482908383484950909370070348814 0.509050156163879274906491900765  | 0.827741518389418451384642594348 0.097141480147695885571934582003 0.556723948797030132595864415634 
0.993392310333751749062969338411 0.999256320314735657639459986967 0.503324390074633920555413624243 0.483832516522588518270708846103 0.452479536050378383649217539642 0.475675909272236574487635607511 0.497180168545129197443799284883 0.553384587128248672804886609811 0.480509019306930407200439958615 0.459396349546939808394796500579 0.456937915539978201096005250292 0.511274467162020407329237059457  | 0.078304661193269536889616233566 0.692362312025183612718137737829 0.731151801315971794359427349264 
0.985087718671487699850786157185 0.993261658029453098350813888828 0.508354191422659695831498538610 0.503231476526256660264380116132 0.524290086264561749906931709120 0.542340932856012258866940101143 0.535098580013788405196351050108 0.428097046650929846656197241828 0.453675552053917074957212207664 0.547539021624186439396453351947 0.453110251164189625772138469983 0.405317410956434476254628407332  | 0.671314851673713963720047104289 0.689678273693430488044953108329 0.350921469634596638886847586036 
0.982064681300423347742878377176 0.995069706578756152381970423448 0.542757350591353437962993666588 0.487331324136005050728925880321 0.460955116259456731953036978666 0.466919252405599172206507319061 0.410536025524700198818806029522 0.533229111674398126297091948800 0.518565696427431666037932700419 0.469405198215623431501342111005 0.498145655175813717452371065519 0.510358449320817531003058320493  | 0.564467733016624229058777473256 0.803234186014568418698900131858 0.258134017198643817003755884798 
0.996876540602203875529596643901 0.991056639178997667016801642603 0.495606277813247064756296822452 0.533186426736126817260696952872 0.552223379571869288362506722478 0.539144305349096852886248143477 0.520344661476064174188138622412 0.506561484752849122692452965566 0.434614019044822497139790584697 0.490627657898319857743274496897 0.456963468151985463538977683129 0.477369421960253004222352046781  | 0.332704122543484026586213531118 0.247550879473920515394524954900 0.923749763424344227935591788992 
0.987008904949127185979307341768 0.987742198962017203811569743266 0.512144168078120465281699580373 0.470798252477638179414043406723 0.481941338852928558011967652419 0.429797306242713672563837690177 0.526405484450282679098620519653 0.480276074942569852765927862492 0.545763218014832407476433218108 0.463569657406604274108019581035 0.514860247715983043725884726882 0.500759773613075886977696882241  | 0.826345595626624351837108406471 0.406939050255567758007657630515 0.416703710597518539593409059307 
0.993922171151394806543066806626 0.999811213060143977315874508349 0.463408894590904063548464364430 0.565786267054387725927711016993 0.526853609421946367241673669923 0.466459735084262916426922629398 0.594465143948882057678417822899 0.498052535179631494788310419608 0.462357685645574612021135862960 0.492333974957975040176449965657 0.437268203737347982418270930793 0.502859584890208100027564341872  | 0.019724844489448084550176076846 0.671195725821360222873579459701 0.770262244136421081464050075738 
0.986015537522535123748923524545 0.997782889739763478864631451870 0.481051827431249356958886664870 0.453140641216777939614956949299 0.511286785097365470420527344686 0.449145386181236061506893975093 0.516491100126012292470534248423 0.476287415725281604306218241618 0.514820851582611704877479041897 0.498208427681459509184236367219 0.489832133535736569118768102271 0.523084602005316701145432034536  | 0.287165253658950292425799943885 0.888310469063993690674863046297 0.377376093591322181453051598510 
0.987887607292382452506274148618 0.997399208319429853020210430259 0.445488457160766182507671828716 0.503402398597508460298399768362 0.497871750690672021377736200520 0.533781023399774623428015729587 0.429750173205888708061195302434 0.461380134620945014933823813408 0.445497827675751967291262189974 0.502667991771457267624612086365 0.496179338902256850118988040776 0.501482913195137269823931092105  | 0.319352458841686170920581844257 0.848079056701549371943826827192 0.453937138351161284521850802776 
0.994919869996558792202279164485 0.993326369054157387594727879332 0.502334353737820205054731559358 0.501900128123847544259206188144 0.489644271982858647618286340730 0.511900910748699700114627830771 0.485561068363415615500855437858 0.459398148129789685167878587890 0.532562565949315169788746970880 0.526525106614263327386993296386 0.492683912509558175063517637682 0.449278349285885447716992757705  | 0.409620257775667573341138449905 0.425245284663256506441086912673 0.815125809276460833174837716797 
0.983860862122646451233265452174 0.994088854167508140236009239743 0.572078902942434353029454996431 0.463078750436684394298225697639 0.557296780904261157552070926613 0.581152815757440710520143056783 0.524642138321901985165141013567 0.512460824258649805251764064451 0.548818618841927285956217019702 0.509172035923653121258780629432 0.555009419809796344935648448882 0.410491906422060459647127572680  | 0.634528550027751880868720490980 0.749443848483520191905427054735 0.313112375149533772589194313696 
0.979646699722246827590765860805 0.995192342751392455824088756344 0.502894095166439902833133146487 0.383064251039578640423144406668 0.485134045315354811567232218295 0.500630961757331238715096333181 0.490143843589559091711294058769 0.491161296498540012045452840539 0.531128977028105797586476910510 0.550014869489862445739447593951 0.459033151877453138300921864356 0.499773812822099872121839325700  | 0.564482734848823275441986879741 0.823894002413560144759685499594 0.203428871734287752826020323482 
0.975789282387899081783189103589 0.988919723187748012094289151719 0.518223769377936238633708398993 0.484660411656783141065574227468 0.562451345726449725148654579243 0.486461197587438498590728386262 0.389999613130421252105151097567 0.477844283729978891450684841402 0.537121718389325875087081385573 0.538597019231820572926494605781 0.503287235774337871063721649989 0.504201976814666275039655829460  | 0.879442822182290417920569325361 0.498287196369241347504441819183 0.137738306912541935700389217345 
0.990904515664736806890289244620 0.999419248326427922535231118673 0.493630011630251830379023658679 0.480261726745829231610684928455 0.594856111151820243776455754414 0.563922017460131708155302021623 0.553708409307506088659067700064 0.496274210110609070856213520528 0.561878010119110093967265129322 0.497721100460009002741657013758 0.491852549525734983326685778593 0.410302186992642259344421518108  | 0.073570389337241332006200877913 0.827713872736176581312861344486 0.605803914289952283311890823825 
0.996521150181986059557459611824 0.995891267317426609473329790490 0.478568106186140262980899251488 0.619585784210829770835005092522 0.566214801312977189517994247581 0.545522349587055255248912999377 0.601933504164489652232816752075 0.535237271370321954222504245990 0.556190315999199769159133666108 0.487975571754149739511774441780 0.572812081312654042264398412954 0.511645541386755997592672429164  | 0.234854774358811524415102667263 0.400715137148124289634409933569 0.932296219045641416656167166366 
0.996493719493137919407388380932 0.998168200472460798167162465688 0.507059899012978765320269758377 0.498703981459800327336040481896 0.497586428735003249990143103787 0.523145914349685381417032203899 0.538535794841381809661129409506 0.458094997727627517569715109857 0.475326180460139469108327148206 0.496071123118804246932000978632 0.495606325223443167082848503924 0.505277710127403967277359697619  | 0.117226096345778116325497819616 0.435155539455984285979184278403 0.897735493869364908903207833646 
0.993016867117425983124689992110 0.988919723187748012094289151719 0.468139692751275204862793088978 0.484660411656783141065574227468 0.562451345726449725148654579243 0.486461197587438498590728386262 0.389999613130421252105151097567 0.477844283729978891450684841402 0.537121718389325875087081385573 0.538597019231820572926494605781 0.503287235774337871063721649989 0.504201976814666275039655829460  | 0.631758203922810457342507106659 0.357950529898933778039094022461 0.717515546482633936875572544523 
0.987433428437468507787855287461 0.990335738009556321159720937430 0.530534507482414707801865461079 0.556542593405183527721646896680 0.486589786667338597414556033982 0.518397893238738749488447865588 0.490853414900133788734137851861 0.525271432687401618188971497148 0.554163497042925889957132312702 0.534713718906393409291410989681 0.531677798103973753285345082986 0.495597574412372399166315517505  | 0.756010744538722634366934016725 0.511454994194622480918610563094 0.433630863198417371151549559727 
0.991121787458103198353853713343 0.969656173389594644440592219325 0.507108076799693385794398636790 0.380642602489292714018631613726 0.429441558997828543020602864999 0.504297742504045798384026966232 0.491605761763881266013243021007 0.462153464348368847591785879558 0.404535279810419812207555878558 0.513866033304264613335021749663 0.505123594013346943754072526644 0.529482770438691074943449166312  | 0.822406075004294301322715909919 0.059393126911722653182845732545 0.618932222937949916286015650257 
0.997865992280535074598901701393 0.998915773096848647050194358599 0.442015798634014356327526229506 0.521365988801409052655344567029 0.541955873395274068116123089567 0.498208566052819434855081226488 0.499993639310466420067058379573 0.421937210255866945729508188379 0.529162327049144787238788012473 0.465784234139848374312009582354 0.529494970490856031730686481751 0.533908986653324424409561288485  | 0.048596354695402473045096058968 0.298313833123522220702739105036 0.969705156930414369220727621723 
0.992542849741139043828752619447 0.969656173389594644440592219325 0.509637957168149968723014353600 0.573778069063253459702877989912 0.499198221333483738160197162870 0.504297742504045798384026966232 0.539660765455558855130391293642 0.554791729155423407604530439130 0.547820875556287667507149308221 0.446209274757198959271420335426 0.544929806191899235301434600842 0.529482770438691074943449166312  | 0.747829051642660225240888394183 0.054007268577452798019589153000 0.688885435705229753899914157955 
0.982530449034190289658852179855 0.999371804112783257423302529787 0.498774617433861755522173098143 0.476105165960396814472943560759 0.450882889318108770471127400015 0.494894710764485157294956252372 0.500169785409076306237352582684 0.508496134215820072554947728349 0.493207974084133971004462182464 0.511886072279651438421410603041 0.502888858981723085861403887975 0.527725954461019997054904706602  | 0.092446577840260862890531257108 0.963353138706985023809181711840 0.267425088228012808322375803982 
0.994235929648911054279381005472 0.984530262044558179823638965900 0.491310773623715446589699240576 0.352208053221585659642300925043 0.479719376943396946799680335971 0.501836024175351558263002971216 0.509794619426783057747343264055 0.429706310988632267378051210471 0.459448074394011030108231352642 0.484799289124459353850227216753 0.499995075322702875464386806925 0.435092379797814232667008127464  | 0.621965998429818034409777283145 0.213309864768031681725446446762 0.797303733209044240837215511419 
0.984333685458474549889729132701 0.993016879805150409765701624565 0.463096778283539622922404532801 0.492744244499737027442876069472 0.498418609657338362861622726996 0.544342343564579778103507123888 0.496480686977835095063937842497 0.506687797057206901207848659396 0.453943122312742419754982847735 0.507493125777192854997110771365 0.503842513360967858560002241575 0.518025137026628557102014838165  | 0.678346701037948918155962019227 0.670311754118650848788263374445 0.320122169310604998138103383098 
0.990586477977581814080565436598 0.997369283962579955549188071018 0.538642150801741381727083535225 0.483387818811452818490437266519 0.490587879332660792286446849175 0.533688684989375494716057346523 0.532707719268774582133119110949 0.501723940445324090298129249277 0.407720419148338120152175179101 0.470521326521257388098007368171 0.470232342111718826238586643740 0.525669150170057219995101149834  | 0.295990798642870867052323546886 0.777477425891955453707282686082 0.581492165605722033383528923878 
0.997332673329883290236352877400 0.984843581223877051478154953656 0.470732593955048961298359699867 0.483032552576874663063932757723 0.495134389838823851803795150772 0.428833163157787744523830042453 0.507171159851312891575503272179 0.514618001765289045934537170979 0.566424790770336583634048110980 0.482203418297966091010664513306 0.532440557644487166832902858005 0.513207504695875726952181139495  | 0.343415869824698127832363070411 0.121893125297771756643250284924 0.944600582529703580725310985144 
0.966991813275688283368936026818 0.996994971879754277033214293624 0.517544046364741716637070112483 0.535837380516031802635268377344 0.492008789270113544578322262169 0.496267953588658439212366602078 0.478812117903758938108893516983 0.538860567425336944857860999036 0.574059483399141812220989322668 0.528923174427789577478620230977 0.512320280632073021820360736456 0.501060243385118897485597244668  | 0.400397961555773618247400236214 0.925707526965866667190141470201 0.055277495956553145128875570435 
0.985390447617366049826159724034 0.997768214449158641343728959328 0.525691577930345932401223763009 0.481346357612734865316639343291 0.427380506986909380895411914025 0.449456514317196964558576155468 0.451994423826228008955752102338 0.443470630252050135311492340406 0.482521220846149234695587892929 0.499470997342015887721089484330 0.496187410340449497336834383532 0.499220932488333768439758841851  | 0.293709888894422899152658601452 0.902848141023541828076304227579 0.357951313221124667318662204707 
0.991489298855241951713423986803 0.988047349217218595640588318929 0.560951745662059075847594158404 0.412992470595337612948583227990 0.581224448739767751703766407445 0.520450150061341099139156085585 0.496242113416194452479857091021 0.463052837997807720249454632722 0.486234816029879335363972359119 0.513308432143188997365257364436 0.427049427708811935033850204491 0.525588564340777719685604552069  | 0.717310988662478665744970385276 0.366130571885192379610884927388 0.635718017604476437476535011228 
0.976857317284770765297707839636 0.998668375242466654917450341600 0.472720460096960004570121327561 0.533829151693861803096297080629 0.411736112071987903071601522242 0.506126425052735973153517079481 0.494683990387562444457358878935 0.497709178159126575113901935765 0.480045408269755780050758176003 0.521488105053082184880963723117 0.476494144336929215111098301350 0.522592090001526732301329047914  | 0.194741332843498399229886786088 0.981005258422813386509631072840 0.152271923051361335321729484349 
0.993110873216954348485785430967 0.992671543698629865737359523337 0.536928899887733179774329528300 0.483198316985427589465018627379 0.555000140279250597785676291096 0.506976549236294427025484310434 0.483540262521067132350793826845 0.543852642612707160019169805310 0.489631226110568029685765623071 0.517870571545796076762258053350 0.454635304388277483589320127066 0.490739303455914432916529221984  | 0.520168476689253589384520637395 0.487310516052686437671326302734 0.714850857562331465366867178091 
0.986349024556962827858797027147 0.998089011643737755719030246837 0.592662688804264981001779233338 0.542613242603167234001659835485 0.549830711743527267287845461397 0.580103679879312328360185802012 0.531201949263808703705080915825 0.560472674498286305144745256257 0.512509869674770413006115177268 0.523418040909900517121400298493 0.558960855994649286060393933440 0.422894175029070673588194040349  | 0.257518801912490380434661574327 0.918058390048096195634741434333 0.400163714776218926161277522624 
0.998015933431002033593415490031 0.981195373996394781812568908208 0.483126371989976377552267194915 0.399335743330054726563105305104 0.460947142566570933208680571624 0.531090731151147465993744845036 0.431738921023207933291843119150 0.527592821565438629960453909007 0.469414782378510586635655954524 0.493527839508573706872596176254 0.426381791693053568970128708315 0.490402914780592946719650626619  | 0.278223681384422105722364904068 0.066709118533773037462708543899 0.984071692908103479169312777231 
0.979178104513208302783766612265 0.992280971363720398770169595082 0.491468929290348022220769053092 0.470620435593509911509357834802 0.489877834547574331214292442382 0.503580603924873804189132897591 0.503780925741577623178102385282 0.505372976103403703795891033224 0.488072787480338998733486732817 0.492593238176811720752112933042 0.490083405953617490258267253012 0.499884764592229802193656951204  | 0.736647345768710826163783167431 0.650988090068982616642756511283 0.190648445898822072042122499624 
0.987926590184692421381384974666 0.988440692081354543852000915649 0.528163497086928113155579467275 0.531110527149524336287811365764 0.528724550567935436262700932275 0.532227512684477988003095560998 0.506826919760790528535210341943 0.597203401402400357866895319603 0.584940514586652637873953608505 0.486088536561239625832797628391 0.464944248111483215968320337197 0.478826576336032483371951684603  | 0.805189173686886916492255750200 0.430630253467004231460180108115 0.459491108368279832507852233903 
0.995978309514541249036767567304 0.984047256069398024180827633245 0.494711228778708322906254579721 0.494098597342396361753458222665 0.482337786790790978841414471390 0.496891678813648540735670167123 0.534804894713447054321875384630 0.450435014384902743245220335666 0.426909475248067771246951451758 0.469713653076283876863783461886 0.434847556087562814308711267586 0.492973551726459513488975971995  | 0.480230840240836454047013148738 0.156253806685852619784427020022 0.879993631089999506222909531061 
0.973994185801587475381779768213 0.990120507753651901694524894992 0.455381769154934390453348669325 0.489802120440340715834537377305 0.497628822576746565609084882453 0.533688684989375494716057346523 0.516123705040778979480364796473 0.539399003499988261012276780093 0.528057070754185620131693212898 0.494004053553886712801812564066 0.475029460357662969283154552613 0.441332370700580234323950890030  | 0.838315389117694986786943900370 0.551641250466287980103174959368 0.113535377336424395111613705467 
0.991784793416328747106547325529 0.999915033706559430726201753714 0.526337507035418816769833938451 0.463559549067725673587858636893 0.507156993935608535473136271321 0.527216593511973030672379536554 0.553258355072023255694091403711 0.482892756164598924151221126522 0.448207055874991155963726896516 0.474958592060901740872225218482 0.495606325223443167082848503924 0.518897359640231536914711796271  | 0.010361968332928132158210488001 0.779606550211458637633654689125 0.641448557266137031618313812942 
0.987670277708008748085433126107 0.998992000928231260736822605395 0.548009745375335199923938489519 0.476363138363719518242334061142 0.615371331423446243924502141454 0.481655144556739356342944802236 0.532357662689022403945671157999 0.456494227969998334071277668045 0.465295019519865959978233149741 0.500751102654340529696241901547 0.501679678982762888850288618414 0.499870705390035918735947007008  | 0.137681518591615259516913738480 0.906749512783197486598396608315 0.447875577639578970057243623160 
0.994940147300004684716157044022 0.978244020510059320017148820625 0.495831800867272076693836879713 0.514264300665809193091604356596 0.544060671775135507033382964437 0.512518233047202009800002997508 0.499549340667842012297938936172 0.388471848553075482790575279068 0.548450124271191219449406162312 0.547539021624186439396453351947 0.453110251164189625772138469983 0.459181071991965006340308264043  | 0.589605074134421536236061456293 0.103710176363887754402703933465 0.829824887297605395808375305933 
0.991088358018336279542381817009 0.985268947277143647411890015064 0.429851178930251986987087775560 0.351347363127648248948275977455 0.427566838236397295247570582433 0.454442820549352588521685447631 0.536113522626623706379689338064 0.491585085447471092923166224864 0.453621939582585287364935311416 0.450806132857407559910711825069 0.434533222835348620360917948346 0.529482770438691074943449166312  | 0.784912568255829334873396874173 0.291973675537169241600565783301 0.625788876398012949842097896180 
0.993971143463705630871629637113 0.990586473019003044271357794059 0.445068276170485888076910896416 0.466685387883730540270477149534 0.416383012081330994291761271597 0.519656681286448596246430042811 0.465172145800633096701659496830 0.564967972955737751661331458308 0.485571878631193665221132960141 0.515561704328003966857352224906 0.428975016764177874417640623506 0.502288135367209842563340771449  | 0.548009529432484709943196321547 0.383047835789620372271002679554 0.773525955949435628511423601594 
0.983227037394818426108145104081 0.966291783501849188553478597896 0.525032291529035077815024123993 0.531003503386728636925795399293 0.547410194680751249762806764920 0.511095884046704251879589264718 0.495987127772567482075771749805 0.447948614615746698586207230619 0.582594236603999449108926000918 0.499687140908310956088911325423 0.558286536720963622038027551753 0.448122338797807384658256069088  | 0.975927642299966646710629447625 0.049744131194538639129110180193 0.290970789183087386042814159737 
0.980986178069159997505721548805 0.999755023763506778244902761799 0.492013535954194392019189763232 0.512899394775286010528247970797 0.527472913912325092056221365056 0.475992236844412108798252347697 0.521166623199355028006607426505 0.476343806010568637798741065126 0.515766539453618277910607048398 0.516270859065537601750861540495 0.532502617520276944063084556547 0.434688263335146263255381882118  | 0.037315665046559011452931287067 0.981056958421641311929306539241 0.230247822532648332982674332925 
0.981491894049478341699455086200 0.998089011643737755719030246837 0.592662688804264981001779233338 0.542613242603167234001659835485 0.568244084382319547543715998472 0.580103679879312328360185802012 0.531201949263808703705080915825 0.560472674498286305144745256257 0.512509869674770413006115177268 0.515761463367280903469236363890 0.530513642709596111579628541222 0.422894175029070673588194040349  | 0.270927868986344244639496992022 0.965861915221580269452772427030 0.248192411102988091942123105582 
0.989789507282233249618741410814 0.998668375242466654917450341600 0.510343174660314091717339124443 0.535973920584659424548590322956 0.500934143404851095482399614411 0.445462173273011852181468839262 0.486716995238346217256264480966 0.479543451766574535533038670110 0.513707689398492761689851704432 0.486384994054465835677802942882 0.429417135351825018929616817331 0.522592090001526732301329047914  | 0.166458744658318530396101664337 0.838532331251437668129256053362 0.539394288456744863680114576709 
0.994397385248125931234142171888 0.985411215693165032369904565712 0.506765429577101800262539654796 0.467773718599799992468035725324 0.492008789270113544578322262169 0.454860146392061903686254709100 0.500525809018310230413817407680 0.538860567425336944857860999036 0.544911934399745612189747134835 0.496453957908477627736232307143 0.505434440474356594386051710899 0.500941867914174387976800062461  | 0.588641312443879072269226071512 0.222441475689228201906288973078 0.785862186318110889082788617088 
0.990363366343493423116228768777 0.998317284536949900441982208577 0.515567775941448425136570676841 0.493343326543443927434395845921 0.481042904384159530906117652194 0.500507649091045725420201506495 0.519374830170429513387375664024 0.570163904923389530665644997498 0.420905462756373249799679570060 0.486718710404955678949789898979 0.533374611671192155881726648659 0.463901656305747034370057235719  | 0.202394166405737513381168923843 0.814811917776733229956676041184 0.570021837812831777547728506761 
0.478792457704646623461997023696 0.993190699803284671176584197383 0.468867063075768586433156315252 0.492744244499737027442876069472 0.482198898195808578481802442184 0.544342343564579778103507123888 0.473984994788045899127837401466 0.469713572400152656882710289210 0.453943122312742419754982847735 0.532646078858661109478589423816 0.503842513360967858560002241575 0.490389304952075610888329038062  | 0.707314597239509512682786862570 0.718442487638627169665994642855 0.000000000000000000000000000000 
0.980333373134819829886055231327 0.983210009462078704522980387992 0.465070186328921109097933594967 0.460118099796095803011297675766 0.634820106220745694614038256987 0.500000193163819939279335358151 0.459781050507039212860149746120 0.447558485450019527540632680029 0.473788874382378710770069574210 0.465734501835475656061902327565 0.532301038371605916843520844850 0.449395059704347177298444648841  | 0.965239920563313535950555888121 0.286885015283659283724659871950 0.220452002804140595459969631520 
0.972937059676251658757450968551 0.980393301273828066122462132626 0.503150381690027681536037107435 0.489498254343098460061867172044 0.525628117263152616622789992107 0.443840081408233666504514758344 0.486462720750142241232794049210 0.482580136730122011279320304311 0.520904528153606660723085042264 0.513426640560044500460890048998 0.489450825727475780091424439888 0.471789752133956186153085354817  | 0.977370869521853147254830673774 0.215325615923609797741633542500 0.101491086101107061412385235144 
0.987927884359213748233230489859 0.994088854167508140236009239743 0.572078902942434353029454996431 0.610124322355593551314711930900 0.470417397258186154029857561909 0.581152815757440710520143056783 0.522321769628943610719318257907 0.554589559682984512001269195025 0.548818618841927285956217019702 0.495690854485612952817774612413 0.547070708852335885197248899203 0.410491906422060459647127572680  | 0.600792009760984568877972833434 0.709597504972358184005543080275 0.467947250828904037778244173751 
0.989799964465767900811954405071 0.985769944995072533444613327447 0.491468936939495504301333994590 0.472175825078295197112510095394 0.460076530656418569709131816126 0.515667578612069354981883861910 0.478583409838098550181939572212 0.511409096738075330534911699942 0.537031972239426225179670382204 0.456275223553916864371871042749 0.459489331307935955361898550109 0.517881963710570492054330316023  | 0.793459515989238917121895156015 0.312046704481590775337451759697 0.538664968584177672461521524383 
0.986649065400496350086712027405 0.991219430415346769436268914433 0.490014365678392627145854021364 0.452228019224274468967905704631 0.441794023428309479140096982519 0.504318150314525204258586654760 0.458219790494296286276210139476 0.522350780984922380412172060460 0.540057638735014555741997810401 0.495356892329438358579807299975 0.472755890531053102332492699134 0.515587720712709085546521237120  | 0.737838656356536559677294917492 0.561234515922322430014901328832 0.402508676883853611094821189909 
0.986136097215746465494135009067 0.985724044547469535615391578176 0.556099323583277849181172314275 0.507614393143159259302876762376 0.516091665924620301986180948006 0.519206235224039525100181435846 0.520679377948649269036707210034 0.540076632058733241414927306323 0.544840565054968473113206073322 0.486334586420393677475004778898 0.434309834061981814290476222595 0.512285763777481695235849201708  | 0.872523193863841695083749527839 0.341387881216400346229278284227 0.383894684030781419004085819324 
0.991912894341540174458771161881 0.993992268805914958029745776003 0.455381769154934390453348669325 0.489802120440340715834537377305 0.497628822576746565609084882453 0.533688684989375494716057346523 0.516123705040778979480364796473 0.494283056414573429560022077567 0.497323442792113601385040055902 0.516982912168703734323571552522 0.475029460357662969283154552613 0.441332370700580234323950890030  | 0.504144209139517962547927254491 0.585408956221440957001789229253 0.647282929921614291757236969715 
0.997512420572646107963521444617 0.988689633542398582655152949883 0.520774696479401888460358804878 0.517489263271734833971038369782 0.557908382396931301627773791552 0.497446262165581909453493381079 0.499482001777062922798222643905 0.444292677026012938767962623388 0.496937111234923900582316491636 0.508662469037488795819967890566 0.432957200933454466884597877652 0.502288135367209842563340771449  | 0.300793565919475869296917380780 0.165747730267028714479238260537 0.951714493190302990299755947490 
0.996009145624706881960719329072 0.992730054468376144072294664511 0.494851595087742235357097797532 0.457298940468380155088823357801 0.502975633625110662983104248269 0.481640092509467432346781379238 0.508571240728024398514151016570 0.483633907618419289775602010195 0.500471822892013751271633736906 0.474208666344670126679972099737 0.480804205165928866261282337291 0.464456851506347079272529754235  | 0.361409189928576124462011875949 0.341612267606815400711184338434 0.873141758551583824221609120286 
0.995032302599005769039308688662 0.991828263675634591578500476317 0.448283532375121140933771357595 0.510318670949012398452282468497 0.636192722692039525078655515244 0.515667578612069354981883861910 0.505794601428187329261731974839 0.495636058116040112420108698643 0.508833589713387657305077027559 0.397841006739285907300995859259 0.548549851953265554804772818898 0.492998619449209252163512928746  | 0.460549299808393042265919348210 0.381240768647841177241275545384 0.844298429367578262549898227007 
0.987782704936618793922775694227 0.996736921151204713353877195914 0.547137103068913388526084418118 0.467226248644999953008039028646 0.505462719368010904297250363015 0.507281491990957622562063988880 0.518150929538364279913764676166 0.533229111674398126297091948800 0.518565696427431666037932700419 0.491478144807598715804175526500 0.447279330775259165164925434510 0.520122086841389275058133989660  | 0.383291087053001577888977635666 0.818529972610574030333907558088 0.447208908249932202139120818174 
0.996214556487179381250030019146 0.999819112712994950697975582443 0.465659523882232140312709134378 0.526834599800798275559543526469 0.446570126069269157653707225109 0.566596204722428664624089833524 0.512657682326954189377943293948 0.481423734064958142031542820405 0.500779220081365439298792807676 0.503390177840910779671901309484 0.514797400488080647562583180843 0.506575386872550881278698398091  | 0.013528775740279670725119132157 0.480284775472151870268078255322 0.888358266988885980630641370226 
0.990627857554868040956819186249 0.986982682905619412849773652852 0.564447276383621132644918816368 0.442534335498107611606144473626 0.456655697526450743417569810845 0.443267497948404753937978739486 0.417304401886881171090948328128 0.486021698003454627468045146088 0.510163515645065790415912942990 0.461512709743292115494028848843 0.485570941901827646258738013785 0.527788559732512707611817859288  | 0.762328371474049193423638826062 0.343836811841653822163777931564 0.587729853292515813656393675046 
0.771298646951355415524176351028 0.993865965397012884885441508231 0.505232143470537686802401822206 0.519059884603319088292039396038 0.531683188883578017325248765701 0.492407477950555172441227114177 0.542514431297856702940407558344 0.520071147886964513240570795460 0.486676000585690549105066793345 0.481660524168814885292988492438 0.513459889416341019874323592376 0.459266822900495641501805721418  | 0.664718310790400557230839240219 0.755128549000353754827585817111 0.000000000008336466481953445327 
0.936400119605163783198520377482 0.998992000928231260736822605395 0.548009745375335199923938489519 0.476363138363719518242334061142 0.563452036028558533864440960315 0.481655144556739356342944802236 0.493818309654234954830798187686 0.502901347825799427404547259357 0.465295019519865959978233149741 0.479792896704505755778313869087 0.489484043255386802595552353523 0.499870705390035918735947007008  | 0.151470211224995959797823275039 0.997559742472199806329058446863 0.002218989064884986043418857449 
0.994979551167597953131860322173 0.998493871852815795264746157045 0.508354191422659695831498538610 0.503231476526256660264380116132 0.524290086264561749906931709120 0.542340932856012258866940101143 0.535098580013788405196351050108 0.428097046650929846656197241828 0.453675552053917074957212207664 0.510895916299508479063717913959 0.453110251164189625772138469983 0.487149986332157836077527690577  | 0.128601344631284503217116821361 0.575682007761093794684370550385 0.824148512780845221570302783221 
0.992270633976480853633006518066 0.992628145792994298624023485900 0.485220604309874181669925974347 0.552776750382565240649057614064 0.541667856155419125130379143229 0.550451296303824721967146160750 0.450688761410066363044535364679 0.473909255482985070084822609715 0.514468991210639048361485947680 0.497496297689015376519705569081 0.498032423968751192244752701299 0.490166244697670394625532708233  | 0.554771950655746359792885868956 0.516317814655986695449030321470 0.668720077615964858530617220822 
0.992257582091901180199045029440 0.995869986434588017054636566172 0.488968739916375072507292998125 0.565039759600446833687215075770 0.537446391390114852626425090421 0.524736128770992182879240317561 0.523022177318871017703827419609 0.485042654685414409421184700477 0.614381872741392665027149178059 0.512177542326960999474749769433 0.476504654470699118284926498745 0.500067498424554002234287963802  | 0.388863718943067815381198215618 0.660123218506251108195215238084 0.674733868297248795542486732302 
0.997332673329883290236352877400 0.986919044830300129511613249633 0.470732593955048961298359699867 0.483032552576874663063932757723 0.495134389838823851803795150772 0.428833163157787744523830042453 0.507171159851312891575503272179 0.514618001765289045934537170979 0.520887974543436937935325659055 0.482203418297966091010664513306 0.532440557644487166832902858005 0.513207504695875726952181139495  | 0.331282405763538623233444013749 0.148335590352771135025378157479 0.940891099320797508198666037060 
0.998475620153738141482335777255 0.996840447973375454182587418472 0.483362334284167249887076422965 0.486286272987920653587678998520 0.481941338852928558011967652419 0.512759367775157959279397346108 0.495773408208711130473744788105 0.522632140899660813104787848715 0.510697031209088936343221121206 0.497491232859859522363876749296 0.473655474984212676581307732704 0.499837617939388412224843705189  | 0.091318133672156048818990825566 0.201174143847451247779645200353 0.977646435713759087704488592863 
0.974901882378842010723474231781 0.995385079833296271267784049996 0.594286667955857939027453085146 0.476845151099764552604653999879 0.541470224211236694777937827894 0.507477506229375707746953594324 0.525662208263381613981835016602 0.555497958423083360024463672744 0.530008341256086312753836864431 0.551553514587810433944525811967 0.446085860509921217076367838672 0.422764319000958843641768680754  | 0.560185454679763772389833320631 0.851836842091639678820058634301 0.126715760864932164286855709179 
0.996521150181986059557459611824 0.998897141863282156393211153045 0.488976726119322857577742524882 0.491077585407431294051150416635 0.445134724757829391972308030745 0.448566157837920476136872593997 0.489527691027046130134436907611 0.579774808042679223873960836499 0.482993811195651046030974384848 0.481340551875714783847115540993 0.451145857946262274218440779805 0.526927385911299173137933848921  | 0.074024110690761688036154453130 0.447004273817884545394463202683 0.909464380005732153655628735578 
0.983353239818987923115400917595 0.982928330919294324097279513808 0.566621241712047751803993378417 0.504057890320464108135922742804 0.480802365811828780195469335013 0.556076034979679834080457112577 0.494978509753263629100672460481 0.568847317880865510630883363774 0.433816390250243655302142542496 0.481558227095459867594939851188 0.568463970157202402866403190274 0.483877380266966361510583283234  | 0.940467395661060190370506006730 0.271189694576943474135788392232 0.295432661426626552714225226737 
0.990937649120413266423668119387 0.982850966064860664950231239345 0.509278491672463640149715047301 0.561456682532803452723157988657 0.560063631974484832376504073181 0.516789318919834483878616993024 0.518150929538364279913764676166 0.441824307400603411011275056808 0.563918117145704500536851355719 0.534935219189752286794714564166 0.524057514303149729606445816898 0.513814160907051231674813607242  | 0.789328282577535622621667243948 0.225727133176577859918765511793 0.601165394338987524314177335327 
0.981689538529013638878950587241 0.993896605677111355525710223446 0.530534507482414707801865461079 0.618927687335708243132614825299 0.486589786667338597414556033982 0.518397893238738749488447865588 0.449800438718667816573315576534 0.516579127609977040158639738365 0.554163497042925889957132312702 0.541083643682418236053877080849 0.517608928621048347551436563663 0.495597574412372399166315517505  | 0.653609851621778648045335557981 0.746445417364129837345387841196 0.250676774467243179689290855094 
0.995038091291764681400877634587 0.994753502204151818233412996051 0.465878459053859439453759705430 0.517654465802195984380773552402 0.442513293039135335860123632301 0.479961966983142251930161137352 0.523218010948036882368228361884 0.514882561716571762744365514664 0.532215575470585400275069787313 0.486384994054465835677802942882 0.504124215749536697117605399399 0.478747436227862976920732762665  | 0.348669383256632769985117192846 0.465823821956534711574704488157 0.822657548472473520995151829993 
0.977881727583555737659537498985 0.984047256069398024180827633245 0.520058181429870924894487416168 0.560965882431001428010119980172 0.493344781822073308319431816926 0.496891678813648540735670167123 0.563980301046039245171925813338 0.484501509288470522118785765997 0.431532457138814107278079745811 0.486529482102393051601296747322 0.499489054088348871651703575480 0.466961119604600793930870850090  | 0.951140884917250462038396108255 0.309474884804020522466316833743 0.169414931298304372031537923249 
