0.092142576908718187844726799085 0.278564795683216237520696267893 0.301119424272447977486422132642 0.539654849323996654852919618861 0.223222100758273866993874889886 0.158845657698412523473052715417 0.643051469336337166993189384812 0.061622271083298207905443177879 0.939621861502183075565142189589 0.581749466579039253844030099572 0.901067082674554153953749846551 0.000581659432458248026875935466  | 1.672249901736542199159885058179 1.160486802163453345926313886594 0.296683296314925737391376969754 
0.019777026980169476466642208834 0.934389342901135733221451573627 0.623891549375669152155410301930 0.364097573549692854477655146184 0.513158693984197111781497824268 0.863388702564818921736389256694 0.214081086702625045248282731336 0.904818430375761595385597502172 0.121167277588677291255692125560 0.323353784535679422695864104753 0.139762035759166680648490910244 0.383670023246288072193976859126  | 0.825132422454973313286075153883 1.519245666792519822152485176048 0.053725444193750276911103469502 
0.328434594242075550418746843206 0.782048281720893578849995719793 0.247201439318880056283944668394 0.936134321198510477302079380024 0.401251108049853533188411347510 0.102885855753968691317368211458 0.357530190096121081033686550654 0.425657980857189865986356380745 0.797934270059748484982264926657 0.042142082796629898311380202358 0.083488897478942059038331535703 0.001163318864916496053751870932  | 0.980441597206508808071134808415 1.611042436967011104442804025894 1.069576674521058423650288204954 
0.843611675584649445269747047860 0.421977528330068851758483106096 0.247783098751338304310820603860 0.865869501491787096902896792017 0.281200290061094482219061774231 0.726777405129637843472778513387 0.709184908648117340312921896839 0.212015840079250006411371032300 0.588658167711440638569797556556 0.827205927600544566047346961568 0.266173315649660513493302005372 0.932703848099892374179376020038  | 0.322139368079076948703232119442 0.289265209622516117349277919857 1.726852504832312673599403751723 
0.250988234607130711317779514502 0.080604636225738990340516920696 0.594534562415165668269878551655 0.588076508278982390542921621090 0.124835395278243055372513481416 0.581383832119517385272899900883 0.666484596051528321858370418340 0.480630525623467752538431341236 0.258977341475818079175041930284 0.456165951845054595814588083158 0.222058781893357370940123018954 0.315233982113763078203305667557  | 1.032081159905255729469786274421 0.720955101021101496527876406617 0.523767323779905868974537952454 
0.221073941006268315234706278716 0.813839172331959903594622574019 0.073752360010395978662245397572 0.300549176517944771624968325341 0.174289677544916310480971333163 0.291396750784340907713954038627 0.807761186900919470055271176534 0.345731175189695094651654017071 0.796685621775124586108063340362 0.097924257900032340984353140811 0.580454845884304737602121804230 0.612400467957688210418609742192  | 0.896103607178230787688733016694 1.389529565524935561526831406809 0.598420103802973724071989636286 
0.133476450476886054907765810640 0.310283867960595927115718950517 0.533090769309694900712770504470 0.198518389257436367323350623337 0.558378203639649295375591009361 0.894668222640924382105254153430 0.661949998190547228560376424866 0.301417756097425826311564378557 0.988224097843061977108902738109 0.479968369353455881487491296866 0.179192326156496162248288328556 0.787651873640205613114062543900  | 1.346971695021746517895167016832 1.042238980545753923578899957647 0.362408093382743989874228418557 
0.136456249089852765798980271938 0.611818808525229962391733806726 0.724181910049352506320019529085 0.741592906278685126686411877017 0.909199219934025748557360202540 0.709766568080575588339797832305 0.035850488683729975214475871326 0.076246353140373757106829089025 0.451097476976213718202757263498 0.767945243591754755918543651205 0.700745444176789744616939970001 0.114376937171949633054168771196  | 1.243109029337661652903079811949 1.480249168938974069220648743794 0.420791167727619541683026227474 
0.575708458171231285405156086199 0.901731972118654079295652081782 0.055567398401745737857027052087 0.628687538343108198723996338231 0.707795112010011218117710996012 0.038035625458967992074121866608 0.589038236416583482757403089636 0.779186880128313164028952542139 0.606310464572103691160975813546 0.108108138925526509055430324224 0.945643069121746893124225152860 0.793731958479311772158837356983  | 0.560500188806210219993886312295 1.106467309015214839362784005061 1.576963565690817192788131251291 
0.054665787526298359466636611614 0.756448615574115246218411812151 0.517384435197132952488630053267 0.546966731911028847257227880618 0.512292213812781782600325186650 0.279383493430033102988829796232 0.144827587865894558127877189690 0.362741695355746185391865310521 0.305807116418641222743701746367 0.599803732341155027008028355340 0.059912740372966677426802561968 0.715688292613109622308797952428  | 0.899582649429365610593833935127 1.173610946931264331638544717862 0.127288909768370150921157346602 
0.906029214782265390759619094752 0.290163776787949356794626964984 0.167998083432016387384067002131 0.390129145890021122866642144800 0.542419220425336745527999937622 0.023362231541104727661206652556 0.354289570348572890878813268500 0.703973403388492235954743136972 0.424982630384168391657340180245 0.252875320135689474199125470477 0.764646245160337523216753652378 0.542122671125413457815511719673  | 0.179257816030881367286298200270 0.141458410199184536626404451454 1.535742735174085549232358971494 
0.607284210664248869093739813252 0.544969140523310580093152566405 0.470839662645929024620272684842 0.933001637442427034230263416248 0.666900112343714379647963141906 0.508268380210172510125232747669 0.991628661223958207671103082248 0.249077113169483776999868496205 0.418374793630711283576317782718 0.141789173937530099678383521677 0.849286479561059071130557640572 0.994078275467465966030999879877  | 0.797063622806424398881119941507 0.856112504244618377491349292541 1.649338396630359193650861016067 
0.129821273901464584454856776574 0.786082576352424400312202124042 0.283099393544197330818690261367 0.377816097701733633051901506406 0.158326223751452999088940032379 0.091014705630844905392962118640 0.221418887822658394526342817699 0.197758568730161843340908944811 0.630584768017577346199686871842 0.375812218207418724524870867754 0.943148866849673694900957343634 0.495912954333554534258610146935  | 0.955357989227212378580134100048 1.415439831054561503620448092988 0.353144051180285634128352967309 
0.981754025752334613663663276384 0.234217739605002583935799975734 0.135470801926174666540703128703 0.175106501483099474825166907976 0.278742956778032513476262010954 0.285463578269139262033604609314 0.805588674356814582466768115410 0.338073821943403962642094029434 0.375595261259602852810246531590 0.697680252349969776126670240046 0.518213938345315816569325306773 0.149562219528568518533973019657  | 0.037926530151727602668820793497 0.027301444184095829958991430431 1.630045090518479566910059475049 
0.358745011513470157815675065649 0.079642301811548854573175049154 0.927991018716907589691800239962 0.441477508589702027919088322960 0.968898034742121772033840443328 0.494269404790451227782455134729 0.708270646052103547418710149941 0.659579008770372010594940093142 0.792185865224597662859196134377 0.446980279040347427965684801165 0.046506266091782211269389790687 0.041608205788770113997543376172  | 1.500300552124040232016000118165 0.740898130388405906643356502173 1.057268033138686780247894603235 
0.120071830743570306943013292766 0.568502601462317569414040008269 0.249876128901068916832173272269 0.974132363357656960722863459523 0.479182666891198261183149043063 0.181205780833860741196872368164 0.801695536307434286626971697842 0.206895318579906617451058536972 0.095244401386326171810026153253 0.235321385092457258103593176202 0.148686173998398563078637835133 0.358706160681603991591259728011  | 1.277643176206824771057313228084 1.418628097742370419709345696901 0.364414297706892931216771103209 
0.632883649710488049855428016599 0.169434811357934922426693447051 0.490383774913803693884517542756 0.700311665347828071759295198717 0.880388444818937299096717197244 0.499808870677014738248544745147 0.421550627849361037036146626633 0.126503567582052389717262030899 0.490913528319599667959494126990 0.930835818661386205086216705240 0.111819957659670787819550241693 0.049406499842074791395418742468  | 0.872487899059194549344908864441 0.527540320756357927756141634745 1.567583130827654658290271072474 
0.101347057079088087583329524932 0.629255967267844273926868936542 0.380708639116508429367513599573 0.401679854849761763802007408231 0.463966199958475433717808300571 0.314707173499693793061737778771 0.180058489444900327036691578542 0.027322421025095966484741438762 0.040226400539848494730676975450 0.939785116390642216721573731775 0.130056782779633950397624175821 0.926757417587535270442344881303  | 1.307196533788375525375613506185 1.621033067444348052532632209477 0.334342745573538102643595948393 
0.636153862998879660040074668359 0.847690047029600268757576486678 0.675283595911774781050951332873 0.817291807531032477029953042802 0.018405067668301078320780561626 0.728011591679207481497826393024 0.232241443931417768098413034750 0.588728773491949186613680922164 0.997155200055521384605583534722 0.329657550930031240099538081267 0.919491534900046980638421700860 0.392922347711363140199125609797  | 0.524650755067110563523158361932 0.920354720865297792897763429210 1.647252318340781229721869749483 
0.079014678784259273491841213399 0.278870369653863581227426493570 0.390506010374835899057188726147 0.983014079081871994247876500594 0.731799092592088418207652011915 0.861549716343869786960851797630 0.092749409718474340458271854004 0.528276200922469074683363032818 0.310091012510426700110599540494 0.844075580578023010325239283702 0.552425249303662990740804161760 0.453172540252796074433661033254  | 1.401751671258652853779835822934 1.034715738156114506196558977535 0.217362225136502773548130562631 
0.165541673308554626586897029483 0.359205271550306348693482050294 0.419960805474551390759074820380 0.418029577561424781073640133400 0.130281106330097484757857273507 0.630694569002396510093433334987 0.400642205779070281757014981849 0.580706037865985735813012524886 0.493228574858282309278934008034 0.370654114417796831659757117450 0.960896909918890318458295496384 0.106886522965651598049419135350  | 1.152976521611039029124867738574 0.981774837347149653687949921732 0.402900330483465185515967732499 
0.342535949065101763544305413234 0.847633197928188808489835537330 0.100407517944763768902305400843 0.947821739579514210838340204646 0.380020865067582369611898229778 0.187856783498205004434566944838 0.008597647360613747125057670928 0.100979766345375199243505903723 0.070617626606081729256914059079 0.557604274271738753476768124528 0.911540950654812442977004138811 0.861534633246897718628076745517  | 0.919201717028007903032005287969 1.806575572133345408687432609440 1.209676729673800466002830944490 
0.014516816136345700449794549058 0.668117149474789617791259388468 0.620265595065297103971602155070 0.521755538829217435647933598375 0.999775676449536465639766902314 0.296062848585138760348911546316 0.055447825132893924227062143473 0.354461472171317959478642478643 0.304629481493977949391194215423 0.856394897612142158571657546418 0.911518544702649480271361426276 0.385475642614105717953520979790  | 1.151366622537769668355167596019 1.476403597421154012536703703518 0.042700809998712924153707604091 
0.384608246003228959608577497420 0.488321255547185417711375521321 0.049333460476007173767243330076 0.949636685862448870487639851490 0.731634751401841976203854756022 0.384324700350749393074067938869 0.978034912438884074248335309676 0.208252743047781851970512434491 0.832901736103097145580420601618 0.071473128427059551270872361783 0.870264459345190699579575266398 0.847032900207524086511057248572  | 1.374747213001130008436234675173 1.346181118540337617872637565597 1.328073583978725435983392344497 
0.424632260243684722667012465536 0.908010605857171970711760877748 0.788335473681209264462665942119 0.844299904128486544685472381389 0.256362400718524230391892615444 0.125781505450801689427464680193 0.110093848175660702359834886011 0.004743799378988389214839571650 0.115331323980573441367880604957 0.561634679949282622501982586982 0.218762561627448004486495847232 0.245218926388290792139912355196  | 0.716459348584887245614538642258 1.481145494595567546625147770101 1.295532056142303378720725959283 
0.016033959775841322148437484429 0.092384782318800318101637003565 0.443895114382275135511690677959 0.421017428555347961172117265960 0.229262158517048342254440740362 0.722561822614902204975351196481 0.364501036626217689295970103558 0.639380454880406956519323102839 0.267505781841666623321884799225 0.876348611152454659567467842862 0.509756405722391670032322963380 0.340823883290680917923509696266  | 1.143545879693361078111024653481 0.791402109201428172191583598760 0.035033406692485620503862975283 
0.583965387116929024458045205392 0.192969160488203228531745025975 0.282282152924872464794248116959 0.713304370143252208791295743140 0.655178549936288212585111523367 0.735753127796096029200612065324 0.904422967960684998089959663048 0.663373350095801228576419816818 0.504934271084723662603721550113 0.960120858879934813145951011393 0.781013114822088461153271055082 0.050843922196847968208999191120  | 0.953812962234142025508276674373 0.602080316397148540552564099926 1.472992243858397332090248710301 
0.963063042814093606125425139908 0.910566357789042823966951800685 0.883612052938629988219076949463 0.627132739095093816317216806056 0.188956722087747275296010229795 0.020974605987888028657550876233 0.745227791122822003089254394581 0.220815473705518794389490722097 0.172984849323552514199775487214 0.439880280140057200455316888110 0.390810868111161058280345059757 0.800359313233820368616022733477  | 0.050309819572261799125456604997 0.094112236911784288850846280639 1.837209423877034231153970722517 
0.785065751950680845716590283700 0.925970590122909387176264317532 0.119597365959844936789124858478 0.416294578490771338685760838416 0.134511331549094670378963201074 0.942609932246839088421097585524 0.761258910147883494090592648718 0.403076334772448308108039327635 0.828214614801274451316714930726 0.063286789306398083532201326307 0.205518478521676262182893424324 0.814424430424648626569705811562  | 0.290562550408528130763130548075 0.611124047774610157368613272411 1.927546412175336287830873516214 
0.147030805361567096234409746103 0.094177441589945565247887770965 0.231719271041943453148803655495 0.934501940854188806184765780927 0.029805839539700729190485617437 0.224244320400402763482361478964 0.270806168653019319059183089848 0.871569308613281523712146281468 0.270910265058722621311915190745 0.981137148415290760716800377850 0.838451290405887283974095680605 0.922202509381081836359328463004  | 2.064872755356058409148545251810 0.927273909665776385757851585367 0.532270644229175693418198989093 
0.579435284675536843579379819857 0.713409864757497569343058785307 0.147908415881821686532759940746 0.460054032661683320881707004446 0.375245074173296999653359762306 0.398213951043841829502412110742 0.822706476969045530367452556675 0.789892825715754920423705698340 0.454067538123598013477533186233 0.650017580836854125259094416833 0.449660071414611950402218099043 0.921328697371447402630906253762  | 0.586404230099455636704419703165 0.744381143097828212873423581186 1.219422136202756412615144654410 
0.757392162599117901855549916945 0.569195908505855663328532045853 0.273215000042780209454917894618 0.025618918025746006961185230466 0.751207275282387731962785437645 0.826599601796445204726637712156 0.091493734200812082413278858439 0.639656092730320202655036609940 0.902474904523339227502276571613 0.788681448689206532343121125450 0.266754212706665438936681766791 0.441539321312351185078171056375  | 0.481656007695676013913299584601 0.535130225982633378478681152046 1.796896183051207573910801329475 
0.031817926365324433746195609274 0.072907057823697107856730781350 0.712930816661869193318068482768 0.064635205966760200801957125805 0.992596917067319228777932949015 0.977652836264774838248570176802 0.995172926234925925292884585360 0.471903051999311373698731131299 0.469579785122990811530030441645 0.966634507076159388283542739373 0.213182634177647267748056947312 0.185217769647721186565547668579  | 2.163538638380714917985869760741 0.914207495841022677041110000573 0.117487663432902872395757754020 
0.192063001642027830762060602865 0.129861334729668098653121433017 0.802595696775528444355529700260 0.312079514024010351569415888662 0.378918876725231057456255712168 0.773873524051514882771130032779 0.055537071160755013821130887663 0.454521348859625362592851161025 0.329244366518604225646527083882 0.145820492164982273841644655477 0.763051626833035290253803850646 0.782704999088051578404190422589  | 1.406805740162347939659071016649 0.847186455861790754795492830453 0.511038423810989295148488054110 
0.238988242287694885312987480575 0.798662250789584415855415500118 0.557979448396853427993846707977 0.916501942448530559914843252045 0.845854373338568055196162731590 0.944549673116306998110758286202 0.584262358440610918286495234497 0.241506812758186195644327654009 0.678328630758830875002729499101 0.493419525585523932598164265073 0.162062439995649731905302814994 0.212996181396120642936864442163  | 0.912298527854147556226394044643 1.400352948992814372530801847461 0.658647823397565668201991684327 
0.630643475327017699605391953810 0.660031490986086821770584265323 0.651471841348069569122003485973 0.337938066812843773689678528171 0.070741194689380892945962386875 0.147455173319932519859776220983 0.701855091438362888034419029282 0.114674559646230300735680884827 0.943970633524175983808390810736 0.879798425860763733119540574990 0.988155648449352441708981586999 0.043894602708393626322447289567  | 0.766034046158595605113816873200 1.025235896242999267258255713386 1.952624597172785803067540655320 
0.292831483411227666557863358321 0.081676644333466774661189901963 0.985972962074808667587433319568 0.942827075350638477146958393860 0.322204539590358440825923480588 0.857276962871740266791675821878 0.790311113607138238101867955265 0.394578427064866232854001282249 0.219511291076345260719904217694 0.902572765971110468896654310811 0.779600735671198585841068506852 0.347009360937757138643178222992  | 1.635629370270381910401624736551 0.794367338949504175893423507659 0.900838066638768752980581666634 
0.335141435248839103522300320037 0.820431210651241804576727645326 0.131641718310147037840351913474 0.895893312386778495337580352498 0.065727460857714747888280726329 0.483362678209358298531128639297 0.077388441995797530026379718038 0.185890701205492114844730622281 0.922797270914764711235989125271 0.323923865574657909860434301663 0.335024274016837431133808422601 0.972310859966076024285541734571  | 0.934643547233469318413767723541 1.675107031268102009136100605247 1.114756937947842363456629755092 
0.762705587749527347263267529343 0.372844704526158587931661259063 0.343271404443795558059093764314 0.202993416814343796694686261617 0.440847087242676849427880370058 0.925428036216311311612514600711 0.448677128680556647211119525309 0.404083823724718183001414217870 0.338468157320508167273942490283 0.013929176477420091018188941234 0.066253637667369469355094224738 0.597540312178549859467580063210  | 0.493348551297772719426149024002 0.414332811671406897602309982176 1.647626249503444162414211859868 
0.249120923191771814764194914460 0.421075602106944391067600008682 0.546686912448683837162377585628 0.597526213198745437260583912575 0.096334979137934984017022088665 0.729633503186762344405735802866 0.553255033331220169579012235772 0.474140789780594706925853643043 0.728674570433304857886014360702 0.014014201238185863829244226508 0.735716920672543461812153964274 0.175144313353856495574234486412  | 1.152161198158215382747471267066 1.041926753071564792918479724904 0.640932421343951119752091472037 
0.939149503688835540771151499939 0.741829855120071712804019625764 0.600699229080380425749297046423 0.676805009046419936424854313373 0.547308561206675592281101216940 0.118466566492082314709932688856 0.888747659686509483556449140451 0.743208487012958607387247411680 0.972043785597388576569244378334 0.876573437683269007791864169121 0.724664227411808581358343417378 0.608156039679968452027480907418  | 0.100353303513220262765948120887 0.142509120146939144424536038969 1.817949598117736931257582000399 
0.369235511500193847034267946583 0.847891514616182395691623696621 0.621985077877599823459320305119 0.806237786833175484879632222146 0.049967232484436241435332703986 0.793754327606536969064165987220 0.861000645468244396596446676995 0.091756640217936946690713284625 0.117627517071961174011107686965 0.160176391714235033525426388223 0.890583147503858252314046239917 0.544213174520522757759977139358  | 0.843075354620883010703380477935 1.551198141295746735224270196341 1.156684488381034103809952284792 
0.335558586875725817222360092273 0.585191472125111689095433575858 0.245992261868344774811134811898 0.776615304367982317579333084723 0.216557707524755116423875733744 0.619425324561193813011072961672 0.873957928063017863706818388891 0.629636217513199980544413847383 0.371227618846406981489849385980 0.326419979131074788902822092496 0.716182859830868268069536952680 0.317271996536342859585033693293  | 0.884976944306156476649505293608 0.969856308252129983848988104000 0.764156368608343683490602415986 
0.079441617180362800176851578726 0.556192309108535787309790521249 0.716483079442908343814622185164 0.207691389644244606138556719088 0.016286405182933227919761520752 0.803785984572012890403414075990 0.388120277723527418167748237465 0.329318961889007444376886724058 0.429059395376722663151269898663 0.437349821484510403735157524352 0.205751831634076731702975848748 0.185420328666239586645758663508  | 1.145239952155902907193762985116 1.231267697793314574994383292506 0.210930310858427005893389605262 
0.217696446455494352356652143499 0.888949317655483017830420067185 0.482682308564960083074879548803 0.237398896870203546249911141786 0.519159213147788345388278230530 0.555718988792662682563161524740 0.065191575625817677064333111048 0.112193637606871732259605778381 0.229471610233973444259447660443 0.350385029915345147522032220877 0.831125701375807324211564264260 0.801194569955739455124898995564  | 0.816452488238123330610562788934 1.386716451475480393895622910350 0.572784516109615005063915305072 
0.332555350577973696246658619202 0.026725407570050263572625226516 0.764352395953143970430687659245 0.860287032500335779872102648369 0.920878242839795690954929341387 0.220035761956441033859732669953 0.039916549611186402657381222525 0.418832119239459732540353797958 0.184635256393089419724162780767 0.600485955199098753176656373398 0.864546903818196654789574040478 0.576057881151042616707513843721  | 1.514616110980726571000332114636 0.692497899364496460883344752801 0.958817492057679521266777555866 
0.972051327812761378766026609810 0.609074331652976863615833735821 0.880228620201757627761196545180 0.641017178566446688137148157693 0.334864158711195569750884715177 0.479021598894705080695644028310 0.223364949268854084962754313892 0.355719861891138244835985915415 0.895607231952999627289102591021 0.945489602992174993367768820463 0.415363137569015661298976738180 0.345981406336674401913455767499  | 0.048279882990068745396428084860 0.055456038824743092430225033240 1.673750237979822141909380661673 
0.541402577485044167460159769689 0.602910809943149716971788620867 0.606875222893263011059161726735 0.466132946630739009030719444127 0.795304616991072577114607611293 0.097236234579901825725301023340 0.039525067569176397519470356201 0.137360189869076054769436723291 0.531847823049818924090459404397 0.607205434445145852961900345690 0.151739501364736573130187480274 0.227728103420970273695900232269  | 0.782380508459789902886427626072 0.904946842540114371189474695711 1.362936944197195687777934836049 
0.416068949910766039401721627655 0.720244630236030580761052988237 0.548830775174965035390073353483 0.796332642918063715598009366659 0.870887672922881161952091133571 0.706398729771534505950114635198 0.994331497186640267393897829606 0.533229455764344772994434151769 0.587075076611960455785776957782 0.291909293878028552882142321323 0.103796075578772684089301492349 0.209737582455988280649705757241  | 0.846559474358039132368958235020 1.159142557776823290183187964431 1.099255167861738602397281283629 
0.523788998140773509604173341359 0.509282827663722015287817157514 0.622596387340710433200285933708 0.884252083284606138491312776750 0.035821084384734747096956652967 0.703958335375837629399597972224 0.195195160708897641477221895911 0.494877584520231339482165822119 0.157146961507998117468787313555 0.708547531135599206741915168095 0.693150139418825417259029109118 0.803966812045674994458011042298  | 0.861738777929526023058315331582 0.873007816078059106779107878538 1.321957861384329246945412705827 
0.319671919375155821896328234288 0.870001344064494697150280444475 0.388302613475025704126153414109 0.729598282276217591224565239827 0.158148174046662148839459405281 0.581726383964402349313616014115 0.438821872048416605771592458041 0.021999255041016407830056778039 0.588319326323729074879054223857 0.537221102987674004047846665344 0.125126576255207289101178957935 0.955232600753931571091470686952  | 0.789320836250077539908431845106 1.343764799855636793424196184787 0.855713357783669859024655579560 
0.714082121605132069674937156378 0.733123474550427811635699981707 0.011355148668393488797789814271 0.909668518607440246270812167495 0.711404802193178031899378765956 0.112062555681331388335308929527 0.346207416776146525982937873778 0.108033225422918377489622798748 0.449728261385264893590374413179 0.757585415495139802288804276031 0.102154477572247159855578502174 0.293269422534226831267289981042  | 0.500787088200610130961365484836 0.735264540159831780918864296837 1.845778942376425257876348950958 
0.719853148194020575623142121913 0.267358845804581357619156278815 0.143545209574793219964305990288 0.877607152168928261737335105863 0.993591327318074424290728074993 0.646001719456567924382284218154 0.977247077862349433630129169615 0.698245375195014172930996210198 0.960511448851235960511019129626 0.259111539930389711550162701315 0.745761096667673872850912175636 0.751166129017602934858643948246  | 0.778903453611478946427837399824 0.517503338106420684994191105943 1.986099652474979659899645412224 
0.280249375581508197718960673228 0.800105981213916961358734170062 0.575719927943566966987987143511 0.382240775270588306611330153828 0.392391273385594652189922726393 0.097675026774656892314396827715 0.177581581364626983621235467581 0.401249602240803637798194358766 0.172868125955445539609911520529 0.126666667789466336202508500719 0.933666606812487587241378150793 0.410688912841610798132307991182  | 0.871821527425769349228801274876 1.320598585955744974640424516110 0.745387640241787385875227300858 
0.927836314904316283858065617096 0.351332374945438119517859831831 0.279539809339069855731452207692 0.714956203817524782451187093102 0.047148419962257492876744890964 0.826719734183325560827881872683 0.621426544180141648965332024090 0.909489895213258736639261314849 0.129191073544635992575990712794 0.983837185608543718373653064191 0.406982045029059213980815457035 0.301477008382894151594655340887  | 0.178355678432119219012363942056 0.140760438868722775884734232932 1.995825561322402741382120439084 
0.638715890834499644412858287978 0.446279327097449440842069634527 0.206078551053140768267724070029 0.144829829602079351857923938951 0.027451549480550396786782130221 0.777651019389304587470235219371 0.312832519364328431876742797613 0.560255348594982272025788461178 0.884688480878927152595281313552 0.976001911794952659029434016702 0.300715889351567233767070774775 0.597996853220008950380304213468  | 0.781483247914269707479206772405 0.718927587951304736257895910967 1.665806639480920559037713246653 
0.418371101871830242124872256682 0.756700850477480257971762966918 0.170188452046195037858922205487 0.042629211677615019837617182930 0.055006057609989666978833611211 0.466549688350901270439408108359 0.098426604013878926657810097822 0.357868950591322620979894963966 0.014354136030157227388315277494 0.893769966560384543363682041672 0.586609282289015210309912617959 0.344524711073673772787628877268  | 0.909442071538971941180307112518 1.411788293252545622991078744235 1.295772118606814515828773437534 
0.338531187027849789217270881636 0.251966048097564732088926575670 0.754432897798095192243295059598 0.114281710328310359692238762364 0.718309547187123476064130045415 0.973515109628298347388408728875 0.967416856217179765842217875615 0.239850632618934689332945708884 0.691031447064639814392705829960 0.406238863475635647581896137126 0.091675384034027418422851951618 0.499678173554647941934092614247  | 1.418521606060467066257047008548 0.954320755959868094464582100045 1.005772228534279610911994495837 
0.759210479492796741496363210899 0.644548751763323379826431391848 0.002679673909250501750989315042 0.084037456111851316364891317789 0.878660549202497920262544539582 0.944139224490709527692899882823 0.569967364312993662878170653130 0.336978238915280892129544554336 0.385769842778685312367770166020 0.128346921528509572141274475143 0.702623708888583720089116013696 0.488188547155475771610610991047  | 0.456725946179414477033020602903 0.573258558297271569870190432994 1.844547893934086468803457137255 
0.369460496082576916876405448420 0.155056997415163544395966255252 0.014909363216325632883751950430 0.265527638421420242309523018776 0.433466935400760866592406728159 0.334060152165714385752437465271 0.398865258215564955079912579095 0.755247880032809626449363804568 0.799839687577505120685827932903 0.053154445568051933435071987333 0.527773375925902454852689515974 0.018440539896507845973872008472  | 1.388679642855647822230480414873 0.805810776442209553138695810048 1.052696741387396883737892494537 
0.668283767601005052050311405765 0.557575674685731770274799146137 0.800651024767075836230389995762 0.097341362592454738766889477120 0.356576664860857706074170891952 0.182357754772565439083109595231 0.848403737558836579246701603552 0.419722611562199365842218412581 0.784418609267509725491152039467 0.914282290149105447696342707786 0.352382348721405946889717597514 0.978361141195425498828797117312  | 0.673034758407137778668527516857 0.736997930866295725138570560375 1.738891984342893382020633907814 
0.728966107931302009781404649402 0.202811953176159076583928708715 0.999444772813831594504563327064 0.628242328138964301054159022897 0.153142346888254343717505889799 0.010464558907959387035191411996 0.939665928812284834137358302542 0.496718168064755105639562771103 0.954593210220590071557467126695 0.061127264760258426257166775031 0.190536171261221021211440529441 0.955074569731790501414536720404  | 0.911938766993096394664064519020 0.502618264982467088941575639183 2.296222327539304330912273144349 
0.299133088616174713791906469851 0.682274957933202919058146562747 0.890380422297563978162315834197 0.308897500883180908815006660006 0.735098719173169712348681059666 0.317320418782082502850983019016 0.910806741933960162249661607348 0.224826140201124013984212979267 0.218261064641740776259837275575 0.169755165962745868668548610003 0.526278200481091973372826942068 0.965778083295284028864102765510  | 1.037091970118370287678999375203 1.371112064565412458350124325079 0.873008537196476086528207360971 
0.367155411136834586294241944415 0.337533466101449297624981227273 0.757527514639721011313611143123 0.975204574640255228423768585344 0.692159149980624333053924601700 0.548522618343190937473252688505 0.872742328017821811236842677317 0.200463787194573472838499128557 0.953782098456067206626585175400 0.074991467160199221098082489334 0.478392365668970365177870007756 0.034927063549539671960530995420  | 1.445686747441283115378496404446 1.094826574041086297839342478255 1.179658320472415145019340343424 
0.716590300282362036021766016347 0.864867457735245648287047970371 0.490942186694324211870821272896 0.318055726394882221086390927667 0.210452957143819952001706496958 0.107633797962547683724210401124 0.443457627399881038066098426498 0.339314610043990994014961870562 0.630895858804329967561841385759 0.571063162111362765394062535051 0.390798581565573677210068126442 0.495684764256423937567319626396  | 0.343944604794745645293119196140 0.460162207533752587451658655482 1.204086904370258448437880360871 
0.481248326422001992952459659136 0.082189145460750068217237185308 0.026891094627788714177540896344 0.939077715508850219272574122442 0.660223198740781613835792995815 0.429838522852234561355544428807 0.856223779913480198544561972085 0.002348165981585603745429580158 0.045662674357764387877978151664 0.553250860978765079956076533563 0.674749981219283978539635882044 0.975537495358419715074660416576  | 1.522630761244984975988359110488 0.672641315658607741312380312593 1.569305214324622221866434301774 
0.223075628529922798115592286194 0.631850710329509457352514800732 0.463651023526265859686645853799 0.743071538365376205170775847364 0.980083214117401069209734032484 0.847440771769242817690326319280 0.855675461216293675725808043353 0.342960347889211925043184692186 0.259484563493234010600474448438 0.737834338771818143420944124955 0.344300137607596035138612933224 0.821635654525658565283663392620  | 1.083022296689799324198588692525 1.304127842190042407821692904690 0.619575345149813050404929981596 
0.429558415511958169297201948211 0.142636994740373945766975793958 0.191369970013952062082296379231 0.230677450453895649395974487561 0.866055001740310359537033946253 0.535939560443049467508558336704 0.364807245155248982548812364257 0.291870791743684909747003075609 0.204276653660955931357534609560 0.300454593420971249884132703301 0.716621654622204617979264185124 0.325446989813268139357660402311  | 1.023855300894475295336860654061 0.673360905362598960444131535041 0.980364944647723945969630676700 
0.240891617688312353884327876585 0.736812763668307613151853274758 0.210710560090691001455809328036 0.094908253042798151888348456851 0.630951593899727547487543688476 0.179251602333245996234722952067 0.373629952393150110978581324161 0.605382894242011637686573521933 0.753107847922506068449877147941 0.973755588787286185947777994443 0.388817302618161386718043104338 0.678075382450589514427008452913  | 0.944111911234725820207813740126 1.298284687227695632927293445391 0.638173328643262038895045407116 
0.300820632659507092299122632539 0.147944640030038931932665491331 0.400218408350434318165866898198 0.705008160371052405857028588798 0.854859021122524209701509789738 0.665235553653762634596091629646 0.116441081266753010403647294879 0.790318353717065158470234109700 0.822614440966832782820006286784 0.638623122087878969388441419142 0.943601544118576995856528810691 0.104391533038966421997884026496  | 1.477155373488471701293178739434 0.848588188221889083706628298387 0.870771056606651994158596608031 
0.615332162225167844660234095500 0.265535402313277990593576305400 0.834952114267073386422168823628 0.458342607935966928067728076712 0.043798387319556431052092193568 0.796285893025173718839937464509 0.849445676136772687137010962033 0.026467816087497819665941278799 0.710543175603759791236768705858 0.769315949578090019222997852921 0.591265911499239682491690928146 0.169365389318653303263317866367  | 0.932082515194049943119125600788 0.640565551552235046273153784568 1.638209882320255328380653736531 
0.554854828556786583426685410814 0.195015707859172993110519200854 0.859266155142799692434607550240 0.032826178400765737563915536157 0.489441116485071825437103143486 0.156400100871895930687571762974 0.313117334245205158893554653332 0.352318641023308787296741684258 0.368755529047119279262290092447 0.592054328366016680007533068419 0.922453457621733363680505135562 0.431548027404083045510674310208  | 0.930085873919013095267871449323 0.613458608920037562484139925800 1.324860598000431766152473755938 
0.099271842841970991955236058857 0.456918677476611523324834251980 0.745934045724989003289806532848 0.256656206101414818832040509733 0.920335761597030899139326720615 0.476001313676495452220649440278 0.214423801600814534218386597786 0.026269588064547821915084568900 0.441394610512600982232811475114 0.503642341543558469396657528705 0.461586204581074244224225822109 0.624396773776459412808037541254  | 1.163019389445453022347010119120 1.104095490932436307573993872211 0.252110734209666509375580289998 
0.178614244533977117868062123307 0.746116739099211945251965971693 0.720281669521740330885961611784 0.484314472302214360510674850957 0.232417201746265456030471341364 0.364958048205384355533453799580 0.948501991636198305002380948281 0.779189110982919652670375398884 0.808164079984417638158333829779 0.782554702749319042176523453236 0.423310993718441164190835479531 0.450118505276269176285097728396  | 0.919014112789346082621477762586 1.233582883669037455476313880354 0.443283658328374907675595295586 
0.017169238424782018448411236022 0.333399676240453635145399857720 0.076680395241843779530199753935 0.381966915986464150556400909409 0.023265782521546096717202090076 0.628390219362470969777234586218 0.400908360624353310441847497714 0.239265814248730168678491736500 0.393557503754472404189357348514 0.954700266392408458671070548007 0.582212182738482186827866371459 0.171889119248714306031899923255  | 1.452629031031385853367510208045 1.139955946289377575197931946605 0.049811530927002592439301054128 
0.670831431602795569268948838726 0.280351076988285874413975307107 0.990261506082019460350807094073 0.285001477275875658712323001964 0.358848709752974226461219586781 0.804407341113268947729864066787 0.606352836920588278424304462533 0.415826596876253340440143801970 0.051102075158382054276273720461 0.250271475651446695387392082921 0.066130122766630661246267663955 0.706281595595626754402474034578  | 0.768886754389329851733236864675 0.549849172885402803778731595230 1.662261927229353952739643318637 
0.295948095820423140445143417310 0.018918964782855152151341826539 0.292075133805275499732090338512 0.210087412379552529451132159011 0.899187675100187266963303045486 0.803157808041612075733439723990 0.860006028593240823276744322357 0.063361173722139119135476903466 0.791233779332580544618735984841 0.674444023362932632004174138274 0.748446642348316593107426797360 0.805169882073699882951700601552  | 1.611606468758921995032551421900 0.707222183797135972582736940240 0.882677124661993661725034598931 
0.934072724612528659804411290679 0.036008081982528361564277474827 0.156393133236725323520488473150 0.144793631790584242935437941924 0.657178863467805296494361755322 0.018043936855871134383733078721 0.762787647657723777427918321337 0.695014663940829890975692251232 0.470010193870293635498569528863 0.418184349535583699264407187002 0.526135606150638701627997306787 0.069009952384961215088310382271  | 0.166868865687691242394308233088 0.082871426301757242227630229081 1.792685020517293947861503511376 
0.929583026853343152851039121742 0.487113977177644152938285060372 0.598076667604865108707201670768 0.883367027649131775213220407750 0.620153185676829088457395755540 0.635909817523129028415951324860 0.157163209831541195171666913666 0.270038502518314516009922954254 0.285446615909263234911463769095 0.707522892623531518552226771135 0.274819140173229503609775292716 0.823220337288771086825533984666  | 0.126164985391321787799867593094 0.124255848782065650426353897728 1.594390205493113832346807612339 
0.466835636011824650637436207035 0.203257732266201807114214261674 0.237164370517747080668868875364 0.809906634601824215735632606084 0.925033319270676890333504616137 0.153845182392843171648166844534 0.908043783945071791841030517389 0.585336413047455983438283055875 0.520251312211725824852237565210 0.866817127740291959447915814962 0.832713103602335524833222279995 0.735397388728307732641553684516  | 1.221876308525546850347609506571 0.765184717726715368790735283255 1.298802576924689811121993443521 
0.676769810067245125573265340790 0.928712619698609187501858741598 0.453025407553516945569072049693 0.366904448002314920174171675171 0.445976937089801572788871908415 0.070371778072497725986522709718 0.138784885988881945273476503644 0.748880462264540636141418872285 0.006628517896012264820626569417 0.502564519756021010898905387876 0.624368534926957763353527752770 0.979937470752840988907905739325  | 0.414693853371725207335174445689 0.819502645103062921094760895357 1.650763349026954651677101537643 
0.656748296327039016162530060683 0.826196803204392038466608028102 0.981327144730756328883103378757 0.749410704092255741670669522136 0.594601459955473421459259952826 0.897126098128628091110670084163 0.348736311565072676366128234804 0.515756769770802536712039909617 0.289576005496433364072572658188 0.312080528188248718102215661929 0.921781474739497563852808070806 0.341274126788626008810467737931  | 0.484107146078793404431195313009 0.766883801678417298397505419416 1.515763169164463297633460570069 
0.834075027959114589926059579739 0.241989256387312945406620201538 0.103105745867978715324397853692 0.972207412445782126475535278587 0.455763828078140975641474597069 0.930225066396079269814833878627 0.180702564588802516709620249458 0.480485459281631888117658490955 0.095512147848844097808296282892 0.258998492722174011859692654980 0.640215714923988099549490016216 0.288536765781813531184241128358  | 0.419575094444003371396689772155 0.279303235131894700415955412609 1.889897217672775298069609561935 
0.500414913504502179009136852983 0.443841699313922477543314926152 0.304119471178506906028360390337 0.958112188531275776881557248998 0.680217680217756082150515339890 0.926094239160142995714863900503 0.118099324446751974271307972231 0.687500962495399270402174352057 0.947588365021313716596296217176 0.497826106413575497633416944154 0.003251844531179326480696545332 0.812571055604217162837699106603  | 1.144418049309110285705060050532 1.039722471003826642643730338023 1.548210633248906065162486811460 
0.073968755985957201914970937651 0.343347156660143038031662854337 0.417145566343747109527839711518 0.894609715294509832972380536376 0.376949275524194549191747682926 0.805172322332228462826719805889 0.496067245478442608863645091333 0.448227160416977299384200250643 0.357513259704672847760775766801 0.107905955280140908314479020191 0.805761222165813473239381892199 0.781835012290684194802281581360  | 1.240180096562947698046741606959 1.026018674253167173304746029316 0.187863488697607883270990214442 
0.638369972484379766264339650661 0.305038762950618158598103946133 0.702509046717505358792266179080 0.544452331224745234017348138877 0.944150854709201681203012412880 0.053843231592697993193041838822 0.969247333831639745760355708626 0.878608438183078321870311810926 0.483501038317180831249686434603 0.746158859561076415189972976805 0.782030404351256258621560846223 0.823157342142670889195699146512  | 0.890983009368662592919463349972 0.647870097081744922284940457757 1.726104654256136461398796200228 
0.005389154904929638334465380467 0.098611203427055427184200198099 0.394966290201923531100192121812 0.935131252664054168910467979003 0.116609152407269101026088264916 0.845206881310183399946822646598 0.385847867542137290541859329096 0.884475996682640097645844434737 0.995199790587837807009918833501 0.166446190279968653236153386388 0.673928815787456780839193015709 0.291855093911699503550494227966  | 1.842272811870436122205774154281 0.915845538102946554737116002798 0.017416537746569208527924743635 
0.875663801638184358111516303325 0.777976412564126529325392311875 0.551059816624098863790948144015 0.314847638012972330656680242100 0.586372483331290106356448177394 0.059263038487250008223838904087 0.531167579672862433248781144357 0.565233261130844155673003115226 0.820618432861326074778673955734 0.211953328970199361691584272194 0.898187275866499823528954493668 0.102936897017472106519164753990  | 0.190985449853236122219612980189 0.279843937652204832744473605999 1.712612921407710819821090808546 
0.112710169541822335936842591764 0.588889759068343843217974153958 0.552622074819390185496104095364 0.562694853749521328722948965151 0.886642692123910225454608280415 0.967364174294033762890876460006 0.688120888443819911373111608555 0.458871159977502940385818419600 0.421945775755909302517920878017 0.728163525014541179736227149988 0.703020459736737768352554667217 0.513317228420528959276225577923  | 1.001067679458729875463518510514 1.100405515629979458225307098473 0.266162964321561279490424567484 
0.620403443840258250752128788008 0.670250747852850770058807938767 0.806453443080573983969827622786 0.793058317267168577657798778091 0.219388738834523366882933714805 0.722571973803434186578442677273 0.107202392811517333015558506304 0.739805501819774002925100830907 0.881890613856179284013592223346 0.332499002254545872325763866684 0.045963578842701857674057919212 0.950906334575225886673877084831  | 0.710184072777164887568801532325 0.943724989660792545898004846094 1.740295398956118733124753816810 
0.380357574763295902542381554667 0.325986363363688136374207715562 0.920806184567659502526737469452 0.859516167437166189735364696389 0.814666230057222495730684386217 0.135036453698850977822587537958 0.546517994927426697948646960867 0.676665427671146124666279320081 0.666802765187382351363964971824 0.232110792927316400557913311786 0.603291923986740141749862686993 0.224803437469925149194693858590  | 1.141395584710396704508639231790 0.899732289363358139766546628380 0.988907183484843965715072044986 
0.715597119689286520483051390329 0.078022553602066113676016811951 0.202141473320669229352120055410 0.947057451445445286353219671582 0.951356841984022594260750338435 0.184652701100182170534935721662 0.135858299818410355186415472417 0.896085798707947245311800088530 0.218560814369552991465184277331 0.268884059170270472982622322888 0.635466148756064219682571092562 0.942699480734508821200279271579  | 0.878958054148260448101837027934 0.392557956026241883229488394136 2.009514025447843632576905292808 
0.150810004909566530706399589690 0.239246897767156019298795399664 0.899812248293666572251936486282 0.352437161533033171956219575804 0.083521045809277327798270107451 0.967900443318621128696577216033 0.566192174614395637988195630896 0.912224331397197718551694833877 0.885819309632007834132139123540 0.330584060822204928165035653365 0.283350768137170083704745593423 0.742560736824108613696182601416  | 1.654734597974495846628428807890 1.078021045469975458530598189100 0.476792763606403879883544050244 
0.972523768754533390890060218226 0.380848606375436826709801607649 0.219804302435240073165800822608 0.781106073569095893383007478405 0.751663617752715174091804328782 0.328664527320346788741289856262 0.484545144021847895565713315591 0.774164949144903524747007850237 0.587892628711020992504643345455 0.524174258096898104675176455203 0.583922590078459147200362622243 0.779872493068925365378163405694  | 0.045628463975071774372249677754 0.040842305626922092987030055156 1.417985368144229596509831026196 
0.956392387901950802309158916614 0.500558604052617983626305431244 0.982078365562512711761655737064 0.980061840721512700369544290879 0.962442533033424529875787811761 0.983005891256604757977299868799 0.468133243366098183990686720790 0.440167053731680302242068592022 0.590222123745454574361701816088 0.576165399299996106030619102967 0.072105493233113882034501784801 0.162512684944317586932527319732  | 0.107659397963576944357022568965 0.107763487502861701750056511173 2.220315636970253247994833145640 
0.165669388551989871238845353218 0.456861125235906051500478497474 0.885696691618286457980957493419 0.480447175174601226466108983004 0.274627396666393353008572830731 0.740258293448077253628980542999 0.941432170544382995736043540091 0.490129924891045121171373466495 0.677967215223771124676943600207 0.363134861366986139152857049339 0.171484348915097228882586932741 0.228260313198231368225776805048  | 1.182481257297314236609508952824 1.119075037231574976104298002610 0.433505947642528477459222813195 
0.635299695765792371560110041173 0.914007433145434533550144351466 0.238498973648040291095639986452 0.306441526136845943106834511127 0.652460257499459461705271223764 0.392328097596163272164915269968 0.682676761543468346715712868900 0.799079844035475717056726807641 0.309590124548211997890234670194 0.776271762233037065925600472838 0.011415552576163445763768322649 0.805387758374303541764049896301  | 0.456667665674407252662803102794 0.805388422884793064859820788115 1.435368764671317354242319197510 
0.400522786062405766749350277678 0.455363206161291667051216336404 0.000122618013721376151181630121 0.850136885647603701698926670360 0.008723371470776730696172762691 0.002302443376031360067202058417 0.031091598210150395154016678134 0.890718681484391705538428141153 0.541837087211468948488857222401 0.417971212202109754230150429066 0.580179268837617945209217396041 0.100404214122115420515513051214  | 1.432367066899705498883577092784 1.319463561177156796233589375333 1.417368419568559412269337371981 
0.849245448256055524005603274418 0.860157515999468991196863498772 0.349393655062980701409003359004 0.217732731960052161568341944076 0.931462332578999685495091398479 0.387544395472762093213248135726 0.273715626358482455593446047715 0.701478760017142266569578623603 0.672488241014300713871421066870 0.203790078488475634443943818042 0.951026980457261084112019489112 0.177618132882301216213249972498  | 0.215910945955480798597037050968 0.367757224193920706500904316272 1.767078885945431832027452401235 
0.012770037204806516939470384386 0.440044435717958926090886961902 0.740085238097850872662775145727 0.567442027829219375334446340275 0.069803049857082521967299726384 0.131421086734167191778510641598 0.274950707067598165700417212065 0.915024038024437103011621275073 0.467725479416176703750807064353 0.900267906336983281256891586963 0.174223182544277932493059779517 0.891012845192021729623377268581  | 1.499182223698722449256592881284 1.362573729203215178173991262156 0.040642661948245700775927957693 
1.000000000000000000000000000000 0.999999997109458527155823048815 0.500000476874275512351175621006 0.499997974001726075421458972414 0.500002273563066701456136797788 0.499997271159113798599804567857 0.500000356354860064911349581962 0.500001247931127656976002526790 0.500002003382185145063942854904 0.499993110601267887194154582176 0.500001276941206440618259421171 0.499996121587366670890872910604  | 0.000000000000000043297802812581 0.000000000000000043297802818483 1.000000000086782137032059836201 
1.000000000000000000000000000000 0.000000021365198697133668842048 0.500000476874275512351175621006 0.499997974001726075421458972414 0.500002273563066701456136797788 0.499997271159113798599804567857 0.500000356354860064911349581962 0.500001247931127656976002526790 0.500002003382185145063942854904 0.499993110601267887194154582176 0.500001276941206440618259421171 0.499996121587366670890872910604  | 0.000000000000000043297802818483 0.000000000000000043297802812581 1.000000000086782137032059836201 
0.000000000000000000000000000000 0.000000001303610247535033917097 0.500000476874275512351175621006 0.499997974001726075421458972414 0.500002273563066701456136797788 0.499997271159113798599804567857 0.500000356354860064911349581962 0.500001247931127656976002526790 0.500002003382185145063942854904 0.499993110601267887194154582176 0.500001276941206440618259421171 0.499996121587366670890872910604  | 0.707106781296107156364882939670 0.707106781199716372121599761158 0.000000000000000000000000000000 
0.017310721491812241373819958312 0.989030633753261501084352858015 0.510141376889909126113309412176 0.500010425787233758754268819757 0.509847675191977600661630276591 0.486156957787842736173899993446 0.517738012010471648771670061251 0.505833539185009395389158726175 0.502298159735587890217800577375 0.502332688991576015169471247646 0.493204219112833075477908550965 0.491778278081437869584391364697  | 0.706986915456385367484415382933 0.707925854687433409040409060253 0.027211774636786225517459669732 
0.015944735862755000932455828888 0.000565900730047875924824674065 0.521577792870449030715462868102 0.482178767225476423430308159368 0.500002273563066701456136797788 0.499997271159113798599804567857 0.482807880280390011584756848606 0.500001247931127656976002526790 0.500002003382185145063942854904 0.500586980523091917838485187531 0.500001276941206440618259421171 0.499996121587366670890872910604  | 0.708245992976328064827384878299 0.707049134166560677705604121002 0.025070338576876308178675856198 
0.533703344552775460485349867668 0.886502554274390841548836306174 0.504928794136470737718980217323 0.491682474677145542329981253715 0.492247187874793101780568349568 0.492174722532522035400859294896 0.501687653197990357512026093900 0.500183213672993565168667373655 0.508836839945379093563815331436 0.493278391264633353507917945535 0.504208728894259383679354868946 0.506717649219639132418535609759  | 0.472916293934072473614804721365 0.473148135602764696727717819158 0.743833850938296459176513053535 
0.190359401737560635092805227941 0.658135270709884756534790994920 0.495453939989258296261454006526 0.501524820148848249345974181779 0.500048327224927868783765916305 0.508686107935337750163284908922 0.499913794803371946962045058171 0.496490193452053030220838536479 0.505084334995849038030257815990 0.501514679937007823440353604383 0.494579383975150554952904258244 0.501774851925128384522167834803  | 0.675817308755445100842962347087 0.675874863466866648842312770284 0.294630373078558993604758597940 
0.258743939147203672046515521288 0.103643060188581881408964591174 0.492526202513861310894327516507 0.510663285794432653119656606577 0.507574620916671603865211181983 0.492688722599006978519753374712 0.499726022060452690354281912732 0.490011726284920345886320092177 0.500115891019463076894169262232 0.486529557885984120790823226343 0.499450338090613454866684151057 0.504814179396411710776249037735  | 0.650119995428451669106095778261 0.649646728720642552268316194386 0.395567716733600305278883979554 
0.769905159042067577246371001820 0.994711987777878614558346725971 0.500152063081699682633995962533 0.497832751000240492089687904809 0.513814112534447642310908577201 0.509422938740193509410403294169 0.505698218916233677155958048388 0.505602488771950908663654900010 0.491615048996312420381826768789 0.503691355712423849411152332323 0.498674849813335818726756087926 0.501529547145491694237762203556  | 0.250067297152229861545436051529 0.250236820972448481548155996279 0.935799405329912681317239275813 
0.616902778809396146186827536440 0.013662259866679227898744741765 0.496315673577692351159384998027 0.493556317042281200713205180364 0.518981706862792213641455418838 0.503440187796289295718565881543 0.508543047061274289255550229427 0.489915672507132970991960974061 0.493205594942181746453968571586 0.508969690630000637376895156194 0.503628909302379690338113960024 0.488808485556616378886474194587  | 0.400905592667377352888991026703 0.400375366777991292810412460312 0.825050862075634272585489270568 
0.282834973229526664972866001335 0.160439503623449997160577140676 0.495891958545519484502506202261 0.501994581264061601189041539328 0.513102941651298993797070124856 0.492842816506912029250742079967 0.507466822751638235722282388451 0.506466659522522677505662613839 0.497060888692134772437469791839 0.504738083682336080570962622005 0.503477767578162760386817353719 0.494274782833810710780397812414  | 0.638870806086561104919496756338 0.638586589618413746904934669146 0.429983757942193234313776883937 
0.635771034373084242830032053462 0.592836462697943655797416795394 0.496400091583251212856708889376 0.479231913960211475256301127956 0.513175553434111475503698329703 0.489483830070175596205217516399 0.504819481043917384077701626666 0.484525106845926534226975945785 0.509331184093334443652167919936 0.505282322388469595786375521129 0.496741941596634817290834007508 0.489568662648494967726264803787  | 0.383245118880264579175332073646 0.383381962633231765380514843855 0.841780297881599803844210327952 
0.650244387320059402668448456097 0.658135270709884756534790994920 0.495453939989258296261454006526 0.501524820148848249345974181779 0.500048327224927868783765916305 0.501722189352842962151157735207 0.499913794803371946962045058171 0.496490193452053030220838536479 0.505084334995849038030257815990 0.501514679937007823440353604383 0.508603623283697348078646882641 0.501774851925128384522167834803  | 0.369270657009674041493241247736 0.369296998544043131307290650511 0.852963150451086948855561331584 
0.575180914028835310602971730987 0.790100520268048001071292674169 0.509800011689823473481908422400 0.502971373928401965791579186771 0.502540767983281622122149201459 0.508819788109856951940912495047 0.498828355545717305741248992490 0.499851396018380522701107793182 0.507166462471444701165523838426 0.507371950229631774043070890912 0.501215358155400747541818873287 0.491638480694607415966146390929  | 0.437695261856379136400363449866 0.437841871937691418104066087835 0.785781583208800760154133513424 
0.987676314672003674566269637580 0.628722615233695991676654557523 0.503422123422371026180144326645 0.499255466887436771816766167831 0.505724775191115138994746303069 0.494637944591249989478853876790 0.502319192890991583766435724101 0.509564527122383426060991951090 0.500280973066843270835590828938 0.497709305035954174822876439066 0.497206377871743099294832290980 0.501487697371275853441829895019  | 0.013689348924986459443697839333 0.013690378406850878950651306809 0.999998597507736008971335195383 
0.360909378675590974960840640051 0.249539429969689058319559649135 0.486574330365886820182197425311 0.503490419195225635817791953741 0.496479698292026594419468210617 0.507828265298332692800897802954 0.503172570648108052893121566740 0.499903627208077239174599526450 0.487394772423824784723933589703 0.516679691804046159475660715543 0.507799124504970000870684998517 0.499753489987467380828434215800  | 0.597131605132381282352582729800 0.596768252611770799731516490283 0.537448082070048016589680628385 
0.929927515103069257662582458579 0.708175233832350814466849442397 0.491528442128301379376864588266 0.498168985591760093978308532314 0.491279353286057873795300565689 0.499236565073276905568633310395 0.502555475403941520617934202164 0.499287476638816063445602821957 0.498680148102604026139061943468 0.504254422810535563037603878911 0.498718474030192371326819511523 0.513617787323902841301048738387  | 0.077693016486143753884796581133 0.077711594603970479688825889752 0.994311960732084609837500011054 
0.455846290030331446896383340572 0.000000012426444095079019005805 0.511450731401386970986777669168 0.503316394768767327860814475571 0.500660095564111617960634248448 0.497042652499824377798631758196 0.499264195244669362061529227503 0.497063394684598203188130582930 0.499930689947954698393317585214 0.500055210442622244393362507253 0.500110541130464159031987492199 0.496835898040828782828981502462  | 0.533610727271864981879900824424 0.533467862056074215715284481121 0.656515539050867569237368570612 
0.560399866212051844804875599948 0.141474207036331872666679032591 0.504898073264167912554967188044 0.501808692635466679909939102799 0.506803642315880709112718705001 0.495194136478727175987302189242 0.507923380751440722846723474504 0.511280075192170668785252019006 0.494213126795599699825345396675 0.503008611615547884809984680032 0.495653574408045693999724790046 0.492929538700015545948929229780  | 0.450664777077667610960531874298 0.450462830737279218418223081244 0.771220355744532071184949018061 
0.627534862254809366888252952776 0.005885489203641125488530860821 0.507986580164162870865141030663 0.509433668124092076112674476462 0.500131306054196422827828882873 0.487737341560509296556347180740 0.503411490844735465266523988248 0.491030018754013530823954170046 0.500565685742783816891687820316 0.506495052741895990244813674508 0.506810609354501839796114381897 0.515746282629494845473061559460  | 0.391011068258043714696015058507 0.390567280855496912206348270047 0.834285495200584703567869837570 
0.501115231705798080952263262589 0.824709754762530722338453870179 0.496942487859755366308434076927 0.501421039160217185681744922476 0.503206318190615453644909393915 0.506802286393360112981554266298 0.491969777529882024147411812010 0.497840987785350352901048154308 0.504549224852606004176891474344 0.539453639211629587535412611032 0.496702319287486759868954777630 0.496384433768173372047982638833  | 0.499548226746212464810525943903 0.500433295606683037348716425186 0.709575719662279058574938517268 
0.086684233680705158331392112814 0.999999997109458527155823048815 0.500000476874275512351175621006 0.499997974001726075421458972414 0.500002273563066701456136797788 0.488445688703693869925359649642 0.500000356354860064911349581962 0.500001247931127656976002526790 0.500002003382185145063942854904 0.499993110601267887194154582176 0.500001276941206440618259421171 0.499996121587366670890872910604  | 0.700581935205914274611416203697 0.700728846354725765088744537934 0.135761033253583657254282002214 
0.783097013404723929497208700923 0.844422589695225322969918124727 0.491478313056244009437989461730 0.498480954564286760088975825056 0.505485360538163175370129920339 0.499974709419287177691870738272 0.488401176124727443017548011994 0.518330871991113273367091096588 0.476952875458890035442749422145 0.488777025372563622696020502190 0.485663346474206059077971531224 0.498164558433868032150115823242  | 0.236440777917719641143534659022 0.236809350116307160138973131325 0.943876250223261270555497048917 
0.687190665832396629930656217766 0.770766384655221070687503015506 0.500000476874275512351175621006 0.486007406520996054766214911069 0.503797568459460665124538536475 0.501002879071336892913279825734 0.484199940276325679899827036934 0.493424239855290824863232046482 0.497771606737848204549123920515 0.499993110601267887194154582176 0.500001276941206440618259421171 0.523727761943800440569418697123  | 0.333836319523890978633318127322 0.334140573240906513241554876004 0.882637348132523924526537939528 
0.758047856110559359343881169480 0.426588596308231426945667408290 0.518300664672276201194733857847 0.496396186665770233759076290880 0.500043920238958827795272554795 0.504057245679574328356409296248 0.499913794803371946962045058171 0.504049824081626574034942223079 0.498372636545969971422209709999 0.514903174669109287009405306890 0.501499667305537077943711210537 0.504545256007314257828966219677  | 0.262502021259868822955496625582 0.262464002148750374932006934614 0.929226883411729209782947691565 
0.512082183365604848290786321741 0.824709754762530722338453870179 0.496942487859755366308434076927 0.501421039160217185681744922476 0.503206318190615453644909393915 0.507875197469359496160734579462 0.489648577151760855397100158370 0.501599697758473794806377554778 0.508465929921654291590016327973 0.539453639211629587535412611032 0.496702319287486759868954777630 0.496384433768173372047982638833  | 0.490864441993204780878556903190 0.491787754675262478443187319499 0.721728122813447225958327635453 
0.215543112159537114669305424286 0.000000000195223330598992263669 0.496293814891781925879854497907 0.504186417087105986922779266024 0.507526971654999603522639972653 0.503781402237577724534389744804 0.496151092666045567813881689290 0.501664214110418615888420390547 0.497914235773002533669284730422 0.508076170526811976557723937731 0.502439113219153687950324638223 0.492847801995958900711514161230  | 0.667257220856582344836738229787 0.666998994635595754409962410136 0.332224561435627008254556358224 
0.856716841006935680979950120673 0.995097591808214443354074774106 0.507197534129431915062014013529 0.496392369018057333374116524283 0.506063148423106623496892098046 0.486555117414997573277446463180 0.511160179270720660404947466304 0.496580204973765704234978102249 0.501707355514912078930933603260 0.504557810444281051864834353182 0.510315166854425017461949209974 0.523733710874898505949204263743  | 0.157846297414808045544987180620 0.158119233755798421769966921602 0.975862712195863402087070426205 
0.482228770693414576786750558313 0.279741070932445379249031702784 0.472214566479416397726254217559 0.496280606784769540151813771445 0.511918037333670916666505945614 0.497749554375734148958798641615 0.494228512761708094203072505479 0.489394389431679621704773808233 0.493029007821249254384099458548 0.512395240728479528513616969576 0.499581592966483689632894993338 0.488039539023276403018058999805  | 0.514745684678966197722616016108 0.514239368235325011724512478395 0.688073560183891763664121299371 
0.175154840012008317096103837684 0.999999999733031108561931432632 0.504005502935458538082968971139 0.498217867599938302181072913299 0.496565292844696082319444485620 0.504545604472820707897540160047 0.499597977896055867041980036447 0.481111074955843709410885367106 0.505186933432146156874864573183 0.499539699680621729349638826534 0.501410088190372360550384200906 0.509851137426878486813563995383  | 0.680589959883464268308728151169 0.681161613073077987223769014236 0.271819818971875182267439186035 
0.694564702753105556176649315603 0.882754501239074507168425043346 0.493121452333012411095580773690 0.492573625767936007502356687837 0.504888709600147311817863737815 0.487409171901839688434421304919 0.502066422565515479981002044951 0.494396910993304017356564372676 0.495491086764274835108068373302 0.509545804910423005829045450810 0.498441444646791242956140877141 0.487752683497789885080919702887  | 0.326463135202111509602929118046 0.326692507491086026050197688164 0.887616495312995579247683508584 
0.466260494252649815294375912345 0.028249597236282206896840207833 0.511513997707989331864553150808 0.513183481837029553673801274272 0.492382785057305372156122302840 0.494167938918440519113772779747 0.503419624791373809813421758008 0.471461687188461153752427890140 0.489887801472170258954008659202 0.480271636710843552453553684245 0.501816398372612049172403203556 0.514714591540971766470136117277  | 0.527556032232319838115586208005 0.526047565946924033930542918824 0.669950734110886569894205422315 
0.337432908969371003760073790545 0.086715396110292553011333893664 0.524340332969970845944374104874 0.504770338821749597890686800383 0.514545309953068907837803180882 0.508815731446252139669184089144 0.495346533156001578301896870471 0.481751565076532328735225974015 0.500267127865516636475717859867 0.475433435181152275195159973009 0.497207496637080692547527860370 0.503794838651876686341779532086  | 0.611979068198403308720401128085 0.610485981949115408262684923102 0.506519411345352388309493107954 
0.411224892171450695510515060960 0.066807125392175620293144788775 0.524642031608453351942955578124 0.497954414272831769050497996432 0.489293265306236846434728704480 0.495881949733208260422401281176 0.501607536718876367842767649563 0.502010643527363464855284291843 0.496182775818037213877431668152 0.491466041553888177695341710205 0.499613555028592448703506079255 0.502201406439949038507108980411  | 0.565443394850440483878628583625 0.564796351827946296886295840523 0.602464616860749258009377626877 
0.880572709837995959425427372480 0.002839464383844943120432935402 0.496712469465236450272271895301 0.496553758131509537232517459415 0.492548557147802490430166244550 0.499604577310816200252929775161 0.491580424700425899775524385404 0.495415718519558789800782960810 0.497772565232393493506179993346 0.495084112272090481887687474227 0.495777093725673467794479165605 0.503120082326553585971851134673  | 0.131926994093697597110192987202 0.131880246045586374536995322160 0.982678406373397539397274158546 
0.888739942603484101013577856065 0.796107518711755668405771757534 0.496457119549165437621951468827 0.494452964420881768692339619520 0.499354974873956469760827303617 0.512876645721070612005121347465 0.494995669289828799097819000963 0.498977151225550918933748789641 0.502927930735936667971941460564 0.502209937179063148349200673692 0.499663355563610633858218079695 0.502103604588917562523420201614  | 0.122967403678023598501134472372 0.122996412595937576472948649098 0.985016865358924409434848712408 
0.745572048951272381422938906326 0.000000017080145520683641098380 0.489944358656343725844095615685 0.490550380157669052572089185560 0.492012910047327223228563752855 0.503673981999201436643431861739 0.504927641868613386044728486013 0.512396536448388895124139708059 0.495914453693514167831324357394 0.505040815841340529068759224174 0.497172055619529540404499812212 0.503285589471481831225219139014  | 0.275384118159500423939078928015 0.275165195477765134324243945230 0.921662120592888656211982834066 
0.474113229511767375612407704466 0.113708001196969082924326244211 0.502458512432639614608831379883 0.505704837267068163519923018612 0.499118799535017143575998943561 0.508579893602201016378216991143 0.496704384668875564834422675631 0.546896559813936478100515614642 0.495197940462651586823739080501 0.496623017985164838528078234958 0.498498392906980003491668185234 0.478582829756502847740051720393  | 0.522266328402379742534833440004 0.520487966009778868503588000749 0.679687567270355064152909108088 
0.817447540236453273898575844214 0.888646702289268786145726153336 0.496406382949165725371187818382 0.500948227675861113006305913586 0.505254124589440856141209224006 0.481285504510044759296505390012 0.507614824706361988937430851365 0.509451022024228206142026920134 0.504664306742086288259940829448 0.494703913042219056706016999669 0.511298976906061408698178638588 0.491874311830743593532133672852  | 0.200058342020215190748544387134 0.200249410720958503917543680473 0.959917891808019785315764238476 
0.862906514649937284033853757137 0.077556564799219615546910233661 0.501918320223259661894132932503 0.498940139080298328266849239299 0.510958648379066460165631724522 0.504901744974038946267569372139 0.515791048621504599758225140249 0.505256206973780264135598372377 0.517367254975153789686714844720 0.515783891091339374845858856133 0.499639305978074599323690563324 0.489415964358481836438130585520  | 0.151372038841279893395252997834 0.151153699943115560344608638843 0.977966192788927268786380864185 
0.898980984748071643153366494516 0.819428336907044085890561291308 0.489610478038355667607106624928 0.497603166322574175239878968569 0.501938249973148953309021180758 0.517240513942678448167100668798 0.501607291858836346065686484508 0.494835730628191083901867841632 0.508047252992670506088757065299 0.516097356087078518172006624809 0.496288948023461795600042023580 0.493842515040776364187991021026  | 0.111779248037277151306412292797 0.111871135693299442182002678692 0.988245882363413929994067075313 
0.912375669557438984114128288638 0.004473933889049672672777457905 0.505641236845519204123888812319 0.503524251991705362740958662471 0.499354974873956469760827303617 0.499995097894589513032315153396 0.498904776195216004275323484762 0.522832987586302810889549164131 0.500501214702377072995886919671 0.512469848957426754587629602611 0.499441402575273141195566495298 0.497582156734854230695219712288  | 0.097144930426054307281980015887 0.097034810081179229124259677519 0.991264778991355344217595302325 
0.912375669557438984114128288638 0.401286224234332966620542038072 0.505641236845519204123888812319 0.503524251991705362740958662471 0.499354974873956469760827303617 0.499995097894589513032315153396 0.505877190772722529210625452833 0.509478565154564577710516459774 0.500501214702377072995886919671 0.512469848957426754587629602611 0.499441402575273141195566495298 0.497582156734854230695219712288  | 0.097056235299348633804861208318 0.097046277837247438280421363288 0.990870384298343398477015853132 
0.385764307349522828083365766361 0.038130386878793373628404594911 0.484046489263223911336808669148 0.509922304933355219347390629991 0.503669417025163324019843003043 0.471413080900913883386493807848 0.509231059954800335809466105275 0.500835086495599379752263757837 0.500644173214739418575902618613 0.500506256827976003798141846346 0.494818623355769648952673378517 0.506062636998572790147932209948  | 0.582548998615019519853319707181 0.581424127358612596871978439594 0.570308758909099822176358429715 
0.976643612712475461812289267982 0.046234960384574363967402632625 0.500023139100073232832244229940 0.513579351777867398887167382782 0.493012113811984342692795735275 0.500192929861641988331655284128 0.504927641868613386044728486013 0.505429883458024309383915806393 0.497616546949441962421900598201 0.511271093604897308715351300634 0.503612912201817475299492343765 0.503285589471481831225219139014  | 0.025956309130575089261228072246 0.025939907591722339424977761269 0.999770366655971187697105051484 
0.567765816976070203381254941633 0.000000001303610247535033917097 0.500000476874275512351175621006 0.499997974001726075421458972414 0.500002273563066701456136797788 0.499997271159113798599804567857 0.500000356354860064911349581962 0.500001247931127656976002526790 0.500002003382185145063942854904 0.499993110601267887194154582176 0.500001276941206440618259421171 0.499996121587366670890872910604  | 0.444047275435107802188383629982 0.444047275374576555506678232632 0.778231350296707535818541146000 
0.142877684137252158880215802128 0.086715396110292553011333893664 0.515211442196920943459303998679 0.504770338821749597890686800383 0.514545309953068907837803180882 0.508815731446252139669184089144 0.495346533156001578301896870471 0.481751565076532328735225974015 0.500267127865516636475717859867 0.475433435181152275195159973009 0.497207496637080692547527860370 0.503794838651876686341779532086  | 0.691105222320908207933598532691 0.689741260161447655718802707270 0.222891532771941069945853541867 
0.040829010495379861045428526722 0.101706558438564298452178036314 0.502850673637568190699198567017 0.503316394768767327860814475571 0.497781017704062078710336436416 0.504545604472820707897540160047 0.496712652188001424491403668071 0.524017346502843928135462192586 0.501741779877541427268283769081 0.498480055236729779899462755566 0.501577359601749983575302849204 0.488767903885551358023064949521  | 0.706532070385755606167776932125 0.705855415280544740141976944869 0.064139217951579133303319224524 
0.658120256689626592638830970827 0.890648588522768069886126340862 0.485653540839445008181485263776 0.499955128808712401244918055454 0.503061302452659342421270594059 0.505340161542629506818968820880 0.492408983536567701477792979858 0.483831679472279119202937636146 0.507130658054437577497708389274 0.493381865013055309621137212162 0.505013554450604917889222633676 0.501265137994390430620228471525  | 0.361837769590840019340305389051 0.362141490938242327501939143986 0.859823064073771403670320978563 
0.560399866212051844804875599948 0.868949133392383998852892545983 0.504898073264167912554967188044 0.501808692635466679909939102799 0.506803642315880709112718705001 0.495194136478727175987302189242 0.487315966336196504382627381347 0.511280075192170668785252019006 0.494213126795599699825345396675 0.502015593245948243961152002157 0.495653574408045693999724790046 0.492929538700015545948929229780  | 0.450477521257462987236408480385 0.450733948372231851831060112090 0.771292139829315770427342613402 
0.664365075457542864079130140453 0.434802738476877947970677951162 0.520789395469790195036807745055 0.496675561744319260526481230045 0.495436058776262233660503397914 0.504087997984826396979940454912 0.506971744848491501223008981469 0.503958592858337550701719464996 0.496936714093109688228366849216 0.539440515177092683174464582407 0.487296274800364692669774058231 0.502767983116163663659392568661  | 0.356658837637738590498059920719 0.356492765524912991192962863352 0.866181666878071077064760174835 
0.372950201561896454993672023193 0.021593299109654569972738258343 0.498019915607823271397336384325 0.505363456157077561847756896896 0.500520908349663895542391855997 0.506696219960586446973138663452 0.498041152948039633763244182774 0.511942685793240537250881061482 0.489982229270852887026421740302 0.497680599574893689496235538172 0.498860865761506122595392298535 0.472352242610719841309219191317  | 0.590330173310146699705569517391 0.589359889028882810713128037605 0.553495977416584850061553879641 
0.129316272267973181309130836780 0.766902050120068068395084992517 0.503966807974367436706586431683 0.496749131866256188327923837278 0.501147108154844533878247148095 0.493724140407890699222548391845 0.502260065784815634692961339169 0.493106402852357628141533041344 0.493885299549129519469659044262 0.500624841252171104422075131879 0.501928205122498471979497480788 0.497157907993966974302679773245  | 0.692636749823891673116804668098 0.692735013555595635637018858688 0.201769632100360446491649213385 
0.845661167248107692451242201059 0.024772573108381865103488905788 0.495891958545519484502506202261 0.501994581264061601189041539328 0.513102941651298993797070124856 0.492842816506912029250742079967 0.510170744391558850239221101219 0.495273996784609926713471850235 0.491303728673183282005254568503 0.498631438468560506116489250417 0.502143412559430624142464694160 0.494274782833810710780397812414  | 0.169896609904181761230290703679 0.169773841228991223539779298335 0.971226570894028085056959298527 
0.246945808914811881784601155232 0.183224078506422305423484431230 0.492487416780608588950940429640 0.528325808176292488482772569114 0.498274913942914121633975810255 0.482842330318415446921420652870 0.491731041531704105018718564679 0.495898033288523054640251075398 0.506377890285203857700935259345 0.490521780912225480175692382545 0.498347635008763056863045903810 0.505214866470969137246527225216  | 0.655946148849124832658219474979 0.655032996174520376619909711735 0.378776945743272197564266434711 
0.703855625768977977152474068134 0.339315945471236946051618588172 0.493754699314543632482354951208 0.504050372952493108691385259590 0.501435355191845344435819242790 0.507543602909795721345176389150 0.513348966461424138785218929115 0.495535387064675758583831566284 0.509025468913581580210347965476 0.502572312027999568151415132888 0.492981083045049561786044023393 0.509301128405578729108071911469  | 0.317411209771393421075202923021 0.317325327048689431741479438642 0.894219077664280104222882528120 
0.317636107804351863759251273223 0.255525709773829490245589113329 0.466599674842728240342637491267 0.515849036872177091339608523413 0.503218779891046463781378861313 0.505508551448202947398158357828 0.494689245197197369208197414991 0.501088170374529018324949447560 0.495649030436586646164442981899 0.511671288656234013458856679790 0.499744454300117157963256886433 0.484563820182340843079060732634  | 0.622475774759981503869710195431 0.621602918515844038438444840722 0.479372284012720528689754928564 
0.590778610543887028327958432783 0.103643060188581881408964591174 0.492526202513861310894327516507 0.487286730024068970301698300318 0.507574620916671603865211181983 0.492688722599006978519753374712 0.499726022060452690354281912732 0.490011726284920345886320092177 0.500115891019463076894169262232 0.486529557885984120790823226343 0.499450338090613454866684151057 0.504814179396411710776249037735  | 0.424304706508381923590889073239 0.423970557207981657565909472396 0.800925142127306255446228533401 
0.104284488059251473357491590832 0.077556564799219615546910233661 0.501918320223259661894132932503 0.498940139080298328266849239299 0.508462346024748601536202841089 0.504901744974038946267569372139 0.515791048621504599758225140249 0.505256206973780264135598372377 0.517367254975153789686714844720 0.517368770333446303943958355376 0.499639305978074599323690563324 0.499635000980381327462254148486  | 0.698779222105101238682323128160 0.697870956290599586679945787182 0.163238049297713766483397535012 
0.834766648707645053661963174818 0.725953116855400093498928981717 0.501034079393135378666102042189 0.496643314255858780992269885246 0.497200228631257679090538204036 0.495088599550244756741790297383 0.503004797080230714456661189615 0.484860060134544468279926832111 0.513062832250241629417075728270 0.496725231240351561279311454200 0.501288964617523813416255507036 0.504918902076820108604238157568  | 0.181531803790828866196349622442 0.181594895067707262636957921131 0.966979453375220399102829560434 
0.826872147864349815726825454476 0.183224078506422305423484431230 0.499966780268548016685770107870 0.498897735277762321981498416790 0.496730037669927626531318765046 0.504006893801256738996130479791 0.496690379889766775445281155044 0.502353712508939453940115527075 0.504133973985712580123674797505 0.492133810893061074409615684999 0.503343477729165766909602552914 0.503956629554551560623565364949  | 0.189977933717992319984091409424 0.189949531983565927939494599741 0.963394051478090651663421795092 
0.121651090166558992211598422273 0.804704222143511560538797766640 0.502203102534364731468485842925 0.509522256199685830146961507126 0.493590154852946105812350197084 0.497257104191938359427638260968 0.468509124297726398111763046472 0.521495950300214783368346616044 0.505028585912767336019157937699 0.501723605606028355552439279563 0.501600195116829405961311749707 0.500519447283864105102679786796  | 0.694825407152579010983117768774 0.695907962316110850764516726485 0.190237657951538824407933248040 
0.811106458884422343302844637947 0.601820547751261925029098165396 0.503763910273533066508377942228 0.502483430193946034592045180034 0.514090265377575184047032053059 0.496043930008624844862907821152 0.503565894633628774457179133606 0.493090409183210842680722407749 0.490669919799287923556363466560 0.487530206603184745883794448673 0.498333882670574324080803307879 0.518982514975808717494487609656  | 0.206899373937225988795418629707 0.206958935430962581714098291741 0.957163900445103354996945199673 
0.752260250272012376271391076443 0.067461655350908478201432671995 0.508424833986441448985260649351 0.499006436084465820890443410462 0.492443079678101747198581961129 0.508819788109856951940912495047 0.505698218916233677155958048388 0.503955507615200914983688562643 0.487796504785639906121019748753 0.499217376558836523070539215041 0.500639988351980869119017825142 0.495171329263530357600586739864  | 0.268469876668559315202600146222 0.268313761557117447242859498147 0.925628604699970547464715764363 
0.394828737784256311726949206786 0.974970921813370638986384619784 0.509592608873145946901672687090 0.494271825231051453730657385677 0.482749472693352443819492236798 0.497146298093251781669010824771 0.496407763631924681124729659132 0.507510491623518245063451104215 0.511105125303526031110834537685 0.478668586165981846392014631419 0.497207496637080692547527860370 0.509185952642834838144381137681  | 0.575589416620428506732309870131 0.576594343973596989982866034552 0.581874517078590391960801753157 
0.671861381639171861834824994730 0.614251891786558812391660922003 0.492675099861022591785086888194 0.514246434869974233805578478496 0.508462346024748601536202841089 0.504901744974038946267569372139 0.488481363614915231607938039815 0.495289024825765755721818095481 0.488842240664252969395420223009 0.517368770333446303943958355376 0.506312150122549375907965441002 0.499093370812478787090782361702  | 0.348823355541687363245983988236 0.348945202122334208194587290564 0.870923867290096853643888152874 
0.072131764220361133110870355267 0.045865926353270157489472325096 0.513439830362424243226371345372 0.485275995513434033057365013519 0.517811217560246506153021073260 0.482159389886031020111545331019 0.488385949788247675229513333761 0.466751873219153345928589260438 0.518086673019009791296696221252 0.477862306254692448259646653241 0.502403305051002946335358956276 0.517328070068953871363248708803  | 0.706659282340599048666263115592 0.703254738368840004447690716916 0.113446052305380323810268805573 
0.959155100733508736432497698843 0.933119895333795246195052186522 0.510708080329371760797130264109 0.497956201076468318866830031766 0.499799819081653495800310338382 0.489233634353138435724162036422 0.502667076278040747538966570573 0.511867622632250163228206929489 0.498317161307082034937820935738 0.493700907752737228051387319283 0.509785664516171910243258480477 0.519985048234682722956279121718  | 0.045349487966587422038688970360 0.045406267125336206846863973396 0.998861042853679825803681069374 
0.023935859820943806292037336902 0.323176228349978778009443658448 0.499560092340775696584387333132 0.501604882538102203604069018184 0.492499233055614438203662075466 0.506969734892857015751133076265 0.511904850025650226541529264068 0.506314208277960031701070420240 0.516038989324988039975039555429 0.506630347539594239059113078838 0.502199635077135719818386405677 0.495087144538930490345052248813  | 0.707166260246720801418973678665 0.706923134406063913282025623630 0.037612785386608893478666004739 
0.519088871670472684627384296618 0.657734799898459954192730947398 0.505097074116880873084767245018 0.494832207001102697407901587212 0.506324481898860145889784689643 0.487561676120421505498114811417 0.504596863081191338018527403619 0.497967965717574456707694707802 0.507237305734172583271401890670 0.485759722914987923658713953046 0.510234823500913536875600584608 0.501629544757674405985881094239  | 0.485016770563576393726634705672 0.485169371343923683248533507140 0.728450598321334963358708591841 
0.444585222997411655398991570110 0.046365135940790946911249648110 0.510410709796671357985076156183 0.498060916905597672599270708815 0.513995909726015609564342412341 0.494603258166743608992277358993 0.502670368446088589031717219768 0.482165250701616143746974785245 0.496674984921767925794000575479 0.497055088250537568939080301789 0.499882453867429410454548133202 0.503499734240361873638391898567  | 0.542218631556816932359765814908 0.541682718061953227817184597370 0.643403431613904230879086298955 
0.967915786592652205300169043767 0.035797862198805825706404704079 0.501527972477372241399962149444 0.497977299349843471887311352475 0.504798760340685714886888035835 0.484644000775625638510746284737 0.506244908948811578319748605281 0.489784100815593093081190545490 0.503266676709409388479343760991 0.493146562398830756723810964104 0.506666310433145028468970849644 0.500068544972444017915336189617  | 0.035652972189887860432477850736 0.035626441817762179165018920912 0.999240362487837985305816346226 
0.716216198448343166482743527013 0.872336380870719296787285657047 0.513974250354943817953312645841 0.493946936305967421176887910406 0.507626056928053293049174499174 0.480110521955965208196204230262 0.509422533644605324276710689446 0.500555871844571398376899651339 0.510452924167130839272488174174 0.483370926026436498190719248669 0.514622047617419475784572568955 0.500379726503145438876174466714  | 0.305042703901368061902843464850 0.305532869314222799150826404002 0.903520614670703436921428419737 
0.377756497963027904063437745208 0.276144895932404210725508164614 0.504346903870869334163273833838 0.498015257155114354770120144167 0.502626353533399350403954031208 0.512001391553841389558954233507 0.499450917244418701734787191526 0.502533467159227753562333873560 0.497111651059433556909539220214 0.483811163563518720209799539589 0.502264589638674818772301478020 0.493058978842559669786282938730  | 0.586630819291426020001267715998 0.586422945420817409711844447884 0.559447129886373129004084603366 
0.943448794627667508549961894460 0.658135270709884756534790994920 0.495453939989258296261454006526 0.498074476856856906969994724932 0.500048327224927868783765916305 0.501722189352842962151157735207 0.499913794803371946962045058171 0.496490193452053030220838536479 0.505084334995849038030257815990 0.501514679937007823440353604383 0.493424841648575307484492213916 0.501774851925128384522167834803  | 0.062735405650334891136665760314 0.062738964469953140135061175897 0.996170917461802529757619595330 
0.394903773167891047890520894725 0.428646752383454399115692012856 0.477378095243578493001024298792 0.502845811438153877936940716609 0.502464189652731763047199819994 0.497257104191938359427638260968 0.497270966998625219002150288361 0.503903827621529853963977529929 0.497771606737848204549123920515 0.499824315436695698622315831017 0.501894932142387562024055114307 0.494553305768579531953577088643  | 0.575750509227170303994114419766 0.575673847299206231653556642414 0.581635709429895508826291461446 
0.723736428871472270429876516573 0.888123935749426829389108206669 0.519001182240607650264507810789 0.498449611853401808314600884842 0.502518092221930334773105641943 0.507543602909795721345176389150 0.510232542540023481514310788043 0.512037650901389640445415807335 0.501348015421309911587854912796 0.513404937635431823927945060859 0.498614867016285878698056421854 0.490268913701701225527074257116  | 0.297421823698972020988406939068 0.297767822299435436228520757140 0.908176386307219307703064714588 
0.843325026494872398430402427039 0.141474207036331872666679032591 0.504898073264167912554967188044 0.501808692635466679909939102799 0.506803642315880709112718705001 0.504628065709382678249994569342 0.503461970200275055198346763063 0.495103763600759583241028849443 0.494213126795599699825345396675 0.503008611615547884809984680032 0.495653574408045693999724790046 0.492929538700015545948929229780  | 0.172336036432312905697372684699 0.172289011488516108361324086218 0.970103885967682821878099730384 
0.590778610543887028327958432783 0.864152990889693661813453218201 0.503864999685016856645347615995 0.487286730024068970301698300318 0.507574620916671603865211181983 0.492688722599006978519753374712 0.478772277686038305599680597879 0.490011726284920345886320092177 0.500115891019463076894169262232 0.486529557885984120790823226343 0.499450338090613454866684151057 0.504814179396411710776249037735  | 0.424058399792365758873557979314 0.424564031244188733182909345487 0.801253010875469184881580986257 
0.308683082378916284760350663419 0.563707812836140242929161559005 0.505641236845519204123888812319 0.496233661051155516830135638884 0.512053832588137636250280593231 0.497536448599146086113620413016 0.512377953260006568925177816709 0.478008392952732286129702288235 0.506120876730955182587479157519 0.491450814017905190933532821873 0.501268563973769176733696895099 0.517895048960024584339123521204  | 0.626312877892747588148836257460 0.626471470568798372013930020330 0.466691017716974687612463412734 
0.736942776603248028699510996375 0.670182188020120417348834962468 0.498561803735458164421601168215 0.505163492411749737165393980831 0.490661404552175384186085693727 0.507705034160830015466103759536 0.495980231078183508852674776790 0.494732875129431315386341339035 0.499930689947954698393317585214 0.500055210442622244393362507253 0.506796743156605944413684028405 0.488018767917946905132708934616  | 0.284024232567879952870981696833 0.284086315441470227405318382807 0.916211379091641409111446137103 
0.362270764975164971666288238339 0.863344779458122824067345391086 0.492810322950934409647061329451 0.507394035907632545701062554144 0.514598624070126242635581093054 0.507337699028921895738619696203 0.490190773760373788014987894712 0.498987137763161392456368048443 0.500668716836565108607715046674 0.515672567026143835455798125622 0.502833642514864509465155606449 0.486129867151919081713629111619  | 0.595909161235893880537162203836 0.596532716477601865356916732708 0.539329164240536340635401302279 
0.603405436787740390158774062002 0.037690833850133206861521273368 0.485842633665098833084527996107 0.516737155594574115724526564009 0.510257936870932793382849013142 0.493130021072689772587693823880 0.505332431132973769472016556392 0.502115810220852276657410584448 0.502105074462831590942357706808 0.487510558163301410683487802089 0.508045007151540439771508772537 0.492297849992192670942614540763  | 0.413237617651532052054363930438 0.412668164057089781326936872574 0.812921447571577915347518228373 
0.109216620328948868512419778654 0.046593388472408459044515893765 0.497654798500081929635285860059 0.497413788030592995959011659579 0.501762212350696845675201984704 0.505789501341397329525761961122 0.523700411376967656096326209081 0.499131081757514416530341350153 0.494506388180271871934934324599 0.495285200366518241210656015028 0.505577985325215251144470585132 0.487502871606771914780864562999  | 0.697741594852423707706634559145 0.696897058472025765496482563321 0.170862040127986197779463850566 
0.896699408999821034882415915490 0.101706558438564298452178036314 0.497624182261289460527109440591 0.503316394768767327860814475571 0.508415820134911711214442675555 0.502624605337121499459840379131 0.504484133945043766722449163353 0.524017346502843928135462192586 0.501741779877541427268283769081 0.517903858194785793322978406650 0.501577359601749983575302849204 0.488767903885551358023064949521  | 0.114447597905018738639881803465 0.114284142240494338005341035114 0.987992533219919644160711413861 
0.420298332933125184940337248918 0.367406676659210951196854466616 0.488328272531601992323402328111 0.494887204122136770134687822065 0.501200342446628477333092632762 0.488900370004366313647636843598 0.494077693168581022487018117317 0.490997859066102049219182390516 0.492120539129726863869507269555 0.490233990055565227450529164344 0.497695199955973111016760412895 0.494152321648000325549077160758  | 0.558925777605750129239936541126 0.558786163435701088708640327241 0.613645292439796041783495184063 
0.492130954457382807643028854727 0.323898483877081089232774502307 0.505366697038657219920310126327 0.499229588973146842789674337837 0.504972034881893461211177509540 0.501751282871592096945789762685 0.506514911174984150399325244507 0.461777949312710489504496536028 0.498244619851857473147305199745 0.503665443994746553357799712103 0.506810609354501839796114381897 0.517588912754234797830577008426  | 0.507390803637398746239739466546 0.506849579092094049137529054860 0.699662389431252251803527997254 
0.526597661379409109905225250259 0.686675631937048058794914595637 0.523090950286190792262175364158 0.491499192501616166683930941872 0.510267060669282290774617649731 0.496683012960950076575272760238 0.502119851140215067708538754232 0.493296069431509887071030107109 0.506403251641956986262016471301 0.479483824279767822940101495988 0.508966286193633044021567002346 0.503846812163944446361085738317  | 0.479129392848703816731870119838 0.479502313445415107029390355819 0.737001458548925181268884898600 
0.324156969248554360785163908076 0.035546465229553389497674231734 0.492526202513861310894327516507 0.510663285794432653119656606577 0.507574620916671603865211181983 0.492688722599006978519753374712 0.499726022060452690354281912732 0.490011726284920345886320092177 0.501741779877541427268283769081 0.486529557885984120790823226343 0.499450338090613454866684151057 0.499874591904849008283662215035  | 0.618008151003032080161858630163 0.617499125081049426988499817526 0.487740864915141236757278875302 
0.329000688314435518755374232569 0.279741070932445379249031702784 0.472214566479416397726254217559 0.508124942106082055914839656907 0.505941412437100557220048813178 0.505568012563859081609507484245 0.494228512761708094203072505479 0.504332136464277769327679834532 0.493029007821249254384099458548 0.512395240728479528513616969576 0.499581592966483689632894993338 0.488039539023276403018058999805  | 0.615841616655152135351158904086 0.615287799500356724635707905691 0.494737811335685451208377116927 
0.052793343621191701764416848164 0.427551647302526927063581752009 0.489610478038355667607106624928 0.497603166322574175239878968569 0.501938249973148953309021180758 0.490833756919283881181570450281 0.501607291858836346065686484508 0.504137945851144242404018314119 0.508047252992670506088757065299 0.516097356087078518172006624809 0.496288948023461795600042023580 0.493842515040776364187991021026  | 0.705145154173766663951994360104 0.705049445098690719113676550478 0.082882003747304686114283356346 
0.233549436048067882154555263696 0.028556586529346662112205379458 0.491397303278112540514399597669 0.502682229697446580907183033560 0.515475990269730788284618938633 0.495519629738060018997458655576 0.511846177862648854528515585116 0.502752848380776939940517422656 0.506722770859212245930791596038 0.515794624611821794779586980439 0.501497035644487443306616114569 0.487588054113598234895476934980  | 0.661134358332463922813815315749 0.660215755926029435052271310269 0.359021875599327688899364829922 
0.798773467911282231135317033477 0.126180317591115781494792713602 0.498396503305505722547508185016 0.503323898641486522365084965713 0.506407262807054392439454204577 0.495917420843304312949584300441 0.499393183589888600693029729882 0.493833588371369591740744908748 0.498458792114223725455701696774 0.484578727247293949975670557251 0.503747689108780982714108631626 0.480621895054325454221810787203  | 0.220061225162271889566056870535 0.219870339833143163543738296539 0.951162235128963251540312739962 
0.492130954457382807643028854727 0.945646003741605678527548661805 0.505366697038657219920310126327 0.497783362063675738351520294600 0.504972034881893461211177509540 0.501596786038029374132918292162 0.506514911174984150399325244507 0.461777949312710489504496536028 0.509326940292827989864576920809 0.503665443994746553357799712103 0.506810609354501839796114381897 0.517588912754234797830577008426  | 0.506448259444351345237578243541 0.507880047766629316718933750963 0.699723640628835186205947138660 
0.218361582825099986848726985045 0.356482561840386569240735070707 0.503999586109865949090647063713 0.502254739562908225636306269735 0.506324481898860145889784689643 0.502571853274872970551712114684 0.494630447712557541617428569225 0.536426721242056814276111254003 0.498562283846777254403548340633 0.505864497471326890476461812796 0.498998036386771481875967992892 0.484092204653430724370366533549  | 0.667316015616682411959459386708 0.666801410720251341857078841713 0.336891760641648219110066975190 
0.288411852461790185753187643058 0.166858700668912618425565597136 0.507184211069500845425750412687 0.501070288558063792194730012852 0.514682215103024032210043969826 0.492843949377796519684125087224 0.498523252636171199103642948103 0.498480292692693116585189727630 0.503816759423107440873934592673 0.509398400313103127956537719001 0.499722692316798278167055968879 0.513887750144338295577028929983  | 0.636375753828652523935716089909 0.635963293467412094095436714269 0.437968848331201254797662159035 
0.955322363358759196749758757505 0.673460741993515688008642428031 0.496760512031114098707718085279 0.506143432886215216548464468360 0.504850045048185647189598057594 0.498791063502083686920229865791 0.499542691018820705917136137941 0.489619174554706826363315030903 0.514861237120001313805062181927 0.505916087336494957327204247122 0.497013602283833899608822548544 0.504169579583674476452870294452  | 0.049600367099413830707099748452 0.049612886982163623139641117632 0.998000642753221534064778097672 
0.712456782027345969510179202189 0.263341111102170344349104880166 0.483566895755074221963099034838 0.496396186665770233759076290880 0.500043920238958827795272554795 0.504057245679574328356409296248 0.499913794803371946962045058171 0.504049824081626574034942223079 0.518871206431375853185272717383 0.514903174669109287009405306890 0.501499667305537077943711210537 0.504545256007314257828966219677  | 0.309019346546460516034215970649 0.308808919587702845888088631909 0.900543734939338591516388987657 
0.707536667264975993596465286828 0.960430746698759385537869093241 0.510410709796671357985076156183 0.490080236359517806832286623830 0.504363739128483978824135647301 0.499102055007302369826760468641 0.508884977116638603789056105597 0.524180708856859300937003354193 0.514803760983462366240814844787 0.503290855779347179321803196217 0.512058151095321156809347939998 0.516039325308915275414278767130  | 0.313670666292713617995246977443 0.314361356198999686295536548641 0.897683583132439899543442152208 
0.872258759288237262019549689285 0.373516605061404050047713099048 0.506030291020341471686094791949 0.494971772338603954732860756849 0.497200228631257679090538204036 0.484895632213485416883713696734 0.497490085742918419775548954931 0.506311491499603638644089187437 0.497661680804826755952774419711 0.497809749761714270821499894737 0.500424227112129194061651560332 0.496859701184415414321193793512  | 0.140996154200137530088099424574 0.140975765713495543307587354320 0.980292909661215849936866106873 
