0.269589601955100066632553534873 0.265657484766440687984356827656 0.881767528470751793534532225749 0.468652030607133673889563851844 0.541545349184715751889029888844 0.792136496533618172932733614289 0.971433116146776298727161247371 0.744154571464018421700359340321 0.450086640940766891105795366457 0.669206290194229613810250612005 0.727245635288918390592982632370  | 1.507296537420785842442683133413 0.679401046872874281312704169977 
0.693284510481855131835970951215 0.275365873780227143896581765148 0.153859942777025082705222303048 0.244432844652487823999820193421 0.117501504177588977917423562758 0.421536278617875681540283494542 0.382045801659221195833993078850 0.726060138367156215899456128682 0.138309463150432576661330585921 0.446936662903920978173744060769 0.055949826663591162301258918887  | 0.826586858100430976747929889825 1.580819539538829365810101990064 
0.507393325073279610748500090267 0.768265791611628889867802172375 0.834342149778090846901079657982 0.553096336956063971967978432076 0.795581178823120516163669435628 0.233713474222590478213135156693 0.396172005949627203946761255793 0.519658758665954567668165964278 0.721851394335078833108809703845 0.882324074847690598133453931950 0.419155210892613538931072980631  | 1.088761920976437869157393834030 1.114348693436674198053992768109 
0.575226554458258210189569581416 0.101736829274223783414754507248 0.386569020963710263671941902430 0.106679927878994051937411313702 0.181422430594343486731645498367 0.488865689304975647999640386843 0.474617508126116804945127114479 0.664824586535406880649645700032 0.764091603318442391667986157699 0.320286703310518006126983436843 0.204278861410119083608094570081  | 1.018011701655359591001115404652 1.292287332640071895184519235045 
0.757205531429540501520136785985 0.384933937571784734466007193987 0.782986158445425628471525669738 0.968269909269700690401805331931 0.061726098488718239565287149162 0.674496682999105590106125873717 0.105566835125116442739567901299 0.063921020947685369684165834769 0.106994403151405736984713712445 0.274687445045766365225858862686 0.387265527107409468499099602923  | 0.781178819509627420103470285540 1.948006308200424641086101473775 
0.846502273873827149053283847024 0.306540974012493583344962644333 0.366915201332909890474809344596 0.154976328221005488217087986413 0.685456568654624120995322300587 0.790010685552432811995515749004 0.255288882159042773700718953478 0.975469132814650086160668251978 0.004381703658822733160604911973 0.963154031970475998924996474670 0.372997807171337125708987514372  | 0.490680748879904093939785525436 1.995469588982826003586978913518 
0.071087012370108060288487195066 0.396654411347484581185085517063 0.859498907080703089533812999434 0.334515345732163349445897893020 0.453266369348174991138478162611 0.320319703170502956268705929688 0.051563455368050625793330254965 0.032742628025316133921762684622 0.383015641956235608489578225999 0.948955423512185425316545206442 0.232705880027513245522641227581  | 1.896009148841415248298858386988 0.212598826625990278138544908870 
0.397423502591359278923732745170 0.447076622670681378401980055060 0.706594063082236822914694585052 0.489040204810626932818706791295 0.866798272889680587738325812097 0.241195677728621715729673269379 0.834202190011330446672843663691 0.931840708782646021113293954841 0.627035192688647824432734978473 0.443686078077963452770404728653 0.570844850799435477028964669444  | 1.273579602471308414024520061503 0.917457611506628967212861880398 
0.138582797303747784489758032578 0.013571213792373137962954388058 0.035592915508885991648924118635 0.784768019246858905546559981303 0.629366782224272558465827387408 0.140102162393953455499229221459 0.211558217187231889511167537421 0.443771900147939435399280228012 0.268723247942467380333653181879 0.171536233384802949686331885459 0.374189889473304893030558559985  | 1.897347992968641650080030558456 0.419674929742028357537719784887 
0.435978514059599309149461987545 0.550280278417912382948884442158 0.570846406678341411478072586760 0.614649475818036861163307094102 0.967902619916868767191431288666 0.616526630314489509920861110004 0.197122748058004781945840022672 0.865798725422784021255040443066 0.440485255034435918553015198995 0.760230334418761644066364624450 0.402816195795863696282879118371  | 1.207834413398735984301879398117 0.986422672954390344912667387689 
0.735696123213058106315997974889 0.228332404029162105985051312018 0.141405114428632350254133598355 0.649863653145738129346398181951 0.005242666305573906448955767701 0.625922099934770215234891566070 0.835366970420696630661439030519 0.792823486471590843649437374552 0.519382131822536563525716246659 0.104274559228869745375334332493 0.899550778985305110602155309607  | 0.806817849329925729229273656529 1.830395438441946076579824875807 
0.022464521874179688154526957078 0.423520393021103780384351011890 0.784235067314250966497013450862 0.882419962669833579660405575851 0.705670227352466095105398835585 0.083660835451181858601898966299 0.416215997710826624000901574618 0.185892893898230826543738203327 0.083156698089401404061504763376 0.792220624993077326969626028585 0.958421922353735689092957272806  | 2.022247507675626110312805394642 0.071389062221140706099298256504 
0.686846288251919734335615430609 0.303777867286373126631815466681 0.753344081597568826502708816406 0.638465868860518481753274500079 0.099790563299989365475539671024 0.184338536865592317326445481740 0.926598042477072114664338187140 0.001113092753877609197843412403 0.608319107657266822108965698135 0.778021364327844633379527294892 0.619200665481211220964041785919  | 0.904827195553288388119028695655 1.688639455759542773449766173144 
0.909296654563503392587620055565 0.136042136523580881046768809028 0.762303497372679217392033024225 0.205846389203168778081476375519 0.355867095079702489002215770597 0.329138254517398309850761961570 0.738101672795473340293881392427 0.185062412491285521731754215580 0.755320235673976325685430310841 0.188296995575074066486820356658 0.352821815970197905087957224168  | 0.238217736837251864434605863607 1.660650544169318232334831009211 
0.758059653424835055979258413572 0.612424484324605722385115313955 0.927803187566117126827691663493 0.664124752630495640559615821985 0.863182548716920683418152293598 0.558656879197486300192565522593 0.766008162122794655779500772042 0.256146718168843601226569717255 0.759117241664884034868521212047 0.794497088138596874173913420236 0.957674758885213472936470679997  | 0.686824534912574224954084911587 1.719391315483508986261540485430 
0.609131738547950885021009526099 0.232108459865128957666513542790 0.513821516622157248299629372923 0.242939168932894689056922743475 0.420075710731601437153415190551 0.479499875340994141659223259921 0.463685231954192533798675412982 0.781280459027063223231834854232 0.919212146737584223643580116914 0.144230543311328784916724998766 0.834167526299105621667706600419  | 0.944412227386843938781169072172 1.339874494508360269762192729104 
0.070698577050905875296393787721 0.026175413889415910517755037290 0.269995478345227857275290261896 0.777867039786348968277707172092 0.419536082820686218042283144314 0.553033448993905940582749281020 0.627236014700744526351172680734 0.317148535966606748282003991335 0.536073906824233725743056311330 0.446018384593184213926519987581 0.927729046587035699467094218562  | 1.590839635816578834237589035183 0.177397486255103764563045842806 
0.509280779147776252457902046444 0.795669322712355353566238136409 0.029334130312567596732264973980 0.867682103434860407809026128234 0.670517020243435069026816108817 0.683658873544177425607415443665 0.581037382022276172044428221852 0.128819232316272680449742438213 0.314336132373652099580851881910 0.837920206454147997732206931687 0.990084507825919168944039938651  | 1.421406591231231919536526220327 1.463465858151199006087495035899 
0.991811593212252096130043810263 0.928135971073573595724326423806 0.135147812152262902785082587798 0.329691681190286578484460733307 0.059142776172170452575471699674 0.960234633009124372016174220335 0.765526329670599303689471071266 0.202286786680070385102681029821 0.561060980874329540135647675925 0.035673280003591156805953232833 0.221985746600601330236202102242  | 0.028390864387223976872398623073 2.207167933198384002224656796898 
0.166406099731421508458595326374 0.000074140979081427360597444931 0.154843973482719388101713775541 0.067513226004565329851914157189 0.529322748884918703460300548613 0.898326058687934247970474643807 0.585629697925408532199753608438 0.178079859642607862824092990195 0.665677855822324193724170982023 0.643338626511561373355618798087 0.771211532093802887288802594412  | 1.881967525824141729273719647608 0.503446180492584605126182850654 
0.242023952039209788722473604139 0.522009923409905152169585562660 0.314803197859321093332596319669 0.284927898579338534368332602753 0.149808194150707563174762526614 0.404542455782022081223203713307 0.821045826017938851215660633898 0.153685817066984919954109045648 0.941943756631258399814043968945 0.273106545424776081532058924495 0.035025297047314718490440554888  | 1.763214560874307945681493947632 0.704598599770354994120680203196 
0.804189667288814580281552935048 0.103589378613806348816694935522 0.777792898807267540917109727161 0.264692109337966829940569368773 0.485520222989340610730835123832 0.097913265815825822890872132120 0.418822477278672500311529347528 0.950444208898825193543302702892 0.617273720376810164367498146021 0.749649186944427836643001228367 0.843602923325452058733731064422  | 0.561662484112739335273545293603 1.768129038008055431419052183628 
0.152330696200793980210619338322 0.258122598218764709443462379568 0.625658151395650619086552524095 0.148507096833529916857230546157 0.368855675684856332274819123995 0.296109483442937637676095619099 0.979011038165565117274979911599 0.909793676591630018357648168603 0.016874380436209146516546297789 0.836398690758934248989930893003 0.049867836580993696315999841318  | 2.140416350073536921883032846381 0.522163658087995141698911538697 
0.655029425648797514192267499311 0.100122515104948184294642032910 0.525502013901471998202907798259 0.955553397558364103758776764153 0.182441734201856831099064493174 0.500834220332632473748901702493 0.716766563690729774371845905989 0.463147715058503717244775543804 0.616850802724918656494423885306 0.271541537701776136692899399350 0.549132379354611344091097180353  | 0.817732469804718253847397591016 1.358391187042697678677427575167 
0.250424954034653590717596216564 0.311241050157267329367982711119 0.915182529803771349641294818866 0.271200150666153994016838169046 0.272667907292283628883922119712 0.437122601091878615342523062282 0.881970376199670225147997371096 0.686666817656759076449191070424 0.733544949919931354997970629483 0.754337151657593740772256296623 0.405625261280275539732542711135  | 1.500770934380663446106041192252 0.622813668592272606794324474322 
0.472142086828911455853585721343 0.659773772210523579140328820358 0.184805383474390350073690569843 0.624306180249235564971854728356 0.448989058223657977464426949155 0.638604091816082020116596140724 0.652851596734352446205207343155 0.225177192940528625442198062956 0.809958830366272364287283380690 0.418174494322396061996016669582 0.532648129587038443588653535699  | 1.006401950027659086828180079465 0.921964454680115341744794932310 
0.554456999259195004725597755169 0.527367944772613950199513510597 0.953451059180699500572586657654 0.570337693185569261089540304965 0.826713115149671828874033963075 0.146154569986388871427607227815 0.513321607806946578200779640611 0.157384731845292447083295428456 0.867678810744757611495003857272 0.156936105668692982284539993998 0.418785746280862625212648708839  | 1.172471616003439187636558926897 1.392410537163557782136535934114 
0.503785446561170968671206082945 0.220032890115375079354009812960 0.676365010004618461003644824814 0.709081903474332753134490303637 0.111304099968547287602405049256 0.354704857916329552303125183244 0.460804618367972040893221219449 0.378270288620127126399950157065 0.183547094024581802784723549848 0.824690643640465070873801778362 0.845070595282525149904984118621  | 1.171289259446177677403966299607 1.185302107003794347406255837996 
0.681948020782552122298625363328 0.992853884314433554614254262560 0.401096398299169099033179008984 0.655073789429242880899550982576 0.547383161151932973176315044839 0.146428870505160513282305601024 0.636434599908831888370741580729 0.470696232738529785066816657491 0.758219929894829558492119758739 0.391747647509318897007801751897 0.382746143289895979222592359292  | 0.726083311333811542986893527996 1.330367291842458499218082579318 
0.154304944488574347083442717121 0.496396783522908724428646110027 0.767414704104983025345632086101 0.052635017176908549529912306753 0.760757591087260154338878237468 0.770666276231122937545592321840 0.331961959740429524146065887180 0.272740331551959314104749410035 0.376066863037466614372306139558 0.222078167255693736947819161287 0.647451443188446384979783942981  | 1.560161290676954193301639861602 0.385738095369710209947555767940 
0.814703176927998429235344701738 0.502857362691838227775065206515 0.631452295934802010357600465795 0.047892659924488878431247940171 0.983530302386839139217045158148 0.105468435582419473028892298316 0.078748322435368112159892461932 0.173524230457440475916541799961 0.947478261583866276929200012091 0.774428199692208885096533776959 0.162709351749876107717796003271  | 0.655585079585710772676065971609 2.188409852853184567322841758141 
0.144621801482717970976921151305 0.799146114692125153489143940533 0.073940909662660536660894194938 0.059298411044688803528401876974 0.093519552809480321897694921063 0.752564016719686423861901403143 0.406577646788107482933583014528 0.097012534513634673949411535432 0.824974145928263458138474106818 0.146045414728903311107899298804 0.127718583523704354298899943387  | 2.177440252319647662204715743428 0.503340683175196756948821530386 
0.997954722859681342406190651673 0.028913566816172076023860881833 0.894378726546334323899145601899 0.608446737276709059827339842741 0.723252561981527541945524717448 0.412911958443483162461973279278 0.394739986233287987182904998917 0.078078658442162329755831251532 0.745942321205096958713909316430 0.671546364825084673988442318660 0.734469759198685845369425351237  | 0.005720653998153365539514059179 1.780623683884892338724625915347 
0.218425684622224669517720485601 0.238387046549292991315383005713 0.510451987946524909922629831271 0.748237046459807819687171104306 0.072487960842499976621411406086 0.577136188864143084842339703755 0.377176679929049463169121736428 0.005655913175143134630218355596 0.985170000721211414074218737369 0.285733608776261305273180823860 0.329330798560310888944968610303  | 1.778692005225357197772950712533 0.635404230383615153954224297195 
0.350351368794005413320746811223 0.639696120581278671046732142713 0.054680294317227207123721655080 0.731844024271088078315017355635 0.162219538954413877718252479099 0.608709397758901982200541169732 0.859828373108476151642776130757 0.981326876804178627189401140640 0.143999508813531407191987909755 0.901509121983349426265874626552 0.143156812102913755246902383078  | 1.852948290766472716484258853598 1.136895392153908890264801812009 
0.768387603493152382405639855278 0.413026611312577340839879980194 0.809505613375195887115864934458 0.473078314440314229294415326876 0.357231389122611653341721194010 0.006260361592868135538481055846 0.596388041593297391074202096206 0.570301581654816813760078275664 0.768772286517065750466315421363 0.177539351028664693643577265902 0.858888192706456665703740327444  | 0.600484157366671600364327332500 1.577043829578016254089334324817 
0.469815316131814264544175330229 0.723589540868655123340147383715 0.419602290463410132481669734261 0.038839258492253114773973265983 0.020719992448598345546884047508 0.550149288277256842683016202500 0.934792995559220796231159056333 0.216264748169361475937932937086 0.286217041620427159465123168047 0.146391706719525727109498802747 0.853955214046149935214202741918  | 1.529166591926744533935789149837 1.390623841655330483746411118773 
0.127404444832822649757986255281 0.751221914443420568652243218821 0.840059133783556677421699987462 0.310225950668950201105644737254 0.603406345068287275346108344820 0.921661671792973757888489672041 0.720847269319550676414110057522 0.739681959612228823175428260583 0.075158323231787282914240222453 0.164168177543869031609347075573 0.449653398105158919051405064238  | 1.769256575889020410841112607159 0.358878955304135160986334085464 
0.060847695520628297671805739810 0.651563795240068244218889503827 0.278421730327993555142995774077 0.348898419973844853281264022371 0.157533898400732952360669969494 0.338337421436796348395148470445 0.984935920726544789083334308089 0.435020712443954571391202534869 0.350940613217040509042021767527 0.113066050390949413007035673218 0.064134327173578253855623643176  | 1.831222203177771179483102059748 0.175561939329703153855888331236 
0.493304413861752943937233339966 0.200725080271077271909518913162 0.604439579438265428557031100354 0.322160405170857200296552491636 0.298483447089951781094896432478 0.256422028040188876296667785937 0.059665205011204869300911468599 0.423152239493980730777877852233 0.161827162371120603090446365968 0.067998488871126472332662160625 0.604219425949283350796292779705  | 1.245872389999713059083319421916 1.219937519376381063196390641679 
0.963373213207418421788474915957 0.748657917854567589444059194648 0.821514519200245985075525823049 0.078809658794618098198725419934 0.657361941619023282257217033475 0.438854143192564438713532126712 0.231964160218020465364929805219 0.783836365790520961382981113275 0.742518638584710122252374731033 0.507947579489416156661718559917 0.356749265740864851537139657012  | 0.092169753533558940183922914002 1.600258624008451979747746918292 
0.659455213695076869484523740539 0.926297876601657188544436394295 0.838114178221175842864454352821 0.416280413010332916989852947154 0.444942844209826771084692609293 0.612632590388363595934606564697 0.917781301079409694843036504608 0.029795013580238283168455382111 0.086726501708320857808587334148 0.430802974552169204436324889684 0.965577282461702046667539889313  | 1.073977863439901314634994378139 1.812455727964356055892380936712 
0.683223425572294096319581058196 0.235839707834273326625407207757 0.346852737461531779317169821297 0.854748427213719685902049150172 0.100147152592727772812963848992 0.642037610524932578215384637588 0.082320017993205540918211227108 0.636304180039222844200708095741 0.932204017325848566244417270354 0.665817032314637957668423950963 0.318329056935918175419431008777  | 0.877999970185916800424763550836 1.616409235811890221512499010714 
0.143616215750652087557170943910 0.921672464587128703605856117065 0.689443206278767983796740281832 0.231236021799075763816233575199 0.500223243215620505530694117624 0.568655507716211872093481360935 0.990077868234127800306509925576 0.738308022828676913107415202830 0.195284749311539718163999168610 0.034339313593339970687168261065 0.406577912153432086128646005818  | 1.857734889283268353565858888032 0.426346963466618711358080417995 
0.769922105718908067473194023478 0.638862296976563381889491211041 0.086320697336583873671145283879 0.951630709628420001777726611181 0.401673600826469190394618635764 0.959518052418477096487947619607 0.781114628969048152562493214646 0.079507144377915062172235138860 0.431694308831903628131954064884 0.672015408623434784551875509351 0.297556180892780464120050964993  | 0.688186136842210749442472206283 1.820558054370331912963365539326 
0.430328860918649414024628185871 0.677898303449593897518354879139 0.157137194207489394592869302869 0.967918735340255298460476751643 0.207618121393488674897298551514 0.731740917002399959834235687595 0.215180858074309089289499752340 0.752440770350582321945864805457 0.769639556660739243554303357087 0.161464516429325133373140488402 0.625115900101736898797355479473  | 1.447220545818555414996353647439 1.160670232900504306172706492362 
0.519719964448225102415790388477 0.068192072502267775391260329343 0.777418116033769535100361736113 0.022959825714690795805950074282 0.526311893051779722263461280818 0.966150591450989693065309893427 0.628121412753769092773836746346 0.127208449289843761320639714540 0.649688345583121051873831675039 0.886070138083786984495304750453 0.251529116740390468187626993313  | 1.436549775255747452007426545606 1.528422277287239561260889786354 
0.563824299210838542073531698406 0.049296556568751315197118856304 0.424419566295070271877420964302 0.422248849143133875294608969853 0.484900416317443183622515334719 0.114401282652950242457734475465 0.428686058645734169303409544227 0.200463100323448606410181582760 0.450636174240328868378924198623 0.565888286585335853473566203320 0.373976659089912844002867586823  | 0.937326058900081027225326124608 1.146992267088283501408341180650 
0.760207948157803570232715628663 0.064327306177031084999384802359 0.711516057350850661400443186722 0.432031170713352730139433788281 0.791237391682442336993119624822 0.967118042519437004500559851294 0.211996129776897190843953922013 0.229134157860550025098689275183 0.406217900839570877913331514719 0.279369462863588324808006291278 0.120233760135787015599362348439  | 0.698932337593317853929875127506 1.766987658311168774005750492506 
0.752792158892776397394186460588 0.522496398125745331597613585473 0.902334153059668686580607754877 0.977254034531398918517197671463 0.537269203275343221193338649755 0.296214212651604968939977879927 0.965105861724964819714500663395 0.003008250186169458828544520657 0.471552308299986178141693926591 0.846920006652451595741126766370 0.864440574333313560551061982551  | 0.814190375345015149299854329001 1.990274656510121253916167916032 
0.303921644359681053515487292316 0.396929246049685824360153674206 0.903591429163224213461091949284 0.496102064042638013496855364792 0.299709746289047229694801899313 0.423943466391866752296380127518 0.785322727831145317445304954163 0.557643426883842052710349435074 0.932330358568775108274451213219 0.218897999262166020884023964754 0.240350501584636777607784097199  | 1.454418854215081324809943907894 0.752384467587833283275244866672 
0.947958312366480759791897980904 0.024625957140993137706175275525 0.852505923959945288714834532584 0.003815494926034390665847695345 0.063816438391321006484702138550 0.650867378222370174256639074883 0.589939246014500540127301064786 0.353474132931516082933853795112 0.920964276358822164780804087059 0.248520866554221009359082472656 0.092271990910852363931837771815  | 0.183375477297778810559236717381 2.238211374618270355085769551806 
0.202376549916299719455992089934 0.559978991961756711326358981751 0.118327204783452821779121677537 0.087971170267757359262361660512 0.210809853489726028996642526181 0.932583994603096155806554179435 0.900753354034401376715379683446 0.026692707848462116082544071105 0.780565558754190536028261249157 0.816333232206070791292518151749 0.827877589589028461958264415443  | 2.147439812883163767764926888049 0.706619182321151173553630542301 
0.845429306914865064115360837604 0.471165555766213883792659089522 0.484072858346871970347535807377 0.766611434541449199286944349296 0.114612118559491715785725318710 0.208180634850862800178106226667 0.165317719469229018613987136632 0.755350522617200703656692439836 0.689430216849087784680705226492 0.766759627204270932665508553328 0.831827882533954232613382373529  | 0.408767689048722793199175384871 1.650350045531977727364392194431 
0.430224407214892967665775813657 0.699957603143368967124615664943 0.417275042569642207190838689712 0.418941998491890399414216972218 0.208243042383847609677616219415 0.754296008235238790717858137214 0.070424255583073303021990341222 0.570798954265584801426314243145 0.820227298803989479658582695265 0.083875015579123024522800733394 0.487588412153610262222969140566  | 1.301852747448457359169537994603 1.043734377830742410253606067272 
0.569051656460657362401889258763 0.058162122248359149345731111680 0.024936508276424129704196275270 0.815636887942175259347266091936 0.657332031850417553009435778222 0.670710609271653601659579635452 0.349462792032979252532243208407 0.767012639099546089660464076587 0.463547476644965317227331524919 0.550920284735548992927078870707 0.181198685162209827126389427576  | 1.111204871532603277728412649594 1.382783952792008719256955373567 
0.192798074607038905092792901996 0.930572888759420790982801463542 0.573591087711141423000071881688 0.363858835247952039360086473607 0.233592335652727967065800385171 0.170997247522610140713084092567 0.145231090547668473256237575697 0.166668268123583374062945949845 0.178096610971147706337092131434 0.521473036645267562505523528671 0.382149251112310239797409394669  | 1.664157352314460824871389377222 0.519979100502513724713082865492 
0.476103976382633686803558248357 0.630738792629842559556152536970 0.518919513807099996860472401750 0.152647731241366879650911414501 0.907647486326672026102357904165 0.085116466092226117368113591510 0.369360675998044563073108292883 0.109854949482536934368681613705 0.466870440173091538760274943343 0.060864950489482372297800338856 0.381881830269899746888029312686  | 1.358940005376663817671101242013 1.260568490682807629710282526503 
0.920245271030664890865580218815 0.302874173184662143221146379801 0.573813359934410294194151447300 0.184039229800070924802923855168 0.634589547139721377178034344979 0.801458884221276979253900663025 0.521758186964472736590892054664 0.518432969326477643967621133925 0.621528536656602459409270977631 0.665159614410370858550436423684 0.908751370569625405160252284986  | 0.182811769183528288751361401410 1.451601589896893695907920118771 
0.317808352031058727327206270274 0.941171066187008520387280441355 0.788203205862047839858064435248 0.689323528576747612817143817665 0.601648276993871911066946722713 0.162776769256401276919632437057 0.485682488173358684058200651634 0.450866622805944916585474402382 0.974020066096586090154119119688 0.020717971980518723462694197224 0.508186705971174990104088919907  | 1.663453806125425815665153095324 0.907048096752975818723996326298 
0.676280291978459402457701798994 0.104691237245759238838616056455 0.512762714757513116126119712135 0.083518671916007258815284330922 0.486671379471582676856655780284 0.714873244893257875354208863428 0.965553754878269110406563413562 0.941789289680492580636439470254 0.032487315409071348959457736782 0.559670148505607367717118449946 0.527638460196668046542356478312  | 0.979109774453881698264012811705 1.756603409872359744525738278753 
0.186736464530043999587860525935 0.664839717141516017839819596702 0.046050483216893312032880203333 0.292421269465719446678519943816 0.382794041660562300855019657320 0.455907561970920860439093758032 0.565019991129711462995999227132 0.015319841714746429417459694378 0.035790548471908878447322877037 0.931282628306365323211934992287 0.502083910286047596649439128669  | 1.850106602360783947247568903549 0.558801455537019653441177524655 
0.610020820649323836093458339747 0.010732807835925006756383481843 0.476367439262907477193209615507 0.802956249080912787263741847710 0.572353751334713001241993879376 0.285842004082037304257823961962 0.623183570010954257512025833421 0.751997195279833663406066079915 0.095311195611213261891236925294 0.440092540589407166251589842432 0.887757955621593541906122482033  | 1.023011527092606343103398103267 1.455699366450824205898584295937 
0.743204024679054775504027929856 0.046174899737742247651794968988 0.997302765270026925215063329233 0.969749829998205359338214748277 0.755408401004383667221020459692 0.229336917498753289912372110848 0.135638927665915343112601476605 0.165620974685681598970177219599 0.100139623280659395554437196552 0.872960822097716526712929407950 0.386525723724693404115271277988  | 0.929833064649147278402097072103 2.178736727093797398424612765666 
0.439087155900960923737841312686 0.178182385212724003764606095501 0.678590720740822606060760335822 0.125280837730964433873737107206 0.359820520175488489655890589347 0.913328736838645682816206772259 0.165024618723907612327650440420 0.350836496085631832642093286267 0.268720776700685060056628117309 0.412875510359961728212851994613 0.236187751389052236206111956562  | 1.335726837933741029118550613930 1.101787089548665443672348374093 
0.216933281624165696932493574423 0.769558690078458340622091782279 0.037343772178265011163489361934 0.489368614201555751641592451051 0.745123414895052516015994115151 0.210145353873885443185542953870 0.712452372181739290724067359406 0.896848387743156005846856260177 0.394049173819925768746941230347 0.427498836916008650987919281761 0.458219882015413637610379282705  | 1.556804491826150549371732267900 0.552027238578059575857537311094 
0.791878895043799491126890188752 0.659524759492199907917608925345 0.853334113564758522940678631130 0.204611656447838297090413561818 0.777316841230098254378333422210 0.439739153398747029122262119927 0.655499321539257939761569105031 0.122461811633263195631116104778 0.766258009582457710884284551867 0.151247414200415764007345842401 0.341300043948638776036830222438  | 0.546715119346711575509800695727 1.612336489216899648724279359158 
0.597857297475963278543531487230 0.240179687873855240987097658945 0.586022967456747090331248273287 0.802795061256254660619902097096 0.248498231903772293094334600028 0.133814955809398505870433382370 0.006873780384781147390071964765 0.885165841737327818705693971424 0.727640168407667875527522483026 0.990909567878437536059266221855 0.349154850859129006757086699508  | 1.222952539472382360585811511555 1.671390756562318724576243766933 
0.618676062821733596663875687227 0.539082883254613287604684046528 0.177870934954405868211324559525 0.095883641512183759303411534347 0.376002803933994766971693479718 0.931027271218077046022187914787 0.388304133455583344591843797389 0.660400469881912366432175076625 0.750499010464453331081813303172 0.620267714142235693230986726121 0.287839741700545159730495470285  | 0.919107383137115596660748906288 1.346393939646387538644489723083 
0.836882341264085227727775873063 0.080733423264859327517228848592 0.885101149857109192886639448261 0.773797552718741399324642316060 0.110533675582391022196304675163 0.916526386820135319233315840393 0.217021540276233326771659903898 0.261846996315903912666556152544 0.527709668622633909507158023189 0.508547582981384360678589473537 0.226023713745728160873227352567  | 0.490876190556228497730018034417 1.873694653100737017581423060619 
0.420403839219329333865005082771 0.418667709356531414499613674707 0.950285730946942464036908404523 0.567252479940646647804669555626 0.114261712361701683882131419523 0.336449568247744523752373879688 0.965821116525078959824668345391 0.005745040364342424155097432958 0.767098367034096284555744205136 0.385202621040041215394467144506 0.041379884579346160045076885581  | 1.694496391956298753100895737589 1.316108628805713998133342101937 
0.039257045349964214686622199224 0.565494371864213363210183160845 0.367729315183753069362637688755 0.696583417965238926861104573618 0.554638003541637836235622671666 0.881701768820516540436926788971 0.011928136050872173434811429615 0.849731622762322391650968711474 0.934225873924182437235685938504 0.079453047632734863370274069894 0.070147628853329369036373464041  | 2.115793811147934633254408254288 0.130635675001567974629068658032 
0.731632104892470880308508185408 0.359999253711018929458020920720 0.382391222036925326754897014325 0.829830522547240878594720925321 0.183529224862456041833524977847 0.439621300444134499585402409139 0.770904129375626134823562551901 0.391190600159923351775148603338 0.025088451353358576234597876464 0.343409810494786582601989266550 0.851577695787637312108131482091  | 0.697611632293800743020995014376 1.555659993381628858344356558518 
0.153880262214572072210216902022 0.136491050375059708166247673944 0.056626596162219544616789335123 0.810508432069781403761510318873 0.563297956034323976659550226032 0.691720715490344417730739223771 0.105762466340274530196552404959 0.738570874413581157647001873556 0.770536091379913301580018014647 0.353613867776362722494809531781 0.757429293631350364357501803170  | 1.785660266765009662748298069346 0.440227210981487759866581654933 
0.010585794411529958480855384551 0.153469044964638312578131262853 0.413798299007722469866621395340 0.728142453545465695441407660837 0.086695864272894440638594915072 0.033492315413777284938134926051 0.822225695871769413081153743406 0.756805539247007774683595471288 0.117356982821461008903440870199 0.200935262392369584638629476103 0.076994028724542751263015816221  | 2.152283493554805637870686041424 0.035791742025152110950880768314 
0.567090013568894102391482192616 0.796405468732370391826691502501 0.430761429565586939638421881682 0.057635116199482139265342084400 0.525941136177963119990863560815 0.402523160490754983165118119359 0.314024324873998006424358209188 0.661335900693821754359191800177 0.193887128885185333615481795277 0.302809010165765002398075012024 0.268720953970050913106604184577  | 0.971631594574467127856109982531 1.201497886361138300870265993581 
0.211880504087850640715373629064 0.610300021552402705005135885585 0.685997623553708968380249189067 0.401168958576999523657491408812 0.467903469812794070570305393630 0.283785682505406477993403768778 0.763035758489427951012373796402 0.900733558510405152297551012452 0.257227351760965450289120326488 0.313342089606321594352777992754 0.614275122071009871405067315209  | 1.361849937806475674406669895689 0.470764320623193066595035816135 
0.159063991318649344819391444616 0.305397193312382575491881198104 0.262740508978346776203238732705 0.387123756130085650006833475345 0.008859870878547559946980527457 0.713269013176143995558220467501 0.865249463981960231784285042522 0.622565290862603593069479757105 0.029385485620788576177631057362 0.190241795093815557748939681915 0.959993133329386738594735106744  | 2.006745972203030969893688961747 0.512100993372470947306851485337 
0.833682040209294705768172661919 0.787905642192168631510185150546 0.598627927981930763046136689809 0.952997934481921271654414340446 0.005723091936635449350490034703 0.704593507763275006539060996147 0.454785191908174679653598104778 0.007500332890485350567644218245 0.452880309265957570197258519329 0.500201941870384914068381476682 0.697243704805208364128077391797  | 0.482929345633857642905439888636 1.806273801703560000220250003622 
0.539193922893628441173063947645 0.254734307689073125047229950724 0.422745260233083119949526462733 0.823955355294547664435356182366 0.646368559283691634931301450706 0.813365824993221853134173215949 0.043536526070863779125375003787 0.252107518839500777119155827677 0.578369971529765991569149718998 0.047608543103754175085384758859 0.376848218475078544642542510701  | 1.183108518485997073810267465888 1.338552727585281543198902909353 
0.836412335402983653231956395757 0.597079389356292233870249219763 0.269729474007313507755156933854 0.927313208196032356944726871006 0.449525226008833711510703778913 0.308301232937362557073868174484 0.956742392930546747820130804030 0.470475106543123522406801839679 0.848023818257590322744476907246 0.261220621079565562538959966332 0.759000194821893070518115109735  | 0.441968264641048547147761382803 1.681944965858958251914145876071 
0.110098079682017790936754408904 0.988753918748500604252171797270 0.861975035683371082484427461168 0.213169162123720945523075442907 0.861040422272323358043877306045 0.939080403194880286577017614036 0.254364999226713517366249561746 0.443861526767743597154947110539 0.269805563535457815227402988967 0.362167603231509094285911487532 0.580694019788883353250241725618  | 1.888706091366983974566551296448 0.329931832735350594187906381194 
0.257788650208628400406496439246 0.885892290503268231560696222004 0.550711420727101996774877079588 0.411780481522255326076731307694 0.443539539168830487803063533647 0.937936255785927874839558171516 0.173040064853769881558775978192 0.721084252683426019103762882878 0.233499402163268809928808877885 0.489518026786263216187933267065 0.985658221951704383023695754673  | 1.670075560187993746197321343061 0.715829061291249790777158068522 
0.526685021112603068971225184214 0.839627733160037692528021580074 0.842899854799903480717659931543 0.016969173188134845098318237433 0.842618472079903924054633534979 0.593744769635851321609720798733 0.068419929695605063990626604209 0.198515310039244052831008957583 0.056340415102641316913434366143 0.427438141269750548900674402830 0.177026319662119346887152460113  | 1.472827137362695104627619002713 1.601780164012667206918649753788 
0.674040287900189771796988225105 0.164956610024454719543030023488 0.938063064791279432874659960362 0.095657138556589638156424371118 0.401585343470966527057441908255 0.599996986902033291322311470140 0.314171263053572902279597656161 0.405329906675996110010373740806 0.326524290420328155981621875981 0.143348816311809734713733632816 0.346894308616720437044023128692  | 0.838555470474547481884997068846 1.492067964194872198291363929457 
0.611421167404587850846553465090 0.743044452894710438783931749640 0.087685475035994664416705290932 0.606625371208930230793043847370 0.291332059749227711975549937051 0.114123920850642823765497269051 0.960232246324782656721197326988 0.254279048621739001134756108513 0.192800691383960498548333362123 0.560484884782649017687106152152 0.053757664579376474023320042761  | 1.147638780033502392541322478792 1.640698178403283025161840669170 
0.561315777478750055351497394440 0.684948716021251735597275001055 0.539128874223531173726087217801 0.696083812247868638500847282558 0.001017338403600853702357653674 0.158707860670123879209825190628 0.042276183296777070097505202284 0.669808576633424523905091518827 0.047996340177936192006313831371 0.175364113112887243239867984812 0.931264359788300244424874563265  | 1.382091682002932309103471197886 1.677709909146605893326409386646 
0.742543474191458496846962589188 0.203817112110381559730853950896 0.800359314117667475230177842604 0.700495086274120049019131784007 0.850250780749933210422852880583 0.566414693644839650765732130822 0.429752192934198307128212945827 0.119375481312625986163311608834 0.529285780461480559466735940077 0.731379173329965381888939646160 0.333884329728642570422891822091  | 0.620523923362092499900199982221 1.449810879342371627842567249900 
0.279142848377388674840915427922 0.789142190220527006694339888782 0.455653395709384789746820842993 0.157669756058652188457358533924 0.897660957387982683108873516176 0.067402591292004210288268950535 0.039807449369120173621183766954 0.014064231805864246815929163859 0.757629564636326024995582884003 0.129029979484183154880838628742 0.498676174787302528557120240293  | 1.991823533442047100550098548410 0.934007433324377522865233913762 
0.233692250236154475118155460223 0.195519590599820936027697371173 0.891840026446208078425570420222 0.601226029353299051827264065651 0.899501900627913242303179686132 0.463920482303639691856744775578 0.838915213031156459244641609985 0.896772097486129848853408930154 0.023973334999183748550422023982 0.817608528155239877577287188615 0.880041994074622468957613818930  | 2.017587812613187203680809034267 0.775784778335139368898865086521 
0.409160123166067868361039927549 0.808542626658605989575789863011 0.817483180988403224098703958589 0.835678664039842922228729094059 0.956454164791990635308138735127 0.989118260329972964761680032098 0.356618091233756318025882592337 0.125398100091956288260064411588 0.520677435413528844065922385198 0.039693432773512227207390878903 0.803686212842424030355914510437  | 1.778402765304278876357102490147 1.331597360269599406024099153001 
0.555918736537068580716436372313 0.040452699436228645168966977508 0.462391562011714163382691822335 0.805497747803779917674660282501 0.266867834223915800784254770406 0.441050153943478018270241136634 0.770306676005511281601911832695 0.584075857874296500149569055793 0.336448900081730783995226374827 0.034492262302170395571465633111 0.718570139192274748296540565207  | 1.114546478733854151244031527312 1.329804702270662497554098990804 
0.386208583955141682153566762281 0.920317320043045006272564023675 0.291334963108052180658091856458 0.041708154091327220847063017573 0.748931512656436426667028172233 0.594073528894355384899483851768 0.162921316520635350855172873707 0.540167520131507594705055907980 0.374761082096209063863057053823 0.208486229636686282162827410502 0.758465412963859830774993042724  | 1.465465903776180134343576355604 1.016962266698505201745206250052 
0.749448757447014779486949009879 0.651967182866960759390906332555 0.601751019521583607740922161611 0.435269395376268519726181693841 0.261904843488224292613608668034 0.772939615145204372836928996549 0.573014077862386228545688027225 0.987322888630814743393671051308 0.544954121609886654731269572949 0.162227274705571744561893865466 0.199199987933984079546689827112  | 0.620563846833690480053746796330 1.494512122366361328573702849098 
0.476949451407546187731156805967 0.505631442491066396272003657941 0.680908709310254045554700041976 0.608166937519861061645087829675 0.422212328212312471009681758005 0.089983700374720032577613437752 0.302698568591774463953925078386 0.861052018478548397695249150274 0.277441008023732282872231280635 0.505280911978413405094556765107 0.200673893529381586198212517047  | 1.118180211804573165323972716578 1.040003152845436762419240039890 
0.050077213694746158800796820287 0.068034423541388444611754948710 0.183711481172882162837822761503 0.354703145270407027567216573516 0.058456973771391917971129714715 0.921348695857487798299700898497 0.863493256603731995646455743554 0.747737820268324471228993388650 0.466679354911125998661702851678 0.816363324211609286962243459129 0.010964614927181925985166799364  | 2.207245439347687465669878292829 0.173983354367030051967901727039 
0.878225424730656900607073112042 0.263191574077730083836001995223 0.328548296396233729943503476534 0.761236391732849404512251112465 0.760141444633223972715541094658 0.162139738485650219956824003020 0.161863529661984029139887297788 0.246465199707010751417612937075 0.731793693710395931617540554726 0.857518120713726350601291414932 0.108767575931409399281335481646  | 0.351485377775755780671573802465 1.815048522062664870801995675720 
0.415036408064631601178007258568 0.090661069578670594459879339411 0.991630940396581062046266197285 0.680897089115047982055273223523 0.410362047721473222061661090265 0.808218171250228323287956300192 0.481710546360115676733926193265 0.453412386238721265563356155326 0.344992973032954286516371666949 0.010727592695535359545999654074 0.282769402535888780825246158201  | 1.477041672724257459492491761921 1.127376244960409445994287125359 
0.835603858655351472428662873426 0.590786404594401681755755362246 0.172077821298538435890179698617 0.933356547091990562670105191501 0.011703223412354968324677884084 0.812872633229162255830146932567 0.825183150145164523436847048288 0.383090591947902625591382275161 0.915762074998560993144280928391 0.467406294223588147929149272386 0.619431330693819837129865391034  | 0.497335766614416974196188903079 1.882918783662451023275252737221 
0.396863866559656996990668176295 0.265872301245622444376692783408 0.517505867941190467185208490264 0.430581387815731408963415560720 0.409086611259672050522340214229 0.892336520870301241892263988120 0.052833847228320074407292850083 0.795730461663616606138305087370 0.051868525739692139531200609781 0.855680920496427299681840850099 0.039349620999210799254797166213  | 1.663651980618054526672722204239 1.196236820510555576291267243505 
1.000000000000000000000000000000 0.500002106353710784603094907652 0.499999760560588868418818719874 0.499999890412136160922074168411 0.499998872443315756086690271331 0.499997035417276580737677704747 0.499998708917930134720819523864 0.500000921774827467025659188948 0.500011994572541862424941427889 0.499999586698015252572702138423 0.499998865233038436439727547622  | 0.000000000000000061232339967312 1.000000000162410973558735349798 
0.000000000000000000000000000000 0.500002106353710784603094907652 0.499999760560588868418818719874 0.499999890412136160922074168411 0.499998872443315756086690271331 0.499997035417276580737677704747 0.499998708917930134720819523864 0.500000921774827467025659188948 0.500011994572541862424941427889 0.499999586698015252572702138423 0.499998865233038436439727547622  | 1.000000000162410973558735349798 0.000000000000000000000000000000 
0.000000000000000000000000000000 0.500002106353710784603094907652 0.499999760560588868418818719874 0.499999890412136160922074168411 0.499998872443315756086690271331 0.499997035417276580737677704747 0.499998708917930134720819523864 0.500000921774827467025659188948 0.500011994572541862424941427889 0.499999586698015252572702138423 0.499998865233038436439727547622  | 1.000000000162410973558735349798 0.000000000000000000000000000000 
0.089606209564974753645216765108 0.504961563058575868545574394375 0.495886074568436308052099548149 0.500027907640082980300633153092 0.496039146359493421378772382013 0.497302401467571209003892818146 0.496143749759229701901119824470 0.494745297982949361337290383744 0.492758327744882262955172791408 0.496929387459178306674090208617 0.498097601285933944126327332924  | 0.990281398927772782414535868156 0.140313008453627180438516575123 
0.503435522189590312081008960376 0.500632125884766132628556078998 0.504544665183303542299597665988 0.509792926514233468715531216731 0.508390890470430401038015588711 0.496996589506915886769178314353 0.504775997373610896268303349643 0.501383648480346444387123483466 0.489285544701862251670831938100 0.501746977468153665391525919404 0.499213594450651720890732576663  | 0.703519415669746961405905949505 0.711153781662466122348575936485 
0.486495429549027968985086545217 0.513438317909636787739202645753 0.498117282295447050266545829800 0.495293203113649715962907293942 0.497015657756003426115398724505 0.499416159702536999187572064329 0.500769686080522302695783309900 0.496840869405578811068835420883 0.505921151534277191430533093808 0.497576533911249285768718664258 0.498690921966615630100960743221  | 0.722140399364373575252784576151 0.692134974506940836569413022517 
0.137564116265110170100882669431 0.505421027212254569960236949555 0.500234091919077972221430172794 0.499022465521411662248141283271 0.501408492392956817162996685511 0.502008425609978825576718008961 0.500848689499014732007253769552 0.507185854007318304148554943822 0.494673553720749614726059917302 0.500643695423061974025813469780 0.494458689402821394143217048622  | 0.976889108344107470749406729738 0.214439314454948126709155076242 
0.165105353565773604884725500597 0.505545843008109230254376598168 0.492471969972455347885897936067 0.492063953926431651986206361471 0.509942548498882430862977344077 0.501567500195504112348032776936 0.502571658086578110236075644934 0.513484736890020720956329114415 0.490698449170691330945004438036 0.503105255606909329557652199583 0.492684532228691351996019420767  | 0.967127798642900882164497033955 0.256600597644272121478081771784 
0.109984333292803909687407326601 0.497591928232459734804393747254 0.506026448672528106342838327691 0.500042785699964964507557851903 0.492008276003902178530324817984 0.498882080604280242486225915854 0.503589399514355773312956898735 0.487287496302094558231488008460 0.488832892199006996403198854750 0.498142652417632447736650647130 0.495402572663703688604641683924  | 0.985538158603699643300899424503 0.171978951562596932278736971966 
0.757839386672622850049663156824 0.502168462197474685382303505321 0.498515471163837486923142705564 0.494235936638765971373743468575 0.513294737733436368110062630876 0.502393885418204066972691634874 0.498427845798340485305999436605 0.508063066361826742856067085086 0.491454507442387167337471964856 0.498741769334992979256782064112 0.494319249815319605723118456808  | 0.371425367809968598464820388472 0.928890361997440683339277711639 
0.613091316480077530570724775316 0.503949005756435752800825866871 0.497709980119316941493678996267 0.499539169870739152568006602451 0.501131579234177393367133390711 0.498263456941087312657145957928 0.495768965258564453524314785682 0.494426368324820231237026746385 0.501298923798296547360564545670 0.501324826428205527761861048930 0.497936804627248374988113255313  | 0.571072525622341564677242331527 0.820999515257255563227545280824 
0.198953364676267702160217254459 0.494298846031436367454148239631 0.507730001490724558443901059945 0.502828679785868315477159740112 0.491490372171291101111023635895 0.502954289438676593881893950311 0.503004997934809794379873437720 0.487891657505844456022003896578 0.485722011647304496850807709052 0.500074978228424615878111580969 0.495997750769423872974073219666  | 0.952093220420762831324168473657 0.307624220570812956232487067609 
0.773178777298850428145726709772 0.497450997049921128656535529444 0.505323904997499462332655184582 0.503926136836265525786870966840 0.497022498080808783349482382619 0.495422979894825366020683077295 0.494220345432932972595807541438 0.501895770109064276454091668711 0.501397678499395649254211093648 0.503004342325073516839495368913 0.499190715593681888506694122043  | 0.348844478371362787250120618410 0.937317957439522175810964199627 
0.626666775663119457462357786426 0.496949916420215354051492795406 0.500234091919077972221430172794 0.496781398980781996321809401707 0.505854329696601046073567431449 0.505622702647235411355097767228 0.500848689499014732007253769552 0.500807614819242186143810613430 0.500030758314900736216657151090 0.499957403506638697887609623649 0.499270451700190631694198373225  | 0.553439835402655955221007388900 0.832994226634783840879094896081 
0.652419587373707976496461924398 0.501746610993206165751701064437 0.495886074568436308052099548149 0.493008629105954443438974976743 0.501122944181802809637815698807 0.498462730151922051025081827902 0.510568192952814747798129246803 0.519643286785221314438842910022 0.493297268163671365215350306244 0.494405075469622368178335136690 0.500697958502082984821868194558  | 0.519590010102007782144539760338 0.855172568196899907100316795550 
0.915815203152859136359609237843 0.505477355028839170358878618572 0.499375509269232353837253413076 0.486162434464594284122540557291 0.507071108967224515318150679377 0.494609829264842038032412574466 0.500857328177022220749847747356 0.503456049772196490010855995934 0.498218858553053034476931770769 0.504914092673751757622824243299 0.497434884910510910493997016601  | 0.131897927687574550992266608773 0.991613869148079030146902823617 
0.652955845936416534591728577652 0.510445575695752218337020167382 0.499553851653743830052434304889 0.500240039052227913884962617885 0.491680931403908783039469199139 0.495994605321329828928611505034 0.494909391484698202301473202169 0.497222842826062771948159024760 0.484480275681138883303589182105 0.500008155661665343316713006061 0.499252016572464041299639347926  | 0.518777648860236695327330380678 0.855458533077321003901261065039 
0.316467512298114206359400668589 0.492568846316611519409178754358 0.495561551282294066034239676810 0.492512388922863475482216699675 0.493589436938173586888467525569 0.496597106862257553494544026762 0.499862355920993595148615895596 0.497595897473154302748099553355 0.497708985822011118482777192185 0.504281049239261203176454273489 0.499136290724792375250729037361  | 0.879154246841220787800352809427 0.476985764884466756363678996422 
0.633413580855830105065251700580 0.494486559519411783547582217579 0.496593675821672242420845577726 0.506575128677814068289819715574 0.506529686936089462712118347554 0.489886595598003904417083731460 0.487344624384211222434259980218 0.500722041846022425382045639708 0.492315107559474884890704515783 0.489202050257797171894935672753 0.494919276535948804429665415228  | 0.544855840183692374800727975526 0.839235998015686379680744266807 
0.862545058235454464856672984752 0.506882141446429623776737116714 0.501725004775511074228688812582 0.500886408276396521976892017847 0.501411911351018479976460184844 0.501512741444436249693694662710 0.501338319959591660612829855381 0.499766083377908343354789622026 0.499282726609754701208032656723 0.496030662537099709119559065584 0.500351029220095555594127745280  | 0.214255797644815670910389826531 0.976852983382699879832955502934 
0.071675896213591161476585966739 0.504635322603220748405306039786 0.505545968970311565549025090149 0.501411993368908848189846594323 0.502985026870084728223275760683 0.495946096047158557773570919380 0.495081966740976930907436326379 0.505544062330050558706773244921 0.510729534904801774075622233795 0.502206427930362075962023027387 0.498694290566132236719454340346  | 0.993923216982316337642089365545 0.112379306153521832389863277513 
0.671976609500324673085458471178 0.502760050261995328213515676907 0.493624608452749025211403477442 0.505301799885470637185846953798 0.506495278663035564115091347048 0.505062329909978235953360581334 0.500370184339296586450984705152 0.493525283773635248252276142011 0.496586045971993017555945471031 0.498658240650123651960257120663 0.501893097856696224212669221743  | 0.492859484627179211813086112670 0.870342543463816231685825641762 
0.874003540075451335056300194992 0.498439313882108547826277344939 0.501573586120597436632806420675 0.504984626475348141738663798606 0.499181943451081577833861047111 0.498421407546503658636538602877 0.499342040102368989185066538994 0.497514031522104938076722646656 0.493575765249758324770823492145 0.499733772719546331941842254309 0.500058102472402454807820504357  | 0.196641145007781209530506316696 0.980558015516962644397835902055 
0.402995476283224796087978347714 0.503534288572633270675282801676 0.505222941088944610399380508170 0.499498557325537162476791763766 0.508644681953125954443351020018 0.515529938022613931636328743480 0.504689673565807739308297641401 0.503147876168858809720063618443 0.501107224012195873186215067108 0.503715534092422090317597849207 0.487557265278440898903511424578  | 0.806691983102067022848302713101 0.591915304600258651568367440632 
0.470629824951498187957099617051 0.499046257901452239291728574244 0.497898283701760813180214881868 0.502256894519558461098540647072 0.506273033876238565120786461193 0.499000413284825417026269178677 0.496610249140288673164178590014 0.496990409592691251283724795940 0.484856081690620444035744185385 0.492958082039763934023568481280 0.501875401102438556399931712804  | 0.739226321992641932645540236990 0.673982266222780679321147090377 
0.351071559764124407898577828746 0.501419535512936720422771941230 0.495725480080101477131648834984 0.496626569265119000018415817976 0.499345962219489236666447595780 0.489465671429998860908483493404 0.502571577977141581428099925688 0.502648643424933427859002676996 0.489334672913579238340275878727 0.488905740279692024863322785677 0.486686519188888722098340622324  | 0.852245649571959584811509103019 0.524232037675446016500302448549 
0.034020323470032927393180699482 0.501790609572739132460128530511 0.495886074568436308052099548149 0.495312194559202501054073763953 0.488223566276441922617834734410 0.501882342518361279637417737831 0.501789571446780713337432189292 0.494745297982949361337290383744 0.499532248588868965644138597781 0.493214477512643745260589867030 0.500452753187050625172105355887  | 0.998833718330888187253435717139 0.053427542054614834965420300250 
0.118379115842837528971287497370 0.490976731995936610530861798907 0.494530084454300744578603143964 0.509249836331860161742213222169 0.499061711337182078995766687513 0.499207074248698978724547714592 0.496559514004359048300329959602 0.505990778045527167527950496151 0.495655494318932021702295287469 0.500550807259966590301303313026 0.507740020303745986929300215706  | 0.983080767880782691037211407092 0.184939855759674615098830940951 
0.011019632708425682390829258850 0.498060183341453965866207909130 0.505786305227806654016831089393 0.502571832290543474286437231058 0.499140900160053413436855862528 0.501543423747497052467281264398 0.500622026921130780507951385516 0.500552082012359900176079463563 0.499282726609754701208032656723 0.503089620640405188467525476881 0.499530453127576712368806965969  | 0.999908135128203978680971886206 0.017309737265373936754286887663 
0.701048143312585581021778580180 0.501419535512936720422771941230 0.495725480080101477131648834984 0.507190378715586809299509241100 0.499345962219489236666447595780 0.489465671429998860908483493404 0.487878319202341481641838072392 0.502648643424933427859002676996 0.489334672913579238340275878727 0.488905740279692024863322785677 0.501980432361471606839131709421  | 0.452784514463920206850389149622 0.892268290580864875671807112667 
0.227541771417159227608451033120 0.498876683375470031389653513543 0.509786817627107313732892635016 0.492151508762468159474678941478 0.498185156218108771142283330846 0.501068132428874490891246296087 0.496967068058377092754085424531 0.497861009374518881376303625075 0.499061838310909833271722391146 0.507900495110834793166532108444 0.493426143864398147886873857715  | 0.937067409480652813158485514577 0.349959253980483719903560313469 
0.023738991003415688824107476762 0.502924381357026661909515041771 0.509914739224449853338683169568 0.490394532796525450812907820364 0.501381653049948528000356873235 0.504139186780344417115884425584 0.497431072852031419539997614265 0.498301383481817183884743371891 0.499072081446571003127132826194 0.507877467287086936664763925364 0.493028502578790439603295681081  | 0.999643768431031198851144381479 0.037293123005578278361671351604 
0.419003752745761071096808336733 0.500632125884766132628556078998 0.495725480080101477131648834984 0.504792191287814051570137507952 0.500249880687428483128087464138 0.499581111961925727893429893811 0.487111573438247569267645076252 0.495319460214557416577463300200 0.505188052686784350164828083507 0.498223161423022253835313222226 0.494949416034947242692965119204  | 0.791339026333029993409695634909 0.611844405047373585126990747085 
0.800551121294977852116403482796 0.495421338191664617500720169119 0.500234091919077972221430172794 0.504138346307643203658699349035 0.506747641386796621176813459897 0.498093324219341437864017052561 0.495681932120739243696760922830 0.500441532625811813517202608637 0.489025801095751333491534751374 0.495890114539588533482117327367 0.502402984721920797817062975810  | 0.308270366999143341502076509641 0.951560793228484858019555758801 
0.514249179676839474062433055224 0.498031253902326609406259194657 0.500412644664509187464318529237 0.490598914704641453354838631640 0.492376629706762825033905528471 0.496360955481539523059808516336 0.500175791853721185553638406418 0.498235241199337541839753384920 0.500111316544373685211155589059 0.503295972317248874183803764026 0.498604554588422732575025975166  | 0.691228356248620667834359210246 0.722885121364288507628259594640 
0.711073607661983242422820694628 0.504635322603220748405306039786 0.505545968970311565549025090149 0.501411993368908848189846594323 0.502985026870084728223275760683 0.495946096047158557773570919380 0.495081966740976930907436326379 0.505544062330050558706773244921 0.497214062838050530057643072723 0.507088917173878495070482586016 0.498694290566132236719454340346  | 0.438509247149834524570621852035 0.898942783415127899537822031562 
0.411875880022949281134003740590 0.504123288047730100380761086853 0.509149418371361073276659681142 0.493502924613860582958579925617 0.496664734091724180409244127077 0.502041261733993771088080393383 0.498427888366498594852060932681 0.506639111442221734549207212694 0.496111504780233580902404355584 0.492028358968181311894340979052 0.494751930093461078641325912031  | 0.798160106639754896029614883446 0.602961434196314760569634927379 
0.811428513804600459735638651182 0.503070070482876663398030814278 0.494500469778312579105516988420 0.500021252199428056783858664858 0.502247919220257910133398127073 0.487158664908808380911153790294 0.489579970760360472237238127491 0.505698698774300958724836618785 0.482927793084704570780729682156 0.496672600035307831856101756784 0.501405032448528076294280708680  | 0.292086122980181495112361744759 0.957077055194987202924039593199 
0.576016893732202106548356823623 0.508199720008594368891863268800 0.495427633753414531359027250801 0.495864842563611241121890316208 0.511583646165341354716815658321 0.503124116931395026774964662764 0.504008710600995724071538006683 0.508137975878839021071087245218 0.502135700211233104717223341140 0.507342771864024988381913772173 0.493275933925804266344528059562  | 0.618107611973284343243051353056 0.786647003579970527376019617805 
0.181615057635613863507018095333 0.502168462197474685382303505321 0.498515471163837486923142705564 0.494235936638765971373743468575 0.513294737733436368110062630876 0.502393885418204066972691634874 0.498945143351800235453907816918 0.508063066361826742856067085086 0.491454507442387167337471964856 0.497579734501889692221965333374 0.494319249815319605723118456808  | 0.959966544818436129382632771012 0.281538940123703229634344324950 
0.526464663255685305642828097916 0.500084234449008402378922255593 0.503297198636937115345801885269 0.502038590482194790887149338232 0.500196429674252374120158037840 0.498284619917956306256456855408 0.500539155484575504218014430080 0.507453744225555447577846734930 0.492223998617529689969529727023 0.493684092402807750410431708588 0.497727745823606126940319427376  | 0.677230966799677092105014253320 0.736014279058538112288090360380 
0.459597811962513480565917234344 0.478572435177543886730688882380 0.502051480690822504726611441583 0.495823393137629908622443508648 0.494280945329239829177936371707 0.498125007015501830576198472045 0.496433980250211348561606428120 0.503876589065059499183973912295 0.498458134166389565944399464570 0.504347515176326588459687627619 0.511661488060333846661364987085  | 0.751055600472505080489327156101 0.661301774141043297028375036462 
0.357990623734220136942241197175 0.487824263790643253280165936303 0.496933473820171833779113512719 0.493614903957673878398537681278 0.494701422564928883218726696214 0.499556288021604344429249522364 0.495656688551304125400776001698 0.499759493506145291430442512137 0.498388197144800482174531452984 0.499770196376953301786727479339 0.511047159267693507089802551491  | 0.846328242679802111858577973180 0.533356592568168030865649598127 
0.739032153309624795234356042783 0.497994928595524244396841595517 0.498228661624836532961779766993 0.501275683323164300553287375806 0.498810376405180666559147084627 0.504480082120654982347218719951 0.500409175459767152638335119264 0.502357247314781929503624269273 0.497243925226092731151084080921 0.501235506069937386541823798325 0.500605920055969599857803586929  | 0.398560812158951838224396624355 0.917191502142336467784389242297 
0.944332286268708465115651051747 0.499428350241198193426583884502 0.501935570146019194304187749367 0.498452189035415993423328018253 0.498921291310838010968353728458 0.501417794091415292001556736068 0.500317763011210447920973365399 0.496036555812268242782181459916 0.496224220634324586498564713111 0.498858038653668012241126916706 0.502318651008693106696512131748  | 0.087335299869020430185706516113 0.996225539777125912443977995281 
0.264945932409888396108499364345 0.503534288572633270675282801676 0.505561748626094487057969217858 0.510452664079882767467211124313 0.503037937679905566845661724074 0.515529938022613931636328743480 0.508465678625444783556019956450 0.493163089260492348842035426060 0.483933804340595574711159088110 0.498480651942552754896098576864 0.497957841180301952199727111292  | 0.915360499498321877887008213293 0.404583711895165842875599082618 
0.152109516686491946790837914705 0.503870990098193249906444179942 0.507147496089122351570210867067 0.504008197042797645437417486391 0.493226761870264429621357749056 0.495739778362313587845022766487 0.503849868846239390407504288305 0.503952102047442673793398171256 0.500182131622915249202776521997 0.495667267098075459141881538017 0.501307849599202048906931850070  | 0.971782553986105468446510258218 0.236712793407001215184592979313 
0.302550069520283182455955284240 0.504444949046277013593453375506 0.495003830484642026732444719528 0.510756199288567191985066529014 0.497635918966216561631910053620 0.482440014881937995205873903615 0.490467511102449071902498189957 0.498235241199337541839753384920 0.493095584089719041198662807801 0.492756453602869126662255894189 0.498604554588422732575025975166  | 0.889776989293050046825328536215 0.457862657069778189455888650627 
0.889722830432036815295759879518 0.506019161971512532183226085181 0.494706728700928966002692277470 0.501985340692662540540425197833 0.505757245043819025909215270076 0.490700655769884974688466172665 0.494065102076283402254830434686 0.503019686808957922075080659852 0.482623658515883180442074262828 0.500552807712597358502648603462 0.507081385869136536115320268436  | 0.172458728791643645106290705371 0.985610175422852452520317001472 
0.366928903896491742653296341814 0.504635322603220748405306039786 0.505545968970311565549025090149 0.501411993368908848189846594323 0.515633545298442075299760745111 0.495946096047158557773570919380 0.495081966740976930907436326379 0.498908070755879284874367840530 0.501667227634130075131224657525 0.487775656582395578109156986102 0.498694290566132236719454340346  | 0.838860657761086425665553178987 0.545253883400098282585588549409 
0.731052405801809079832764837192 0.501771913578655803789274614246 0.507354178770882735527436580014 0.496143485352157687096052995912 0.509440973057079915520262147766 0.501127300766504024664982352988 0.504149442920385437716390697460 0.501877495512462634685846296634 0.504946289987114438346793576784 0.502175201549731609063087489631 0.487878780691919866630001934027  | 0.410154483905688371780939860400 0.912410080451228067133229160390 
0.393874341003247696590960913454 0.496949916420215354051492795406 0.500234091919077972221430172794 0.500042785699964964507557851903 0.501715258176848588611562718143 0.498085934774516847500791527636 0.494517167465257090341879120388 0.505290191639302777026898638724 0.490984723822228186218552536957 0.492792256109107151829107351659 0.499617178822925889214445760445  | 0.814804165050393103264525507257 0.580093947766030515467150507902 
0.883876898814369926782319453196 0.489428885909897026795789543030 0.503347436995000618864537500485 0.501312739560386355641696809471 0.508769170653045610386300268146 0.503509778172805844143056219764 0.495499109884256938585167517886 0.505730617909155744094107376441 0.499008720877727018905289924078 0.497230355578643978819997073515 0.502029115903356970562754213461  | 0.181446673818421527757394073888 0.983685269029196285295313373354 
0.295478818497515893781724116707 0.496078080821005851230864891477 0.503628289068673518080743178871 0.502135779483009914159197251138 0.503187319149958400821276427450 0.494029348001201462636799988104 0.504852743197723219381600756606 0.500722041846022425382045639708 0.502177035379469893783266343235 0.491547160158652629569075998006 0.501740825019874714385537117778  | 0.894371132639206534165055018093 0.447732869559015755900333033424 
0.990645800012064592365845783206 0.500811094412315416235514931032 0.499999760560588868418818719874 0.499999890412136160922074168411 0.499998872443315756086690271331 0.499997035417276580737677704747 0.499998708917930134720819523864 0.500000921774827467025659188948 0.500011994572541862424941427889 0.499999586698015252572702138423 0.499998865233038436439727547622  | 0.014693023932179014034993258520 0.999892709800607182302201181301 
0.931125369159700122523304344213 0.504292621709886534908662270027 0.501725004775511074228688812582 0.498960602581033252356235152547 0.501411911351018479976460184844 0.498814074480235125630400716545 0.501338319959591660612829855381 0.498485125654273331097243726617 0.501477530894803069649867666158 0.500349512920567063289922771219 0.500351029220095555594127745280  | 0.107980588312218780955298313984 0.994185590042631295304431660043 
0.900926888144978343930802111572 0.503661071396380832787542658480 0.507491500075346602116610483790 0.499756332963481098019542514521 0.501626071045529253744632569578 0.495350065855492738275955844074 0.494814501372520698652124337968 0.508808695575499014829290445050 0.498658192844484760009038382123 0.503844195331006883264990392490 0.499654833537177267555051685122  | 0.155029601494889257562448392491 0.988127487496020640023175474198 
0.957930557276454708315327479795 0.503084425707673754679660760303 0.504736659835725465228506436688 0.499833244895168005150765111466 0.501901203000147178023837568617 0.506028010492370672324113911600 0.502174197953990097964549477183 0.502714276418911421018265173188 0.498879335016283065318276612743 0.497386831773206028461942196373 0.499991743723131709664642130519  | 0.066040522931706466258638954514 0.997909251250754358864014648134 
0.717988291126161470856459345669 0.504228890601767787416065402795 0.494927234957520778557693574840 0.496729142128069511841204075608 0.510926551471606149590343193267 0.505919121456381515322675568314 0.501762146311480305982399841014 0.505093381446230393905238997831 0.500657093735660141398113864852 0.505906889978211427028043090104 0.490676694181534311933745584611  | 0.428790725083835311259861100552 0.903802364677935732295566140237 
0.178225105616128615126925183176 0.497999542173925668908651687161 0.514907622643095974623861366126 0.504639937565023233290162352205 0.504791174900933392599711169169 0.506258690966836732982869762054 0.497439346458480757817710582458 0.500460498619153093535771859024 0.494842079463761241875374707888 0.506290037448176910572783526732 0.496489577646604174354649785528  | 0.961447550194148403690519444353 0.276421915221181146993245647536 
0.981801806033100965542814719811 0.503774656460934000534734877874 0.503564352081852240061721204256 0.499416656496889932448368654150 0.504513523384418904882409151469 0.496172492535874143371188438323 0.505204049274309507921998374513 0.493532955956359986604553569123 0.494867383001998450975378318617 0.499049061927824832984867953201 0.501012644188503553088764874701  | 0.028586321905863742998121779237 0.999750885699737246170570870163 
0.428500403488465519963312999607 0.510132771217973512989374285098 0.490375780778577241569848865765 0.490796014295837745855521916383 0.506329760698215225467322397890 0.501157664773879241160159381252 0.497502349298155288614964320004 0.499576923785844617675877543661 0.510162612625028599744325674692 0.507131524683444911971719193389 0.502996912125512229962964738661  | 0.782284915374324874015599107224 0.623708634284623864019181382901 
0.724278563286219978500923843967 0.497512774791709966315522706282 0.495561551282294066034239676810 0.510555307208728104129136227129 0.518639496989224291212394746253 0.499913758814399644681003564983 0.503515338608922946583845714486 0.497595897473154302748099553355 0.490989802339032777034333321353 0.496357053145468241073245962980 0.498253935669333181124329712475  | 0.419940576223760575480525858438 0.908213098495294191003779360472 
0.519780805123825517810587371059 0.503774656460934000534734877874 0.497965478899637548071410719785 0.493721707284307809171508552026 0.508759192440466412321597999835 0.496333593376637072225321389851 0.504754527360957827575305145729 0.500025091856676873192100174492 0.484989283423789496740852200674 0.499049061927824832984867953201 0.497073984611401675781650055796  | 0.685075649300573186195606467663 0.729028289445249000344517753547 
0.382340657242073000965376650129 0.499968210559149417449020802451 0.503495703753640388988799259096 0.512442024999272160989960411825 0.498885087269648419550094331498 0.499556288021604344429249522364 0.497725315769734610871211089034 0.499125832111365907994837698425 0.497202518549264116387575995759 0.502013820289356482717835206131 0.500292607154098734056901776057  | 0.825162136047275396322220331058 0.565225817151680076655395623675 
0.793050243115557940143389714649 0.495686087416314202780398545656 0.504641184453824775957286874473 0.505532066997071871661262321140 0.512733698762243395030679948832 0.507149807829687215843250669423 0.498619120122313297382987684614 0.495708227775372545220733400129 0.509294179242505529181528345362 0.511413674667780537852479483263 0.499578402629165696513524608235  | 0.319547183051544447796032955011 0.948120365113493179798354049126 
0.540568041399662524426616982964 0.504691246457262931990328524989 0.493561420488268287609656681525 0.499674079307886542800076767890 0.498708082198475455282249413358 0.500144947956123631094271786424 0.496983453563321742052494300879 0.498074618362839560692378881868 0.507710357904778697424319489073 0.498232250432310341814456933207 0.496631502914205158472071843789  | 0.660742704324714491548320438596 0.750814941584409090147289589368 
0.273900709594385616263423344208 0.500092005736499922718962807267 0.503874290890282350297013636009 0.495724071525237230950722278067 0.501937471678777447081643003912 0.503741921173617490659069062531 0.504463894076748964323542168131 0.508756286800727486330231386091 0.495231472713864306900433120973 0.503626567099181188247314366890 0.495815301506421279853498162993  | 0.909047480788089057313072771649 0.417174827693276961682045111957 
0.558662064654675827313212721492 0.505258159605023959848324466293 0.499702559734811813108024125540 0.505601355063627577735019258398 0.511364812450898154061462719255 0.495929234670865470846479183820 0.496907795605559532425843372039 0.505974391210484486514076252206 0.500519307724681672411293220648 0.507539784552557327046429236361 0.498269929144830037159863422858  | 0.639240145994582453781163167150 0.769410520110321849429624307959 
0.047218985566579801949060879451 0.503487254893065339089730514388 0.496632830846600148433367394318 0.498229843097975466648108522350 0.504468281585348954365599638550 0.503196787456357319534561156615 0.500555497676855920552441148175 0.508137391118437808934515942383 0.492301829041217053894996524832 0.502125972398370201688067027135 0.494772769692764124993544783138  | 0.997464420714711974547128647828 0.074119311412656818660593671666 
0.258280440488043216973323978891 0.494493393738909825518845764236 0.492204104665397934592618867100 0.514523729820585473682115207339 0.500374738654608686161395780800 0.501233092999545215562307021173 0.503743057139017125223290349822 0.501640421583088302881492381857 0.498695784917585205331391762229 0.498868981509990538913967839107 0.502285777832680802035270062333  | 0.919125933802077854650747212872 0.394797207914380332560710940015 
0.389280763418441200229835885693 0.498876683375470031389653513543 0.499145513097104254196523243081 0.502501859803890615907562278153 0.496085293936589788454938343421 0.488690004637746810978171652096 0.507208828027748137579067133629 0.502483278125648746836873215216 0.503919199129766348654868579615 0.499842041827170513457190281770 0.499371227296120878680341093059  | 0.818983383818961185873774866195 0.574209962343061430800617017667 
0.339886335627810232118406474910 0.492142112709877566079086363970 0.504275156386816636455705520348 0.501430224819265024649439510540 0.495518618689500478513565440153 0.496011093298670546758444288571 0.502829985166984516631316637358 0.497477568995475183388776940774 0.492726497185259071365237559803 0.502037795461227620563704476808 0.495123332536386961955088281684  | 0.861016491659874261266338635323 0.508996259620395852252272561600 
0.332304109259501545547976775197 0.503796113135886902689719590853 0.504873822642950109695902938256 0.495916145872717761822201509858 0.491476510631306262588680056069 0.496470380580995684915990295849 0.504686107027751074127763786237 0.496167753671633793288719971315 0.483378935946448706761913172159 0.501448344354142427903298084857 0.496225332706851596231700796125  | 0.867239341838957566999113169004 0.498833186396539673967964745316 
0.841056362677215285650333953527 0.501292091284613383628254723590 0.506921528333026949475481615082 0.490847974285912702629985915337 0.501115538962380480114688907634 0.498997942071330302660214783828 0.502451181016721037941863414744 0.506365646332811225605041727249 0.498704469903995362134452307146 0.496918067926750084417619746091 0.500014688226090853184757634153  | 0.247130104843766212896483125405 0.969181784969160076137484338687 
0.211114270207690440939174436608 0.513177345640446036512116734229 0.496671338487198632538621723143 0.505869736909142497793823167740 0.507308790256654873473962652497 0.501095082319411577742584995576 0.497982045899012459866384006091 0.493274832171191335294935242928 0.503619543243195244563992218900 0.503240624121434887427994908649 0.502290266753011027667241705785  | 0.945849727093159065027805354475 0.325687429135993911089030916628 
0.450383124515038812951672753115 0.479469852503816573729977790208 0.500778633599769706918891642999 0.490796014295837745855521916383 0.490590213244023520822167938604 0.501157664773879241160159381252 0.494762921745852568555790185201 0.506314697015259773671402854234 0.493402667613868972651403055352 0.503628284616605359502727878862 0.508914797369673155280622722785  | 0.760623113838557185495403700770 0.650425576940312555329626320599 
0.204130657370272583506221053540 0.502532611577716115114355943660 0.503863344200177754039771116368 0.492805722679461932766997733779 0.499998872443315756086690271331 0.501111729089583901597393378324 0.500221576118712873970650889532 0.512554845921274537801082260557 0.496688344990140362433805876208 0.500866336632358022384892137779 0.497172863510814244669688832801  | 0.949270365434781382418805151246 0.315260638215409116913434672824 
0.551101293018231630504999429832 0.503812810341159322824466926249 0.501475709161838034688685183937 0.506198787763189383959172573668 0.502247919220257910133398127073 0.491026675660052758232154701545 0.505369700976710189976870424289 0.500305022335934879151864151936 0.500527642152724827617760183784 0.503613737464371213903291391034 0.499925517909106054137424735018  | 0.648250243114218083206878873170 0.761667659248668971194717869366 
0.851788435684024847205364494585 0.496566946742345416421215986702 0.504151937296749008687868354173 0.504639937565023233290162352205 0.498078934217686286611836976590 0.502980061383576315670040912664 0.509214383552719862535695938277 0.509571448216969091760120136314 0.493422801871930383210695936214 0.502714788632540043877838797926 0.493941087172484583067699759340  | 0.230788237364196124890014516495 0.973340054088449813107786212640 
0.288117012437160480153863773012 0.503745067253434042342519205704 0.498825437470756138935712442617 0.503159815436103885488705600437 0.505531836225036612653127576777 0.496279354562621732860350221017 0.500813014380246057655199365399 0.499017171213103460924997989423 0.495539487856036020563266220051 0.501504392770369955556475360936 0.496167011043943062542638244850  | 0.899422301071511109959999430430 0.437328435212383181962536582432 
0.604934476894217532105813006638 0.492471928357246624408105617476 0.503355300252267046090537405689 0.503060297361005215321938521811 0.497867418611013579088364622294 0.495672000044691585252110144211 0.497431072852031419539997614265 0.498923387994506306597486400278 0.499611748855393167367822115921 0.501973884304527606659007687995 0.495805748670530899158137572158  | 0.581572498944941784770890080836 0.813654342671033425915538828121 
0.547709562618153067425907920551 0.496802080096175213697051731288 0.515140250999027604628111021157 0.491946126931837812712444701901 0.495095131566898660757658490184 0.500506410828476688834598462563 0.496397010974366892366305137330 0.498386187393679791490797015285 0.496142905808101275511035055388 0.501746977468153665391525919404 0.499066563486078473843576830404  | 0.652416389571733534857855829614 0.758339650131706233260331373458 
0.952835856597792907329846912035 0.499996663705707444780301784704 0.506219988446351631949937655008 0.503235229358386271236724951450 0.493662290960984628807040053289 0.506023149492529578097332887410 0.499419486435381532185573405513 0.494431558033368578897182032961 0.503658289953992754917067031784 0.498610801759074573347163550352 0.498366739689484639086458628299  | 0.074030458261283668686125736258 0.997431386938035458022966395220 
0.969882609253317706787811403046 0.496358003364263777879017425221 0.503182444786222982102685818973 0.499878320948029641890286711714 0.492102736371389792857655720582 0.500975256117258571642025799520 0.495025215590222389394625679415 0.500306009951717478578814279899 0.497405593812122515107176923266 0.498391909956454548513704594370 0.497855650575220964881850704842  | 0.047296576284518006272339363250 0.999006513351837432956870088674 
0.683406209519190177559266885510 0.507371721289917698705096427148 0.494467231909362925357243057078 0.504007498940446718727059760567 0.502200633813626340362645805726 0.498246217345809150334190462672 0.504565083870272101940201991965 0.495494289522272202130892537753 0.504158334262289953286995114468 0.499262359680733569522459447398 0.502816749978133303855543090322  | 0.477142043427051132375993347523 0.879026273100943389415817819099 
0.284170193638763446397632606022 0.500692351156958315172573747986 0.504885325556054254114712875889 0.495070979251902132389773214527 0.496062950747158060149644143166 0.500211219996354650163539190544 0.499585728269691942138308604626 0.503849977136751059347830050683 0.497986036344275184717389493017 0.498502692461444685267935028605 0.493941087172484583067699759340  | 0.902128798006013310484263456601 0.431749954696936610876178974650 
0.377094889761341534040184342302 0.505076048547177358649662437529 0.490847245460175829467885932900 0.510349759368599942277455738804 0.499998872443315756086690271331 0.502086231241529956648150800902 0.497591242126324606598331001805 0.504470465158835645880230913463 0.498939135986266324440663311179 0.495873880163514413332848107530 0.500370991753992910844317520969  | 0.829856853015162432285478644189 0.558451288937072853890697388124 
0.372111809625616685170967912200 0.500017684959359165475234476617 0.503801117429268918712637059798 0.504309856412327950359042461059 0.501068994125048572385594525258 0.498307310112731882689729445701 0.491993766153704215060571414142 0.494021352609744557327076108777 0.502425244447955443582998213969 0.498044037251299087643019447569 0.497781295116893784946654477608  | 0.834107888204117187136432676198 0.551875951221630800525019822089 
0.584300079194960297890304445900 0.502093919563011303885957659077 0.498570785112764869317913962732 0.494754137604898946989351316006 0.501156826797462207068178940972 0.499284576905069554797478303954 0.502056444069566953913863471826 0.511951359971944519600128842285 0.501515186502626497677681527421 0.497282392884663693166658049449 0.498936774292273677033904277778  | 0.607673638759668621744935990137 0.794430695570864653376474961988 
0.568508900235122349720029433229 0.496353188142272194749438085637 0.506733912018819121492185786337 0.497315311010906646593809909973 0.500214087784423222515783891140 0.506323121481397908638655280811 0.493452742079988959655878488775 0.497559376179744217161271535588 0.505456115174683473512118325743 0.504942792797348327660245104198 0.495327814115852138598938836367  | 0.627213560174267215074905834626 0.779143548510177641475138443639 
0.237049059735543993232553816597 0.492554856376402061535202392406 0.509061000506642269414214752032 0.497762647156448023721964091237 0.497611521991628724670420069742 0.496940686202150927464060714556 0.499998708917930134720819523864 0.504774332837239381177596442285 0.499978511544801385024783257904 0.500634724194819136222633915168 0.499640338610348400116834000073  | 0.931641398733994874348240955442 0.363876619936746248384906721185 
0.586068735058581036234670591512 0.505223377244557791954093772802 0.502459700428440569908161705825 0.503159815436103885488705600437 0.505531836225036612653127576777 0.508284626360353652962942305749 0.500813014380246057655199365399 0.499017171213103460924997989423 0.495539487856036020563266220051 0.501504392770369955556475360936 0.487493070233152803183429568890  | 0.605542356154445848837042376545 0.796218617740828915607664839627 
0.277292006120026524040866888754 0.500994820717252320463330761413 0.497898283701760813180214881868 0.497510407060477721774560677659 0.500548404263162605154491302528 0.499658923106219954313189646200 0.501223678658779481231988484069 0.505672255905498135852838004212 0.500725366212762867945684774895 0.498710084693224697804936340617 0.500434748978555776766086182761  | 0.906673585703544504532658265816 0.421946865383360514289989851022 
0.748967268968923738370335740910 0.500195395075993864963947999058 0.504792053153884534566486763651 0.500467808670657210434740136407 0.491490372171291101111023635895 0.496592824024686130268690931189 0.495515988402387530520343261742 0.498831523883127458951491917105 0.503209967325132345727922711376 0.499661726647592674410702784371 0.499331956365079654425187527522  | 0.384235278861542517425675669074 0.923386392242924847195695292612 
0.779538488023691744643883794197 0.487760497311323037994412743501 0.499018785690566679669188943080 0.492063953926431651986206361471 0.508195873015927279681136496947 0.506044304254253174413236138207 0.498598417362007995112804792370 0.513484736890020720956329114415 0.501629062393446845113942345051 0.494754370179277258579020326579 0.502031023523910047146046053967  | 0.339601691899704627441991533487 0.941138716573913236551618410886 
0.242553689302500180557942144333 0.503487254893065339089730514388 0.496632830846600148433367394318 0.498229843097975466648108522350 0.487604362157020243540017645500 0.495549537930672856500535772284 0.493152916970859556133888190743 0.508137391118437808934515942383 0.494778703581450651771689308589 0.498629049412893488035791733637 0.494772769692764124993544783138  | 0.928635490549887698819020442897 0.371988674309841504950213675329 
0.692672999492486507477906343411 0.515869135760708141802410864329 0.497074434044384616537826104832 0.496665257580257091252207146681 0.498429758239880504877561406829 0.500346578588654389285750312411 0.499423284894545904677443104447 0.496854944509454721224273043845 0.506248982250664836257669776387 0.496687145204016800015267563140 0.500595820114747569462565479625  | 0.464370372406793685549075689778 0.886018998755450093440799719247 
0.594156451282269681968273289385 0.499996663705707444780301784704 0.511002325119075839765514501778 0.491720733699322898324624020461 0.493662290960984628807040053289 0.500533639749553560527317586093 0.499419486435381532185573405513 0.494431558033368578897182032961 0.503108833773467600813944500260 0.498610801759074573347163550352 0.498366739689484639086458628299  | 0.595350439942510245572293570149 0.803809206678251397804046973761 
0.535370709016192769524877803633 0.496049548942117723981937160715 0.509540980946372901172480851528 0.496987069530966774077995751213 0.507078913401112996162112267484 0.500339119102331641997238875774 0.495692031608670591324994347815 0.492272126822157263248413983092 0.504424526845404619379564792325 0.503932093473224984592206965317 0.495258687669830277577887045481  | 0.666950078323441108985036862578 0.745507315373065027053200992668 
