0.422723055717975526590635126922 0.721080524609586492879031993652 0.760336828193609148840437228500 0.932001317730871581268559111777 0.424627387628181196532750618644 0.155064214347311990493949451775 0.648881044405568707666986938420 0.070380202591022622549132847780 0.320190917997311697007489783573 0.040310092522123253111487883871 0.198809616129430044573211944225 0.365694496337116814466128289496  | 3.480612201909780711872599567869 6.784875192601212745557859307155 5.967408739138685191960576048587 
0.662726444713208406867011035501 0.237893600250757453196115420724 0.732426212926546971182517609122 0.746891912300498339583043616585 0.555712593350564332261853905948 0.422382838529133497473821989843 0.176921616694915129208709458908 0.296861839781670577842476177466 0.378637436747015443394559497392 0.337783881070054636808208670118 0.383636026898752646729917614721 0.021602239455971616877150154323  | 4.333878298750233781788665510248 1.922749733236023716997920018912 8.095952491696186470448992622551 
0.999744837108368478162390147190 0.247200196302939989578817403526 0.099157929515977127898906928749 0.334977089262107896594500289211 0.673493321635482589115895279974 0.112339464131720023765126370563 0.716813451931548106799141351075 0.084428848864657846107206751185 0.594768284371769651031058856461 0.692116120404423718071029725252 0.602210659146718896295169543009 0.731388992674233628932256578992  | 0.003486422498106371559156713147 0.001598104907529422635814597697 9.568753265928751972069221665151 
0.759656393815925090606810954341 0.747530859006557024670769351360 0.464852425853093942365035218245 0.777597792463246451077907295257 0.671551101200765443444140601059 0.844765677058266994947643979685 0.218757935413890547415860510228 0.618028876975987517816690797190 0.763739000082029440008568599296 0.042384533026749937612009944132 0.344982356037004223026087856852 0.927847685568681246337519041845  | 1.493626199083874839246277588245 3.195777703605788389040753827430 8.895652921436868254545515810605 
0.577787270065287517084584578697 0.180198634893339204587903168431 0.111472352473827696073271908972 0.398044503744912625542440309800 0.608554383197658199655677435658 0.299895830797515250409901454987 0.338294206853317680483428375737 0.126312240237816841847973137192 0.068220707789185430769407503249 0.329790658584152684973389568768 0.693238394953947567600494039652 0.395407820531386899887138497434  | 5.522398119663524340694493730552 1.928207638947326607592458458384 7.487053436495593849997476354474 
0.901350185399011682996217587061 0.605527776737928680184097629535 0.542593125534065245929582488316 0.368758991321357809667347282812 0.354043939071163049625567964540 0.146936560923226267050267779268 0.044697567737220889050320238312 0.474154600168728013187546821428 0.690041679899797033570507664990 0.401909556263494116556955759734 0.627864907781883085924334864103 0.844595568463845980389237411146  | 0.849115735623987566427217643650 1.146255115051355799593579831708 9.131864797074964457124224281870 
0.996722981801575924620806290477 0.185389487307842881769204268494 0.980592933002102817852119187592 0.729229497872396437152531234460 0.083740196101237396320016159734 0.947056587169908370427151567128 0.661450630255050797678961771453 0.120887956065123147730844266334 0.030937221726791697129499425500 0.005186430677955211621110720444 0.980254926681535021515401240322 0.716931643600333123877987873129  | 0.048609887180256980410142375604 0.017224418142842808782111418964 10.018569974446174697391143126879 
0.815463266532536423802923764015 0.478901072126729165923109121650 0.052175158837704405101476368145 0.323357129083065908403682442440 0.248166720075555846669601578469 0.584452431751007361881988799723 0.714958826078704201556490716030 0.273376258837829011483222529932 0.774810745953296908794527553255 0.375688236199752334520951535524 0.043686193418882357519805736956 0.000170108594421014558406568540  | 2.014442716970623159511433186708 1.898128393547714010125559980224 9.279580085751838680607761489227 
0.222034953612314622795054219750 0.432639389668144636047486528696 0.783146067079926622156449411705 0.313155035154353500459478709672 0.261242159935766826706071697117 0.980791098398772875910367474717 0.916336639810236719405622807244 0.059310678828216056857058902096 0.080535130747035998943772483472 0.392858073066957413921329589357 0.628299456516123178140276195336 0.582964187197182126531913581857  | 7.006599255568883855005424265983 5.789036742395950341233401559293 3.305007118450065117798430947005 
0.859393134726588514560319254088 0.074137081400112436746496769047 0.744863578706119522365725060808 0.081623938508596838303787990299 0.108785963202940205718505239929 0.680448994452682698330647781404 0.627973926561182671512995057128 0.830717030784631771389570076281 0.166904889334312911408630952792 0.325072797902475452147541545855 0.353873830476742035067161396000 0.924901607310911644255213559518  | 2.094405874254396060507588117616 0.392441977527236141032318528232 9.490396622178534968838903296273 
0.612058178069076253002833709616 0.691008533088801391031097409723 0.376886644745443533111028955318 0.140667396327727289850884062616 0.647073809383110210013967389386 0.928258928653609260983614603902 0.937412302973359867763747388381 0.104854356560806882825431785022 0.587734859935145403930789598235 0.100930041356273259012255039124 0.500776008904055269788102577877 0.687974201416381547780076743948  | 2.639460054203437433528733890853 4.636194479882855823404952388955 7.643187212451779899424764153082 
0.802057495528462283118642517366 0.046750874665010710984347497288 0.286073643020672174763774364692 0.923562492169358373317322730145 0.871468963478594815796896000393 0.036482649147650425547340091725 0.187489339971353752289928706887 0.648184041342097394533539045369 0.885270269503391493692845415353 0.998284331180590456256140896585 0.894292889598813811602440182469 0.659550824440095717626775240205  | 2.999348500434940500980474098469 0.438876868654029583804998537744 9.432968763501923703529428166803 
0.102900648009627948553657006414 0.582367725749027620452125120210 0.397924101207853375683498597937 0.235020839872025044670067472907 0.396612384035772147505838347570 0.071911179940811753574791964638 0.284622650638954755031306831370 0.327785033107337753222054743674 0.195411207144781218225659813470 0.212224993798080241447223670548 0.760466151031711556917969119240 0.292816896982391328130290730769  | 5.869683043087266405279933678685 7.416199064266090879016246617539 1.542202052527228861578123542131 
0.114279144281774436286980289879 0.012559804163205345872711404809 0.794461487726363824179998118780 0.469295580897599040604006859212 0.756830493037528362343380194943 0.546481538049531700984573490132 0.211209093384491120026780208718 0.188866811896720943053651353694 0.746579247525529066109584164224 0.187331048909783026701347807830 0.449235138762844488091729999724 0.577548346443054749776990774990  | 9.052281066416181687372954911552 0.931266942632342442642823243659 1.651319994219286435566118598217 
0.045606200812155051060869936919 0.432792929576778395706071478344 0.931884049462287866738563479885 0.928460413866703304641703198286 0.281962650535930281492369431362 0.640278956671956889223906728148 0.284273144961738499780778965942 0.495597325944020172805437596253 0.164661650947363291663805284770 0.380201245296015732932914943376 0.354256912400718881883676658617 0.813979784371834824696634314023  | 7.208037689776879197722792014247 5.962226966295258279160407255404 0.671276503417867931311491247470 
0.924852498810154521891035983572 0.310392868834443058645433666243 0.118439279037546363326782739023 0.344099548318744896668874844181 0.954294470854523568803529087745 0.616381155634208477422930627654 0.590848402143971163091862308647 0.857884062768289767930696143594 0.539494395495143108654190200468 0.736231443259575346615974922315 0.422233824715750327705166000669 0.458934302704595675770349316736  | 0.945384275922440009409797312401 0.540996868502005456846859487996 9.184653116916514647982694441453 
0.141883139159198701229058769968 0.215391111765318998827467567025 0.953386220041103626954281935468 0.069823917313887151614437698299 0.612330239062883530110070751107 0.019271867768138828402868512057 0.818627503047889448772878040472 0.086770399805007447646687523957 0.233262450260490084019693313166 0.854819594576009311737152529531 0.042355471635053265622161688952 0.257931395568976928878157650615  | 9.003302720456384022895690577570 3.630003047600255161597715414246 2.200062787245389728241207194515 
0.359770151828800233140270847798 0.017392164272894694576621077431 0.076971928107234854898877074447 0.868125445479335344778348826367 0.806171680177187988114440031495 0.676435741348182850707360103115 0.523430742137803273195117981231 0.154675741394915577942015261215 0.254967092231220715525807918311 0.733064137638023693988031936897 0.334596668321778034638214194274 0.087547235344936025214224173396  | 8.079925503086879956526900059544 0.860584966241848214885123979911 5.152564948524729793177812098293 
0.995817981619172121199312641693 0.235480591855617316099369418225 0.676755330211641914495146465924 0.575000809846899496591277056723 0.429963270994705659688861487666 0.758920843395165301004112734518 0.958835801007147603414182412962 0.199530479316288311686378165177 0.077064454886278555001410950354 0.886104942231650039019541509333 0.024031254966953352614211780747 0.280508804843156656083635880350  | 0.058241149448594389803623982971 0.025508941669675877506051620003 9.678893586979617325027902552392 
0.266880980688843805204157888511 0.418625397836785317906560521806 0.296536205468027946885456458403 0.574029565118827744818474911881 0.677821171052536031176316555502 0.290549042234031551501516332792 0.770176757415238943949020722357 0.055425776603222343119625747931 0.385375141399522669338750802126 0.009502879996966862030660649907 0.866747235509587543589304914349 0.686671249011234108294843281328  | 6.872802700772304262955003650859 5.454873696949402273048690403812 3.910179087929186447780693924869 
0.595030420524799041892549666954 0.622403470912672451831326725369 0.862739065283501194159043734544 0.161230633412675850024697865592 0.992270553721044668016304513003 0.700013459309430374766236582218 0.183047338152051097814876357006 0.015860632449030687141089401848 0.876321765154825071952870985115 0.183718975082237112594896188966 0.588298984095930177495858970360 0.738763062924982172319232631708  | 3.366470720895281321105585448095 4.789723917176213596746947587235 7.927083924029203920724739873549 
0.551746522359045643568720151961 0.668145001968222129740127002151 0.936726244792462137134236854763 0.280790029457181566918677617650 0.364534300582517234445845133450 0.967382353334945377376641317824 0.589593394413561289191250125441 0.961966387669672351456995329499 0.691596786707712185560126272321 0.858622565482368482747688176460 0.939424444667600444525135117146 0.989764492336948742412516821787  | 3.318969141097329433875984250335 5.436272649957048841429241292644 7.499112625406597842925293662120 
0.928400321613004231302568314277 0.532272270482243126110688535846 0.392228026947719521366764183767 0.571833504225347843963334071304 0.342326114600733366621909681271 0.387533776035505650447987591178 0.979957349170141434058223239845 0.359158826700792244146498433111 0.493036355129404801900250276958 0.986701825750969319095418086363 0.691200208069723487369628855959 0.207174321036119657435392582556  | 0.698346536498548609017689159373 0.764510688859786902149551224284 9.167758838769769269561038527172 
0.290690799038925473674055410811 0.262804234523826174552141310414 0.796274425429096988082733332703 0.521570641649132804573696375883 0.056648901632007975237570462923 0.690915410429595366892385754909 0.304914593019171453747162559011 0.727028611129073132346434249484 0.437913639985659464137768281944 0.634605120451227300293339794734 0.688056678715587288763799733715 0.362148720621027320198948018515  | 7.497138990841646588592084299307 3.648570138644373184177993607591 4.095878088331494915053099248325 
0.237904486932995817838332186511 0.663197749655502821752861564164 0.813541637174174825375416730822 0.667176765396233495408750968636 0.479213459474081893141317323170 0.940008680540310836981632292009 0.615073071354657607834326427110 0.263244644211880207684828292258 0.369702710154096392258793457586 0.174528807661706530929279779230 0.301070345651321180646675657044 0.492839138273310717330843999662  | 4.512489419492155207080941181630 7.245627516225866315835446584970 3.347144715279069426827618372045 
0.892356539113125624140820946195 0.753056397925204512588948091434 0.080047339725728083870137652411 0.662148333433104308021199813084 0.531650082463922202258288507437 0.047847652495386805426846876799 0.246831929339874189821557592950 0.941116390839148997393692752667 0.498812604806802672996468572819 0.646184909005954266625337822916 0.676477621866929945682045399735 0.605233632713918057177693299309  | 0.643725405271316941657744337135 1.398648512441229785352447834157 9.018928557497131848208482551854 
0.351688907480565471352917938930 0.298768638014169529704133765335 0.878055149533537360184709541500 0.191445800086134987338937207824 0.460210985193518551383817793976 0.049755811796637905430884529778 0.313327250258346623468241887167 0.269027626270362918425860243588 0.022525316793623129107970726182 0.397304696563641313034054292075 0.041255768949412185975234024227 0.894694637762194933117143591517  | 7.249978169604211153398409805959 3.978041924468028067707336958847 5.097870507743983203852167207515 
0.226900951244936921469275148411 0.279111486975064160276360780699 0.830888021696300493879050463875 0.455051743287047116837129578926 0.643352555574336681942781979160 0.960342391696245467613834989606 0.349574408199776476280362658144 0.763991629717023501555672737595 0.150089516423142721457395509788 0.845093019782202858891650976148 0.451415268918089918059877163614 0.339226502949029895539467815979  | 7.876341238808598710363639838761 4.051957576989356546448561857687 3.297781652581582179095676110592 
0.006145955005001924043028793676 0.848973461595535772161724707985 0.246467839899524476798831074120 0.174394135257708748909522000758 0.638300866918949383332915203937 0.048821470362680696730706131348 0.968876860662632899412471942924 0.640672432861879692644890837983 0.416236940610533512341362438747 0.625920996446821309433516944409 0.584518821711886960024173731654 0.085702651182513189809242248884  | 2.772729171250760238365273835370 9.136650548800687943185039330274 0.092180736409692834443241338249 
0.388172120109720686365051278699 0.984133157236816047408467511559 0.538814688457795898379742993711 0.719477064374659414092150200304 0.657717790076984498703893677884 0.532496746577065249717009010055 0.542782130913349147860458288051 0.989064768208181011033275353839 0.929957823302585362412742142624 0.817055313650901449129548836936 0.080234813545832284198411343823 0.708621149546356909887379060820  | 0.813277543890860044051294153178 7.635116070881481142862412525574 5.363535922327214322535837709438 
0.240685974334872265778528799274 0.092142929243613225231968044682 0.252344764907278196197637498699 0.471790773748245517715815822157 0.038176754947980562349130195798 0.556412162351237360446987167961 0.382812046817932571940445996006 0.658096205152289837059242927353 0.461818208923003847843347102753 0.565524803639313677905420263414 0.875692163481631591359644062322 0.964053160614124715621642280894  | 8.354298866960885305843476089649 1.818919590821994614060486128437 3.395852529240860562254056276288 
0.925155130148625937103190608468 0.284894469033546871017392732028 0.483710628335827230728227732470 0.677827632188981898941904091771 0.383537978872427687271340346342 0.362197891185129683400134581461 0.237836183036755910435999794572 0.349153663672478797863618638075 0.013832708045399044749501626939 0.374816929741214832638718235103 0.934731406027979772055402918340 0.719656417361373201835306190333  | 0.971475932318775492468887478026 0.510250013698886450974612216669 9.290641171960318800415734585840 
0.257431478956163251048394613463 0.511646864809745305358035238896 0.678298742674897203741579687630 0.806916264834222296542520780349 0.895003106566852557612889995653 0.956414456131097323599021819973 0.348049749852712086983785866323 0.387155252672531924318377605232 0.680943036260210798893410810706 0.298701971776077157549877938436 0.674247706304824667711272923043 0.123666340214054759627515522880  | 6.162936635591098166742085595615 6.368431611416388804514099319931 3.792641720735768107175545083010 
0.683982391629086028395079210895 0.156961804526052461916663105512 0.738409308421551613399458346976 0.242383017574393622162176598067 0.222320930526757276624039150192 0.774178752738064690497310493811 0.150335937072964775929051484127 0.634979493564337249544848873484 0.524981980412396853630241366773 0.344660134633444581453431965201 0.722986384049004726648490759544 0.812840329215692047881702819723  | 4.313025733216793611290995613672 1.349974500769734353511353219801 8.343902645855447275380356586538 
0.285350651957185896812063674588 0.477417903398435705675240114942 0.251659080627688158671162454993 0.010139048816679152587028056587 0.185231706978979726585521348170 0.752206693415259586288357240846 0.892636224482160178794742932951 0.704987676571081300913590439450 0.571401728647067397304226687993 0.173088801972168360165937883721 0.363929048643155894637857272755 0.432745822137182600819471645082  | 6.290661105618014836693419056246 5.903178944495130586744835454738 4.148330753314148466870392439887 
0.698829655188846543545366785111 0.501134400626237375142579821841 0.723408900501452234443888755777 0.323141786064920055743243665347 0.653371232954874314735604912130 0.189874407876060025124331787083 0.774819193075661161174139124341 0.649914975469209621472543858545 0.958728647923430377097986365698 0.333167497555537317488472126570 0.660551594823422960622849586798 0.549357561969437635518431761739  | 3.043057884156222581140127658728 3.052771944227647527014823936042 8.421343702391013152919185813516 
0.760418279638320204760759679630 0.097494583044790639192456183082 0.003693659228719892162473570352 0.189585222762235106053196886933 0.182524712612720185767045677494 0.827020192879213023040563257382 0.552443802385081950134804174013 0.940245136162677908053808550903 0.505209940702728843575641803909 0.442987216191066401904663507594 0.462257284429669956793418350571 0.257584800942250780053655034862  | 3.299781228035701730050277546979 0.744258946089027872972110344563 8.560084839175447157799681008328 
0.846915349226474711841206044483 0.663746352171079689874488849455 0.357801250195290743150167145359 0.645330738821202842814273026306 0.484373298428764642586941135960 0.348847147138393598453376398538 0.034067416159876406922535352351 0.198233156602622084818676739815 0.405241810866014295910986220406 0.581831422750970661539327011269 0.672963368557319641105607388454 0.748005506250802087997442413325  | 1.159801580308666091312375101552 1.866189749749160631253630526771 8.960612418170398996153380721807 
0.389917657434644571168291804497 0.537484910519546610352392690402 0.521288321183676961467767796421 0.155074911871209475400235078268 0.540461671436284540881445082050 0.985820136336479024841139562341 0.732906849572103946677259500575 0.537172767235757797621431564039 0.746449139924959315095520651084 0.567151832625612750682364548993 0.722974422549309769792102997599 0.494621892473008806234702205984  | 4.876319649848048776163977890974 5.414717347690644722035813174443 5.119850689882997407664788624970 
0.045720875255685466953536888468 0.041241324400001611039101589995 0.213600478451776654154059542634 0.527758063150965517351664857415 0.879555750214391252050916136795 0.083898674998789002366095246543 0.664762239028970136622831432760 0.302901244023615290323903082026 0.318167089635437938532902535371 0.741310363313949394203916654078 0.980407864397554673629997523676 0.441868901625257937126889373758  | 9.364493718244377262749367218930 1.327074667311515243639519212593 0.680430828376010987668109919468 
0.384901535641016590005847319844 0.112430064949663011120151168143 0.437440326739753415630218569277 0.178092585684327842088237048301 0.120089923387138419741404504748 0.563537425632958610677292199398 0.223245512402562407139328115591 0.351045443119831324096935531998 0.436541826603107141480109021359 0.466610800212925336261093889334 0.687902820139711379532343471510 0.781299317623527556087026368914  | 7.364529849975269826245494186878 1.822719232110726839124481557519 5.241784097552026899791144387564 
0.511202477985080339095702584018 0.726644657710901253899749008269 0.977451877551763326223976946494 0.563431465976675149853747370798 0.378358609430880954427323104028 0.592822561913280643430823602102 0.544014105202859421517302962457 0.345579262535641751341586314084 0.616490886881341348946250491281 0.664922874423648169184275502630 0.042504396803506705460051762202 0.963945611497377008447529078694  | 2.923492485982404964772740640910 5.791067876163450200976967607858 6.719582952954180399274264345877 
0.921637351210213395802384184208 0.760792829862868669188458170538 0.227149225181686453822749172105 0.461741499363832241797922506521 0.109425942924361030428315189056 0.454739109335643432174833833415 0.166672145032082164028963688907 0.186439467399715286255457158404 0.084746494580569819987658775062 0.688464111658284139139141188934 0.852558851296573161349101610540 0.204520818712951468754113193427  | 0.477960814991044091737393273434 1.074576021269633363530715541856 9.506180324698004113770366529934 
0.221704371587023607581556916557 0.810528109524856543721682555770 0.768997262373195988871543704590 0.003720366648937600828617178195 0.344615813118428815364779893571 0.901799330559728162803878603881 0.501706770052826045436233926011 0.695662061864359859697515275911 0.597109591570435305207809051353 0.862835188727317348167389354785 0.837051353410884546590864374593 0.119953063501411993918566167849  | 3.034201789318946129725418359158 8.329203945273098597112948482390 3.218305043230402784359966972261 
0.743124887818756740820447248552 0.542108414160746621135444911488 0.091017864453751484710153363267 0.279568863950117152405994147557 0.870981921473193643201682334620 0.987129792289614504952055540343 0.218229390608934425976883630938 0.925990597549947724864694009739 0.352693832159183595642559794214 0.489628474026043702949095859367 0.267531072090565258392302894208 0.359016606920007141923179005971  | 2.491124471807110829502107662847 2.805143079348563439623376325471 8.787537298272832586576441826764 
0.412717402877705863417645559821 0.582048180746635335225391827407 0.432821459954169540651491843164 0.121994987094496520896313995763 0.786103489579983216728464867629 0.279592547570701510650792442902 0.815540416120720479398187308107 0.129535066140465948691939956916 0.114616688824445978056587591709 0.726380112565790603262882996205 0.258405545929468960508756936179 0.849697674094523902610376353550  | 4.823660179304236628183844004525 6.091799511297638858309255738277 5.886145951336439807732858753297 
0.001905691042112800381858050969 0.254561398081890266631432950817 0.336922022931224196540256343724 0.793940952950454525982593168010 0.055374604513892200507996221859 0.745716220888442582470645447756 0.995646753660265670937690174469 0.408098997703685073545898376324 0.737520751155642750873653312738 0.194210427273266983405619612313 0.750409336004353888505136183085 0.383177084007508383933782170061  | 8.742446554453650264804309699684 4.113285863970324918170717864996 0.028922088256760462160466218506 
0.753954742154376300611318129086 0.604391286653079951030065330997 0.651925034626400279336166931898 0.566469124563787618242827193171 0.066455361716589944620636742911 0.924928271142249958103320750524 0.406163955466303128183369608450 0.680993043384390595029742598854 0.654380573548750010814956112881 0.277340254083146997565734181990 0.086210267188959854856022957392 0.052101656465204260193502250331  | 2.154293292355083266897963767406 2.902392965288087989250698228716 8.881920702448217852520429005381 
0.499801079010713245054375875043 0.441100663782469593066082325095 0.260187568639211108667552707630 0.068894235776862822184796186775 0.781676748896992346082868152735 0.374236842612969411447920720093 0.747478134158491069882757074083 0.134009416457061547589546535164 0.353497113298108733836500050529 0.085358436676850169000374535244 0.120572585468839754696546151536 0.603952708282106121018273370282  | 5.236971737799864357043588825036 4.432724915266167187155588180758 6.856830387568322748848004266620 
0.464274648454558125365565501852 0.321599310896867773834628678742 0.700768797532783316306392862316 0.923159349462256084706268666196 0.201075710373975313771666151297 0.434088335777757183819858255447 0.731724359493315268387902960967 0.927667607197885324410435714526 0.155481205871022543085757661174 0.035784719905536666040291038371 0.734001833114778956534962617297 0.779791468559988265596416567860  | 6.271494025202639654992253781529 3.707076205461536488883211859502 6.510219617851406681552361987997 
0.374439752338250886332104983012 0.869347497501254840024387249287 0.045722453047583155871791404934 0.944703363668798257180014843470 0.884168703316499549060836216086 0.102219539936032832727619279467 0.867896274585051252792311515805 0.901064284783781532794932900288 0.251563586254374027539881808480 0.673368367481614771286047016474 0.451421896231786079489722851577 0.281441572433884457105079945904  | 2.129498374609044564209625605145 7.863037902446632365638379269512 5.432816914084029669140818441520 
0.674047442763397897103061495727 0.707330200170901757239505514008 0.814361401693386666167384646542 0.993134716899291669633953461016 0.316321000226596704685277927638 0.717779014145676463876100115158 0.022230382661061032223415168119 0.676723679455194626619629616471 0.496443828755377736250409270724 0.530684404658250952202536154800 0.332453528601810988085674125614 0.145136802582261692506904182665  | 2.165030818905167020460567073314 4.013335530545353080356107966509 8.114085135757395761402221978642 
0.031724203128052241851264625438 0.811645545883135755005355349567 0.608658120501166854943164707947 0.332636890414348740385719338519 0.202041563872460305795186741307 0.949882116529171427465882970864 0.631904804425661992262064359238 0.540036378998688060271149424807 0.008623982384837081127670899150 0.395525868295248050898749170301 0.330254852665206266593145301158 0.092795270179084954342840774189  | 3.221142744648842981547431918443 8.891477677385767108830805227626 0.471652295953710776199585552604 
0.073430691395093172779695578356 0.426679216286159790350041021156 0.539135711604722067669115403987 0.092223719777558499366421074228 0.804251585242243050011268223898 0.886173694136429657142173255124 0.442044265793497093142150333733 0.644875631441673147214999062271 0.204324968777405580055983591592 0.392474944804005132503732511395 0.868622181772164325685992025683 0.288951533195495491312954072782  | 7.290640005299445114417267177487 5.924706762333471488091163337231 1.088430229358168688236219168175 
0.920078813610179513382547611400 0.319009486696718469467271006579 0.822844315456673802700038322655 0.833743156033076360245104297064 0.784119716585607529069079646433 0.147886664134326273334352208622 0.834403373339562826060955558205 0.860723515116417758896716350137 0.650196584752335104973042234633 0.614448511003591990586869542312 0.791373433137414594717995441897 0.028788848540939659947923701111  | 1.060302935707395421971455107268 0.621341526543636724078112365532 9.737802139424585945448598067742 
0.441217058298891462442270494648 0.361928573179059465125817496300 0.159339866476815528173460734251 0.869116782239371721274778792576 0.565248202095356422347549596452 0.839397306640387363962929612171 0.029171811321724749888062433456 0.503005231393496177183521922416 0.421886456889381533663652135147 0.124512535127127343947961435333 0.027369467031101213372323854855 0.084105147411896785669682685693  | 6.050491068367781721804021799471 4.063491533957235724017209577141 6.052974504007010203565641859313 
0.102151569050881518840867556719 0.357714192758476157152358609892 0.673599513298703933550370948069 0.696941248625174591957431857736 0.548333812016203459016594479181 0.997250138447935419172551974043 0.197320829788489415790309067233 0.950922030766717996108638999431 0.958461535748831749970122473314 0.718188379410756749798849796207 0.410668130735045711077191299410 0.921093267988231767517959269753  | 7.948078457169795996151151484810 5.264757383936522927569967578165 1.543021258439622123148637911072 
0.190687746126770529819793864590 0.178107805819628595145331928506 0.849284115908021552954210164899 0.526409086055876329623970377725 0.765006650569849844245595704706 0.253397963538697590379911162017 0.044258880073368422891633144900 0.923673984892663613166519098741 0.117249254715340534005463268841 0.967711184650431155418459638895 0.776882118211141836638944369042 0.802068546724532871472490569431  | 8.840018376973807434637819824275 3.042228996757557979435659945011 2.887142401156129967176866557566 
0.339892696742615574301282777014 0.287161438683196990062640452379 0.530725455478701646505612643523 0.695533696178830540546300653659 0.320288369755960866669397546502 0.291701394747560072140402098739 0.969156782843461517273908611969 0.360547950947886719497148533264 0.104655936045917052901188526448 0.423075025298030649167912997655 0.863026448597375761551120376680 0.957198918007555743514558344032  | 7.240943596825792916149566735839 3.827070019018539159816327810404 4.841748231263509616439932869980 
0.656295567519934230915623629699 0.011439399208396205942506185238 0.123787498696458775349071856908 0.849441860433742146341273837606 0.537975469598717004338084279880 0.984529968467571237056290556211 0.517543073406227849275751395908 0.244679318463718931120354227460 0.191628681826384372755001095356 0.092234664028229884635834423534 0.763179655370823550875059027021 0.499504609897771789661646835157  | 4.675731835817305004354693664936 0.478118064533609665733848714808 7.842938326124531123184624448186 
0.742010372638527759825421981077 0.972279775914794530677909278893 0.726352760710550993117351481487 0.804224165371166477278563888831 0.735668072283541141231921756116 0.647752110466606523253574323462 0.132994786207420001566958944750 0.997166241810589437655210076628 0.568943577252786880649182421621 0.273866223327143942789518860081 0.685307363418827697465474102501 0.040051220440379675657993630011  | 0.457468587617810618084490670299 3.787047815352422297507928306004 8.891905106611364573154787649401 
0.541025262268555184874685437535 0.939482631558321790166132814193 0.834674037052372974621050616406 0.868746518977014603457575958601 0.872692661136328706739107019530 0.936563299520660530461668713542 0.673144672720542680544042468682 0.933428487355909664024977701047 0.657655434081637180199209069542 0.434174422027646444988135954191 0.001826995199026293370536677685 0.753893353640925800718264326861  | 1.064785338361367683646108162066 6.370405033342732892265303235035 7.349874866289471952995882020332 
0.302248507434840663066211163823 0.951394208977869082488609819848 0.390896494004789540888111787353 0.163487019279264678139895750064 0.041214045927600695407022612926 0.154316436257926348218916245969 0.206897910535195572734323832265 0.289995196872607552407430375752 0.961781878225914765856430221902 0.421667472851686597756781793578 0.634981006337133169203923444002 0.251650174307180396482408468728  | 1.281220120080644120363899673976 8.488016068736049746235039492603 4.412111202057886316652002278715 
0.029674151285139727107775797776 0.525873913895513744876097916858 0.235909417068902449443612567848 0.550382364161701942428805978125 0.926463149076715231089451663138 0.284054245287013062970515875350 0.722867080164024566890645928652 0.353783965126759025743297115696 0.689613076668812330360935902718 0.847614865234715852970737159922 0.784082115957791203619819953019 0.682281461032730573990079392388  | 6.496146535071179783926709205844 6.986976043970863692322836868698 0.445016310154470906557122589220 
0.566148864428358766787141576060 0.853782824458929390232242440106 0.028141662547119694615105345292 0.051020618100629189228811810608 0.608863219112897202656142781052 0.292606699362576216927323002892 0.452015175765920207417991605325 0.010497897688879764821479056991 0.304685287858864395360569687909 0.169243159034033308074640444829 0.484017897976360744749513287388 0.752424335789871445712151398766  | 1.694010222431032497425462679530 5.708644161199006639151320996461 7.341208204762806666110463993391 
0.103320634922280274459183146973 0.471292327915075692779112159769 0.333034160183884431205569853773 0.723483859165442000360712881957 0.758844214342112466376022439363 0.755996975153366612687477754662 0.818158182104530617984039508883 0.585698666431562764422835698497 0.145060960383560644260114713688 0.021131653742298750486838798679 0.088610545178537503119287066511 0.254281838487929956471589321154  | 7.060111413744992070462558331201 6.510732126825781840295803704066 1.572501476181093371664587721170 
0.106995808292183913756900892622 0.079645662896980273792735260940 0.629513771534517485584103724250 0.383153803927017255759324143582 0.392963776086129090714393896633 0.461286654278349583790941323969 0.850233331668920455648219558498 0.940896311288989317667130762857 0.086211206145925145527542099444 0.994243860245231370065255305235 0.557196147951239950657509325538 0.401892100468054902506764847203  | 9.049441985029458734857144008856 1.793664488783740518229592453281 1.565281121637425831849554924702 
0.103577275612915298275140685291 0.818702868957531859628318215982 0.628747718042030334650860368129 0.698183613686244597396068911621 0.876136791995020702827901004639 0.495653199153813783794930714066 0.443975484853576962684940099280 0.380812953511953100615983203170 0.214777763326603698956773769169 0.461771818983164439309518911614 0.672181310588785274617862341984 0.177058436994829149213614982727  | 2.977915002101359398523072741227 8.415178234991884664850658737123 1.465290225525475831247490532405 
0.643221417267044293097910667711 0.724270193592241540159193391446 0.306459272741795074601611759135 0.454651089148586762256343263289 0.322795461679441619828878629050 0.832048129363810118341859833890 0.625252553139369449120010813203 0.767571618313004244704700340662 0.033897802301888324549850040057 0.493824470149389238571302485070 0.206971118644842300149377933849 0.189029423749660918652182317601  | 2.245437303654313598855196687509 4.410023389449762021286005619913 7.885930620885234887396109115798 
0.633312306808388347789673389343 0.381750179646849430170618688862 0.606501674172619797964500776288 0.293106367039012605246739440190 0.988364698822546960954582573322 0.675254743217666986154767982953 0.659345150068703311774243047694 0.090479374403122592163128956599 0.118256396857280732248796084605 0.261712040182277561051193970343 0.086662903753327191758160097379 0.578938538158537463473862771934  | 4.275358531784879900783380435314 3.045288599808003038305059817503 8.082236038474853501156758284196 
0.174936764837486324886128841172 0.861428472839321224263642307051 0.838601687641765569658502954553 0.566480564593711988230495535390 0.765815083499095883290408437460 0.422233709124119838129729487264 0.481743255152814464636890079419 0.312074044583976029088034920278 0.595615969232629161034253684193 0.889329333777628017188021658512 0.185992657441286790565015962784 0.272257230528688665138759006368  | 2.458541726432680984970602366957 8.587241705805990221733736689202 2.518198164707328601252811495215 
0.216921024860532107858546169155 0.559146131642139887496512073994 0.479709531973305347563041323156 0.701137493206218764818515865045 0.568831449128692989702926752216 0.726637357250387916351996864250 0.444232125544211986500897637598 0.728223494554409267465189259383 0.510491321184749602402064283524 0.436471573503967036344874941278 0.789473888241693511069740907260 0.916714660995276320321067942132  | 5.459334507269258729422745091142 6.444060558215053191588594927453 2.994585778976531553752238323796 
0.582547012014255738421297792229 0.542211265870187530957480248617 0.648297198732891710726278233778 0.695956735484068556019110474153 0.249947601464665436488132854720 0.695315181842014684576724903309 0.331147372683068264009875747433 0.128654224359612379124939707253 0.417129938964167057413590100623 0.268658431707299971691327300505 0.050538231150752954690119622683 0.615127104503278010483313664736  | 3.850138965944734703583662849269 4.336449279674241097382036969066 7.538103025816118574198299029376 
0.066106421497229561623498739209 0.287862086339698897141659017507 0.332760309095669559731334175012 0.924993021020696248868375732854 0.480333761394454383797381069598 0.744797298205448932151284680003 0.905088812253979080324484129960 0.871258858462099827768554405338 0.170030100668652761619625835010 0.503632478797319094176998532930 0.071650037827270640633514631190 0.773021915482948851483513408311  | 8.241371776169957641400287684519 4.371527340011227558136397419730 0.972218897117668401364198871306 
0.076798138054447573352945255465 0.548268108532935061205648707983 0.469959198124389021522517850826 0.565755304698209005032083496189 0.836715302288661755270027242659 0.883623356316522778897137868626 0.843789392154418060876253093738 0.732774248479708845138702599797 0.421471748677598512244912853930 0.297822132886412016539168234885 0.715276852348342928600288814778 0.807106604620841827646415822528  | 6.142142047341369703872260288335 7.036506883678184109953690494876 1.132239103486277098653545181151 
0.415636833655584903013391340210 0.024211958244277131946375902771 0.262855660136959601302919509180 0.964336312756931768319645925658 0.705658896046832406767634893185 0.527459932323239732987474326364 0.311832212606553027534062039194 0.687887273180040059727957668656 0.309679431304652585943415488146 0.197505014408899670641517332115 0.497181411301422349069412121025 0.953615441767439064868483455939  | 7.296119400355152606607589405030 0.871064382258869951414226306952 5.619405212646285008304403163493 
0.367433987489764413147952382133 0.179955386021474206259540551400 0.040532123060360580879546432698 0.870716268805758031312791445089 0.952758585953031755799713664601 0.033091304678753541423930073506 0.849772763534546893282595192431 0.120739517192589018712567394687 0.350475065846479694187109998893 0.980679883135725627418821659376 0.442840996843823608841717032192 0.279678348186429781563333563099  | 7.803987060439429690461565769510 2.705185458477680882083404867444 5.377982299016704992311588284792 
0.306935414438791132063499844662 0.865798564222652777822020198073 0.452793626207235289093944174965 0.562999535660467564923692407319 0.523078298827513221702645296318 0.303294891896724982949251625541 0.378219148317189501895541070553 0.978182655035046311198243529361 0.135255294686769889089816842898 0.427811609719273899798963611829 0.526718319627015318928897613660 0.377363310715684519003332297871  | 2.153337715346532288407388477935 7.631824827616599193902402475942 4.149858875538103397673239669530 
0.725133426232504874064943578560 0.830726735401739246889007972641 0.299313831862894730306834389921 0.550873892844287338377284868329 0.038558733148517099209584557684 0.714578479902648777688511927408 0.227025374519900680070350063033 0.427528591340346042493081313296 0.119484132277909327335407851933 0.585075421562483377613261836814 0.393874305444838146428310210467 0.603945008130092997333804305526  | 1.231837728824459521348444468458 3.696228775507842456704565847758 8.455937294774134471708748606034 
0.536853977715626928812753249076 0.866975684257056067316682401724 0.968678122470363223150968678965 0.734822597225944451615475827566 0.192198553520829706897643518460 0.503811712724116844697164196987 0.037417685338395401117850269657 0.046029303209230820748132373410 0.127600365450189712213102666283 0.536524703037657868520682313829 0.178940576419817087838737279526 0.150096621607555213984142028494  | 1.685750768581270708779129563482 6.102944629733361381340728257783 7.110512811397060595197672228096 
0.586698786374048153469118460634 0.857160537778300812838949696015 0.010365599441757855636581098224 0.646631121564612332264232463785 0.458622678152905249859827563341 0.239036961864790287179971528531 0.140408612969863733077602319099 0.752426794681128163766459238104 0.921047990782451253544138580764 0.285640847243274653699529608275 0.558884280508193609371403454134 0.429146296548660544090125767980  | 1.596301721952215757482917979360 5.471232298532325621920335834147 7.509399755522405683905162732117 
0.982797079277490825965912790707 0.152061394722225795561598715722 0.615652468620535242571634171327 0.788481329614895920521178140916 0.939029284119706764144552835205 0.242260662848034380445483293443 0.260906111229560311315367471252 0.738198198772463065608917531790 0.916268923169577420573261861136 0.384058959240650477084955127793 0.372981677219958007718503267824 0.716596105522676829480133164907  | 0.248387360134169982162077872090 0.075674127870474783286169895291 9.606734232593364453123285784386 
0.521058610538888689056591374538 0.967817055593288455561662431137 0.488624173122157556825584379112 0.969188931566368649939136048488 0.287681357762225031748926085129 0.236954697745820785925729978771 0.972706631551376710298484340456 0.909678744619287993344869391876 0.013672984619620076607304781646 0.991989612336093729005881414196 0.609412436599856555119458789704 0.192989022037975632706263695582  | 0.834732094028318383216458187235 6.570219505670885418169291369850 7.076357263381998663476224464830 
0.244228295242409854104437272326 0.275467196618120246931482597574 0.503831663657374084763773680606 0.796594091947587457092083695898 0.454845021325131382283757375262 0.361684345282058616888321012084 0.275947866486066617497385777824 0.128777485484593001707764869934 0.052409199300785802577706817829 0.350763637985293974530520699773 0.819216876300871699179140250635 0.787215607201440015217031032080  | 7.689791263866622372802339668851 3.912062519507333302470897251624 3.482408052856663438490159023786 
0.516359074799506712061258895119 0.078212247615942365186469942273 0.638976192328032155387518287171 0.567335771471289218581546265341 0.891259218657592056089811194397 0.913141923861734428058412049722 0.613992154822671443170634120179 0.947481793159012819494080304139 0.996692614822137779029276316578 0.654641509228518603258351049590 0.849210241553048694740368773637 0.046047939826814654473707832949  | 6.575285046304045977194618899375 1.271305035072563205389428730996 7.050401456351949924794553226093 
0.896180317727453878973165046773 0.476959598063007916834976640530 0.417216327125077168780364900158 0.489046755295687196607445912377 0.104039259183062227087646078871 0.067461951266601927201804755896 0.854019593792897824258147920773 0.099652195421439992983891897893 0.264888830635241268041113471554 0.969264453314024221342037890281 0.151813676918266748927521803125 0.725901588048527668384224398324  | 1.139075415426365145421527813596 1.067496143262593788492154089909 9.487630111111606368012871826068 
0.182693863613617946128897528979 0.099222006444430910221399244620 0.348933151698288201991715595796 0.492799740583058420995143933396 0.459839753358223579660091218102 0.102603950700005386309499044728 0.573576817379875869562511070399 0.971124440771150676532386114559 0.833982663893638953567233329522 0.119978690013319955198767274851 0.241633417935410377275218252180 0.340774380018366906952564931998  | 8.681175768226362166046783386264 1.974825485053868678875232944847 2.627453163220798693089363951003 
0.495747033488368793463507699926 0.492462417494210824564504491718 0.524626229323932879999858869269 0.887950353153031501918235335324 0.541950485333254627917654033809 0.947347430659369105221401241579 0.390208701449512029846289351553 0.175815001196680253947590699681 0.238942833022132816722660209052 0.827329638633563235750045805617 0.303031344406864633356235572137 0.635782757233530948504096613760  | 4.772947444253524018620282731717 4.673021551726042055463494762080 6.591025586933126234612245752942 
0.093254002872448671368488248845 0.029555479040162091486365625315 0.703476047602497600585991222033 0.857963897402235553535376766376 0.359377122942648119519049032533 0.684611656501434628907531987352 0.942782257419630842498747824720 0.107087806844791688654083827714 0.804993528434393201820284957648 0.447357081457969263382778990490 0.649625800722181678814592942217 0.572367543843367521105847117724  | 9.309213044747556509150854253676 1.163603565395580741181902340031 1.384167509544665941589869362360 
0.118245121334302649707126420253 0.455019375664801994929575812421 0.472066385498204899029417447309 0.766691156075487101340115714265 0.307259756219794066822714739828 0.098700509167445549252306591370 0.505971616277941849126875695219 0.301144596866327662887385940849 0.178273494102944352057704691106 0.661717116662123960857400106761 0.801007914776197593731410506734 0.431679194033070978697708142136  | 6.756599900091736721208235394442 5.955380106607567114451740053482 1.692376869428178443044430423470 
0.824464114752735732771782295458 0.396176147818942392397900675860 0.406924933233005714505736705178 0.609887330371376101822988857748 0.467202020416832120019989815773 0.783119330628896825885476573603 0.075606056768826257474813701265 0.294228478010037708401114286971 0.901576070240318938608936605306 0.843173939860876742180550991179 0.887472209514856058554244100378 0.984358829365702736602372624475  | 2.098581216981889152606299830950 1.560174715834252268109594297130 9.242279237203868902383874228690 
0.118557441715073874632935257978 0.499058055272945777502968667250 0.067291507818151852227117615257 0.812718933793525888376052535023 0.142932908767964828022911660810 0.834802763740425057825689236779 0.194602436622041130576121759077 0.314188923391266472506799800612 0.862909112661808919142458762508 0.086942438376833908186824828590 0.110271291300183649219945891673 0.794959842153211249105027036421  | 6.927272184124255716142215533182 6.908856484330013536521164496662 1.843360853730592996413406581269 
0.565744586696776297074507056095 0.779638853377737861549690023821 0.832017899789127102216923503875 0.217442308262187133927056947869 0.835829323990032513336245756363 0.852663426604634122618620040157 0.017647946103622413893674547580 0.735327001030124383085251338343 0.801899977362178661977054616727 0.014789957541358811354825775197 0.471904913427792060964804932155 0.700252827135731892305159362877  | 2.341165992847192178771820181282 5.675320098491510201199616858503 7.558922739603509910466527799144 
0.824224815704556967865812566743 0.608029751571845911151115160465 0.737702020616241349593167342391 0.634638147664443375006726455467 0.506692891954216850791681281407 0.737564780102942463280157880945 0.923642684712261519131004661176 0.140830452273535522422776011808 0.609157272836395979886958684801 0.679748717698653193153290885675 0.196988464919610417602768848155 0.303740667014234300147279554949  | 1.510856397037876774902542820200 2.055555604640838307517469729646 9.003459496103095816010863927659 
0.940227029581165552052368639124 0.521505743488589801337695917027 0.346255594313817249840781187231 0.444274808399936826930343158892 0.965178590786165080395164750371 0.579015767428436856079088101978 0.089137113722611349686530957115 0.594276170456763730420846059133 0.392134975691646903150910929980 0.137982416943584040858183925593 0.766949193281100227714830452896 0.958894514924339858019664006861  | 0.609845003842646393721338426985 0.647866615874791662577081297059 9.448457347675022433008962252643 
0.467576305196980346323698540800 0.556526457393796358807946944580 0.266937922575875563602210149838 0.336481047906659891388869709772 0.149907429411913595274086219433 0.060716144653441217471367963299 0.977726989441538352210159246169 0.889900782436549797616009982448 0.387542790119498659073826729582 0.615730468873915470773283686867 0.839192241753730527875632105861 0.894575734159259505773320597655  | 4.706452127476156377383631479461 5.523627419211442735047512542224 6.552851898193414292848046898143 
0.673096693133451329238425842050 0.967933329077449222666018613381 0.418634304261872092212115603616 0.121763847590668827791660078219 0.531255523871746793140857789695 0.660220199750675806882327378844 0.476607472974164947387976098980 0.185362682920974131128843964689 0.439882924097480199066012573894 0.079459891318603093068873022276 0.068880130708932285621415303467 0.893768911680294264598956033296  | 0.589659909674820847946818958007 4.532797279551639135775076283608 8.105154512238355479780693713110 
0.550071640906642067569976006780 0.178800543636328024277304393763 0.534962054786303098374844466889 0.678308909634698919965956065425 0.321997484015878465690718712722 0.639536682482290674833791399578 0.846497826263018615655653320573 0.718128969135296113535105178016 0.350159230496742690519340612809 0.018907678790527904233442768600 0.667500650200486322916049175547 0.842989045943682957506837283290  | 5.808777843903933479907664150232 2.016572447661871159141355747124 7.201029407289182060480925429147 
0.250545991578810189892578819126 0.172897123196086299756757398427 0.190522968574523887674843081186 0.557984870107984365361630807456 0.665732941047863624461911058461 0.643520467263558493264952176105 0.463619556607000604664392540144 0.336143060567615670208851952339 0.906372670216337050774768613337 0.364814917081333733861470136617 0.896298460077232794773749446904 0.685246855748142591480132068682  | 8.171780547113547399362687428948 2.767905739777039908489086883492 3.582432802754553780033575094421 
0.910336570086283325409226563352 0.059314115670460632046001592244 0.713826066056947983184954864555 0.815984932927705575167465212871 0.127412510798809552881039053318 0.112396688661321242364010686288 0.749447336061684232788593362784 0.206367226897053668288606331771 0.248030243785347659368767381238 0.668980397706173568472820534225 0.306918383468230637767248936143 0.810170153074631027578789144172  | 1.352389359429675641521839679626 0.223883512395760403412836581083 9.668352448773767093825881602243 
1.000000000000000000000000000000 0.000634833686577174140415469328 0.500000000000000000000000000000 0.500000000000000000000000000000 0.500000000000000000000000000000 0.500000000000000000000000000000 0.500000000000000000000000000000 0.500000000000000000000000000000 0.500000000000000000000000000000 0.500000000000000000000000000000 0.500000000000000000000000000000 0.500000000000000000000000000000  | 0.000000000000000043297802811775 0.000000000000000043297802811775 1.000000000000000000000000000000 
0.000000000000000000000000000000 0.583737509055297643101312132785 0.500000000000000000000000000000 0.500000000000000000000000000000 0.500000000000000000000000000000 0.500000000000000000000000000000 0.500000000000000000000000000000 0.500000000000000000000000000000 0.500000000000000000000000000000 0.500000000000000000000000000000 0.500000000000000000000000000000 0.500000000000000000000000000000  | 0.707106781186547572737310929369 0.707106781186547461715008466854 0.000000000000000000000000000000 
0.000000000000000000000000000000 0.998406982138256515746377317555 0.500000000000000000000000000000 0.500000000000000000000000000000 0.500000000000000000000000000000 0.500000000000000000000000000000 0.500000000000000000000000000000 0.500000000000000000000000000000 0.500000000000000000000000000000 0.500000000000000000000000000000 0.500000000000000000000000000000 0.500000000000000000000000000000  | 0.707106781186547572737310929369 0.707106781186547461715008466854 0.000000000000000000000000000000 
1.000000000000000000000000000000 0.096545586376923744897915469210 0.500000000000000000000000000000 0.500000000000000000000000000000 0.500000000000000000000000000000 0.500000000000000000000000000000 0.500000000000000000000000000000 0.500000000000000000000000000000 0.500000000000000000000000000000 0.500000000000000000000000000000 0.500000000000000000000000000000 0.500000000000000000000000000000  | 0.000000000000000043297802811775 0.000000000000000043297802811775 1.000000000000000000000000000000 
0.954756837281607317891030106694 0.878443423029223957598787819734 0.500000000000000000000000000000 0.500000000000000000000000000000 0.500000000000000000000000000000 0.500000000000000000000000000000 0.500000000000000000000000000000 0.500000000000000000000000000000 0.500000000000000000000000000000 0.500000000000000000000000000000 0.500000000000000000000000000000 0.500000000000000000000000000000  | 0.050210228450917347708948312857 0.050210228450917340770054408949 0.997475747032384396639770329784 
0.470167978519440254991934580175 0.080020354852561717540204710986 0.500000000000000000000000000000 0.500000000000000000000000000000 0.500000000000000000000000000000 0.500000000000000000000000000000 0.500000000000000000000000000000 0.500000000000000000000000000000 0.500000000000000000000000000000 0.500000000000000000000000000000 0.500000000000000000000000000000 0.500000000000000000000000000000  | 0.522872575824318563952886051993 0.522872575824318563952886051993 0.673207649170510014080548444326 
0.878910592492086695237674121017 0.924617240172923571250862551096 0.500000000000000000000000000000 0.500000000000000000000000000000 0.500000000000000000000000000000 0.500000000000000000000000000000 0.500000000000000000000000000000 0.500000000000000000000000000000 0.500000000000000000000000000000 0.500000000000000000000000000000 0.500000000000000000000000000000 0.500000000000000000000000000000  | 0.133686998224697400905469635291 0.133686998224697373149894019662 0.981965158756327505251704224065 
0.979316783864832784978204927029 0.626892166420569774132331986038 0.500000000000000000000000000000 0.500000000000000000000000000000 0.500000000000000000000000000000 0.500000000000000000000000000000 0.500000000000000000000000000000 0.500000000000000000000000000000 0.500000000000000000000000000000 0.500000000000000000000000000000 0.500000000000000000000000000000 0.500000000000000000000000000000  | 0.022969235684962396870645306990 0.022969235684962393401198355036 0.999472274965192419848847293906 
0.914766420255431755848007924214 0.406723615701206520078869743884 0.500000000000000000000000000000 0.500000000000000000000000000000 0.500000000000000000000000000000 0.500000000000000000000000000000 0.500000000000000000000000000000 0.500000000000000000000000000000 0.500000000000000000000000000000 0.500000000000000000000000000000 0.500000000000000000000000000000 0.500000000000000000000000000000  | 0.094388127618334663471166834370 0.094388127618334649593379026555 0.991050837610972346070070670976 
0.655334165957220382559000881884 0.856461322229670640737708708912 0.500000000000000000000000000000 0.500000000000000000000000000000 0.500000000000000000000000000000 0.500000000000000000000000000000 0.500000000000000000000000000000 0.500000000000000000000000000000 0.500000000000000000000000000000 0.500000000000000000000000000000 0.500000000000000000000000000000 0.500000000000000000000000000000  | 0.364397672480724965637932655227 0.364397672480724910126781423969 0.856988140280401267112608820753 
0.281002696785084271624555185554 0.789695270152182771106197378685 0.500000000000000000000000000000 0.500000000000000000000000000000 0.500000000000000000000000000000 0.500000000000000000000000000000 0.500000000000000000000000000000 0.500000000000000000000000000000 0.500000000000000000000000000000 0.500000000000000000000000000000 0.500000000000000000000000000000 0.500000000000000000000000000000  | 0.639334353943605826486873411341 0.639334353943605715464570948825 0.427203894803201089658273303939 
0.429476650314960017862375707409 0.388553433083718480212098711490 0.500000000000000000000000000000 0.500000000000000000000000000000 0.500000000000000000000000000000 0.500000000000000000000000000000 0.500000000000000000000000000000 0.500000000000000000000000000000 0.500000000000000000000000000000 0.500000000000000000000000000000 0.500000000000000000000000000000 0.500000000000000000000000000000  | 0.552210897407125367308822205814 0.552210897407125256286519743298 0.624600872213315616576778666058 
0.861010043584044870712546071445 0.487037994711328470209821261960 0.500000000000000000000000000000 0.500000000000000000000000000000 0.500000000000000000000000000000 0.500000000000000000000000000000 0.500000000000000000000000000000 0.500000000000000000000000000000 0.500000000000000000000000000000 0.500000000000000000000000000000 0.500000000000000000000000000000 0.500000000000000000000000000000  | 0.153155513643773416587734459426 0.153155513643773416587734459426 0.976261633621348434708409058658 
0.409827820084782579179716321960 0.014206778827151239630310897155 0.500000000000000000000000000000 0.500000000000000000000000000000 0.500000000000000000000000000000 0.500000000000000000000000000000 0.500000000000000000000000000000 0.500000000000000000000000000000 0.500000000000000000000000000000 0.500000000000000000000000000000 0.500000000000000000000000000000 0.500000000000000000000000000000  | 0.565577250790969432436838815192 0.565577250790969321414536352677 0.600203920993072070899643222219 
0.936481823122774059697803750169 0.535736292181147266688867603079 0.500000000000000000000000000000 0.500000000000000000000000000000 0.500000000000000000000000000000 0.500000000000000000000000000000 0.500000000000000000000000000000 0.500000000000000000000000000000 0.500000000000000000000000000000 0.500000000000000000000000000000 0.500000000000000000000000000000 0.500000000000000000000000000000  | 0.070433960004392850984267226977 0.070433960004392837106479419162 0.995026690373780442477880114893 
0.766424859780995393343516752793 0.195519759404278764547413516084 0.500000000000000000000000000000 0.500000000000000000000000000000 0.500000000000000000000000000000 0.500000000000000000000000000000 0.500000000000000000000000000000 0.500000000000000000000000000000 0.500000000000000000000000000000 0.500000000000000000000000000000 0.500000000000000000000000000000 0.500000000000000000000000000000  | 0.253655129955821290188566763391 0.253655129955821290188566763391 0.933444240484770926258306644741 
0.641597541637626833654906022275 0.774851108498134988344929752202 0.500000000000000000000000000000 0.500000000000000000000000000000 0.500000000000000000000000000000 0.500000000000000000000000000000 0.500000000000000000000000000000 0.500000000000000000000000000000 0.500000000000000000000000000000 0.500000000000000000000000000000 0.500000000000000000000000000000 0.500000000000000000000000000000  | 0.377387374319774038244901248618 0.377387374319773982733750017360 0.845669876138469001070063768566 
0.747325226262233299756587712181 0.545351991135662572673936665524 0.500000000000000000000000000000 0.500000000000000000000000000000 0.500000000000000000000000000000 0.500000000000000000000000000000 0.500000000000000000000000000000 0.500000000000000000000000000000 0.500000000000000000000000000000 0.500000000000000000000000000000 0.500000000000000000000000000000 0.500000000000000000000000000000  | 0.273340431918294490820642295148 0.273340431918294435309491063890 0.922263528801524512523712928669 
0.116988382595556078547005540713 0.379664421604524793263379933705 0.500000000000000000000000000000 0.500000000000000000000000000000 0.500000000000000000000000000000 0.500000000000000000000000000000 0.500000000000000000000000000000 0.500000000000000000000000000000 0.500000000000000000000000000000 0.500000000000000000000000000000 0.500000000000000000000000000000 0.500000000000000000000000000000  | 0.695201004583577919504477904411 0.695201004583577808482175441895 0.182732390265021610309403854444 
0.072912383171518324598281424187 0.204157636983293644394876764636 0.500000000000000000000000000000 0.500000000000000000000000000000 0.500000000000000000000000000000 0.500000000000000000000000000000 0.500000000000000000000000000000 0.500000000000000000000000000000 0.500000000000000000000000000000 0.500000000000000000000000000000 0.500000000000000000000000000000 0.500000000000000000000000000000  | 0.702474205034198995178940094775 0.702474205034198884156637632259 0.114280280552423230133740617021 
0.321409268810991577414171160854 0.251796190254508944761369093612 0.500000000000000000000000000000 0.500000000000000000000000000000 0.500000000000000000000000000000 0.500000000000000000000000000000 0.500000000000000000000000000000 0.500000000000000000000000000000 0.500000000000000000000000000000 0.500000000000000000000000000000 0.500000000000000000000000000000 0.500000000000000000000000000000  | 0.618886787245194636142286981340 0.618886787245194525119984518824 0.483692349687942113600769289405 
0.365435846055878921223580846345 0.877517614000378642913346993737 0.500000000000000000000000000000 0.500000000000000000000000000000 0.500000000000000000000000000000 0.500000000000000000000000000000 0.500000000000000000000000000000 0.500000000000000000000000000000 0.500000000000000000000000000000 0.500000000000000000000000000000 0.500000000000000000000000000000 0.500000000000000000000000000000  | 0.593773111886170879003543632280 0.593773111886170767981241169764 0.543016558865404896927486788627 
0.624163552364703555497271736385 0.949658074781503325212383970211 0.500000000000000000000000000000 0.500000000000000000000000000000 0.500000000000000000000000000000 0.500000000000000000000000000000 0.500000000000000000000000000000 0.500000000000000000000000000000 0.500000000000000000000000000000 0.500000000000000000000000000000 0.500000000000000000000000000000 0.500000000000000000000000000000  | 0.393619624819333491227979493488 0.393619624819333435716828262230 0.830738937280644296201614906749 
0.711840926325978951005879480363 0.000204586548053623624651709001 0.500000000000000000000000000000 0.500000000000000000000000000000 0.500000000000000000000000000000 0.500000000000000000000000000000 0.500000000000000000000000000000 0.500000000000000000000000000000 0.500000000000000000000000000000 0.500000000000000000000000000000 0.500000000000000000000000000000 0.500000000000000000000000000000  | 0.309246425812927050458256417187 0.309246425812926994947105185929 0.899296000349083968217200890649 
0.102519588104077477574982424358 0.737902584362171043430578265543 0.500000000000000000000000000000 0.500000000000000000000000000000 0.500000000000000000000000000000 0.500000000000000000000000000000 0.500000000000000000000000000000 0.500000000000000000000000000000 0.500000000000000000000000000000 0.500000000000000000000000000000 0.500000000000000000000000000000 0.500000000000000000000000000000  | 0.697957863613412055059370686649 0.697957863613411944037068224134 0.160342262801806495486900416836 
0.159793226316937431175091433033 0.440776769193219231102176536297 0.500000000000000000000000000000 0.500000000000000000000000000000 0.500000000000000000000000000000 0.500000000000000000000000000000 0.500000000000000000000000000000 0.500000000000000000000000000000 0.500000000000000000000000000000 0.500000000000000000000000000000 0.500000000000000000000000000000 0.500000000000000000000000000000  | 0.684948801313488897513082065416 0.684948801313488786490779602900 0.248375278879419958411034485835 
0.133264606435518545568541526336 0.525421266090867589149127070414 0.500000000000000000000000000000 0.500000000000000000000000000000 0.500000000000000000000000000000 0.500000000000000000000000000000 0.500000000000000000000000000000 0.500000000000000000000000000000 0.500000000000000000000000000000 0.500000000000000000000000000000 0.500000000000000000000000000000 0.500000000000000000000000000000  | 0.691670668677757061182376219222 0.691670668677756950160073756706 0.207806092744484055545584055835 
0.376995778363132694188664117974 0.716357344444281340933855517505 0.500000000000000000000000000000 0.500000000000000000000000000000 0.500000000000000000000000000000 0.500000000000000000000000000000 0.500000000000000000000000000000 0.500000000000000000000000000000 0.500000000000000000000000000000 0.500000000000000000000000000000 0.500000000000000000000000000000 0.500000000000000000000000000000  | 0.586703352455451465630176244304 0.586703352455451354607873781788 0.558174123759843321401774574042 
0.569202519688700725453145423671 0.855345977483812247577077414462 0.500000000000000000000000000000 0.500000000000000000000000000000 0.500000000000000000000000000000 0.500000000000000000000000000000 0.500000000000000000000000000000 0.500000000000000000000000000000 0.500000000000000000000000000000 0.500000000000000000000000000000 0.500000000000000000000000000000 0.500000000000000000000000000000  | 0.442804263138781684094880120028 0.442804263138781573072577657513 0.779646566780256677908766960172 
0.316722498189135226454027360887 0.699213230503843652385853602027 0.500000000000000000000000000000 0.500000000000000000000000000000 0.500000000000000000000000000000 0.500000000000000000000000000000 0.500000000000000000000000000000 0.500000000000000000000000000000 0.500000000000000000000000000000 0.500000000000000000000000000000 0.500000000000000000000000000000 0.500000000000000000000000000000  | 0.621387947240569338269722265977 0.621387947240569227247419803462 0.477235830641731029189145374403 
0.232585143896295004628527181012 0.571535172207912722797118476592 0.500000000000000000000000000000 0.500000000000000000000000000000 0.500000000000000000000000000000 0.500000000000000000000000000000 0.500000000000000000000000000000 0.500000000000000000000000000000 0.500000000000000000000000000000 0.500000000000000000000000000000 0.500000000000000000000000000000 0.500000000000000000000000000000  | 0.660438408736123361286729505082 0.660438408736123250264427042566 0.357270508903540340295279520433 
0.338813330994200301304886124854 0.000253872882671992935489646559 0.500000000000000000000000000000 0.500000000000000000000000000000 0.500000000000000000000000000000 0.500000000000000000000000000000 0.500000000000000000000000000000 0.500000000000000000000000000000 0.500000000000000000000000000000 0.500000000000000000000000000000 0.500000000000000000000000000000 0.500000000000000000000000000000  | 0.609306412432622179764507563959 0.609306412432622179764507563959 0.507436096013059279030699144641 
0.257065758818817768904807508079 0.052300672735592135254023560265 0.500000000000000000000000000000 0.500000000000000000000000000000 0.500000000000000000000000000000 0.500000000000000000000000000000 0.500000000000000000000000000000 0.500000000000000000000000000000 0.500000000000000000000000000000 0.500000000000000000000000000000 0.500000000000000000000000000000 0.500000000000000000000000000000  | 0.650237975275736568292472838948 0.650237975275736457270170376432 0.392913668658423309576477322480 
0.793133526261617594066422043397 0.122424811002334460452445341616 0.500000000000000000000000000000 0.500000000000000000000000000000 0.500000000000000000000000000000 0.500000000000000000000000000000 0.500000000000000000000000000000 0.500000000000000000000000000000 0.500000000000000000000000000000 0.500000000000000000000000000000 0.500000000000000000000000000000 0.500000000000000000000000000000  | 0.225748617523524097716602909713 0.225748617523524069961027294084 0.947668255969585149323108907993 
0.563157195560570311698711520876 0.802186094179579090024390097824 0.500000000000000000000000000000 0.500000000000000000000000000000 0.500000000000000000000000000000 0.500000000000000000000000000000 0.500000000000000000000000000000 0.500000000000000000000000000000 0.500000000000000000000000000000 0.500000000000000000000000000000 0.500000000000000000000000000000 0.500000000000000000000000000000  | 0.448019286967675900434926461458 0.448019286967675844923775230200 0.773664938464934337503109418321 
0.448539384721627798491283556359 0.783190481115768943887189834641 0.500000000000000000000000000000 0.500000000000000000000000000000 0.500000000000000000000000000000 0.500000000000000000000000000000 0.500000000000000000000000000000 0.500000000000000000000000000000 0.500000000000000000000000000000 0.500000000000000000000000000000 0.500000000000000000000000000000 0.500000000000000000000000000000  | 0.538740421363635424434335163824 0.538740421363635313412032701308 0.647701718986344210371441931784 
0.298315611422962645438161644051 0.000181854063136350623539408411 0.500000000000000000000000000000 0.500000000000000000000000000000 0.500000000000000000000000000000 0.500000000000000000000000000000 0.500000000000000000000000000000 0.500000000000000000000000000000 0.500000000000000000000000000000 0.500000000000000000000000000000 0.500000000000000000000000000000 0.500000000000000000000000000000  | 0.630883913243486138533455687138 0.630883913243486027511153224623 0.451631460397934503259165239797 
0.668862766041092182689453693456 0.896169727246882930060678518203 0.500000000000000000000000000000 0.500000000000000000000000000000 0.500000000000000000000000000000 0.500000000000000000000000000000 0.500000000000000000000000000000 0.500000000000000000000000000000 0.500000000000000000000000000000 0.500000000000000000000000000000 0.500000000000000000000000000000 0.500000000000000000000000000000  | 0.351438835998238607860599813648 0.351438835998238552349448582390 0.867745059971191223802122749476 
0.048887470920264977647384796455 0.542839419504943632155402610806 0.500000000000000000000000000000 0.500000000000000000000000000000 0.500000000000000000000000000000 0.500000000000000000000000000000 0.500000000000000000000000000000 0.500000000000000000000000000000 0.500000000000000000000000000000 0.500000000000000000000000000000 0.500000000000000000000000000000 0.500000000000000000000000000000  | 0.705022883128566313359897321789 0.705022883128566202337594859273 0.076716807351244975521353808290 
0.692587572675343654537982729380 0.454763413733892396528801782551 0.500000000000000000000000000000 0.500000000000000000000000000000 0.500000000000000000000000000000 0.500000000000000000000000000000 0.500000000000000000000000000000 0.500000000000000000000000000000 0.500000000000000000000000000000 0.500000000000000000000000000000 0.500000000000000000000000000000 0.500000000000000000000000000000  | 0.328333613813862279506849972677 0.328333613813862223995698741419 0.885660248673191374813029597135 
0.142412982921119313228786040781 0.991445440055981563887144147884 0.500000000000000000000000000000 0.500000000000000000000000000000 0.500000000000000000000000000000 0.500000000000000000000000000000 0.500000000000000000000000000000 0.500000000000000000000000000000 0.500000000000000000000000000000 0.500000000000000000000000000000 0.500000000000000000000000000000 0.500000000000000000000000000000  | 0.689487748035376823985131977679 0.689487748035376712962829515163 0.221840687472360409415728099702 
0.178471417163050205534347014691 0.070872661051947422050645286618 0.500000000000000000000000000000 0.500000000000000000000000000000 0.500000000000000000000000000000 0.500000000000000000000000000000 0.500000000000000000000000000000 0.500000000000000000000000000000 0.500000000000000000000000000000 0.500000000000000000000000000000 0.500000000000000000000000000000 0.500000000000000000000000000000  | 0.679501898324505249071592061227 0.679501898324505138049289598712 0.276684550249535365917807894220 
0.837953025691150488185598987911 0.583235492664862409384340935503 0.500000000000000000000000000000 0.500000000000000000000000000000 0.500000000000000000000000000000 0.500000000000000000000000000000 0.500000000000000000000000000000 0.500000000000000000000000000000 0.500000000000000000000000000000 0.500000000000000000000000000000 0.500000000000000000000000000000 0.500000000000000000000000000000  | 0.178051579759101852307168201150 0.178051579759101824551592585522 0.967778523160426673577205747279 
0.850192604463297252337383724807 0.536754360461962010120373633981 0.500000000000000000000000000000 0.500000000000000000000000000000 0.500000000000000000000000000000 0.500000000000000000000000000000 0.500000000000000000000000000000 0.500000000000000000000000000000 0.500000000000000000000000000000 0.500000000000000000000000000000 0.500000000000000000000000000000 0.500000000000000000000000000000  | 0.164862773393275152677972528181 0.164862773393275124922396912552 0.972440503011960721835293952608 
0.770542631736517713569867282786 0.809058416093599741536479541537 0.500000000000000000000000000000 0.500000000000000000000000000000 0.500000000000000000000000000000 0.500000000000000000000000000000 0.500000000000000000000000000000 0.500000000000000000000000000000 0.500000000000000000000000000000 0.500000000000000000000000000000 0.500000000000000000000000000000 0.500000000000000000000000000000  | 0.249380564645125313294471425252 0.249380564645125257783320193994 0.935744980192016351239203686418 
0.611627392020134941219566826476 0.694992947223844304005524463719 0.500000000000000000000000000000 0.500000000000000000000000000000 0.500000000000000000000000000000 0.500000000000000000000000000000 0.500000000000000000000000000000 0.500000000000000000000000000000 0.500000000000000000000000000000 0.500000000000000000000000000000 0.500000000000000000000000000000 0.500000000000000000000000000000  | 0.405109916602551300979229154109 0.405109916602551245468077922851 0.819616929388691906055441904755 
0.599253316512959544049010673916 0.631584850431212374566314338153 0.500000000000000000000000000000 0.500000000000000000000000000000 0.500000000000000000000000000000 0.500000000000000000000000000000 0.500000000000000000000000000000 0.500000000000000000000000000000 0.500000000000000000000000000000 0.500000000000000000000000000000 0.500000000000000000000000000000 0.500000000000000000000000000000  | 0.416297615512665364345679108737 0.416297615512665253323376646222 0.808327031984541588549575408251 
0.986515920306004212569916944631 0.440995926983722474901128407510 0.500000000000000000000000000000 0.500000000000000000000000000000 0.500000000000000000000000000000 0.500000000000000000000000000000 0.500000000000000000000000000000 0.500000000000000000000000000000 0.500000000000000000000000000000 0.500000000000000000000000000000 0.500000000000000000000000000000 0.500000000000000000000000000000  | 0.014975927083972920619836521894 0.014975927083972917150389569940 0.999775696451934647868142747029 
0.889604607881446796113777963910 0.157944736221049708557728763481 0.500000000000000000000000000000 0.500000000000000000000000000000 0.500000000000000000000000000000 0.500000000000000000000000000000 0.500000000000000000000000000000 0.500000000000000000000000000000 0.500000000000000000000000000000 0.500000000000000000000000000000 0.500000000000000000000000000000 0.500000000000000000000000000000  | 0.122004839899140973824565037376 0.122004839899140959946777229561 0.985002354353719300483760434872 
0.266105781784234218800833104979 0.878443423029223957598787819734 0.500000000000000000000000000000 0.500000000000000000000000000000 0.500000000000000000000000000000 0.500000000000000000000000000000 0.500000000000000000000000000000 0.500000000000000000000000000000 0.500000000000000000000000000000 0.500000000000000000000000000000 0.500000000000000000000000000000 0.500000000000000000000000000000  | 0.646227328702984382680085673201 0.646227328702984271657783210685 0.405931618964093632317968740608 
0.837185497645496878860171818815 0.862392152414295343199057697348 0.500000000000000000000000000000 0.500000000000000000000000000000 0.500000000000000000000000000000 0.500000000000000000000000000000 0.500000000000000000000000000000 0.500000000000000000000000000000 0.500000000000000000000000000000 0.500000000000000000000000000000 0.500000000000000000000000000000 0.500000000000000000000000000000  | 0.178876490361829870723298085977 0.178876490361829842967722470348 0.967474238619131621241820084833 
0.246942093325430100936301869297 0.132763424256563788983243057373 0.500000000000000000000000000000 0.500000000000000000000000000000 0.500000000000000000000000000000 0.500000000000000000000000000000 0.500000000000000000000000000000 0.500000000000000000000000000000 0.500000000000000000000000000000 0.500000000000000000000000000000 0.500000000000000000000000000000 0.500000000000000000000000000000  | 0.654573717905376550874052554718 0.654573717905376439851750092203 0.378241319338679771178135524679 
0.027022438257017184631836315134 0.821979447821960196307600199361 0.500000000000000000000000000000 0.500000000000000000000000000000 0.500000000000000000000000000000 0.500000000000000000000000000000 0.500000000000000000000000000000 0.500000000000000000000000000000 0.500000000000000000000000000000 0.500000000000000000000000000000 0.500000000000000000000000000000 0.500000000000000000000000000000  | 0.706469870377553932350167542609 0.706469870377553821327865080093 0.042434001666642261196837893067 
0.154005760447975953431054563225 0.425620548136200038680243551426 0.500000000000000000000000000000 0.500000000000000000000000000000 0.500000000000000000000000000000 0.500000000000000000000000000000 0.500000000000000000000000000000 0.500000000000000000000000000000 0.500000000000000000000000000000 0.500000000000000000000000000000 0.500000000000000000000000000000 0.500000000000000000000000000000  | 0.686517096174096952410081939888 0.686517096174096841387779477373 0.239559081066386625469277760203 
0.826135870789000525959977494495 0.648735424045711051022067294980 0.500000000000000000000000000000 0.500000000000000000000000000000 0.500000000000000000000000000000 0.500000000000000000000000000000 0.500000000000000000000000000000 0.500000000000000000000000000000 0.500000000000000000000000000000 0.500000000000000000000000000000 0.500000000000000000000000000000 0.500000000000000000000000000000  | 0.190722810480582094516677216234 0.190722810480582066761101600605 0.962938014165385380849215835042 
0.721653168921906895683093807747 0.495668668553029545531529720392 0.500000000000000000000000000000 0.500000000000000000000000000000 0.500000000000000000000000000000 0.500000000000000000000000000000 0.500000000000000000000000000000 0.500000000000000000000000000000 0.500000000000000000000000000000 0.500000000000000000000000000000 0.500000000000000000000000000000 0.500000000000000000000000000000  | 0.299408959534282370640312365140 0.299408959534282370640312365140 0.905929660570398254115787040064 
0.207063057096156105663098401237 0.085024431406077377593177857307 0.500000000000000000000000000000 0.500000000000000000000000000000 0.500000000000000000000000000000 0.500000000000000000000000000000 0.500000000000000000000000000000 0.500000000000000000000000000000 0.500000000000000000000000000000 0.500000000000000000000000000000 0.500000000000000000000000000000 0.500000000000000000000000000000  | 0.670032908703281915308025418199 0.670032908703281804285722955683 0.319549374133699493061300245245 
0.481178768112865862249805104511 0.390003487110366697798724544555 0.500000000000000000000000000000 0.500000000000000000000000000000 0.500000000000000000000000000000 0.500000000000000000000000000000 0.500000000000000000000000000000 0.500000000000000000000000000000 0.500000000000000000000000000000 0.500000000000000000000000000000 0.500000000000000000000000000000 0.500000000000000000000000000000  | 0.514561511294833739960097318544 0.514561511294833739960097318544 0.685895693373236858825237050041 
0.530264341922243587212904003536 0.979367045595482377251528305351 0.500000000000000000000000000000 0.500000000000000000000000000000 0.500000000000000000000000000000 0.500000000000000000000000000000 0.500000000000000000000000000000 0.500000000000000000000000000000 0.500000000000000000000000000000 0.500000000000000000000000000000 0.500000000000000000000000000000 0.500000000000000000000000000000  | 0.475674507981503347231466705125 0.475674507981503236209164242609 0.739910484391936185133431536087 
0.187494640484367147692523758451 0.000204586548053623624651709001 0.500000000000000000000000000000 0.500000000000000000000000000000 0.500000000000000000000000000000 0.500000000000000000000000000000 0.500000000000000000000000000000 0.500000000000000000000000000000 0.500000000000000000000000000000 0.500000000000000000000000000000 0.500000000000000000000000000000 0.500000000000000000000000000000  | 0.676660728606150563280152709922 0.676660728606150452257850247406 0.290276621043423277424011530456 
0.303384401178612095328901432367 0.782299599098628117843645668472 0.500000000000000000000000000000 0.500000000000000000000000000000 0.500000000000000000000000000000 0.500000000000000000000000000000 0.500000000000000000000000000000 0.500000000000000000000000000000 0.500000000000000000000000000000 0.500000000000000000000000000000 0.500000000000000000000000000000 0.500000000000000000000000000000  | 0.628321253495323195359389956138 0.628321253495323084337087493623 0.458720835380443225925972683399 
0.396226152304240353263509177850 0.968601102227810595302059937239 0.500000000000000000000000000000 0.500000000000000000000000000000 0.500000000000000000000000000000 0.500000000000000000000000000000 0.500000000000000000000000000000 0.500000000000000000000000000000 0.500000000000000000000000000000 0.500000000000000000000000000000 0.500000000000000000000000000000 0.500000000000000000000000000000  | 0.574515151226643983051189934486 0.574515151226643983051189934486 0.582979143728189375117665349535 
0.537853510991243455308108423196 0.784352389191036114546307089768 0.500000000000000000000000000000 0.500000000000000000000000000000 0.500000000000000000000000000000 0.500000000000000000000000000000 0.500000000000000000000000000000 0.500000000000000000000000000000 0.500000000000000000000000000000 0.500000000000000000000000000000 0.500000000000000000000000000000 0.500000000000000000000000000000  | 0.469403820235492375001484788299 0.469403820235492263979182325784 0.747877066834283454888065989508 
0.579032989345792170610138782649 0.296357041810396626413393050825 0.500000000000000000000000000000 0.500000000000000000000000000000 0.500000000000000000000000000000 0.500000000000000000000000000000 0.500000000000000000000000000000 0.500000000000000000000000000000 0.500000000000000000000000000000 0.500000000000000000000000000000 0.500000000000000000000000000000 0.500000000000000000000000000000  | 0.434238922304648222727507800300 0.434238922304648167216356569043 0.789223109590308058436392002477 
0.500407861717643953625156427734 0.586456216297076671217780585721 0.500000000000000000000000000000 0.500000000000000000000000000000 0.500000000000000000000000000000 0.500000000000000000000000000000 0.500000000000000000000000000000 0.500000000000000000000000000000 0.500000000000000000000000000000 0.500000000000000000000000000000 0.500000000000000000000000000000 0.500000000000000000000000000000  | 0.499679563564188078395034153800 0.499679563564188022883882922542 0.707559656504386347286583713867 
0.356890894129000546541874427930 0.652182084716697474391366995405 0.500000000000000000000000000000 0.500000000000000000000000000000 0.500000000000000000000000000000 0.500000000000000000000000000000 0.500000000000000000000000000000 0.500000000000000000000000000000 0.500000000000000000000000000000 0.500000000000000000000000000000 0.500000000000000000000000000000 0.500000000000000000000000000000  | 0.598873270958200976110674673691 0.598873270958200865088372211176 0.531696916169024369480666791787 
0.698390419440831022868110267154 0.468424019088070575644877635568 0.500000000000000000000000000000 0.500000000000000000000000000000 0.500000000000000000000000000000 0.500000000000000000000000000000 0.500000000000000000000000000000 0.500000000000000000000000000000 0.500000000000000000000000000000 0.500000000000000000000000000000 0.500000000000000000000000000000 0.500000000000000000000000000000  | 0.322611669781506515963798165103 0.322611669781506460452646933845 0.889855842842859789953990912181 
0.588754526810361111799352329399 0.936195237077743325215806180495 0.500000000000000000000000000000 0.500000000000000000000000000000 0.500000000000000000000000000000 0.500000000000000000000000000000 0.500000000000000000000000000000 0.500000000000000000000000000000 0.500000000000000000000000000000 0.500000000000000000000000000000 0.500000000000000000000000000000 0.500000000000000000000000000000  | 0.425666661774462551370845631027 0.425666661774462495859694399769 0.798508475914670889928004271496 
0.599253316512959544049010673916 0.631584850431212374566314338153 0.500000000000000000000000000000 0.500000000000000000000000000000 0.500000000000000000000000000000 0.500000000000000000000000000000 0.500000000000000000000000000000 0.500000000000000000000000000000 0.500000000000000000000000000000 0.500000000000000000000000000000 0.500000000000000000000000000000 0.500000000000000000000000000000  | 0.416297615512665364345679108737 0.416297615512665253323376646222 0.808327031984541588549575408251 
0.387785879356283724739284934913 0.311464997667963650052058710571 0.500000000000000000000000000000 0.500000000000000000000000000000 0.500000000000000000000000000000 0.500000000000000000000000000000 0.500000000000000000000000000000 0.500000000000000000000000000000 0.500000000000000000000000000000 0.500000000000000000000000000000 0.500000000000000000000000000000 0.500000000000000000000000000000  | 0.579929804479413446571811618924 0.579929804479413446571811618924 0.572156310594350236975458301458 
0.825752301246828412928380203084 0.074367672427122721856562748144 0.500000000000000000000000000000 0.500000000000000000000000000000 0.500000000000000000000000000000 0.500000000000000000000000000000 0.500000000000000000000000000000 0.500000000000000000000000000000 0.500000000000000000000000000000 0.500000000000000000000000000000 0.500000000000000000000000000000 0.500000000000000000000000000000  | 0.191133024643322657620814197799 0.191133024643322629865238582170 0.962775328818406106456961879303 
0.799319176347765614210061357880 0.482061131694161870697712402034 0.500000000000000000000000000000 0.500000000000000000000000000000 0.500000000000000000000000000000 0.500000000000000000000000000000 0.500000000000000000000000000000 0.500000000000000000000000000000 0.500000000000000000000000000000 0.500000000000000000000000000000 0.500000000000000000000000000000 0.500000000000000000000000000000  | 0.219227080777013139112341377768 0.219227080777013083601190146510 0.950725498820757408680037769955 
0.438150999990469192102438000802 0.902423212984360234578673498618 0.500000000000000000000000000000 0.500000000000000000000000000000 0.500000000000000000000000000000 0.500000000000000000000000000000 0.500000000000000000000000000000 0.500000000000000000000000000000 0.500000000000000000000000000000 0.500000000000000000000000000000 0.500000000000000000000000000000 0.500000000000000000000000000000  | 0.546141931213566467206987908867 0.546141931213566356184685446351 0.635183423855371298571981242276 
0.516859255081932866815463967214 0.930961478532293940091335571196 0.500000000000000000000000000000 0.500000000000000000000000000000 0.500000000000000000000000000000 0.500000000000000000000000000000 0.500000000000000000000000000000 0.500000000000000000000000000000 0.500000000000000000000000000000 0.500000000000000000000000000000 0.500000000000000000000000000000 0.500000000000000000000000000000  | 0.486584999820464048081447572258 0.486584999820463937059145109743 0.725582576899030828876391296944 
0.222025161503004830887419984720 0.269228954296309996863101332565 0.500000000000000000000000000000 0.500000000000000000000000000000 0.500000000000000000000000000000 0.500000000000000000000000000000 0.500000000000000000000000000000 0.500000000000000000000000000000 0.500000000000000000000000000000 0.500000000000000000000000000000 0.500000000000000000000000000000 0.500000000000000000000000000000  | 0.664537853727174221418749766599 0.664537853727174110396447304083 0.341729252372929948045054970862 
0.643340522481086640738112691906 0.430103648462660415052738471786 0.500000000000000000000000000000 0.500000000000000000000000000000 0.500000000000000000000000000000 0.500000000000000000000000000000 0.500000000000000000000000000000 0.500000000000000000000000000000 0.500000000000000000000000000000 0.500000000000000000000000000000 0.500000000000000000000000000000 0.500000000000000000000000000000  | 0.375748774682871766739111762945 0.375748774682871711227960531687 0.847127922245891396002548390243 
0.816062454973414785897034562367 0.399390144737524654949822888739 0.500000000000000000000000000000 0.500000000000000000000000000000 0.500000000000000000000000000000 0.500000000000000000000000000000 0.500000000000000000000000000000 0.500000000000000000000000000000 0.500000000000000000000000000000 0.500000000000000000000000000000 0.500000000000000000000000000000 0.500000000000000000000000000000  | 0.201472559602525691513363881313 0.201472559602525636002212650055 0.958549745946663644957652650191 
0.445459932949271830704418562163 0.281976672930994987087416348004 0.500000000000000000000000000000 0.500000000000000000000000000000 0.500000000000000000000000000000 0.500000000000000000000000000000 0.500000000000000000000000000000 0.500000000000000000000000000000 0.500000000000000000000000000000 0.500000000000000000000000000000 0.500000000000000000000000000000 0.500000000000000000000000000000  | 0.540949515940552405623975573690 0.540949515940552294601673111174 0.644008728517994732953866332537 
0.810432909337598039734018584568 0.716740388249737292447605341295 0.500000000000000000000000000000 0.500000000000000000000000000000 0.500000000000000000000000000000 0.500000000000000000000000000000 0.500000000000000000000000000000 0.500000000000000000000000000000 0.500000000000000000000000000000 0.500000000000000000000000000000 0.500000000000000000000000000000 0.500000000000000000000000000000  | 0.207458275047319951056579157012 0.207458275047319923301003541383 0.955992744862000032313176234311 
0.742300948885076916639036426204 0.000002542669282755426737386347 0.500000000000000000000000000000 0.500000000000000000000000000000 0.500000000000000000000000000000 0.500000000000000000000000000000 0.500000000000000000000000000000 0.500000000000000000000000000000 0.500000000000000000000000000000 0.500000000000000000000000000000 0.500000000000000000000000000000 0.500000000000000000000000000000  | 0.278478621274558746367944195299 0.278478621274558690856792964041 0.919184048483241311622293778782 
0.908067035314911397136938830954 0.952701280591990995461060265370 0.500000000000000000000000000000 0.500000000000000000000000000000 0.500000000000000000000000000000 0.500000000000000000000000000000 0.500000000000000000000000000000 0.500000000000000000000000000000 0.500000000000000000000000000000 0.500000000000000000000000000000 0.500000000000000000000000000000 0.500000000000000000000000000000  | 0.101757318964350834678000978784 0.101757318964350820800213170969 0.989591277282886538912975993298 
0.400021708573186807189614455638 0.969253098593434225804799098114 0.500000000000000000000000000000 0.500000000000000000000000000000 0.500000000000000000000000000000 0.500000000000000000000000000000 0.500000000000000000000000000000 0.500000000000000000000000000000 0.500000000000000000000000000000 0.500000000000000000000000000000 0.500000000000000000000000000000 0.500000000000000000000000000000  | 0.572047229711658999917744949926 0.572047229711658888895442487410 0.587812839225576144741580719710 
0.785121928647997457950680200156 0.621710663337986302323656673252 0.500000000000000000000000000000 0.500000000000000000000000000000 0.500000000000000000000000000000 0.500000000000000000000000000000 0.500000000000000000000000000000 0.500000000000000000000000000000 0.500000000000000000000000000000 0.500000000000000000000000000000 0.500000000000000000000000000000 0.500000000000000000000000000000  | 0.234163484895031498433937144910 0.234163484895031470678361529281 0.943575606235996677817468025751 
0.530264341922243587212904003536 0.979367045595482377251528305351 0.500000000000000000000000000000 0.500000000000000000000000000000 0.500000000000000000000000000000 0.500000000000000000000000000000 0.500000000000000000000000000000 0.500000000000000000000000000000 0.500000000000000000000000000000 0.500000000000000000000000000000 0.500000000000000000000000000000 0.500000000000000000000000000000  | 0.475674507981503347231466705125 0.475674507981503236209164242609 0.739910484391936185133431536087 
0.448539384721627798491283556359 0.902423212984360234578673498618 0.500000000000000000000000000000 0.500000000000000000000000000000 0.500000000000000000000000000000 0.500000000000000000000000000000 0.500000000000000000000000000000 0.500000000000000000000000000000 0.500000000000000000000000000000 0.500000000000000000000000000000 0.500000000000000000000000000000 0.500000000000000000000000000000  | 0.538740421363635424434335163824 0.538740421363635313412032701308 0.647701718986344210371441931784 
0.685037089882933214468607729941 0.107858548266280052096988129051 0.500000000000000000000000000000 0.500000000000000000000000000000 0.500000000000000000000000000000 0.500000000000000000000000000000 0.500000000000000000000000000000 0.500000000000000000000000000000 0.500000000000000000000000000000 0.500000000000000000000000000000 0.500000000000000000000000000000 0.500000000000000000000000000000  | 0.335737917267979357749396740473 0.335737917267979302238245509216 0.880090962240335117350298332894 
0.497181068784414259553727788443 0.816310928933721369205045448325 0.500000000000000000000000000000 0.500000000000000000000000000000 0.500000000000000000000000000000 0.500000000000000000000000000000 0.500000000000000000000000000000 0.500000000000000000000000000000 0.500000000000000000000000000000 0.500000000000000000000000000000 0.500000000000000000000000000000 0.500000000000000000000000000000  | 0.502209074450099657305202072166 0.502209074450099546282899609650 0.703968813996720066405998750270 
0.222025161503004830887419984720 0.269228954296309996863101332565 0.500000000000000000000000000000 0.500000000000000000000000000000 0.500000000000000000000000000000 0.500000000000000000000000000000 0.500000000000000000000000000000 0.500000000000000000000000000000 0.500000000000000000000000000000 0.500000000000000000000000000000 0.500000000000000000000000000000 0.500000000000000000000000000000  | 0.664537853727174221418749766599 0.664537853727174110396447304083 0.341729252372929948045054970862 
0.704560672057527148659517024498 0.002379153143310981308178320148 0.500000000000000000000000000000 0.500000000000000000000000000000 0.500000000000000000000000000000 0.500000000000000000000000000000 0.500000000000000000000000000000 0.500000000000000000000000000000 0.500000000000000000000000000000 0.500000000000000000000000000000 0.500000000000000000000000000000 0.500000000000000000000000000000  | 0.316498049961989769141013084663 0.316498049961989713629861853406 0.894235969272381581163244845811 
0.723929458299754080563559455186 0.404178055159042481925268930354 0.500000000000000000000000000000 0.500000000000000000000000000000 0.500000000000000000000000000000 0.500000000000000000000000000000 0.500000000000000000000000000000 0.500000000000000000000000000000 0.500000000000000000000000000000 0.500000000000000000000000000000 0.500000000000000000000000000000 0.500000000000000000000000000000  | 0.297116568752753718030135132722 0.297116568752753662518983901464 0.907437870680511293741687950387 
0.102519588104077477574982424358 0.137641812320479728359856608222 0.500000000000000000000000000000 0.500000000000000000000000000000 0.500000000000000000000000000000 0.500000000000000000000000000000 0.500000000000000000000000000000 0.500000000000000000000000000000 0.500000000000000000000000000000 0.500000000000000000000000000000 0.500000000000000000000000000000 0.500000000000000000000000000000  | 0.697957863613412055059370686649 0.697957863613411944037068224134 0.160342262801806495486900416836 
0.936481823122774059697803750169 0.535736292181147266688867603079 0.500000000000000000000000000000 0.500000000000000000000000000000 0.500000000000000000000000000000 0.500000000000000000000000000000 0.500000000000000000000000000000 0.500000000000000000000000000000 0.500000000000000000000000000000 0.500000000000000000000000000000 0.500000000000000000000000000000 0.500000000000000000000000000000  | 0.070433960004392850984267226977 0.070433960004392837106479419162 0.995026690373780442477880114893 
0.583423679279231333083544086548 0.472591267732858866246203888295 0.500000000000000000000000000000 0.500000000000000000000000000000 0.500000000000000000000000000000 0.500000000000000000000000000000 0.500000000000000000000000000000 0.500000000000000000000000000000 0.500000000000000000000000000000 0.500000000000000000000000000000 0.500000000000000000000000000000 0.500000000000000000000000000000  | 0.430379717936554606616539331299 0.430379717936554495594236868783 0.793439724728793427388495729247 
0.348882617599343247682952551258 0.720719211210022470126546068059 0.500000000000000000000000000000 0.500000000000000000000000000000 0.500000000000000000000000000000 0.500000000000000000000000000000 0.500000000000000000000000000000 0.500000000000000000000000000000 0.500000000000000000000000000000 0.500000000000000000000000000000 0.500000000000000000000000000000 0.500000000000000000000000000000  | 0.603555185982718955806092253624 0.603555185982718844783789791109 0.521001223555886960880911829008 
0.338813330994200301304886124854 0.622559045526907883782996577793 0.500000000000000000000000000000 0.500000000000000000000000000000 0.500000000000000000000000000000 0.500000000000000000000000000000 0.500000000000000000000000000000 0.500000000000000000000000000000 0.500000000000000000000000000000 0.500000000000000000000000000000 0.500000000000000000000000000000 0.500000000000000000000000000000  | 0.609306412432622179764507563959 0.609306412432622179764507563959 0.507436096013059279030699144641 
0.945688217848219880856674990355 0.602100419914752382766209848342 0.500000000000000000000000000000 0.500000000000000000000000000000 0.500000000000000000000000000000 0.500000000000000000000000000000 0.500000000000000000000000000000 0.500000000000000000000000000000 0.500000000000000000000000000000 0.500000000000000000000000000000 0.500000000000000000000000000000 0.500000000000000000000000000000  | 0.060252072032416642555219254973 0.060252072032416628677431447159 0.996363074201167320254057813145 
0.673754177953761246300246057217 0.938255371660872694583588327077 0.500000000000000000000000000000 0.500000000000000000000000000000 0.500000000000000000000000000000 0.500000000000000000000000000000 0.500000000000000000000000000000 0.500000000000000000000000000000 0.500000000000000000000000000000 0.500000000000000000000000000000 0.500000000000000000000000000000 0.500000000000000000000000000000  | 0.346714056353657262832257401897 0.346714056353657207321106170639 0.871538138152075370079785443522 
0.945688217848219880856674990355 0.091105454185934492405962714656 0.500000000000000000000000000000 0.500000000000000000000000000000 0.500000000000000000000000000000 0.500000000000000000000000000000 0.500000000000000000000000000000 0.500000000000000000000000000000 0.500000000000000000000000000000 0.500000000000000000000000000000 0.500000000000000000000000000000 0.500000000000000000000000000000  | 0.060252072032416642555219254973 0.060252072032416628677431447159 0.996363074201167320254057813145 
0.554852656211593076029942039895 0.044450952075970738552879168992 0.500000000000000000000000000000 0.500000000000000000000000000000 0.500000000000000000000000000000 0.500000000000000000000000000000 0.500000000000000000000000000000 0.500000000000000000000000000000 0.500000000000000000000000000000 0.500000000000000000000000000000 0.500000000000000000000000000000 0.500000000000000000000000000000  | 0.455117270459279077421399506420 0.455117270459278966399097043904 0.765334267009775803813909078599 
0.891524907629568486022719753237 0.425620548136200038680243551426 0.500000000000000000000000000000 0.500000000000000000000000000000 0.500000000000000000000000000000 0.500000000000000000000000000000 0.500000000000000000000000000000 0.500000000000000000000000000000 0.500000000000000000000000000000 0.500000000000000000000000000000 0.500000000000000000000000000000 0.500000000000000000000000000000  | 0.119903360027544675370236859635 0.119903360027544661492449051821 0.985518324795744193878022088029 
