0.488872501836319695023291842517 0.277702521824501613600943983329 0.813437584320442219620872492669 0.672180885288821805545467213960 0.723280965825925492573844621802 0.444653277126414225861594786693 0.814682679527976350009055295232 0.965677758440095068692698987434 0.684314610530594391590852865193 0.399479725153790377056850502413 0.345736308666971248193533483573 0.919288271647645816031513277267  | 1.006527403630012473811916606792 0.744491189818908383202256118238 1.208926286371381442208416956419 
0.623700438048579886007871664333 0.717642483412741394310785381094 0.692847155423270133489666022797 0.178948454966551873113189685682 0.017935453021606706514035067812 0.540606981303617284417839528032 0.913752793522066508735690604226 0.230279406134582864673632229824 0.639523949763060262085900831153 0.798697842750473729900306807394 0.490081853960805280401302752580 0.257900375996125474920006581669  | 0.590242787510405264583823736757 0.801117684451490452701705180516 1.482675346728168142007575625030 
0.788800859600473192045910764136 0.132890121299114705166743988229 0.466406039198894450947818768327 0.475507298355678842405325212894 0.888854461244990456947334678262 0.388366807183964435346013033268 0.104605592119669466022457982035 0.267776378286792349214806563396 0.878970299720512771024516496254 0.293367430269479756432815520384 0.834394622399706298310206875612 0.838576543295291632063026554533  | 0.502229186426248364050195505115 0.295060775441167433275069242882 1.690915246050223696983039189945 
0.916906543255037398409967863699 0.548386565411636439648646046408 0.385694310846540266979332045594 0.480884516976912701480273426569 0.889737666401332782939448406978 0.081213962607234568835679056065 0.834667131278708396280308079440 0.605413174513219964900656577811 0.296092789647466325675395637518 0.108020949409747379910129438940 0.671136719129178271892044449487 0.509338206982598462602140898525  | 0.150499305289456125622749027571 0.160128688707820404646398060322 1.674061344603670731245870229031 
0.933525778962733920884886629210 0.204937160378043881081566723878 0.008228955322337139222099722247 0.376804517999820509643882360251 0.405728903844314703341922268010 0.620165737708711306552800124336 0.221096123549527345808485279122 0.398732222103988842576427487074 0.520070154050962463188056972285 0.837786262889115507235260338348 0.884704422530633860510818067269 0.527746733871376827451626922993  | 0.139783796821999567461247693245 0.096861769200471570240296159682 1.622768117196171422378370152728 
0.266296114116339910360409248824 0.579983447593554801713366941840 0.203430093553681690110579438624 0.509742058752457594117402095435 0.264522346059736679357854427508 0.084621140368937419751205197826 0.018287263535359921107215086522 0.421549693765275068635389743577 0.584826206013522753579536583857 0.507811735837373601221145236195 0.508597246039008243911894169287 0.607081202340883363532952898822  | 0.968836987475857225327047217434 1.061842386732856358122489837115 0.638974971053901885653658609954 
0.708815633144022627654123880347 0.222050450812245725451532507577 0.262719431763239752442018470902 0.392968938906159026558384539385 0.869916116252093973848502628243 0.865666118514245130910467196372 0.567704736050945846237425485015 0.734157899195125862590316501155 0.946335885147931987759761796042 0.637721035466563335170064874546 0.004150038714356596436516610993 0.860620073312587607894386110274  | 0.741491042035349101624319700932 0.473176427562009394023334607482 1.787074202891756335986883641453 
0.838309478003329555662048733211 0.687792930693237547501439621556 0.675540206166831080913937057630 0.783625371517022162315413424949 0.569872276339969618952352448105 0.753955402926354212311821356707 0.898619279719677477302752777177 0.126836871646361371013256302831 0.800868104833017513399795461737 0.973072781139539100259128190373 0.381140420362324539027554237691 0.474132760266351205302726157242  | 0.276200628866450359488737831271 0.360638451003044147036291633412 1.749898926341914240367714228341 
0.125851498134685768626184199093 0.383362723700974239449124070234 0.033373357884226573233377166616 0.715052010503588353351744899555 0.801220602877084298043541821244 0.643672088468353331691673702153 0.365821042911788074647461144195 0.470779261182918018491250222723 0.061893070174405151462337926205 0.739083482533257174473817485705 0.401578865129958106905405657017 0.759545664396123698658414014062  | 1.280701947576200483425168386020 1.097866660693067153431456972612 0.337884151715311276120701222681 
0.533303192856289798307045657566 0.723192015937157761662490429444 0.736444782533940300872643547336 0.267913986549145888282907890243 0.130749019604279648198996710562 0.629127454151699350148874145816 0.139459242469978539347152945993 0.779115342760537288313571480103 0.230357312414142589851451248251 0.128601638390133055089847857744 0.790389585793385474055128270265 0.958769642234251651125020998734  | 0.759940109283011033802779365942 1.082180296848056721970010585210 1.468484366466404011930535489228 
0.634924539834385681658091016288 0.388176335881048495402012576960 0.869774195509934400227791684301 0.706591132960289303177603414952 0.864925157570654912220220467134 0.241260159429095288885491754627 0.238036371961104609162873657624 0.160157380637840573989194581372 0.523635949229982577968200985197 0.991390073776200919652978882368 0.110370451855970275190088614181 0.311741339035694342562976544286  | 0.828452033535226450844390910788 0.694804099290218690754272756749 1.674113486399017247663323360030 
0.034401543194656047930379827449 0.010965883257968100927826071711 0.209891102613991686887118248706 0.369807048917417446887156984303 0.873401019110076948237519900431 0.231492619160888257745511964458 0.698850235533351016314895787218 0.908677587932700259187868141453 0.445182893752688491062485809380 0.655023733126889107225565567205 0.779482690546584144897224177839 0.795185760692102561186800357973  | 1.526710162352024502396830030193 0.767966133310624798902210841334 0.092439595934016641209929332490 
0.263694739885291795644661760889 0.738660535765312875611243725871 0.931093909323083113172003777436 0.266481648179249797081524775422 0.516215262791669626807333770557 0.232872600837255916417234402616 0.887815126173581159463310541469 0.223205343063133665459929488861 0.509737408654243995265176181420 0.723661936727387433698766017187 0.690850151021114022853453207063 0.331930749432658989128697157867  | 0.900709041202656268687576357479 1.216861074532223918609474822006 0.665600458018883678334987052949 
0.331419499717132026717081316747 0.459813377924949917563424151012 0.852001967560413464575219677499 0.369276433615839727586660501402 0.528177846019881158667885756586 0.528053045235235440912902049604 0.624625604923589539119177516113 0.278009122184469270600004620064 0.081421049407051193647077980131 0.488431296002561743385683712404 0.335563258912177087012196352589 0.365432714266407554504212384927  | 0.892316815665212037522735499806 0.859181533294825272584205322346 0.710217558189823572334375967330 
0.400798706704665663735909220122 0.848021433437454175141567702667 0.963875664234892792769926472829 0.612386375598463428282514087186 0.557516984956129557637893867650 0.070954516060670491661710457265 0.411719196771252016198161527427 0.878438927226804500136836395541 0.146112258782546966529025667114 0.015740981939175280324150207889 0.532994408137995923091523309267 0.909840659711963262168410437880  | 0.811341337577150878423992708122 1.486327274751008564734888750536 1.233541682003171047199430176988 
0.778222994036154691599449506612 0.308155413077427109413974903873 0.154359515614142850381540483795 0.463212227756319760985093125782 0.582317406620734834277186564577 0.456666795090494570530381679418 0.409775938271066508811202311335 0.732956761073498830327821451647 0.128470053206940493240040268574 0.881375752914855703501473271899 0.537837760197899861225323547842 0.866059904894480703241299579531  | 0.430611145042009257899451313278 0.341946117002465799217247877095 1.514039305908139620981955886236 
0.298051528828685352578986567096 0.060656154495246084046300438786 0.481307229517795698292559336551 0.042637357528425678943051480019 0.221965705590454587259330310189 0.724231244631432069525089900708 0.851975543114039779446500233462 0.860221608538508375474407330330 0.784981650540536146642978110322 0.250740666240074516757374567533 0.983220854653673703715810461290 0.323031941125292654248823964735  | 1.613518839749088717994141006784 0.760646501124972118645928276237 0.902037059942785934829601046658 
0.109592132137426467863861034857 0.915049929985706556045954584988 0.355377893040101144883635697624 0.260449708971067672713672891405 0.108532744400379188576266642485 0.875263954342164418598315478448 0.921643561446065517905879005411 0.726856616851451087235602699366 0.723531914353472971335179408925 0.487900680700984024085187229502 0.990340085821981297442562208744 0.661993140340754737671602470073  | 0.861505951615844756119599878730 1.682288429028486298477673699381 0.328618775247698891028846901463 
0.563969450428343455072877077328 0.796701892666673572307445283514 0.038783691878625514704026500112 0.266465590412107156126353402215 0.611332014280745017487106451881 0.513457171152367775057712151465 0.540577098166157288261501889792 0.063039782896918028498589592346 0.713134997994818276012551905296 0.629165520944789724566703625896 0.234485043830836903389069902914 0.961362383923244023797849422408  | 0.626101518441047777407959529228 0.964627041549170227696663459938 1.407897780068147142173984320834 
0.496669266785545460152206942439 0.523061034186703355253200697916 0.885662549811479293815352775709 0.907208237538796091747883565404 0.657730453795831504493207830819 0.988197098265897744262531432469 0.051366377184703604363846807246 0.584623498723954138078795494948 0.666458834913158826296353254293 0.472872141934338463542530917039 0.920324266279980096605584094505 0.899643779973980151076773381646  | 1.059971441478473774822077757563 1.101881692542241886201281886315 1.513032743995092133104662934784 
0.845806487842723053738325234008 0.936254868406825258020376168133 0.089686361328314978536013768462 0.614910162502748547375119869685 0.926505745917154843738217095961 0.352602733742112928183587428066 0.757474430662528064317484677304 0.997616371598328055547710846440 0.768172231522977422280007431254 0.413471836583635954376347854122 0.987480661759617683870260407275 0.762868860708188045727240478300  | 0.207927421935670014851993414595 0.454867032570216323072997965937 2.024384584963558442183284569182 
0.355306276328494319294293291023 0.337160574351805020221206632414 0.899319100729056852827625334612 0.343532428701278425009491002129 0.325490400857842199222602630471 0.334834842859394909986292532267 0.058225754952722863500014227611 0.330426431261752417967159090040 0.688919058126942318587282443332 0.787577567036729209171141974366 0.188208478120399091970682547981 0.975620174368184267521542096802  | 1.274493146684505973098566755652 0.996744099802646110752846198011 1.010140061971680047747668140801 
0.075837073603342464167553771404 0.790601748444625829215226531232 0.633845553025157992799165640463 0.872990518198235476710067359818 0.063834339904826453704345112783 0.309390406598641809488015042007 0.566353078830015399525166230887 0.028529661143696150027437852259 0.625311855294989560327678645990 0.278984928652489472256092994940 0.848463153572556971759865973581 0.158150894823873455763418860442  | 1.021107903699182584134064200043 1.601788754356370025888622876664 0.227362706960625021723743088842 
0.203416523814352268040295257379 0.163720682167861175670964257733 0.369602569293539851003060903167 0.303675120086947525344100995426 0.899650200971441993402777370648 0.903136628970521160297835194797 0.166242835523793042185047852399 0.834141976059761036665918254585 0.098084982774750084644210801343 0.718999759418396999777201017423 0.682110279427647236971665734018 0.912360024662555280094977661065  | 1.659402750569628715027192811249 0.949031195635724245107667229604 0.632483851979432021295224330970 
0.260764628740077775148620276013 0.950777945698796145279629854485 0.793468316714923349586285894475 0.409037802029512009838185804256 0.610933859681338287117569052498 0.100095195519993795940649761178 0.279453409012707654213159003120 0.907725207263129107992938315874 0.464374506033325418208335122472 0.335925233850259075119026874745 0.078042592344597871978351122380 0.194451838918239472420168567623  | 0.746993991524493639033721592568 1.452995627146887791525387001457 0.709325292560581743828151957132 
0.554057906848175796277189419925 0.833895689430466879876746588707 0.398569662229437571276946528087 0.109796716496688429032246858696 0.087830460788175690467483036628 0.859732231737666885429405283503 0.189063440804701277109245438623 0.503018598292043983555288377829 0.801234117954306768183414533269 0.624532669282881425232289984706 0.643380121430194962250936896453 0.422474818196839629891314871202  | 0.589248426946260450698389377067 0.917262095061677218410522982595 1.293085628603971803940453355608 
0.797461126212645088351393951598 0.379648485562956272687529235554 0.895450741412018969000996548857 0.378539765007217199332956170110 0.577274618439060804853113495483 0.875524978848190471580892335624 0.796383664590634809954394768283 0.882876541181496721222288215358 0.169471046991832574590830517991 0.537065284347976401591040485073 0.985791747560228581725993990403 0.114938567680402337067846474383  | 0.494486778053790099196618257338 0.407024666981890714811953557728 1.944703029499748936359537765384 
0.732457389399548519648419642181 0.629959998914258578750491324172 0.515515138798301131295431787294 0.191154467864313781788609958312 0.988730921834890086330460690078 0.969087454019172178654173421819 0.700397925522308284485006879549 0.362486564213554407487549724465 0.745069900010658425770770918461 0.660294998656752563093164098973 0.477175382774602363511462499446 0.105675502757876071946441243199  | 0.482592792572188178379377632155 0.583194812678595075894349974988 1.693918521680487954128579985991 
0.786594349960836769497518616845 0.938691234647742067664921705727 0.719545217767532885311254631233 0.141725140979336194924087521940 0.806585300579456765390773398394 0.115976360071920470140582892782 0.377888087558581053926332060655 0.781306898706963570688799336494 0.256403032366946947995245409402 0.423246054469283428112191813852 0.495995292000935950049722578115 0.854604517914183237081715560635  | 0.269058993546049785017260091990 0.491429755191847394968363005319 1.608271298436958929300999443512 
0.546996019613159134564739360940 0.277765208348870529242446991702 0.948859367235024286912903335178 0.144770765985945293330416916433 0.089311670509707785647890432301 0.225364384899067293765995145804 0.853659981325867511792182540376 0.471409125216912472389196864242 0.653499762218779145506175609626 0.449501717839935865939082759724 0.610655078013573326956020537182 0.754056728979790813482964040304  | 0.949954246807393265505936597037 0.692902310794726972176249546465 1.363613362071348200643683412636 
0.402469090843864507611726821779 0.564327363644301915890366672102 0.081688900186773882872159902035 0.482807528303545230308202462766 0.836794820850738196860163498059 0.306498458124919159750731978420 0.419573038654064034425061890943 0.598341586855992701998729899060 0.639047709045072021005751139455 0.955293710537933771220764356258 0.081279326438124854803390917368 0.020920460934007234499176774989  | 1.068419950019668052121346590866 1.180630374776469704301007368485 1.166333609108030300305358650803 
0.249387644977475675389655407344 0.605111332832626191979841223656 0.220611679756808287677927182813 0.392294518362031108260623568640 0.896480077050520796078103558102 0.889574182781335043301851328579 0.261048264182636047259222777939 0.976460236695479433244315714546 0.066013420958365265356349027570 0.580499389850740454832589421130 0.234674192855099272847496649774 0.566618363175307671042446600040  | 1.169177630502110210031219139637 1.374492405587992349680348524998 0.745413993448765133109645830700 
0.136070561878006368594640207448 0.280797664026780524615389822429 0.262262371707113195462568455696 0.823500177806014366233000600914 0.170676924649683203760730521026 0.686102464103812037521379352256 0.188252763104844067498788717785 0.299643525602670046659170566272 0.764251507229599114090490274975 0.060445814541211340120696604572 0.785664839645449530891596623405 0.866588715094444794750927485438  | 1.527193750403017524774895719020 1.091091055998098413581942622841 0.407392462783581987828540604824 
0.772776754725954861946490836999 0.560695218950155283010872153682 0.864108514004915839734621840762 0.526765977418762632034088255750 0.606421109219600906747871249536 0.462773821634240190014963900467 0.285947755430523087305516583001 0.301304971653391095998131277156 0.882845946276659021556554307608 0.564271376135204838497827495303 0.854637477654608512800393782527 0.658746021723759622723548545764  | 0.365971583582804238510277627938 0.391074561469088699539042863762 1.436358030571536215092010024819 
0.717589419447861143197542332928 0.190611461190131947773807041813 0.391237390511665950043607153930 0.626001540033921499706082158809 0.439978153363890123195290016156 0.067954264875978775961584688048 0.214216327739020440112938103994 0.264683838041631869231196105829 0.317437392957174768781669627060 0.422361713762333890187505858194 0.051129981205288665968566874653 0.439909743030474364999804492982  | 0.565325487779866464599365372123 0.389466543975106993524804011031 1.444654447954588638580730730610 
0.646796283928109172478571053944 0.037646367905837418987857745378 0.774939195040156181271129298693 0.428527733119171139186676100508 0.474858217218523948055519667832 0.558146639299767044484212874522 0.963439889546952588084138824343 0.303806361179235095981709946500 0.337765733480149266121372875205 0.828023142226826269762796073337 0.041842599395912283277709775575 0.230828161057575420578302782815  | 0.822595995978117833224985133711 0.421099211495749803368937591586 1.491122879313103721798938749998 
0.070436802992504099485415736126 0.585222846183813483200708560616 0.440011880924443765650266868761 0.140521236486850331637299404974 0.166719927979120496885911961726 0.352402035436287230929508496047 0.871386723836374499363444101618 0.963360271069605755833720195369 0.839900657944779305275062597502 0.772370196600725700264433726261 0.730767181619208838760926028044 0.039306180175702865042808298313  | 1.352823745036684233156165646506 1.554656582108453477530929376371 0.228950944093420455383025569063 
0.150606395199006648510930972407 0.524704330562513865388041267579 0.335723774110427974903814174468 0.585587597322687392065176936740 0.227518200345682486407383748883 0.903148825547492206666788661096 0.468970393546719765964780890499 0.222929485470006016889499278477 0.036085371778089569971825767425 0.484923378022850348756378480175 0.375592948162025486169568466721 0.788532544802158286145754573226  | 1.125337638919581273455605696654 1.160707214311618828972427763802 0.389757483211350230778435843604 
0.215510952438018987820100846875 0.716082125469577612797422716540 0.442834065352215255906287438847 0.423750139648354506860528090328 0.687917549675488015914481820801 0.306343986287472391794040049717 0.846202695611486643834098231309 0.227251190120526191940086846444 0.551336732566886644768544556428 0.853631343433195799441648432548 0.709210971744681284434363988112 0.028648084700275910918776389735  | 0.952235269903453973583395963942 1.254555497669619823497555444192 0.554525105053169209412544660154 
0.063609932540013791602007131587 0.739979507479118003843154838250 0.981713618846746793877855452592 0.836774116439646498122328921454 0.823611780859606179561183125770 0.536760917482982158333015831886 0.177825890381389406513790163444 0.814716882435831402098358466901 0.738853823262066611299303531268 0.943604355096320790430297620333 0.099265269056498461885951201111 0.769614094497608758338458301296  | 1.175685956999674042222636671795 1.777118563083583291373201973329 0.213619034258916373758552254003 
0.747928937108933600264037977468 0.587724235709657483184287229960 0.894931668127934010215085436357 0.404273002578471762902267983009 0.353925049720424267363227954775 0.924484174770103028784262733097 0.843185612871977907545328889682 0.033886113616926838432164004189 0.586380537491247966208618436212 0.431310264742169047202935416863 0.138071843278844585967135571991 0.288792102896273439327501364460  | 0.480814981627303572597753600348 0.547621726021521704197425606253 1.743289014519516122447839734377 
0.131407216357256495520289263368 0.981646652222858961955864742777 0.003126541505132807152733676048 0.948758415741119520703250600491 0.194006264136226680427910196158 0.861480289794313458529018134868 0.335889512763175246412572505506 0.785850507300447254088737736311 0.392119419014107184473516554135 0.486322328266188930179225735628 0.457904105848073728068925447587 0.155219888438558606402750683628  | 0.770895557469156611496430286934 1.707063288776300868931912191329 0.392211443431824791083784020884 
0.881246157837062282780493660539 0.327997817342072006674413842120 0.631812369199617807069557784416 0.130998328302426081393150525400 0.451108773391922457385305733624 0.960493963581563026110643477296 0.372325339566041080274771957193 0.682196011852650774365258712351 0.856453527860967289697669002635 0.992439874906185459657592673466 0.549845706396643429947346248809 0.017551883391198952466538685258  | 0.298836786185151359607203858104 0.226621112237471333816785090676 1.987192808709775437847611101461 
0.714795479254230148313808967941 0.245604537897667229984222103667 0.548210191061753837615810880379 0.904872927692076278738397832058 0.515204707608454604006453791953 0.167167794905962452389758254867 0.727720419776838545189434626081 0.954129000178670749754417101940 0.589594199832639609404338898457 0.350451788173457567943103185826 0.365707675011532451492257678183 0.381541029044423551930265148258  | 0.556830786935781918423060687928 0.411038725430003470950879318480 1.440125646007214044175270828418 
0.296579732544327123733296502905 0.486719065093759395423944624781 0.107041454062448804229745746852 0.812606026793894709037147094932 0.648156495664576004500645467488 0.809120130916045732227814824000 0.375603597542892519989266020275 0.905528223857006708819028517610 0.038478140266966720517416433722 0.411833127672286303244675309543 0.804079343323780837415881705965 0.906932291378904076317724047840  | 1.294932161557612815272477746475 1.267825131461042920122395116778 0.911153940763016811921204407554 
0.597581074974310677561106786015 0.485675922555173000816353123810 0.681507609799171687470220604155 0.916105557133714443196481624909 0.970904048372882133577377317124 0.561071683119434894138066738378 0.177278216178585745765872161428 0.392052452390219352551525844319 0.652674753331675239209630490222 0.583050740729587069210992922308 0.812465235091803128497645047901 0.564900557249986334795721631963  | 0.708017402519634519997282495751 0.695243668649938473258487192652 1.354922669625005182680865800648 
0.849170447669415850988627880724 0.678809053237998449858991989458 0.579513392220212475436369459203 0.838165832601612925678580268141 0.648783974932027995841110623587 0.779616290895666086413484663353 0.975717933980055573961465142929 0.289519677075105286156997408398 0.219979241527331503824882474873 0.326918984978645243977268819435 0.544176482013018381067581685784 0.847250861615197914389341349306  | 0.250295554264285569079362403500 0.317500438082351121860114062656 1.674394776549558150335883510706 
0.774744264591730402713665171177 0.196520089297477773548905588541 0.174945918061795602227448398480 0.076334317772471016461111048557 0.578941658023761296369968931685 0.456480200271764058328471946879 0.537517263075644402547936806513 0.853552085507447877432696259348 0.895535437730078598406180390157 0.321822186962489209527404909750 0.702739472516651475508808744053 0.602267237655976117594036622904  | 0.475864411457991909326636914557 0.322742691064529130251514743577 1.556643859921178041361145005794 
0.878549972107422694200806745357 0.275319946940672299895425112481 0.010080807612427133967969439254 0.512285955571844642264522917685 0.716923700079504455651147054596 0.601924738148757465516780484904 0.320861798564271549771831359976 0.197199388018654109266947216383 0.887062212535117300404863271979 0.485687041815249465059878275497 0.103980013651557623433063781704 0.961869269300847817838473474694  | 0.300861404925122866149678202419 0.212184496744643735777202664394 1.906347892980448932576109655201 
0.600859332951162117275600849098 0.709008134559528935270122929069 0.863532222205171118289968035242 0.335498809899815286783564260986 0.225137685300019541045912774280 0.450452091107140017989252100961 0.744028989466862800128410526668 0.590140484825094402410172733653 0.359685422836682477942815694405 0.213366084617062967687672880857 0.368636810716906015983340694220 0.682521711012012199937259993021  | 0.539191025884153352087935218151 0.663543488872864628547176835127 1.180146732292778111172992794309 
0.901958269237913445870447048947 0.381971644777792218583556405065 0.140388797759830596945107572537 0.866127040650082613559845867712 0.210540496943045662980864562996 0.244038758685714785023890271987 0.651971059650761741721680664341 0.791746840702881149454128717480 0.093826350404963010376491183706 0.734185818950055302245516486437 0.686914705631180178002637148893 0.178756957944503969137883814255  | 0.220677099702568768613275551616 0.185375184317854824200821894919 1.856601542874643628877606715832 
0.266709799420526638691342213860 0.425987454869934167867029373156 0.884480431627516217041318213887 0.101781299678625702931356045156 0.093724390905878363078329584823 0.271525022724477205215976027830 0.030715275124867602585254644509 0.606379604472383371138732854888 0.815260495225113124284632704075 0.862968233155408048773438167700 0.210304847306855280386628237466 0.773958489259751858391211953858  | 1.469067310120302449760743002116 1.297155618302164858945957348624 0.872713220489878871433120366419 
0.635558993837730956677489757567 0.471580440729655658849139854283 0.755146639970248001461072817619 0.455695146312406595967559042037 0.492198975573605812527944181056 0.358228478970261332570146350918 0.226578912456660952479126081016 0.483573106237791150441296395002 0.916254457207464123591478255548 0.778100136621789340019006431248 0.030008994448324277648509905703 0.423167780204253496378896670649  | 0.638898839268405627223046394647 0.617024392661293719086756937031 1.378243086952038343184767654748 
0.054151999143744911080489146116 0.771211933148719941399917843228 0.002581780907601083363545058091 0.383905742136623762128522230341 0.010255622745679260354734196881 0.690344246576370612622497446864 0.570144057826294514690346204588 0.102628530087145564131390074181 0.048271726980057994005335331167 0.472530576744407238010126093286 0.014832837993164260659284536814 0.676493601847388159598040147102  | 1.141037503144021858503265320905 1.837915583911640782233121171885 0.184459866111050724279962764740 
0.272448548737207141279270672385 0.834993844854846400949099916033 0.903990276524275881975256652368 0.721167109043457155159728699800 0.010408331746644683413194343302 0.455942798555351247458133912005 0.418385163000122295429150653945 0.465717187570328094992078149517 0.362288661138041256926101141289 0.836118046201758335911335962010 0.787372716738792166601967892348 0.189886759541969873943401125871  | 0.851178308713243736427500607533 1.369493705422260010351465098211 0.735531400600647922161101632810 
0.880759126502041800321762821113 0.789165059795280066090583659388 0.709920608268339248247968953365 0.723930196204376041890782289556 0.996570459054809565380139702029 0.608612900118209454447537609667 0.164081269333381074559952139680 0.377715727889876173861694041989 0.411949854883108979031192120601 0.086948461685461442272071508341 0.417230789058490203480289437721 0.331358177671487452720100463921  | 0.177934230776021912179274409027 0.260473124559189750382159900255 1.664411641596364122008822050702 
0.758266726387660461305983972125 0.771385759617536970189632938855 0.911270218700837242309376051708 0.141801124111950893613709467900 0.199896515560210596973433894163 0.318015690704400610933078041853 0.217173830837608661248339103622 0.005863253159327563857061704766 0.392857978832206744534971676330 0.619577100110648260056223080028 0.704826258834813645925976288709 0.168341719428291458626745225047  | 0.391018934608475421388362747166 0.595726836603392650992816470534 1.785581223558095897985253941442 
0.345819785954619152157363259903 0.694408046442511084350712735613 0.206333848939124875343509302184 0.054169940417413298128224141692 0.033438535393514712268370203674 0.814554880086044041931359060982 0.890070729810363836520537006436 0.393496205258843767538223801239 0.590631926024492104332352937490 0.296957280451162319856450722000 0.593024833687189056874444759160 0.358986068904883159902396982943  | 0.949460641679666372816370767396 1.260144261241874952261809994525 0.952680573471376801464316486090 
0.811877331438634053384362232464 0.331242770469608593941757135326 0.137001508279220751695959279459 0.330729452632456344396416625386 0.814936322432953663685850642651 0.358477911142987548664962105249 0.266585295577879577422208967619 0.442135866022639656414128239703 0.284413176413627621919033572340 0.016340850208643509233752411092 0.842066612318353224786449118255 0.110123012600732095300770652102  | 0.433829260272128258701940239916 0.337255133029154774426672247500 1.805096880778882528773010562873 
0.723977116557611211078437918331 0.259383338631203219648568847333 0.308118720720627958797876999597 0.802679510808243623642965758336 0.972817836652748124670608831366 0.299816029731606037422864119435 0.487262921243198032783539019874 0.198533133770787961758230721898 0.412963327817176928391518231365 0.130905362517186985016337530396 0.637584390149926405477742719086 0.796735568679575401063175377203  | 0.590559512542041309401952275948 0.426457989634103418197241808230 1.573457286212452510554271611909 
0.832838498863772480618195004354 0.240714219610655422165734762530 0.081220402250652634634775495215 0.272012139252507778586220865691 0.058752877915502654815327332471 0.608365163456106361472564003634 0.491681430809780883883775004506 0.329249893594897313775504699151 0.626857042287209620390342479368 0.125460273903307384379957056808 0.357829903241857372186984775908 0.207892678103668515632307389751  | 0.365901538101032930416778299332 0.258045865133293028659267065450 1.665810186313906537947104880004 
0.493196714279997450169901185291 0.746479914528124344208492857433 0.084739258111578785737094676733 0.816897589302404636413257321692 0.732008422182065521255367457343 0.868525689696685421203881105612 0.858556864711421119373824240029 0.495874912671723122592482013715 0.793370521121947946951991070819 0.923264577900226313111886611296 0.395854145243588306790627484588 0.017819311406468640868183683779  | 0.825578954394274644457141221210 1.252912452320923852866485503910 1.468725076508768490057832423190 
0.057232230946591355902342002082 0.152781985648188345372489038709 0.509411523773839469697577442275 0.024945141198654541270229856309 0.534271955771686402059117426688 0.750620905448776798429832979309 0.320195900628853169500587227958 0.001992876874711280166252436175 0.510144465992011131305616800091 0.205269178729148960016459568578 0.457106419191096291498865866743 0.150585233039319033032654715498  | 1.515693538393493966509595338721 0.921431947216703850500607586582 0.159895861428637986456635644572 
0.520105381049755233213716110185 0.357396607911060870677033562970 0.467515587111222985505776250648 0.284332428026577987978384953749 0.973540922621667803582568012644 0.251566147889310975926946412073 0.228102203885888088485955904616 0.466012817509255272696577776514 0.384854142820401645685990388301 0.406825365564655316852338273748 0.954998525246279483802425147587 0.242583798785014681520522117353  | 0.897259296418630447611519684870 0.744873465108043308902097123791 1.242237867297517839304532571987 
0.334480935595009687411049981165 0.689121609996948492060653279623 0.388018186618522387121288375056 0.596633406745500582957220103708 0.886963484701149607047909739777 0.476539668050722231562588149245 0.830845621989061200451942568179 0.730569753618644290860117962438 0.875951223521503674618315926637 0.814905720061411487087354998948 0.908167644876183621782672616973 0.378568863520722720394928728638  | 0.928683584181723364991967173410 1.202940852559784445929835783318 0.881061728519477060928011269425 
0.971576049760025650670058894320 0.971853285683836443098471136182 0.159341455175986634884566228720 0.841127845876729396401572103059 0.384288980620189568604416763264 0.956326530214357539705360977678 0.265094510394109361683945280674 0.280467097018869071511915080919 0.699885115291177140051104288432 0.410072223737749319560919047944 0.777009896935786037452942309756 0.625941890911670739683358988259  | 0.035045509565209194413615279018 0.067200516660082726394520591384 1.696359363173802980995219513716 
0.524075929116411431962774258864 0.806753302674774630531828734092 0.405352334503425559830702695763 0.326631171154725730154666507588 0.508890660542438699742717744812 0.541279643355746409305595534533 0.226386608957530155450399433903 0.422212232029544054512371076271 0.633460300252335795079261515639 0.210039421137243054182874857361 0.626104310895502780276444809715 0.372052041928054078034904250671  | 0.541663254216714684652345113136 0.660015736188345858437287461129 0.920978881382467418070802978036 
0.348619850868827518830528333638 0.030139591190874837067781299993 0.350803010816024496421050571371 0.364141332852419563614887465519 0.072817438570906722894449103478 0.194258702824961493327293737821 0.239638284030886161701801029267 0.657511492619883730625929274538 0.057443363373473665944857202703 0.507322531090791950525442643993 0.347599031709997063899209024385 0.727490218772899543964172153210  | 1.267961811909849911828018775850 0.670817796282247025274614316004 0.874776502988164117446956424828 
0.421348901211113457954127170524 0.060660483005829712865875080752 0.058222971665675915531323880714 0.897934705022216617109620528936 0.413718881890533074496829613054 0.016197189827484526070122683450 0.912268703565465632898678904894 0.055661309744612696981391763984 0.177978765481279332938413517695 0.970529095849997802680775293993 0.514911442773095529013005489105 0.127919817181894712732059815607  | 1.777576180268247041382778661500 0.709426086700048919020389348589 1.491088972402711210207826297847 
0.800706030798186363384161268186 0.379766742802619794439067391068 0.511809890669084111003428461117 0.742088281490504764192905895470 0.713908942051222128455378879153 0.413867073979448441001238734316 0.731937765729139488968257865054 0.314341793063952712472541861644 0.101898091802512968939709026017 0.333805314785937445876129459066 0.036689948910192504705207738880 0.228836311441457995741188824468  | 0.391295654342987020424260435902 0.335870680403214882936424601212 1.593096069302716744076064969704 
0.843745609182995903729818110151 0.219806614013039358646040000167 0.641662143625501224519780407718 0.512137518715532702451298519009 0.363291015045252962956112696702 0.609744701084186213613236304809 0.611807225550945799064095353970 0.751091992930161933550436970108 0.227373569022146226892289178068 0.356102075304727927473891213594 0.993979217769343170729712255707 0.413359826173851696573535718926  | 0.286226055652574584708958127521 0.214918402514170575612340030602 1.428902596358184728941864705121 
0.425680578159343792066238165717 0.042445489226924260073303685203 0.121650409583251684075833054521 0.467951139646738289989968961891 0.912195368844280651821065930562 0.958184967948605637033665516356 0.616682085139688029862270468584 0.715797798126922124595239438349 0.248904919013511527481341545354 0.030336018066482117738758006453 0.036127489660714218189241364598 0.965422391383503497586104913353  | 1.676220033375799722819010639796 0.667974700458537684610860196699 1.425614444362923949327637274109 
0.019831670017846803055761029100 0.015849348994382506106148866820 0.545305844657940963493558683695 0.144031516045538987569329947291 0.737854330625810850285972719576 0.115682993221953744900076799240 0.670256908280951524403690200415 0.833286913983683485973585902684 0.702120896360947988057432667119 0.903955487252873446379908273229 0.000359055716681377923293894128 0.590516611668140734003884517733  | 1.767579518521519954532550400472 0.784958339750364553211170459690 0.060267660210509728380134930603 
0.869823214338541372825375219691 0.934010900161361012905558709463 0.710027625834541042948444555805 0.058333727005717150859709363431 0.556726474824489891979339972750 0.511237732042206682869789347023 0.084908232671264238788921829837 0.130861823789108266957725845714 0.481473872602601993264670454664 0.705960791829790546003664530872 0.748486550667718630869273965800 0.292910893621170065337366850144  | 0.166873325853148568587158706578 0.301834877264948286956780520995 1.663098151780549205369652554509 
0.712106095711292685912496835954 0.298492444069570206366392994823 0.556592247144572005446150342323 0.189773798740398458306799511774 0.298835618284381654419235019304 0.113153318219504250841112025228 0.173488700902044379326127909735 0.386519700029355872672454097483 0.939541247264553236462347740598 0.608182031462659256071390245779 0.362931959328571585032818802574 0.019228089416045479609351787076  | 0.653902621212225643176907396992 0.485531863489678805478888534708 1.676516505496623343773876513296 
0.741984011212404426238720134279 0.817081092768800920644878260646 0.517345943187605183943844622263 0.297768348299010776614181850164 0.437252742944853278750372282957 0.902122094131645013703746371903 0.340772345488079553277316335880 0.911583665437815993115577839490 0.640176536980649690811162599857 0.761990347816947743986304431019 0.163708818176562020951791964762 0.665274074327435571696298666211  | 0.359143332102273393768854248265 0.533110906548004526150918991334 1.498215044096169235032789401885 
0.904575989428395343949773632630 0.417305354057351918228846443526 0.692312671868939522035191203031 0.840562219326083659431958494679 0.737291871376332563770006345294 0.852269073163999246744992888125 0.633311969988490930383306931617 0.076308101729829269643801126222 0.937123813195281707422168437915 0.781099556716967402536511144717 0.718626241209765370676620932500 0.373698982009549318661356664961  | 0.208371382593894954871061031554 0.184670537347772251157707046332 1.843592060129145338009948318359 
0.853175815512150603758811939770 0.315940970796078302029741280421 0.404352548061937211443250816956 0.466702744308020167629535990272 0.098236961585036364219547522225 0.249744266180061180726568181854 0.958239548900725379709797380201 0.293834363180711322094396109605 0.948037278017593298962140124786 0.894624908829155129907917398668 0.891452400497054320283041306539 0.606661742613811338920015714393  | 0.368072229732398059631748310494 0.274201743100240369344078317226 1.954700815185663964612672316434 
0.667602878613912320560075386311 0.438549151920168744922534642683 0.640911653276518333832711959985 0.968668920453457982233658185578 0.896217477503719384124281077675 0.345443414164936068999622875708 0.078794125722801755529189904337 0.222184342339740936722591868602 0.619468433949290298023981904407 0.408674242023431055770288367057 0.580209377074616283742614086805 0.739454336209954932179755360266  | 0.646518201532272129838929686230 0.594698993386395979854341931059 1.526679128989474998334685551526 
0.320312885389893775567315969965 0.070578729233277570642712817062 0.535188699202616025019096923643 0.141479287154639088441854255507 0.264694997743535220813271280349 0.769483823235984298882783605222 0.783744462311679046528922754078 0.523246729588089598550482151040 0.569308665170011884981704497477 0.403143439469855646706264451495 0.545800342447798958467330976418 0.295460351517833674783730657509  | 1.014368526797576164355518812954 0.684671559249679817504841139453 0.673580454005019424457145760243 
0.673169466874167232717240949569 0.473034513517647248193043196807 0.999264883704131356978450639872 0.793321427363489761752646245441 0.267491340672842636827510887088 0.319830660162499502696675790503 0.825781863705593588420583728293 0.195121011717610981506254574924 0.072844237919649224011209298624 0.431887977302652603661670127622 0.157082494301716280027392258489 0.112814736954044314565237527859  | 0.736430578040444983045631488494 0.704791811544222102092760451342 1.807955281593499385905943199759 
0.562733240755213359740594114555 0.541119402527213244624704202579 0.795644526040642618980314182409 0.516404558973432181723239864368 0.949142417973781071793837327277 0.589954519697870272132433910883 0.329929085924061005208329788729 0.746632305626066417048036782944 0.001209108592081564736986365460 0.920902401860221209162205013854 0.802776610067202689435816864716 0.576574799305893948009327232285  | 0.829964568164985982967607469618 0.882708201694218708155403874116 1.477462668191547257023898964690 
0.485205035383078131516754183394 0.294569479476579965115945469734 0.154715850654103537209493879345 0.627133568156312493080406511581 0.571621740334554817586365516036 0.780879878908217750499431986100 0.472481866896301339053820811387 0.365704914000519520911325344059 0.209023675973865730171041832364 0.811586426151741702206265927089 0.783402740549675069559043549816 0.718288820098595848229194871237  | 0.876814911347357561766102662659 0.696338990693646797680571580713 1.068814460421327661165946665278 
0.516060884967588395788595789782 0.681064939812527692097887666023 0.823823907908647679043667721999 0.892269683049998874047048502689 0.631066959100835211948776759527 0.149499816512084660047321449383 0.990383799465832770358986181236 0.323946423607211153594676034118 0.533979590610534460282110558182 0.220576885294417879279649241653 0.461918387676332531377454415633 0.192909023930090350873456372938  | 0.774629840833593319437966329133 1.008222576889606703076651683659 1.337269279803518617910640386981 
0.298539426928600915012168570684 0.228677250111509633434536681307 0.414592814515908347772210618132 0.776009871313543153625857939915 0.974178602113244140880965460383 0.514580472609615924284298671409 0.200687599977865893663420138182 0.107329599517127727281717852748 0.790241207730265626807408807508 0.981735001211748059546380318352 0.484088600123167567268467337271 0.601541840063903654467480919266  | 1.396638532074157890150445382460 0.927061943622069728476731143019 0.849288105808610693792104484601 
0.309720978738005192631987938512 0.514056071905083289408366908901 0.249020330011001544967541576625 0.539618294252653729614621624933 0.526015535200881068078615498962 0.963314920441959654517916078476 0.238786817148002206145918080438 0.007139811916678784342593644396 0.575067640746224739700664940756 0.054486171297099650345785448735 0.756233394043690720920380954340 0.291415092769269357120265340200  | 1.177773192767161747340765032277 1.202733618726580022695316074532 0.890351497945306658010622413713 
0.101251835812551371773793107423 0.332039491110158069275826164812 0.225199237278538411111128425546 0.946723799746977068281239553471 0.288196137457586765151518193306 0.375887199328028054345907094103 0.377875435865950404235036330647 0.504328271746314338308536662225 0.172980849442355477663113560993 0.143044968033144925811939174309 0.970079900270651163118884596770 0.471158900170212557867444047588  | 1.400692374142650908908080964466 1.104281685848451211029441765277 0.286097491576861928663788603444 
0.958425794991218049645453902485 0.116684583989517975943783767434 0.669405381721212000556420207431 0.285570890950860634127650428127 0.820087820107715415041127471341 0.081518025498088397817753048002 0.277274067819586189642677709344 0.673925127895848907755294021626 0.248756267162422939343002781243 0.837783511752899223701263053954 0.874833565057144491028395805188 0.858084723742815302927056109183  | 0.107326376669419784604109224802 0.059175834160442954134939697042 1.874060918169659251120151566283 
0.889131963653281398585193073814 0.991906932497053084318849869305 0.308780353331996049170982132637 0.273853085547440810998409688182 0.173722250218745766225936222327 0.817021824602062296527549278835 0.920663991062650510777132240037 0.724348978365195295126000019081 0.241611965073552870109097057139 0.632964903280398227813918765605 0.004098701842592977762080863613 0.043421572439403366416854623822  | 0.134983135036596174627376854005 0.330580035253637660730419156607 2.029612592078202215617466208641 
0.242261804986647844017966235697 0.990645015527609751337934085313 0.120835826009053626250988600077 0.696164110260887425418729890225 0.664000780015452152227339865931 0.520023814565815256649727871263 0.032446910918419002989310229168 0.840130944009234381653072887275 0.000264062848578605624538795382 0.701834782499754505913358570979 0.651181970143736577050219693774 0.105230196699144351590859969292  | 0.723615244432492366044584741758 1.723241539707309533113743782451 0.747683547108090706956318172161 
0.246879884650949121827068211132 0.698359458584682735171611511760 0.301214555198783928702255252574 0.880763921078353884119849226408 0.939211569441628424392831675505 0.370751101706618846343133100163 0.376902857447356076647793088341 0.090427526036605199166729107674 0.592234333998140183297209659941 0.942625097904384090519158689858 0.244774565018183398734663569485 0.133625394341380210327940858406  | 1.081979876050370048545801182627 1.480488296726818919779589123209 0.749043469483069324077462169953 
0.387230420338340652897102245333 0.383492445737260712057548062148 0.476816739181468052244383670768 0.479044188017692773584599308379 0.450056085704835906469156725507 0.438711989251793554878133818420 0.118294850981983667992381015210 0.116420521140939370319244972052 0.967570599221457494643061636452 0.634388920807124057077430734353 0.714857623408571063450267502049 0.333879194550862345991504298581  | 0.997079816463507406787414311111 0.867516503963992824388640201505 0.920305980507766685505544046464 
0.030394183168637067815609498211 0.975565669311166172583682509867 0.947541711963639010640747528669 0.957019590674545339581413827545 0.935621995615516066635564129683 0.487333622036196456583923009021 0.512229106205925321937399985472 0.901479406460447885152120761632 0.716546019333855865873772472696 0.331227987643056720479250998324 0.928947685200562367491272652842 0.683396430260682086199608420429  | 0.802831826317675800730455648591 1.887439747304121118176567506453 0.097999779163704253681643763230 
0.533433570724309857880029994703 0.340856532627934583068451956933 0.764795225892084817864713386371 0.153920715262705454229319457227 0.554042616137757071292924138106 0.604709583187609811538720805402 0.123966954004664176025585220486 0.874224494386670381018689113262 0.153265226787596131607926963625 0.061775189453763368341299155873 0.949143156606881088777072363882 0.186144620014952910658223572682  | 1.113319659083576107505564323219 0.854432828518100317971573076647 1.559129020403129395333508000476 
0.002052727749781935173700730957 0.864565274698068209069390377408 0.052722350884939594983791266714 0.744815191825209166331944743433 0.715559974528220510414655564091 0.617896574662947895006936960272 0.345400478190501236674947449501 0.981813439250826869297839039064 0.969986567555727208223004254251 0.951816235877791516628576573567 0.255815139180946338193223255075 0.837317530982308988463103105460  | 0.996663704851820542174323236395 1.933010524747989844485118737794 0.007012570757947413253863278015 
0.036046324819421493579341131408 0.325632300144520381302015721303 0.438313618735434729067890202714 0.388582481766627019226234551752 0.640064981830573587195942764083 0.009658440336716034302355637919 0.513005925951670271878413132072 0.230227218949664580449621098523 0.415041549727704683903084514895 0.529901031410811684807526944496 0.263911465689882995810933152825 0.436659261502011619704433087463  | 1.077733269456183418100181370392 0.916611677089713805521853373648 0.080194263420676800691033747626 
0.253729576283915458922990637802 0.063698170255999775335453705338 0.222755407396248328311116893019 0.918828946278903546662775170262 0.096961048745623168443330541777 0.098469469809561616102655534633 0.684993704978135831140662048711 0.993752230060339303285843470803 0.977555144407911802417743274418 0.005203354796753822952837253979 0.679806856434569728442340874608 0.650016091053887468120819903561  | 2.032005025936321818136320871417 0.830073310277303355597666723042 0.924305022757145211542706420005 
0.476182781386503828358058854064 0.575847106315927503850105040328 0.278232400598421136805882269982 0.942645505876429701253016446572 0.288882703369988780295329888759 0.673737989923966051897252782510 0.020427644772639586001616862632 0.110629313678270002618830858410 0.349753676164380133961628871475 0.624019683851893769421792512730 0.290131150447874075481990985281 0.168050321685598191834287717938  | 0.924870941172237115424081821402 1.035191730239101826072101175669 1.287999707551915617997906338132 
0.870237377720748717102594582684 0.810526324130670605683235407923 0.930509819391347803296810070606 0.142946243174859821678523985611 0.852182107861257920333741822105 0.087675150205391294555568038049 0.317059022771646104033038682246 0.870813044637728905783546906605 0.075167206477027792566047992295 0.739611837028455343379107489454 0.035753118093650781972314689483 0.967880483609060426886117056711  | 0.236343542845668636021017050552 0.436036069527780623111823388172 2.399451246515999169872657148517 
0.769553371874573732824842409173 0.703581038652405732491956769081 0.027341061679297506969987807679 0.662933532507802736333246684808 0.582077149256980286295970472565 0.816889886209669402461486242828 0.925417011141151490960510272998 0.975878623980140247340386849828 0.814293934883540959646097689983 0.098451331318752943744243566471 0.472014660144975395361655046145 0.139421062615967317199761055235  | 0.439747168811570943169897418557 0.623879088638213286088785025640 2.015694993336684337492670238134 
1.000000000000000000000000000000 0.999999619709331266648177916068 0.500004309542656066867039044155 0.500004051092006185363914028130 0.500000552805971221204117682646 0.500002941416115675998810274905 0.499999692225742420337297744481 0.500003662775177382115998625522 0.499999773708631689572712275549 0.499996774430728263549639223129 0.500002427251438286148754741589 0.499999760297285544830003800598  | 0.000000000000000043297802812461 0.000000000000000043297802817484 1.000000000073856254445558988664 
1.000000000000000000000000000000 0.000000000020738597998505626493 0.500004309542656066867039044155 0.500004051092006185363914028130 0.500000552805971221204117682646 0.500002941416115675998810274905 0.499999692225742420337297744481 0.500003662775177382115998625522 0.499999773708631689572712275549 0.499996774430728263549639223129 0.500002427251438286148754741589 0.499999760297285544830003800598  | 0.000000000000000043297802817484 0.000000000000000043297802812461 1.000000000073856254445558988664 
0.000000000000000000000000000000 0.000000000000949968325951860604 0.500004309542656066867039044155 0.500004051092006185363914028130 0.500000552805971221204117682646 0.500002941416115675998810274905 0.499999692225742420337297744481 0.500003662775177382115998625522 0.499999773708631689572712275549 0.499996774430728263549639223129 0.500002427251438286148754741589 0.499999760297285544830003800598  | 0.707106781279788654259732538776 0.707106781197754830081692034582 0.000000000000000000000000000000 
0.019467861532335435648111143792 0.974648095721690643777890272759 0.504198089295172402479749962367 0.491420910499739738153124335440 0.478953970325712130584605574768 0.491914201748853918694237563614 0.516630870479258152982993124169 0.510559101507056301016973520746 0.521963193315233664471008978580 0.494894039457084877753345608653 0.500815041554658169076219564886 0.488450128522502802219662498828  | 0.707068797581220209735874959733 0.708786815072628639811114226177 0.030625121409905517455563028761 
0.017360939183145407405106652732 0.000000000015261018421032279390 0.499164182062160344255374866407 0.493717347630857117390945631996 0.494075343843219383366260899493 0.517890233539827105069264234771 0.498305943809014162404480430268 0.501774129018383141520587287232 0.488805812235643122320993825269 0.525495448358995420612416182848 0.496081615849895019021431608053 0.487196976669374059998318671205  | 0.708554670419976995177080425492 0.707049150524252323357643490453 0.027304092347225399767252085326 
0.737677251372117481764689728152 0.989526776123837881193878729391 0.502729167291993017663287446339 0.499246943527938857876335987385 0.499820702954037299203804423087 0.498738141856766625803487613666 0.502163129679497721724601433380 0.496094131438807761647069582978 0.495418057214398299681334947309 0.505578886606249278123925705586 0.497141732441676587050949365221 0.499646914568608491169499075113  | 0.283197717736409837474553796710 0.283236908935444231527611691490 0.916381955792077707023679522536 
0.511506046991272778079462568712 0.476964381879732113311831653846 0.501620377618819723863907711348 0.510274551564528833225153903186 0.490725871394949886283853857094 0.496825540970236123605729972041 0.500301523821216842513592837349 0.505495685580056086649847202352 0.501040737820184878259510696807 0.492518759307708942074555125146 0.495198062407713190946623171840 0.495380102294553370523289004268  | 0.491052919570878432242722055889 0.491040982434768014108783518168 0.720012464684619102328611006669 
0.215502019133355732227741441420 0.411157550565482865501110154582 0.508264186653650695824069316586 0.498461801715218422170750045552 0.494378110526781711087096482515 0.499238643778756874258561992974 0.510682282584698055138971994893 0.499344801162043827602587953152 0.509686710244720231344217609148 0.503438041201776154132119245332 0.491482096108148636126600194984 0.496465805907219615011882751787  | 0.667289055064704927922036858945 0.667213086402168142896584868140 0.332217328605953765574554381601 
0.574683105916763414811043730879 0.899335178662534318050347792450 0.494893464883713829483014023936 0.501568060854650554780675975053 0.499369604186314541838243030725 0.497189465923764895016745413159 0.510355809460560250201410781301 0.494086260347621653021832344166 0.497293985835955409946507188579 0.500253672767281720723531179829 0.495141927275020599097388185328 0.491817361264690666722287915036  | 0.438087109486286707671354179183 0.438239328132521643865970872866 0.785226103341296943760596604989 
0.759563027885026165186843627453 0.999941957833187844428834978316 0.496657002428348037792460445417 0.506449777727879579813929922238 0.491616286347414666035859909243 0.491909364335538779045009505353 0.508219062123042020218122161168 0.513154904360881070068955978059 0.501190183199276551029299753282 0.502271081273126029920206292445 0.500207277044611653415984164894 0.503101908985322698875108926586  | 0.260779493403220319347468603155 0.260961889880642894379292329177 0.929937564619776058094657855690 
0.772187647480429228963316745649 0.941406506893796235502236413595 0.494096107101972825681457379687 0.485357725793101157929498867816 0.498074818581150491336728691749 0.509074967009458423383705394372 0.512764235417962788154966347065 0.506990302046413265912860879325 0.507930745074881229150776107417 0.510234031480004346370549228595 0.501785592806043068137000773277 0.486604073901740541430172015680  | 0.247738088432064074151384147626 0.248046290701026656000394154944 0.937493697114308743856270211836 
0.274702567624360294296081974608 0.870727412200080208570796003187 0.492782461379397906942045892720 0.498598143144770911128205170826 0.502779601862709757398306464893 0.509074967009458423383705394372 0.498807854884349366475504439222 0.499276028849164610345923165369 0.505091987351959814667168302549 0.499169634742036516517060817932 0.494612109359392315699466280421 0.496412748015205129714644272099  | 0.642350000629061557155807804520 0.642510534809952571499991336168 0.418325155612227161938676545105 
0.645964801492023177331702754600 0.552424782956461024596706010925 0.497767952681090974920152802952 0.492065155340825621799183409166 0.496200457283185680790182914279 0.488803517395075048934671713141 0.501598223927429920365739235422 0.504047272502685328454674618115 0.518912028103624467512133833225 0.479077635658304190613421269518 0.503480401544521893875128171203 0.494837416260998808059667908310  | 0.373639726083554779556550329289 0.373704944722833776182824294665 0.850212207950148957102953772846 
0.631613246732722899423606577329 0.512873759597685108246878371574 0.491533600713402241133564984921 0.496904298884855766260670861811 0.503332938613425429075221018138 0.514383489284899741988965615747 0.498322708117670820637812312270 0.492780450297325256503455648271 0.486800430965717401132764052818 0.505953308437519733153919787583 0.493474241128643853482316217196 0.480066707859161889704324721606  | 0.387099189703356549863144664414 0.387114889384908955616282355550 0.838036308957232356497968339681 
0.451050528336651712635330113699 0.000000000000644668696780448746 0.498479206334782043441578025522 0.495553880536303892334615284199 0.501687695175455861118507527863 0.493964847491845215898820242728 0.498065568344160491953687142086 0.480991416943054528321255247647 0.485765921650244292262499357093 0.490732196478321169852421235191 0.507877078516600577451356457459 0.487229643276749280200732528101  | 0.537830697545576774665221364558 0.537037851045627734336562753015 0.651313653293596250826169580250 
0.606591499166562631017995954608 0.598139985046824973480283915706 0.496189272014398885524144588999 0.504363030453914396034065248386 0.491913866654062337246955394221 0.494875912391992966998799374778 0.512392699333923395954570878530 0.517056523717965843545130155690 0.504542797365085782246296730591 0.500786914259111481939612531278 0.495308161628742915638667909661 0.490811022231268823112770860462  | 0.409923365908051784423093977239 0.410011456767340187745674029429 0.815627823581739352931663233903 
0.192934400143870810051538455809 0.483293293788620126338884119832 0.503068752215480752276732800965 0.489487810404838519229286930567 0.491065113928327190429001802841 0.499671913385887844771815480271 0.498401982182145042443721649761 0.507347370324064739222080788750 0.494912198154660032400897762273 0.488703907108155810590233159019 0.497126967555635845830153130009 0.496952248559062836896771386819  | 0.675178216522906549101890050224 0.675163076206584888971917735034 0.298570329527785005563345066548 
0.055882304065345909938056223609 0.568536973146443913584846541198 0.501211654708101361777039528533 0.507354090998342388552089232689 0.505024268954697985734014764603 0.507085049415417543627881968860 0.502163129679497721724601433380 0.510896931316774050024775988277 0.495418057214398299681334947309 0.496183397030743766897842306207 0.501239410850829347765511556645 0.505378903330357287515539610467  | 0.704585717544152445590555089439 0.704634317522052966431544973602 0.087695125853126221215916302754 
0.682107916615542708704822416621 0.339273612380232070240282382656 0.496758151174715223419298126828 0.490585141404351665617156186272 0.498828293881912188112437434029 0.496974419588530891278566059555 0.508572500942896743580945440044 0.510559101507056301016973520746 0.510685388424511055305288209638 0.501132036632487842808814093587 0.500503075931596819181379487418 0.492839616079611353427480935352  | 0.338793495638179731344052925124 0.338714568527069048720079535997 0.878302285706068164294890721067 
0.726499743943455289496569093899 0.598139985046824973480283915706 0.495892995359284771694774462958 0.482492859704320042890657305179 0.499136337616856440302370856443 0.497192978820815145724054673337 0.503077159191225642409506235708 0.502340471298506230368730030023 0.504526821605024711203668630333 0.500964181699371069456105942663 0.503376114455086454135823714751 0.490811022231268823112770860462  | 0.294639177562693588274811418160 0.294681329533414138044378205450 0.909548941991758730374328933976 
0.587148590309567564027304342744 0.513571078985073814493489408051 0.495050051122971401795780366228 0.497424020721779325260314408297 0.502310362724051384653023433202 0.500394448668543767588801074453 0.503281922959978533782532394980 0.496592546393915312830102948283 0.500865853774842717527349122975 0.495499972791026310758866202377 0.492709521123444849077799290171 0.498119783661239601268988508309  | 0.427146781142585474366768494292 0.427149270279154613660921313567 0.797096321034828192431120896799 
0.029024002018224664967149806216 0.028333224523735569405635814633 0.501165086237467471974582622352 0.487976928385960295742052039714 0.478938892324013987256137170334 0.494018079809526000634178899418 0.493953500289596003636205523435 0.492211032785133451028514173231 0.499611593910892770598053402864 0.495057017731909521085498226967 0.498082841340326931689475031817 0.484597851980722360565323469928  | 0.707586786728105154864465475839 0.706552677622076075181212218013 0.045620030981632364586175754084 
0.527900489920082538475298861158 0.836029670160414406510085427726 0.499651964550201610482105252231 0.508500351562278352091084343556 0.499081784579809895063817748451 0.515073687753099584973881519545 0.515846048226280884385630542965 0.503402935055685452070406427083 0.497000446160439091070060158017 0.492136839346073273748771725877 0.497042001561749435811776720584 0.491993048836260993272873065507  | 0.477773277743338109502246879856 0.478129648207872737231127757696 0.737928747525947836827242554136 
0.226055905239850196686290928483 0.623226528461530371316712262342 0.500729972177478277473028356326 0.505995937981252086323991079553 0.502255848626643186527473972092 0.503514841246518907169615886232 0.506312432790211763844467895979 0.505677784668886687313715810888 0.506248550566837374198314591922 0.500657488955492890880805134657 0.500084516877266294088144604757 0.500499206773563742878252469382  | 0.663083228703189697661457557842 0.663125769178436463846537662903 0.347730300474834608248642098260 
0.870366969276051949400141438673 0.937080131296041729527246388898 0.500117287760575401911466997262 0.498607338392654142467108613346 0.495296925819806777013809551136 0.498386893795333685286408353932 0.493944616497732302828893580227 0.502720360625399265153134820139 0.501537380622498862869917957141 0.502032846153284251222714829055 0.496081615849895019021431608053 0.501128971096925779349362528592  | 0.142997323021828992573034611269 0.143015753528394545801560866494 0.979431468716726261192206948181 
0.782735378206842802306653084088 0.769667136774452975700455681363 0.499678658949489484797368277214 0.499668140963351270489312128120 0.497807393020679000983363948762 0.497706477410274739092699292087 0.499597251299087941056598083378 0.504075285463257416473936700640 0.496634572038546995287333629676 0.493292189178952455996807202609 0.497166053489823678290804309654 0.503102240446686499453221586009  | 0.236676836790260025633614304752 0.236697092483414334163072112460 0.942422742798072143877163853176 
0.564040211246228051500395395124 0.962853226559089780955957849073 0.494503703756390911028262280524 0.508389822126661616863430026569 0.482188028951091418594643300821 0.493407901430421291788519511101 0.508017927599293983575989841484 0.508262023906347004675865264289 0.508492799177823751044513755915 0.492136839346073273748771725877 0.493010147814491650475332562564 0.502912499031825332984624310484  | 0.447355838840298558611863199985 0.447866478923923949650998110883 0.775151159171416304083379600343 
0.538702350357047721196579459502 0.017467873865420813217497197911 0.494906716466793572539728529591 0.492185229812633240342734097794 0.501602366274652156086233389942 0.505044282783739140185730320809 0.501514084149273786650269357779 0.491504104995094504015895608973 0.510174632809236250352569186362 0.509052978954688373214310104231 0.500443500602412605360314046266 0.494803651780772180135414828328  | 0.469029638962751793673788824890 0.468743889708264971361018069729 0.749062665226627788506164051796 
0.332680862163758250815703831904 0.012143175966249801500662641729 0.495679621846267903784166719561 0.502317095198682284085123228579 0.491881545189123636774297665397 0.483970125589635702390012284013 0.501094906084136537671724909160 0.507556794134226496595374555909 0.493725845289403386662030470688 0.510290389232831653743005517754 0.490538477252149329732588967090 0.488169489433871228722949808798  | 0.613578484033540094699787914578 0.612846034760676672270562903577 0.499501427861442470756969669310 
0.969724540412227886676532762067 0.552424782956461024596706010925 0.501855860996186398104157433409 0.504405577570953278510046402516 0.498228216979814397813441928520 0.490763838716771871872879273724 0.496060563616783856133451990900 0.497108277575270374182281329922 0.504245496546231075640775998181 0.494535911858056453915821748524 0.493778486329360222217843556791 0.498401599794926375430748066719  | 0.033621826264784507309890670967 0.033623068181117182762207562519 0.999093468360371383951701318438 
0.400888026963117038992123752905 0.512182419837849844945765198645 0.504096115259223043203462566453 0.492197317818484803009226880022 0.495623929349836789270966619370 0.497876208482538884503298959316 0.500624034162551856397271876631 0.511535101744022058234406813426 0.499404165503231856071408856224 0.496343643230929332244016904951 0.494266284604031824745362655449 0.505717463831549585151492465229  | 0.571657127804155451578083102504 0.571663996815510500049128950195 0.589098138067605359147194121761 
0.239282201866458654748726075923 0.974852633698893411562380606483 0.504290344623101405296949906187 0.495068999936521425553337394376 0.501748027669589702348673654342 0.502995654170993455878146960458 0.498221899412773561177658621091 0.510699080224053636456460480986 0.496608726410563749986692982930 0.481957724007927579279453311756 0.492017830194835636969941106145 0.503026235073317451451657689176  | 0.657841593562678128570553326426 0.658412938499941868819576029637 0.367289723620393138148187972547 
0.351447774700137494097162971229 0.899335178662534318050347792450 0.492018996113851081464218850670 0.502402025976064869894344155909 0.503537034553122264668445495772 0.479926852383325275308578738986 0.508951581253154761164125829964 0.492233706162654049975913039816 0.504457673389428817856128262065 0.488781056395185820040438784417 0.499286150704272013722828660320 0.492039382931256930042707153916  | 0.602253157251200876842744946771 0.602883827967338192799218177242 0.524874140277871714665991476068 
0.149337326728622932225931663197 0.574601049583547629495683395362 0.497200263299504285896546207368 0.493310615153659204334957166793 0.483895904042086044682946521789 0.495689383210089706821577237861 0.512653926571000728706906102161 0.499035735020332271716370087233 0.503715468029787172277167428547 0.499888576381007421201019269574 0.501233611813549639890652542817 0.485741181280362310790366109359  | 0.688172021928711741267647994391 0.688286496485017385005278356402 0.232598150931718539169423820567 
0.162393139563380861645214281452 0.999999437363608745243936937186 0.497053218800599050375410570268 0.492184016002443602832983060580 0.490088915692231619214425109021 0.497570960456690747353292181288 0.501640761647818567148249258025 0.496594763361083435526666107762 0.506042921076535701097043329355 0.499030819526280533526829685798 0.499074789776686289499707527284 0.492866005101444626390616576828  | 0.684266554598488951910439936910 0.684564694624589353821875192807 0.252399151461382309502567977688 
0.954837856302350185266902826697 0.597982140884217083787177671184 0.498698494861663343957758343095 0.492755031611118388124026523656 0.512709423571821920617708201462 0.496538010433961340961417363360 0.502821393393117710424178312678 0.502859236490493022309067328024 0.497835509804430420555121372672 0.502080997228370073948156004917 0.493928722717787205276351869543 0.500728319322746528996503911912  | 0.050132773694864685154470862471 0.050137251544326036367671406424 0.997774285942776839597456728370 
0.672050988515342506701699676341 0.408375482782561749495187086723 0.507595559846433452833025512518 0.496634230988978242482545510939 0.500316085171252034058397839544 0.499889947269432477483519505768 0.505991518585549915343335669604 0.504340071950701740455258459406 0.500121000955156103096044262202 0.496183974039338449024683086463 0.492600514522297361352798361622 0.505123496401377991560366353951  | 0.348449010514637613766808499349 0.348427005534131306596634658490 0.870414183350447179243758455414 
0.835176341634378927025750272151 0.898181652706129041163762849465 0.492912219663620920773183797792 0.503658603714371100323887731065 0.494001381122364857656492631577 0.474841344010215049564749278943 0.515033598692947736097380584397 0.492370344461464604091105456973 0.506486754974329156375745242258 0.490150665429983756204990186234 0.493871103514892828556526183093 0.495315607191930573627303147077  | 0.181116977991617328358486815887 0.181392213360628246077155267812 0.967845927422217200408738335682 
0.861785896800703499209816982329 0.549020516081298426414036839560 0.496468188853696201778831209595 0.483502372587442497131604568494 0.499261816820482817735893377176 0.510910960143250214571253309259 0.501337947767218405914491086151 0.500261970443494408122830918728 0.523484798197424550103562523873 0.513378593705198893459851205989 0.502169953512015210250751806598 0.498957744392928670418285719279  | 0.152474707284108862426208474972 0.152501504642831353653065207254 0.977640471263716226424378419324 
0.496423846871619833809319288775 0.981212104834798704011689096660 0.490865755695559902171964949957 0.504246488856064933870015920547 0.497900782367149741247658312204 0.516072371213821101676444413897 0.502725952665329489654766348394 0.500088099850460654494099799194 0.496296932666484169605070064790 0.509839874010273308435614580958 0.489351789466449138554793307776 0.510859301118585018564033362054  | 0.502888300215996286723907360283 0.503430629459691081351024877222 0.703625201471880012960014028067 
0.814798954023490895615111639927 0.001589909391201299463172724735 0.500113714754746974122667779739 0.499095376860068551394533642451 0.502286417026837184174326011998 0.484605720635714387611869824468 0.513757922975392467002109242458 0.500665677368610451125618965307 0.536271392004558311583650720422 0.491336884218543878954932324632 0.502768905489484718707160482154 0.495593238425131255020517073717  | 0.203486327626230339982171813062 0.202898656127359827694434102341 0.959755128492438713827539231715 
0.666316078968934077941810301127 0.905004941719016686718646269583 0.501170618748458363000963800005 0.519743594981826317891204780608 0.493709454620082366371747184530 0.492660891913227427796329038756 0.512069317255216205353463010397 0.498338363736853418028971418607 0.501377160878748506789293060137 0.486730813275219220681577780852 0.494089135678651480976242282850 0.504347348297782716031179006677  | 0.354001869389063084092583721940 0.354391290220871679750302973844 0.866498664026943865579255543707 
0.547796268532010799390263855457 0.976212307988491012622489506612 0.490833608865024584311242961121 0.485680948836637427223905660867 0.530698103729925985128090815124 0.518425444929701328966586970637 0.496629785318444094688317136388 0.515860818487420158540146530868 0.504767918530723114223235370446 0.515552435397820585372130608448 0.502204187679214486550449692004 0.490427109772108071883423008330  | 0.461342021442159022637241605480 0.462856143397845531950451913872 0.759817394162652037792327064381 
0.690531210693624108998278643412 0.735565370872907298149812049814 0.498005513093945528790840171496 0.495021368768894076684006222422 0.499634368534169259756794190253 0.501375456581538370137707261165 0.506512547940124346901313856506 0.496649131105183161416505299712 0.506121945359587877000251410209 0.502173696993126417176256381936 0.500755898069345506407046286768 0.495006209722808565576457340285  | 0.330386447347730705104140724870 0.330423643492783802866341602567 0.884290293515530234635946271737 
0.485576391295250819890583215965 0.449578982129915372123463157550 0.502218490430636488319748877984 0.514696685851149693391448636248 0.498231759513497962643668870442 0.500013406510501856594430591940 0.498510479596842859262295633016 0.504612085825613454481697317533 0.495147462269805105350428675592 0.489626473944176909824932408810 0.488044948862433103364821818104 0.495700347311249178705594431449  | 0.511496946931455087614892818237 0.511453212399540335653114198067 0.691279229860218502601298951049 
0.930057618984754141955306749878 0.905561310623105852890546429990 0.491217958816980160285936563014 0.508914745496790166257028431573 0.496407173801702128468349428658 0.478091033241368423833961287528 0.515785466285354821103226186096 0.488696095680918263237657583886 0.509891523254411671572938757890 0.501281498683884718658987367235 0.491665728063807427883347145325 0.490260867856577575718546313510  | 0.077566543986495706253236903649 0.077693998644645934081864879772 0.995253366651649873375617971760 
0.363115701746545060935034143768 0.713588055839259771673255272617 0.500988295084006662882813998294 0.497888157502764439055198408823 0.500671739233555568304723237816 0.489531993683989585797178278881 0.507828746720539236925162640546 0.521609393104562446552563415025 0.500115625261643992338633779582 0.488712543286323630731260436733 0.503376114455086454135823714751 0.498656016299439230898826735938  | 0.595478715455414975288306322909 0.595791953734975510137417131773 0.540376124347656139335072111862 
0.804632151471974199630210478063 0.999999637239075589434378343867 0.502078192244123533427568872867 0.510541439097811022840289751912 0.527040271101788970753432295169 0.503019891681024566842950207501 0.501389360738616285395607974351 0.494225550191489115814391652748 0.502106822384685846927254715411 0.492518759307708942074555125146 0.489304122203593594431225710650 0.506708812046477774515551573131  | 0.213659900433161881183607988532 0.214032623613487377189912308495 0.954338710840646919919549873157 
0.789473264978848066064642807760 0.549020516081298426414036839560 0.496468188853696201778831209595 0.483502372587442497131604568494 0.486366143997466804371754278691 0.510910960143250214571253309259 0.501337947767218405914491086151 0.514635367767116935766580354539 0.523484798197424550103562523873 0.513378593705198893459851205989 0.502169953512015210250751806598 0.497001055020032278530806024719  | 0.229926063259857288434417910139 0.229980861517099482993486958549 0.947282841354505800168794849014 
0.887270684903091355621995717229 0.346136206464782048008999026933 0.502278044882747187749316708505 0.490264019615659463191548184113 0.515409597508954431255290273839 0.506168448724129804716653779906 0.504561986930360806269391105161 0.514073479059667381996234780672 0.505432879233927545570281836262 0.510127716016601673310049136489 0.488692848584868999584074344966 0.494642477197638152919267895413  | 0.124694035392661273231595941979 0.124640871477654291421544030527 0.985232374132666510746503263363 
0.824606643566249908339216290187 0.713189459539397940801563891000 0.510066658442315801202937564085 0.500004051092006185363914028130 0.477592612704214602992180971341 0.492797802376579663352629268047 0.483355923475289994684089833754 0.496160208159345139655727052741 0.498395808096382120222500589080 0.501747905458936216405163577292 0.505441535689698073774422937277 0.499903952604674017834440746810  | 0.192483520511163852528824236288 0.192610074980026163560253849028 0.963232606236154698109430682962 
0.295115048088535447678992795773 0.999848412159601296345101673069 0.494128902904193811895794397060 0.487178933215535570067089565782 0.500787976203576956635288297548 0.498935379876002282895086636927 0.504889595794940859718735737260 0.510811802728394326322813867591 0.506570388614284716766178462422 0.512330185810964122694599609531 0.495075772372605416027369074072 0.510049269924037984580422744330  | 0.632571300707436723342880213750 0.633228645437054149525124557840 0.447436211084341284305310182390 
0.614444898643249137748512112012 0.999993819227445235320317351579 0.488396213380968002848447895303 0.499360297113070672470058752879 0.505778148058002807729849337193 0.493806556224217652051322602347 0.499117180167204577134754117651 0.504556718711291152246189994912 0.488399539771255997155918748831 0.503736475937044514417095797398 0.498334698754203164750009591444 0.497296608606185908119101668490  | 0.402574407464023453773194205496 0.402819082679703788230085592659 0.822462583677535441495365375886 
0.174022116476583998956328969143 0.012143175966249801500662641729 0.495679621846267903784166719561 0.502317095198682284085123228579 0.491881545189123636774297665397 0.483970125589635702390012284013 0.516645005814380442465960641130 0.507556794134226496595374555909 0.493725845289403386662030470688 0.510290389232831653743005517754 0.490538477252149329732588967090 0.488169489433871228722949808798  | 0.682122137542916506802725962189 0.681020402233927790724976603087 0.270246771013865294541744788148 
0.925378678402504650790660889470 0.000000000000911644970578971642 0.497169590356104917905355478069 0.496816448359271356505217909216 0.500191399641838008172101126547 0.497570960456690747353292181288 0.504636652010935438106287165283 0.496674751219266963353504706902 0.509519420132159339686950261239 0.495846322854210042052613971464 0.500770881524383981719950043043 0.492844962020266008639879373732  | 0.082725719247964332736522408140 0.082697622922449656734933398639 0.993353011562522203448111213220 
0.988758514608610528107135451137 0.258214771395963771372095152401 0.496841581748877991753232663541 0.500004051092006185363914028130 0.503696420123154520176456117042 0.500067845412267009130857786658 0.503041814180411828161254561564 0.499845780072942391658585847836 0.510524097476190208411139792588 0.499575696332646701502966379849 0.497398096414686796684634373378 0.499618503073714748108358207901  | 0.012488099440587378113898253673 0.012486669535818912396551993993 0.999994848848747674985304456641 
0.080843139526699123176278760639 0.629759677015820806822432587069 0.502330975064721796385924790229 0.502335513845536763000154678593 0.504248693253254276491759355849 0.509054400875001866744185008429 0.508361447182443804138074483490 0.493197674213042946966822910326 0.505926450015397932702398975380 0.493691075370656262677471204370 0.505334222611089400878370270220 0.503674872140347562599060893263  | 0.701605143123915309111282567756 0.701703501326688794392794079613 0.126690645898549947290234740649 
0.119879850263398229914812986863 0.175731134176683290171183671191 0.500237483966904816767851116310 0.496706166719301234202532668860 0.503157624648423174029687743314 0.507850763051741815878870056622 0.494809366626731805816064024839 0.510699080224053636456460480986 0.480868144084938942128815142496 0.514924852985252479165012573503 0.492701454863841981079985998804 0.490071295385411165312916637049  | 0.695618133421330497867529629730 0.694935607123602028245556994079 0.187376483419318173861967125049 
0.760337513605402248728637459863 0.759834714923886878068515216000 0.485176855792597838679114374827 0.502720759571003150689705307741 0.522095630341591898648800906813 0.486356049105231225126999561326 0.498947237024769729707429632981 0.499281989516667246142844760470 0.479887886082804249188171752394 0.495412014771253239597825768215 0.496786515685027796340733630132 0.494657125252914942059589975543  | 0.260165136421473375261115279500 0.260455329264260682098353072433 0.931243300651048988569868924969 
0.635276342049752251739391795127 0.999995094957524921497338254994 0.496993211358657704934671528463 0.504887331215351453650441726495 0.510284190149457361762586060649 0.504700428031873093992487611104 0.497213752812640852329906238083 0.510329499603240810401416638342 0.499531404389999655890619578713 0.502462823385644408169525831909 0.494402388646071389022296216353 0.504099712909216068901230300980  | 0.383333301948885374343944931752 0.383531794836430628414802868065 0.840605970018781678554375957901 
0.843975027005904765431409941812 0.891928066975341105049324141874 0.499785763139745542460445903998 0.507381106383174129703661492385 0.489070747428921703825466238413 0.491601299516634782094115507789 0.508921459616375804202448307478 0.497414048045645817985871417477 0.493975016460050375677326428558 0.512097386879463711828464056453 0.501231509805640240706736676657 0.487785472937494468670394098808  | 0.171614253582647008355976936400 0.171754556235434924227334363422 0.970761383834105484602616797929 
0.940660183052201448461460131512 0.065443836335819433047689130944 0.491936377039645322817307260266 0.497371468297975571903890568137 0.502622702057119452589972752321 0.511466081457711996272053056600 0.492768013495081202979264389796 0.503321459763951928323422180256 0.499347657266117905816571465039 0.506655782173832225367959836149 0.498657781828139967661428499923 0.508622010478288810730873592547  | 0.065858248336825755964163420231 0.065822804321559125195761907889 0.996051788508611424255434485531 
0.709653553586271579334265879879 0.270147666424440102694859433541 0.505493779671598808533872215776 0.502804001036891601295053533249 0.495331136983796882500286073991 0.485407816562289484707548581355 0.508978916316513596562742804963 0.494938948259804001317263555393 0.502996743534132595421226596955 0.490818651169594777350368985935 0.499198435035734189302303320801 0.508602905171164465514266339596  | 0.311661315890206569445552986508 0.311538317971079226076369650400 0.898279065011702959608896890131 
0.411172565967928671515352334609 0.626180423640902761306392676488 0.490474614007295084405768648139 0.505978009917038562548441404942 0.486380476901253688826187726590 0.495417739110161570170731692997 0.503440664263784753984509734437 0.509347739312974834291480874526 0.489943291062081842657249808326 0.491336884218543878954932324632 0.500888509094119749320839218854 0.506342810788770525398660993233  | 0.564973511964278141128659171954 0.565118872185712106670507637318 0.602282974293456230263643647049 
0.434883320094284098189518772415 0.649809616095952113923317483568 0.496025276721975771909711738772 0.484859780763005898673867477555 0.512649908606331083937845960463 0.497476521225848400398206194950 0.505528576350519287530005385634 0.507180600850350549180234338564 0.510802364157681321188420042745 0.511840289837295459030030997383 0.497244961400352070146624328117 0.508460606573270523789176422724  | 0.548788017879248579689033249451 0.549002151419753392502798305941 0.631734300660692471574009232427 
0.666316078968934077941810301127 0.000000000000311717771363255035 0.506758932702885855903218725871 0.519743594981826317891204780608 0.493709454620082366371747184530 0.492660891913227427796329038756 0.512069317255216205353463010397 0.505196077087264105998087870830 0.501377160878748506789293060137 0.486730813275219220681577780852 0.494089135678651480976242282850 0.504347348297782716031179006677  | 0.354480231567156078842373290172 0.353961364177557802346285598105 0.866558012054190807127440621116 
0.065314548200201508199036481983 0.445123703603634457426352355469 0.501391281729950621937064170197 0.493928274682571055720359254337 0.487783676762707008034425371079 0.497948189206034064202555100564 0.507190367841211853239258289250 0.497684910992843454469181097011 0.507689754411017490909330263094 0.502306153509237240939455659827 0.499295483848899601664328429251 0.500929709907559028714274518279  | 0.703629333218763974855392007157 0.703591120385588242314156559587 0.102448234897266551857164529338 
0.473533903799681854529524116515 0.598139985046824973480283915706 0.495892995359284771694774462958 0.494704606534164981201939781386 0.499136337616856440302370856443 0.497192978820815145724054673337 0.503077159191225642409506235708 0.502340471298506230368730030023 0.504526821605024711203668630333 0.500964181699371069456105942663 0.493010147814491650475332562564 0.490811022231268823112770860462  | 0.520446659470123029755939114693 0.520482467462673459301925049658 0.677258976380944122119842631946 
0.894380592995197343242352872039 0.346611045161037856221497577280 0.500004309542656066867039044155 0.500004051092006185363914028130 0.502924354591702926775553805783 0.500002941416115675998810274905 0.499999692225742420337297744481 0.500003662775177382115998625522 0.499999773708631689572712275549 0.499996774430728263549639223129 0.500002427251438286148754741589 0.499999760297285544830003800598  | 0.116777468504936393633997226971 0.116776987264394588317273360190 0.986277477191293661107351908868 
0.385157771965648099143919580456 0.900543399338923911123799825873 0.506371249712692539368674715661 0.491173635892408755321270064087 0.496809105470062239984230245682 0.499994122777788208011884307780 0.515863004285326720577131709433 0.505777350424583826971058897470 0.507559915441114117840015751426 0.502225752963870397671541923046 0.497116148342574837304397306070 0.496965796934385140026790850243  | 0.581701403229149871521030945587 0.582062438836558504462459495699 0.569046290576357804980034416076 
0.423104587239681251276124385186 0.128416456819728852511985905949 0.504766207479923068035532196518 0.497271741377785847504355842830 0.486386454800780188012510052431 0.512295321031333461547774277278 0.497506518907231409798441745806 0.497718900426641963630203235880 0.498596655122044540853210037312 0.507456394484955497503619881172 0.492490361493647943458284998997 0.492740907951000228770510602772  | 0.557083978541722757427123724483 0.556730028119190811786154426954 0.617089049489945695725623409089 
0.479317613294156119607691834972 0.726161224420890150099694437813 0.499123689391772928924950747387 0.486666929303298856357429258424 0.497083041654211021942444403976 0.498726140534992701258687475274 0.508423751083262986938393623859 0.501157975065650629353797285148 0.502495343454973375507677246787 0.511310004369671000645780623017 0.499429231959898578541157121435 0.499988318161293465724526186023  | 0.516108757437652387878301851742 0.516253727549303764732258059666 0.684035726007588218422483805625 
0.614444898643249137748512112012 0.523755112600234329356396756339 0.488396213380968002848447895303 0.499360297113070672470058752879 0.505778148058002807729849337193 0.505982367146230904708659181779 0.499117180167204577134754117651 0.504556718711291152246189994912 0.488399539771255997155918748831 0.503736475937044514417095797398 0.498334698754203164750009591444 0.497296608606185908119101668490  | 0.402689955315338299346450412486 0.402701502827089330427412505742 0.822460470742355842510562524694 
0.319330287826633918424334979136 0.726794968374242067454815696692 0.499441496660367800775048863215 0.493232995571960708414138707667 0.498009225350083017946900554307 0.494690297337628426266320502691 0.497720396279691335017503206473 0.511015064421743492317773416289 0.498395808096382120222500589080 0.497691891721329993103495326068 0.488361143996062951888603720363 0.505219538629993469847079268220  | 0.620150236534418142220204117621 0.620316067217423716684265855292 0.481012051588265543422551218100 
0.702823353497599390138361741265 0.475060395919894795646598595340 0.504594608601023009164521226921 0.500995622833135811902138812002 0.505427935022670249409770804050 0.502455163585869613029899483081 0.500834507646173654471510872099 0.509927978988476304778032499598 0.495880053738865567147797719372 0.495359453971616181533477174526 0.494686579450854424511163642819 0.505871635825962506771702464903  | 0.318307795718225872150242139469 0.318301361313982345002671081602 0.893241623442391219356295550824 
0.137418213278367173924010558039 0.346136206464782048008999026933 0.502278044882747187749316708505 0.490264019615659463191548184113 0.515409597508954431255290273839 0.506168448724129804716653779906 0.508048739021217388156514971342 0.496555345871478648334118588537 0.505432879233927545570281836262 0.510127716016601673310049136489 0.502583873067006581258908681775 0.494642477197638152919267895413  | 0.691228619917157116603334543470 0.691021756217943039501960811322 0.214316373756535338834794401919 
0.796764994839923579306173451187 0.575051077321650838669597760600 0.495786944414659480617757481014 0.496288337204340956887449465285 0.475959014567077176582898800916 0.513122607182375123358042401378 0.501673604663615435583778889850 0.507979211863990753883513207256 0.522387541386352127759096219961 0.525545354232082484458032922703 0.505321777317186526801151558175 0.499257204321676861802359326248  | 0.222320045146330136365264706910 0.222426306855644739801647347122 0.951402161974457483140099611774 
0.978135176635449021809165515151 0.962853226559089780955957849073 0.499296565464233454978426607340 0.500901528984118105114475838491 0.510876545115961033793894330302 0.498114325806201296842345982441 0.502329430574113056096052787325 0.502524432243556695709685300244 0.506115412711466094997092568519 0.503181301133373115597180458280 0.493010147814491650475332562564 0.497492529543471007080768231390  | 0.024282512922519084580530446260 0.024290902740506346846327545563 0.999647747969044320193177100009 
0.367945669385798423967059989081 0.518421879780978756002696172800 0.495933159825483249605326818710 0.498607338392654142467108613346 0.510394813629535870624920335104 0.499601208316059919312124293356 0.502668615686010844534337138612 0.502720360625399265153134820139 0.506683727839358222233556716674 0.504850450070674972025130955444 0.498376733414670258781598022324 0.491601571428328887325420737398  | 0.592417243294568574007996630826 0.592426929036675709028259007027 0.546477247757041317832715776603 
0.306177318907085216359575952083 0.998881176813422810845111143863 0.496475136558082952298320833506 0.492473566142498098141544460304 0.510223354494644065759700879426 0.494644602237617525553048380971 0.510183979489431282949851720332 0.506538274485504147470749103377 0.507580488239878779843650136172 0.506723445109043435508056063554 0.494964131956021458069727714246 0.510137524851575374640333393472  | 0.626970729200924670188044274255 0.627540126469944614662210824463 0.462882802922628511232971959544 
0.100422918600591271065525234008 0.451307951778718408064605682739 0.491491147197175959338011352884 0.494953023512864909161379500802 0.513444431363216602370869168226 0.498391415772251322735542089504 0.497296336857788179308670351020 0.501797925009067280477381700621 0.496187487872847554637445455228 0.491545540610911491086199021083 0.506138954267209451032272227167 0.492932331104722176728927252043  | 0.698677349273308045951580425026 0.698627632841320567180787293182 0.157163681638001762053136189934 
0.529720501727046877427085291856 0.066739208359186508179305974409 0.501029516230292348843988747831 0.506859441807193333850989347411 0.499695027154537285696278559044 0.511466081457711996272053056600 0.498323116263360843536389666042 0.492467988596739569828741878155 0.505108423137606510344710386562 0.499034407134254232030201592352 0.502050883894461508205608879507 0.498130142354587301944945920695  | 0.476340474074121666969716670792 0.476162937458043444838295954469 0.739538088621670031130861389101 
0.458828675515638828574793706139 0.474097648468455201697935308403 0.499456112131194007730528028333 0.496609931765906620348971500789 0.483372604934080851712963067257 0.502625512252358408460395367001 0.499718429921344131638960561759 0.493500871935031504289526083085 0.494656282208008835077350795473 0.506218872286040233454684766912 0.503012013179822914388239496475 0.493969297488468073176193229301  | 0.531516977721865124806299718330 0.531497517330719926320625745575 0.660227670186048110068099958880 
0.414295752999533695160039314942 0.959770375685027321566167302080 0.501634635613068646797785277158 0.485955759999176895025385647386 0.495924189779450519388603879634 0.494001897639318343635750352405 0.499129015290887767530847440867 0.517916253856153474544044001959 0.498191339961227830368528657345 0.501936041079313333135303309973 0.501234701513680547257933994842 0.503345099396834916305465412734  | 0.562677537255100057578260930313 0.563160212994862185986733038590 0.606162428423907440055984352512 
0.952283401092126724485353861382 0.118011956619670344004191520071 0.495515460997350332128519312391 0.498342522554823419422831420889 0.508539377394634173334964089008 0.501459014234606703652730175236 0.508481876277126820795615458337 0.495214068943315988136077976378 0.505821743917439614612874265731 0.490376656691949630584304031800 0.494556760677336781917290409183 0.499646914568608491169499075113  | 0.052979772155887672191454385029 0.052957595014388909870906019250 0.997540364771622112272098092944 
0.899245048329792462382670237275 0.000000000000167418173700726060 0.500113714754746974122667779739 0.496320010563803759584544650352 0.496796461488062057743064769966 0.501539034572230035813333870465 0.502163129679497721724601433380 0.499588965553537212027634950573 0.493088851108911485621177916983 0.505759671450518810686958204315 0.493367077795593189648570842110 0.489037496632448553945948788169  | 0.111498952110194074482940607140 0.111450611394053142322313476598 0.987774827708539082671279629722 
0.344275696931120089860911548385 0.999961112496362547474859638896 0.502646236961445946889170954819 0.505445236969882860655900458369 0.489090388866887604280009327340 0.491101137603815740551027602123 0.507994282368741445488069530256 0.533597530786852347617355007969 0.496596248837551268451306896168 0.503127868106907683021233879117 0.493528798440413196679799057165 0.502496668365970289293898076721  | 0.606399715814347151088270493346 0.607825127532940823193996493501 0.515581543738899861217817033321 
0.266880768051257710737900197273 0.987483423709429319892194598651 0.505476394150422114748266722017 0.488798377262799510489799104107 0.510762645374704060685644435580 0.496143682470615632329469235628 0.507403802937077874624094420142 0.504394185412907369858714901056 0.510298523855277963434673438314 0.505046664757953012170332840469 0.497203194689088079361027894265 0.497921810307813461626835760399  | 0.645953631515618020841884572292 0.646452128327911768046476481686 0.407248991127960369151850272829 
0.437422501171802868835669642067 0.968512709524437021002540859627 0.489328107318901472932992646747 0.486982705800077353419652581579 0.493985146247060857849220383287 0.521240583615321884103366301133 0.504509831588157098281044454779 0.504564446096936070063065926661 0.504245496546231075640775998181 0.516502920515174102078503892699 0.492614695515487699406520505363 0.478994845881404229803735006499  | 0.546885830767154579312716577988 0.548171582072816021558026022831 0.635312776242427323936112770753 
0.557057993248146199327663907752 0.000000000000949968325951860604 0.498721692339671340832296664303 0.504994520050003226074863960093 0.504425189056932898878926607722 0.498097118334458521804464226079 0.502484756983834657262377731968 0.503079521338140600583699324488 0.504770222883913710631986759836 0.493648900586647010335639151890 0.501119664042060541930823092116 0.497609898619424617649542597064  | 0.453349490833395485367418586975 0.453253023551707490135243006080 0.767663304880535579677314217406 
0.985135220557140423025543896074 0.974852633698893411562380606483 0.500113714754746974122667779739 0.496320010563803759584544650352 0.496525405698058253101123682427 0.496026294187156879811340104425 0.502163129679497721724601433380 0.499588965553537212027634950573 0.496608726410563749986692982930 0.505759671450518810686958204315 0.493367077795593189648570842110 0.489037496632448553945948788169  | 0.016510188420730754349508018208 0.016516471397833284995293468000 0.999982455477798737319972133264 
0.912968594817533785068519591732 0.287293552305079191722114728691 0.493968397561339256363055483234 0.497982883448256197223003027830 0.498807290124977820156004781893 0.503040894763775003895034387824 0.506412744654116564468893102458 0.494141576122978265495078176173 0.511850810576544246188746001280 0.496820548921647842099957870232 0.502974960897298650763787009055 0.494741624836840532264403691443  | 0.096407079404075529671658273401 0.096386883934170469734326047728 0.990980610841228237717359661474 
0.315250120762393615247987099792 0.476964381879732113311831653846 0.501620377618819723863907711348 0.499906918117553000779906824391 0.518055093714847259001032853121 0.493602954473649824240766292860 0.500498258820043839811830821418 0.502512003009954910659473625856 0.481081323858203846466352615607 0.497648837862991411107316253037 0.501672054980449533267972128669 0.500172043757096451699339922925  | 0.622645347199367149571003210440 0.622611921730190198687182601134 0.475554896450749720049344659856 
0.340207581691456706352028049878 0.428773045433754329547326733518 0.498547108271691963299332428505 0.475452451499670636358985120751 0.528919554873465647126806743472 0.507360312524734347050525684608 0.500794594906804113598752792313 0.502241059318285221202415868902 0.494714698591799451055095460106 0.499965706959453248803271208089 0.495737051086070856786847116382 0.487942495371887885458050959642  | 0.609664163442712347951157880743 0.609433722563435753549754281266 0.510184002474663333970283929375 
0.494649170714911767809951470554 0.651351397160296441413152024325 0.498085718062269200423486381624 0.486810246682873648538247834949 0.496397989278148377145782887965 0.497596114311387893724969444520 0.507550680796337250200167545700 0.503873656559880922500838096312 0.502909276926909454275005373347 0.507129311110738667522923606157 0.499437507482482279108637612808 0.501164033416867438219810537703  | 0.504311401443093054730582025513 0.504390361396802933136029878369 0.701369529771153188413279622182 
0.392439044218590438184435242874 0.994975850136512129928689773806 0.504657952165587841975025185093 0.493191924026150640969490268617 0.508602467386697232321068895544 0.496777111478295507751568038657 0.512764235417962788154966347065 0.503763939612832944980880256480 0.503253060199100654692472289753 0.514550560014650826268223227089 0.497733443330845681806806624081 0.507670758914803177397345734789  | 0.577036210954597450495384691749 0.577588698759283758477067749482 0.578491574017268139762393275305 
0.554087685078912151048768919281 0.762707358538736723829742913949 0.496153385652176426301451783729 0.494733997024931759778354489754 0.500969765954114354400417141733 0.504428717649555435897923416633 0.506300537952401152885784085811 0.495360183857847413690933535690 0.508393372596003589869440020266 0.503752215894919919136896169221 0.500069979494559890831339998840 0.496965796934385140026790850243  | 0.455825589482189097445541392517 0.455907607889650512422718975358 0.764727024883048667192042557872 
0.644185498429701408618086588831 0.483293293788620126338884119832 0.503068752215480752276732800965 0.489487810404838519229286930567 0.491065113928327190429001802841 0.498086675835445080728902667033 0.498401982182145042443721649761 0.507347370324064739222080788750 0.494912198154660032400897762273 0.488703907108155810590233159019 0.497126967555635845830153130009 0.496952248559062836896771386819  | 0.375119226882126288735719299439 0.375110745247361987431133911741 0.848197883176211808731181918120 
0.719244063837226166313598696433 0.000000000020738597998505626493 0.500004309542656066867039044155 0.497321869587529274969739390144 0.510157860190302625547076331713 0.486916120669251828445567298331 0.501248421628952778306143045484 0.500003662775177382115998625522 0.513546799599570724659258758038 0.499846335221111659485870859498 0.494146655478986285281450818729 0.502592756662203155038071145100  | 0.302104464383422588458216750951 0.301863792078736148383200088574 0.904779890439094680587572838704 
0.260412048918808980424444143864 0.702548254379080749920660764474 0.501026372017210008813492549962 0.505734708837431989891797456949 0.512789981871077715780415928748 0.505582958796706338766568933352 0.506952392842656918148236400157 0.506330443029033738788768914674 0.505671316728290243247556645656 0.505395837365822497844192184857 0.502693545854977497100435357424 0.503678639747771161871980893920  | 0.648945189888016193968667266745 0.649109978143986299237155890296 0.397900586089732832828502750999 
