0.006188374917679095865707949997 0.153980689581858620762488953915 0.226719140492960935517885445734 0.609324164157449610357275560091 0.103519987970614457672979824565 0.862196122510416218531759113830 0.730395315130388023128205077228 0.138682573456164304204207837756 0.774172122795162787056710840261 0.045781943387746992790710010013 0.629028295988421803919266039884 0.403670970533134720881207613274  | 1.811656545465587297982779091399 0.446939368126984482021413214170 0.018139088788914521643835797704 
0.029184482655234433856605846813 0.824224680189376557315483751154 0.668436559650366191043246999470 0.619993791345819555971274894546 0.381318319395556049045126201236 0.756473126687162822356924607448 0.878768615963688604075798593840 0.000655888006841576221006562264 0.989640953209157236969417681394 0.845388389690539976406569167011 0.578419991533683730544623813330 0.579286057280385180412451973098  | 0.513857561001211160522927912098 1.813544341731063713751836985466 0.086471584026884623641606708588 
0.562713563827112794868412493088 0.093073503469675911148328850686 0.933202148767597661205286385666 0.035237591788780719959106590977 0.968587542212886454251474788180 0.844509693723959453670602215425 0.673275655402746697753002536047 0.286227112881364709195963769162 0.140650206027521096352472795843 0.622654616262619198252536989457 0.117085783907898255407076248957 0.807341941066269441762415226549  | 1.382038188296347058781066152733 0.203505314216132493498889743933 1.703342343394155911084908439079 
0.727288644031928388500318760634 0.041709034147100698675103558344 0.336873119300732382086493998941 0.306351527175714233308667644451 0.904463177566330767120916789281 0.512946253374325644713849214895 0.805374172580234359841711011541 0.213686502650761167565462983475 0.723871622798123670605718871229 0.767971180555940491352373555856 0.875240898598962924204158753128 0.422050686012538145419625834620  | 0.693006778191483596707200831588 0.045468382402698660771367400457 1.520836433569309864566321266466 
0.868384497428095314397467063827 0.344015092022712520858362950094 0.608272699255120841144162113778 0.320200652264988949724511257955 0.572664497850093101583013321942 0.049754743131243950315933943784 0.719961262036314386669744180836 0.013330483554337524410016158072 0.604064524230341737265348456276 0.492238380249551354950199311133 0.296178046904345015910564598016 0.134907478478487830031440353196  | 0.303289487977758731584998486142 0.181956428160221117540373825250 1.686316143400517386652381901513 
0.688686280983287324453101518884 0.801809454155431922117713838816 0.467820595619448553748043195810 0.141318765821416225669793220732 0.116082042614096159205416824989 0.598296797952900361039496601734 0.815497980004473266291142863338 0.100353057391252886709764879924 0.900465379094425699690873443615 0.744752892746856631767116141418 0.959267633383017903625500366616 0.888088629259067507959457543620  | 0.306173766223595211766195234304 0.951499603331287358010115440266 1.878431730459545478950644792349 
0.534753523940976083217435643746 0.392383188751720735076844448486 0.669440300944168287244906423439 0.272723891840446874823555845069 0.528665248402439780228689869546 0.884276135595285950330435298383 0.842752301790798408198668312252 0.079743019915338386738312692614 0.329137624537255923939937929390 0.542999211539229365008907279844 0.672409495308541438340910190163 0.709602215245471623639161862229  | 0.886500951196164788115083865705 0.628014239047851585695525500341 1.212006556134711754424415630638 
0.984589374419459373299901017162 0.484417658725932787078249930346 0.672829610408072542604429600033 0.481335850441202972582743768726 0.001003741293802096201659423969 0.209045143113369080722918624815 0.911790664027455122209175897297 0.941355976755847811965338678419 0.436407740206306682395620555326 0.561598634428857601541551503033 0.945195544183312863495416422666 0.624857624115258136754391671275  | 0.034179136248546342080611992742 0.032545609470763334214460371641 1.949292675541730135435614101880 
0.270620648639258276624275367794 0.821303313899040432488618534990 0.054431321853955383360812447791 0.495247288715493616528817710787 0.346575650196523143975468883582 0.537774550417252195089190536237 0.025632195637296906198798751575 0.264272072107374134120050257479 0.279135074717864917204224184388 0.777201440725759584715603978111 0.900255002541551663242103131779 0.340152527885772326676772081555  | 0.458174845058373192419054475977 1.589184597403547893890163322794 0.748712851832064596457882998948 
0.235543603310381599591494250490 0.340500873146264981805586558039 0.122728673789138764682604687550 0.491234638955749258748539887165 0.087132903790975935187645973201 0.223116814451032707822264455899 0.747330304227439512487762840465 0.365401713949125239722093283490 0.906221961190590952206491692777 0.196123221638103362174376798066 0.491224418498838022451025153714 0.327676149313642084415221233940  | 1.408489289022329726819293682638 0.834474676806154613828425681277 0.634964976039744666280739693320 
0.994194666105432833802524328348 0.045921735537297503348952432134 0.405218090378932083162055732828 0.398177242550333487791647257836 0.421493082965765708536309830379 0.862456433621770601760658792045 0.270481451833601949097385386267 0.113248114033855817872620264097 0.892238860218408702529302445328 0.372468889298895211581452713290 0.188512720516667453551917787991 0.173855588329646093548319640831  | 0.015758771968882315933635496208 0.001138714124861706566624319770 1.732583242142038182365126885998 
0.607208698480416808607174061763 0.739242146769073404932726134575 0.206408950748117159257333241840 0.051764572583480106260367392679 0.585276591517565503153264216962 0.486485400794438915816897406330 0.237259070192019860812138176698 0.119015944776807547356156646856 0.766607649217481590397937907255 0.285212628803099610408366970660 0.509779322794964073750634270255 0.881368993799726996307697390876  | 0.408182511203688924705801355231 0.940181840842089000531700548891 1.444870696720194747086907227640 
0.917595997922022288406651568948 0.895434241218550308616386246285 0.031189649827374599233564822498 0.163421391878524113749904245196 0.523702461217547154959106592287 0.762401190493487534993732879229 0.000139196805656327526889981527 0.708055199865184614615998270892 0.162192461635546680831510002463 0.122778399416598404947364997497 0.158062929679855690423551095591 0.363918962087606101540870895406  | 0.044058753209362110092595088418 0.265822974315930549149555872646 2.070018214659558264401084670681 
0.418423497156880097591624689812 0.525029925338300729187324122904 0.072726123969747757946890942549 0.725436868142279478455236585432 0.314978411023986160088838914817 0.853667127091333410859874675225 0.116527658533574052235337603634 0.573893223928783391407648650784 0.837516044986039154274237716891 0.981455316160785184997905616910 0.205763909991248938879948582326 0.305520816529010419415612886951  | 1.082952037720601889958516039769 1.171641399734774102725509692391 1.231258338208754521403420767456 
0.851896063008889203871376594179 0.334212064121750640488528460992 0.742800569312066838456587447581 0.672420760420556207215270205779 0.728823228005350487457292274485 0.327536952507985756888331252412 0.286139466240248219186526057456 0.883729273901750822517442429671 0.282439690962333678214690735331 0.240114312870477797368096162245 0.057574120878159606995438934973 0.444032936464890504169034102233  | 0.334666575999380322414822330757 0.193836252899744904132361966731 1.632324345382450303532095858827 
0.745451526495301219910061263363 0.040521990064108059925729321549 0.166801992076129224074065859895 0.057490478274909051492613798473 0.334845593425334042692043112766 0.700694111256026097578342159977 0.490681039946842756371836458129 0.165348922840290013525077483791 0.368892905762078004983095524949 0.070309256422694921262461775768 0.379512681526316564273315634637 0.180964584265428496401284519379  | 0.701058964571156018052988656564 0.044684023032231574845685173614 1.662248929701818589421691285679 
0.385363007183130656940761582518 0.784803880655056906867628185864 0.023807079905414751941350459674 0.612791868382543403193096764880 0.780956094789613586293341995770 0.553832041291741239419366138463 0.631456531681774069220125511492 0.011704967316799486098943816614 0.748749958865040921018874087167 0.923307079008046316381808082951 0.466128340339387547963667657314 0.318368254028597030824698776996  | 0.505110056017731956501393142389 1.436926716985667207282517665590 1.053976886853632111140655069903 
0.254687670310355107616828718164 0.667533209801076554690268949344 0.995390469559417456757444142568 0.065287921141689353454751199024 0.823217336254521647731507982826 0.663224850831580003962528735428 0.927742457210037341219788231683 0.359681002498010715662246639113 0.703833218207669752963795417600 0.655127611719584557192774809664 0.935465729497669595815523280180 0.672702542825904914458590155846  | 0.943315481543176237444470189075 1.639018505771183464858609113435 0.799679745284804788241217465838 
0.331723777878517145367709417769 0.550086144023368639466298191110 0.224724176603495751081140952010 0.200499221371171598704563621141 0.651931868699507699460582443862 0.674064284847236350195487375458 0.840191095692089717772432777565 0.585462105256709719469654373825 0.819493490304020522074779364630 0.206292420081168659251602548466 0.410454973976753456632593497488 0.072849282197630649271502534248  | 0.969049149099046491784292811644 1.134921711627324913962411301327 0.856584259952472337751316899812 
0.618606256439171664496257108112 0.888338804342333365759998287103 0.217151769820644324759939536307 0.416896976615956149636588179419 0.394349270046579603032910199545 0.516290479254853162949245870550 0.385770523997290504247814624250 0.336688771856438306961933903949 0.511674380356544666881291050231 0.122024748777239455677090518293 0.662143050599429128233452956920 0.612895641365536758549126261642  | 0.129895503591967359513503765811 0.732969930403161495924280188774 1.090196202623586740898531388666 
0.158957262068325611004127040360 0.615262778816921374058779292682 0.144168729158582253901954572939 0.869810035051523322557898154628 0.727580812826808864812733190774 0.506900299418192146205797143921 0.545171911491040939168328804953 0.199341775398347187397973812040 0.204313589601394229866571095044 0.406499448301374743941494216415 0.370501120812860129660748498281 0.480982759094110590147863604216  | 0.837440375061352826335792087775 1.212745319402991128754365490749 0.375832989035554287937657136354 
0.012850275242602404723868403380 0.123366162974466120338945529511 0.531598189044396596258934550860 0.506410102392090166745219903532 0.071779070292807944930757457769 0.802077774773743867875452906446 0.868917146313064603369014093914 0.330844437944638247728335045394 0.483716089202872789876153092337 0.943263172364449897777660680731 0.161074285655092519498055025906 0.050329209466043245413402473787  | 1.917231104983100342664670279191 0.376248463987761627702610667257 0.039443151207126540824798865970 
0.768785195141711730215661191323 0.744418223681089341603467346431 0.559664489049087499061840844661 0.785317576668061234634876655036 0.207884916670860731002790089406 0.165802243407712768252793011925 0.132382002480169957969735605730 0.345772554421974409599727096065 0.818224728302121007139646735595 0.829998100558311469043815122859 0.170949109605397109312718839647 0.661214009604633945471618972078  | 0.247849225605849432518823505234 0.583829326321450237102794744715 1.668882685781454267015533332597 
0.716824932717623597433487248054 0.053863916212313123210719822964 0.313083387911930355329559461097 0.134513349788360714320845090697 0.608377199203009588757140591042 0.203932135884566045902488440333 0.287761818494533416767922062718 0.404622715139460575883845194767 0.273888597456194426982278855576 0.255822690960863630138533153513 0.344020060580536357619507725758 0.747505284113141432733584679227  | 0.651009940742704351634984050179 0.055213272557544830487774589756 1.370647522862930678400061879074 
0.641352300316201162644347277819 0.777024282807350807900093059288 0.726356803688483432246414395195 0.914139832106378724674300428887 0.496340807191716359980659944995 0.070269082966088358688239168259 0.026575259588155653034391434630 0.269490224394946964459052196617 0.325944000856461246762307837344 0.039811934493211853514083031769 0.556631703221411755500014351128 0.845686289813558200734178171842  | 0.375552478322539684540970483795 1.028034409737496934766909362224 1.732754987914603805876367914607 
0.828346978773417341734841556899 0.145477859186034064187253989076 0.891230201689463874537011633947 0.271986098513014029620649125718 0.762123921609850540903607907239 0.277050623209544544245375163882 0.725088456748068987955946340662 0.718743447835005544455100334744 0.257709591588202169276655695285 0.250587411431226536606686750019 0.727759009712271587311249732011 0.054572490660602435141868227220  | 0.465241655980408508330725680935 0.108205271136566250067545524871 1.728382341899993734912754916877 
0.227564845996863440724666816095 0.553820155137287439828241986106 0.757359285514389357629738697142 0.029123340258071173103360251844 0.664733478463376159517395080911 0.980060126499954886725163305528 0.742209935553556077181269756693 0.474927999286142377144415149814 0.233720488192626252299533007317 0.745505642174849381120793623268 0.651253213449448975502775738278 0.320115953594154567518614840083  | 1.082119793651225236885693448130 1.282503881978209969716431260167 0.626751720438759707398901355191 
0.986904143294135893782481616654 0.454542352732510535062715462118 0.546238629789106977518997609877 0.067874178948460928140207215620 0.893898486395852565067343675764 0.936125552856564957515672631416 0.998081484882618052978386913310 0.796154324624110953934064127679 0.062495976480703818722872711078 0.406754340076089127009595358686 0.553804708542407153615272363822 0.976367289887702605177821624238  | 0.035753726485971443205258424314 0.030980475357382023654517766431 2.299463456738680466884261477389 
0.733941663357245976939680076612 0.647263429625071218254106497625 0.244765257198123253878918603732 0.591089212497487470621138072602 0.363959934080581470894344420230 0.005295348559585355552314922534 0.166424301030058785499932128005 0.543303794614724555600560051971 0.980851161513634051125620771927 0.262886618656929749171524690610 0.176224853597561792462045104912 0.355989503340057300562193631777  | 0.397806941233938893276445014635 0.642941854787505429058569461631 1.702511838128790255808553411043 
0.039671116294019759251909817976 0.814947871662436429396336734499 0.779705371067354269243310227466 0.971937755544750925373875816149 0.662733216825559190432670675364 0.909560736956993243218505540426 0.830265493890799288756454643590 0.349323534561923110253189861396 0.828734225208760055814138922869 0.865231758436924902611053767032 0.208319213067443387288335543417 0.300683333321841939067553539644  | 0.570155856081135725688113780052 1.905902912726458175995958299609 0.124128015494418694752987164520 
0.991146793390823011016266264051 0.071480018209934326200993837119 0.012944334390078915397737091553 0.659498198933739065985548677418 0.363799075631690116416905311780 0.049277142101017079589553304686 0.061140544966804655224734688090 0.010516360522562884227681934135 0.776508124000755306504117925215 0.766236721601141423931835561234 0.488508624865814367055349975999 0.624070623159897586162969673751  | 0.028734625506809181177958478770 0.003239966348372985346926178352 2.079219774115452779028601071332 
0.702538819259536317929359938717 0.659980127623705947748078415316 0.454015117125271983056222779851 0.773567886630098455746917807119 0.988519996623889785070105062914 0.410555216637161324300109299656 0.637580608732212783529291755258 0.625808127523750479248576539248 0.681006871352182074907943842845 0.859554965881017540851871672203 0.593215153074010625999790136120 0.944978759465741946499406367366  | 0.396026702712647227233588864692 0.669596878392341832153533687233 1.541972648463563855258939838677 
0.926601466672683726777393076190 0.783209990234032038536327036127 0.402997777546964752737324033660 0.042955264444399010592690046906 0.504527566441390074025719059136 0.915226744920897949953086936148 0.723425302834683092711998142477 0.870755305624315911749988572410 0.478528535596981829947083042498 0.102580587631673103565788096603 0.739889310920683884731374746480 0.302756529300049037622954983817  | 0.070425834049422583738042646928 0.198754032296601240714650771224 1.820797429096322916919348244846 
0.506444173406352837751853712689 0.089288677489452572544337272120 0.207283274883535595378702964808 0.274366622033039964101419627696 0.765669636960400468161935805256 0.471975417604825531192602738884 0.402090507561806975722618062719 0.189139744138685950147760195250 0.098698499715172194335366384621 0.112382789663733384522004143946 0.069518063751548564432880539243 0.964581977491251296719099173060  | 1.404529594996813957052950172510 0.198293288256904065569585782214 1.447469478574008761029290326405 
0.903664027218115561979061567399 0.566113544327891071716862825269 0.425736447661795303076814889209 0.822276493992525892018363720126 0.703791646626053313262616484280 0.385456588400943989114466603496 0.267721490556139918304268121574 0.200724712585618414451005264709 0.534415798793097085450654049055 0.556917611302065962419760580815 0.623909764711006231685530565301 0.746520612800968041966598320869  | 0.131827785736930158666524448563 0.162504863563246421120922491355 1.372234823899786793077737456770 
0.554696371560451817472880975401 0.921227683033110311683344662015 0.569224849117219711125414960406 0.491870099568101459830415933538 0.722838987905413898893414170743 0.152095205555072054970366934867 0.300448311697729342206741875998 0.470840383485019997600318220066 0.355316617410099788720856395230 0.661185096966365071224913663173 0.919001932872341220637224523671 0.445973239145910027581010126596  | 0.114551425558773720125849138185 0.921048796627323196339887090289 1.103093155251002377426061684673 
0.071467064404321711812428929989 0.200071679861955176171761650039 0.858730377359656182889580122719 0.155763319254964227589255187922 0.207758564673066636885323532624 0.677257268909602028195138245792 0.725876754087065312326387811481 0.248794191440934953085672987072 0.846080166244898790317563452845 0.419045499733392778907159481605 0.758006953640422032059120738268 0.360530373360446132480205960746  | 1.597564206692202226633980899351 0.519278951020883727807131435839 0.189375358926932496617112633430 
0.802197619801572781028653480462 0.301530456507096200624573612004 0.986658436028880370116667108960 0.379741599726259204672373925860 0.587794105365611829761007811612 0.002308217602319695416213107819 0.035603789921332840151535492623 0.733972060079352783823480876890 0.546098177917170524153789301636 0.355364689160698743464195104025 0.319696397814490440580925678660 0.491625359087709323802073413390  | 0.498640828538247593559873394042 0.255582012258274759997078717788 1.744978386267249881314000958810 
0.330623443157485263910189132730 0.989068064276730773975998545211 0.239968122355516011445786261902 0.956619470408769156932748956024 0.861759499078481927547557006619 0.287324708581649268523960927268 0.177787273131050249652673755918 0.317319352886956118631189838197 0.579656281416896512759251436364 0.403230994259133113111204238521 0.945784692985631281203495746013 0.024926215040497856634260642750  | 0.030254223340029157834907280744 1.761677355543568745943616704608 1.007279311200879101662053471955 
0.465523870754567137275614641112 0.899194256078522213826431652706 0.547757362764216715333986940095 0.177176011575806757747386654955 0.036115659345394401924522753689 0.744212395198648346550385213050 0.519092581639118977321345482778 0.187255622953757527859863785125 0.023126671200049186971625658771 0.136505410407402716366220829514 0.403142590090923458312488492084 0.660469846467362731168293521478  | 0.219973865257402395601005196113 1.377573633111500717163266926946 1.251559946004673351538372116920 
0.969824868540244078296552743268 0.481772319208289223624319674855 0.115348495054583777275070133328 0.704565626557595914292164707149 0.057242433793859293089667517052 0.158648530564260759057049199328 0.754147711517365593181239091791 0.620415398445058663412510213675 0.455499383100523069778375884198 0.209978626269332946385759441910 0.182832349632568780251062889874 0.211733398155034890919523604680  | 0.063773225668276867228456694647 0.060222026366210712478022060168 1.849156383028004668744870286901 
0.826682498008543098499956158776 0.701036828676718237751686046977 0.668904154669092032570176797890 0.382929840387998376982636727917 0.013794558441773685508735525218 0.841437791721327155158860477968 0.614941996847815253168789695337 0.278403785307047013652947953233 0.850153025621477653750446279446 0.976599009635335746359885433776 0.927324258898249098592714290135 0.032483349062075617119660364551  | 0.268737947846177327448913274566 0.529558280318986773771428033797 2.127118532401802042386407265440 
0.553831470713043616527215817769 0.618623565024769006548410743562 0.841532551359574609861624594487 0.298122255366839450374527586973 0.161047867250229681523876479332 0.689062573701643366064217843814 0.576475731640119670728950040939 0.368652665831672110563488331536 0.784468739254992941667410377704 0.746640844139436210546989514114 0.678927149445913147296494116745 0.075591310426614377604437322589  | 0.612704181361240052261507571529 0.897387114928420270842934769462 1.287865884654451509305772560765 
0.351104775122507151152717597142 0.616282524210237880879503791220 0.910752126747804480189074638474 0.020301153871134736128567510605 0.931990134543857595694760220795 0.183488423319170701475400164782 0.850581873906751884106824945775 0.620790470771475200173483699473 0.697604337142739061583540660649 0.200577001940471011387501221179 0.108791400447145303331808463554 0.711729046136572729430724848498  | 1.037980573367313308352777312393 1.508320523523364320439554830955 1.126392339777894324726048580487 
0.965261110926075360794129665010 0.568632057928988521311453041562 0.181594119840474577110001064284 0.838383155040563265991693242540 0.242094722840693776788612012751 0.971407272765719365104075677664 0.393349136900124407567602702329 0.113119653376617113060831343319 0.330879755799590835607659755624 0.957924782418159703745175193035 0.378315284347946145793173400307 0.083057220137646381452611876739  | 0.071552000217852601560153402716 0.088919257565027609579999534617 2.089506677737442252862365421606 
0.137865187307127712301735300571 0.709663271697254183223435575201 0.435198229229388333649808373593 0.277988491725475350690999221115 0.999343926313398078775662725093 0.361151524248283006812698658905 0.205892027237067898326472459303 0.003432491533979176168145386328 0.468327152728621021182675576711 0.274138439940853073650828264363 0.302065512305200956078010676720 0.876176680795251794364730812958  | 0.812034665274737554874207035027 1.655352214162392199270357195928 0.405650696816806266564725547141 
0.046309938918826731857336653775 0.096809665466572436542946888949 0.011769870580914387758753036906 0.734504286794641969571273421025 0.955916986132529733488638612471 0.639134212161951209552057662222 0.440711817336426503466384474450 0.287743809225178170940750987938 0.883607768941414906116449401452 0.919806971018893304581354186666 0.077990647112583300071264602593 0.237604563438084559479079871380  | 2.109200646112237009788259456400 0.323237936143427162516417183724 0.155496249575300310441505757808 
0.438610544332991958427214740368 0.658989394134417927340052756335 0.349270510025604608017602004111 0.468652352413960859855990292999 0.679583223132515068520831391652 0.714439786178331370791738663684 0.145212747885439252826245137840 0.612850032676258704711358404893 0.442424974019183459006399061764 0.746162713930281662477739246242 0.629924622238656639616749544075 0.307311742523918907110669351823  | 0.535214667981982583633282501978 0.901728490096304624579204300971 0.863632163383785345089904694760 
0.804271934987925152249488292000 0.523980805304902763630536810524 0.685834466561824673824787623744 0.466072715145829041816227800155 0.152874414314615569843169851083 0.072594833974621519878667186276 0.524549293589648857327745190560 0.280888248703810350370702053624 0.297986350899059670993551662832 0.918576184021669961410339055874 0.164104075728110476717347410158 0.733802709327634805624995806284  | 0.364430732127967726974304696341 0.392974918150971130881288218006 1.687931485083792315649020565616 
0.954738592567132449140387961961 0.454130259242199185720778586983 0.981609245773986227590057751513 0.489272430004198843889184900036 0.698732061215431077272342008655 0.368617433959315010660873213055 0.525015154630869007590376895678 0.267238297678070724217036513437 0.689035515299106671172069127351 0.648063869486818711074249677040 0.692032183789479171664993373270 0.556879589260357854563210366905  | 0.077426034409568925132028027747 0.067001680215212827684823082564 1.437749738392215315130329145177 
0.681911221932165134695935648779 0.317598024972154502343357762584 0.002254437582791979366447776556 0.121264025626237503807658413280 0.229470678330579436199343490443 0.351627387205602937036985622399 0.765421690215016381486634600151 0.798823314567512765549395226117 0.093193686559244426348413981032 0.570400211066531492853926010866 0.222114276804894927863642806187 0.684395619594818760411669700261  | 0.811075333520480001858743435150 0.441915585447393788331993391694 1.692129796161305765878068996244 
0.986581558094227317745605887467 0.306134563451191943350693236425 0.394335338937216062227264501416 0.221074909803462227309012178011 0.709373213153268289410391389538 0.931359301059965005720187036786 0.913595389702122950836837844690 0.391751096456347203123016242898 0.660234994726497936845532876760 0.820588482927142148781740615959 0.987551039343035896855838018382 0.157560196917973516228528296779  | 0.037092805735475666006895067994 0.019352190966735304672452500085 1.984633515568555717223375722824 
0.463301525953274118130309489061 0.295252007704104202368000642309 0.440170536436391479639951285208 0.624898688304044158670080832962 0.400453943908077203417406053632 0.955684355318315970073683729424 0.038850244772908770762853691849 0.725157490737389998081141584407 0.592640780002580247476373642712 0.895672504079297548962301789288 0.930760137509720641979527044896 0.388199214379802759466997486015  | 1.244299153292622417410484558786 0.622356704311554542741191653477 1.239443995109535956444801740872 
0.537967735495421539582139303093 0.974753685252618407020008817199 0.903651011961843608766287161416 0.697501274218207734101326877862 0.454730862574842187306956020620 0.802443408267669799904808769497 0.041143202865009498303550117271 0.062379162785851982597762344085 0.321374251047488290744524874754 0.668683947077056695107444284076 0.711181021872395180416503990273 0.211057237041341494432344916277  | 0.049626397322451630544914991106 1.250740258648506575411829544464 1.410698724501347589566080387158 
0.229763146926764805222376253369 0.827067761241679244577085228229 0.064136826995062512501988294389 0.247609925578741507656843623408 0.736347828471163201591309643845 0.518029344487449083800356675056 0.956753731194775136614794064371 0.724957244969574254866984119872 0.106581933503494430404145987268 0.190503888116516861828131368384 0.841271463950776676732346004428 0.813659651710181397454846319306  | 0.510716135773929713614904812857 1.833639108309896847970321687171 0.718438836118821422260793951864 
0.790668004962397974466625782952 0.895172302605669156783108064701 0.395692412341036692247087103169 0.115669348491689305546969990246 0.419670868537225127958834036690 0.643252416729809262108119582990 0.924202395308375335147843543382 0.984760312403703652606168361672 0.725651391860159367119820217340 0.509893887931067046892508187739 0.498315976111926794978046473261 0.088415564635119570091603691253  | 0.096388394259428425425717534836 0.580067669826779375163994245668 1.723368822201045036379696284712 
0.683832242775358145614461591322 0.564683335214667958545931014669 0.596098167731435424343544582371 0.572978557348400641124896992551 0.251203210871872695264528374537 0.639530852430524432428171621723 0.506547794758498981515515424690 0.570294762734529947501016522438 0.333588602932897049235805297940 0.434394800187527296841949464579 0.559182479957300526685060049203 0.142024703608134572618837410118  | 0.380637871997614396502029876501 0.467065872407862126003408320685 1.111788910074532843452743691159 
0.248182239810510796296227908897 0.829985188131720841298033519706 0.196948367661543555229286539543 0.780003155587608243415331799042 0.511089268972495514020693008206 0.744946797649993497358877903025 0.613765340187046204434295759711 0.989993372848914754413840455527 0.177999620101684241646466944076 0.187607386287140687208818690124 0.956414886462915392328909547359 0.714027843632550229813205078244  | 0.473250389048770592204107288126 1.729753945455442476486496161669 0.736827535579226866602198242617 
0.357310960089651352689088525949 0.497695827571184024051831329416 0.725276083316052866400980292383 0.095705389728656053982547291525 0.459977811000522485151975615736 0.571526384610817062004173294554 0.659468384192234857721359730931 0.493479158308782195341279930290 0.629742026807535215660038829810 0.688427445621440980971783574205 0.594323124863028628972472233727 0.269847104676938287504128766159  | 0.817431290998051229834686637332 0.811535406664745662119742064533 0.724186510209737566157173205283 
0.126768543063054295316760544665 0.528008877308030699637697580329 0.326578777915886186988814188226 0.679414619144021347807438360178 0.096324666300783179373468101403 0.199894311523135193020550559595 0.800674632113483220052785327425 0.717172682503984915136641120625 0.208085026053896005038268413045 0.159254462028773913218060442887 0.705643024904674898145628958446 0.285941456640157909419031057041  | 1.153352674909284170112755418813 1.259581248737544623139683608315 0.344648315707546559760743321021 
0.426506567737191311096012213966 0.259484229087650786205188069289 0.629946002131503313137272925815 0.049916076930544561740532572003 0.926789591501109732973873178707 0.752019622968773115978535770410 0.024363858583123287893101860391 0.071204176905885763204651084379 0.966356140923900208683505752560 0.884551111726959660153113418346 0.656880086008844066292056140810 0.369683747753586144924042855564  | 1.642334604454911861637356196297 0.709122461653274638315735955985 1.417122229473075423200612021901 
0.379779251695444686198754880024 0.042285885426499247863318942109 0.007009825017010862246991109714 0.754980181043505949034511104401 0.462857813656517347311591947800 0.942130392084999379598286850523 0.447507607697027576243442581472 0.112812505627735926161392399081 0.988863341607647550191018126498 0.620748693558834330197271356155 0.805446244067820615875064049760 0.459005341009835587939846845984  | 1.655960846062105806808517627360 0.110155128978797603456207809813 1.127035920638114196989931770077 
0.187258772449854893338283545745 0.730509143761263968208652386238 0.548053617970180928509194018261 0.137691309356596125468286118121 0.029625294961805659355036368652 0.962008220663777113834669307835 0.332947101506528064795986665558 0.426491650665298260847180245037 0.758919942392152657717474539822 0.211154278001696393829433873179 0.803097724991678418859919474926 0.201842636857230917080130438990  | 0.759876360895868740996661472309 1.686534624384096181515246826166 0.560369542493638683744450190716 
0.617182498765735609858040788822 0.486469333291771333094288820575 0.874761845764029266625527725409 0.225569631964923633660191626404 0.652192732778029249374185383203 0.822339496979910711260686184687 0.013956037435318369155368145584 0.539145535700383149446679453831 0.705830084357051856791542832070 0.873968375076200731932374310418 0.637319325290947591433621255419 0.012635539073280299682267013850  | 0.824737285586766732947694436007 0.790404028840856365256684057385 1.664996829716005599664185865549 
0.070165488352219251844132941187 0.169119064533803986627447102364 0.070393716697299879569982294925 0.129629167066968253863024074235 0.743634804240897784310959650611 0.952994355133629844623044391483 0.000014917071893050248831968929 0.500564286695498128487713529466 0.418791724129806919307839052635 0.246818351938866142880613097077 0.724946954643878815893742739718 0.795402932997871348064222729590  | 1.961141252169764426227516196377 0.533591770299003953503813590942 0.224917782224788698197670555601 
0.407181359817387678035061071569 0.584734843614114430110362263804 0.091594295159870942057978027151 0.658981479762036026492921791942 0.004687353230814816917870757607 0.547344250773675433663356670877 0.365823214260126317043386734440 0.503140349726116098416639488278 0.301179740659959005455448277644 0.881011805967305217102136793983 0.825538488365569755877970692381 0.929494853011719079916019836674  | 0.941328269331678235687377309659 1.232370930034717648737796480418 1.153637760247479437936135582277 
0.377342119344808324399309640285 0.943693441093931939533945296716 0.918469624910347670621035831573 0.491119526491866076334247281920 0.061811439826922831564104399149 0.506010985876205743316802454501 0.187243855377961843089451576816 0.229944857065765839720938856772 0.129261893840374009201354965626 0.890872957417729982587673021044 0.304678340317926843461293628934 0.166605287665905765770446578244  | 0.144879691517303454961762554376 1.633782058463910891177306439204 1.104691978967139887046755575284 
0.925765741689140386760925593990 0.841756807051183830736817981233 0.667325647232281715659496512671 0.552172798239660367336512081238 0.798410371760863601942048717319 0.654498386083555483416773768113 0.114042149039619511441401300544 0.185289592631812327638840542932 0.993750039796724049523390931427 0.400031143599353877782220934023 0.722697879766310169458165546530 0.444997377635102386861376544402  | 0.048601845638698938645294589378 0.191483862793893566678349316135 1.686515744593989563071545489947 
0.070262596341386429621422848868 0.620675910790035478825643622258 0.214710557865185780457295550150 0.812156935249277900368269911269 0.131308339414741848116818800918 0.825391683695318456592815437034 0.840220631286453412123194084415 0.039857170693429977426092136739 0.179520759279569896982309273881 0.824950826749041410401730445301 0.577029516574992018540513072367 0.027228613444489457862118797493  | 1.219258919165273846729746765050 1.798188786835523966800565176527 0.240761456336499729546929415847 
0.158258110020709219512013987696 0.833238639463216412828217016795 0.866618925890146551971326971398 0.448407980178002540938564379758 0.070448568560323332476968971605 0.204609457287095897193296423211 0.293139210777768166593659771024 0.399445250982302102471521720872 0.097844255363146892534587095724 0.258950336162682148710700857919 0.281989473464504647459705211077 0.102346873138573046801980126475  | 0.473700040862921445405930853667 1.766821356301465639759840087208 0.464332874145219676176310485971 
0.295560617918739887421963885572 0.882464438936080619590995866020 0.086469182794773224998152727494 0.068854870718027316733866882714 0.694230148950827907761151891464 0.104103169316400623323204399640 0.537121488058354912276115555869 0.903836270400501962107853159978 0.738948865630777773638726557692 0.666168699742824665932516836619 0.484781923251930813023591326782 0.478782372431716285454683657008  | 0.295660370003891559420594603580 1.583178371513991100627549712954 0.806518994005092304533377500775 
0.028985745357252623577437589120 0.396706217602549426892721839977 0.262642967950227457230027994228 0.442464977239727441649108641286 0.234229771757603510984324657329 0.961995830378809868577150155033 0.632626530911372220167265822965 0.442311556068881728265296260361 0.569481391869134823124909416947 0.293222462076978218625811223319 0.516420898296358954482343506243 0.552151512944982436614793641638  | 1.148030000740312361884321035177 0.825051397137856246111198288418 0.064413444627500107686479680069 
0.231577710103538891850405434525 0.098820409837039102640687815438 0.924895169078696732789524048712 0.705800994648525970021069042559 0.618594710449909546134961146890 0.907875889576747474585260988533 0.166426325940884467513569688890 0.881727045159257705186917064566 0.548541858122361114524778713530 0.327375011997347087344678584486 0.652525966983025562662135143910 0.796405938338065833015377847914  | 1.665297290860561219005830935203 0.260595076448181917072588476003 0.641699633612643371982642293005 
0.443514413683903985230472244439 0.777214202743202520196064142510 0.737055782039842455333200632595 0.590721054991437899417405787972 0.615033686196182149963362917333 0.394602082533117237694852974528 0.715946553951827491246717727336 0.263757247594081589703307599848 0.573396463813168333345515748078 0.931987081881643586456220873515 0.518297055615340895862175329967 0.909376599495060333744334002404  | 0.407888615856204728160605554876 1.117585440975583876976884312171 0.995313179172457096477444338234 
0.061561500674229274743254336499 0.300624841145262999830833905435 0.172949086284450159745063047012 0.553149341514156178689631815359 0.663394763014595101324744064186 0.194470983561825572216719137941 0.129134291977855419908394196682 0.000737393776822914404078801454 0.537927324672412110473374013964 0.741479858720680229389188298228 0.041704181967802345099016747554 0.307697230978334790307826551725  | 1.704905103025027734986451832810 0.870801387182575825640640232450 0.185704536370059486438677254228 
0.093607074374450927045643311430 0.126622067657299441911789017468 0.001893083590935318305525925098 0.075447644751386766515111048648 0.869748237055748663060228409449 0.084180289898599047759830682480 0.313039191405425132330719861784 0.132948970008467837189414240129 0.689246504137059123884512246150 0.510477895358083855192887767771 0.715932716142262615122149327362 0.052619230883749534832816152630  | 2.124004246840065501800154379453 0.428119534187783423728745901826 0.320905584714896940923267720791 
0.571065030237142945424011486466 0.141686714923618728434462354926 0.396532305584684663379846369935 0.740073120562822039936179407960 0.853026135281763853157599442056 0.357680529383156864398074503697 0.230840316326715977446326633071 0.560893085164626992167313801474 0.183415310358016503400335750484 0.664096812680723624922052295005 0.310897479471574755827134595165 0.814268815202296547539617677103  | 0.943890572907720604156622812297 0.213611878041579689169182643127 1.212112076666661764079435670283 
0.039804258283585025601780671423 0.879833961568322386881391139468 0.473094213370974348009667664883 0.457626774941598424284450175037 0.568345677084426514902304461430 0.483366746932640700684657986130 0.310565443675436148041058004310 0.087967698606143396311551896360 0.226577886681758600140312864823 0.874788338849175284295256460609 0.562414455312432615130546764703 0.823537052295974292270841488062  | 0.287820512821501450773098440550 1.506672934980166411733648601512 0.096032439340330122412581204117 
0.574259839028208762812255372410 0.867224942009396926323461229913 0.833323343250346293409336340119 0.078960946599879733298621431459 0.160616526232184031464100826270 0.743278033680880190203765778278 0.830721184347513297296927703428 0.739731755980636007663520103961 0.989533775926433656344727296528 0.889052528833432553767579520354 0.352497283543020345497609469021 0.380202168359529024677101460838  | 0.264029002778754462443799866378 1.247537253358270925573947351950 1.613683983044738479151192223071 
0.089330033694270394306613525259 0.120903432208500527522687661985 0.064833111301437762463706349081 0.283853083779081805104738123191 0.473358504883375830196712286124 0.824330484045694089623168565595 0.783041630699014779004585307121 0.038654369051156045600237121107 0.775315196909176718165213060274 0.200659305902211482219854588038 0.307333781743316047929681644746 0.260643237602624755488989194419  | 1.842402263212400637115706558689 0.354167474337854004673431518313 0.264999382757987955727685402962 
0.738779352377216369518464489374 0.265724027999070910865953010216 0.855923160886712830475175906031 0.431516948758204121894266336312 0.555316189910078583658048501093 0.309341197202869344629050374351 0.740343845889629648127083783038 0.401954958942982720770942250965 0.406998529658251007035119073407 0.851020591729389486168599887606 0.500528851738743507659989973035 0.977478361023627839720973042859  | 0.582729517383346884429329293198 0.258414693283183616312470576304 1.465361944564385510147985769436 
0.109936884118215449923638971086 0.496059973863189229703607452393 0.899562226578934698295597627293 0.190738307797347794725340008881 0.486566995425880666203966029570 0.031227184503281768535032369982 0.001149889232428980001543550316 0.104518764659145668716178079194 0.272434907468762865789813076844 0.150292993198282376354768530291 0.307702439481801759413315267011 0.744587394555424331166193496756  | 1.507861144891746718599279120099 1.489311470922903613001153644291 0.369671309473138642864853409264 
0.044841415676365237175104994094 0.232044537719430565836375990330 0.795060937923554478246046528511 0.319472148939096700637207959517 0.253073258109563270501496390352 0.083193206406344644143757705024 0.172304880085226042041313121445 0.460226412351145919288342156506 0.982302751520956807240736452513 0.578432094861136225638631458423 0.183138165208556191743127783411 0.666509501560970440969811079412  | 1.705734639026080357027126410685 0.650811275599210592446297596325 0.128807606248155959161039163519 
0.720784300229297847373288732342 0.243671782117446777959912651568 0.089971549347498958049129669234 0.698314221036084759042239511473 0.865930288117139679293643439451 0.348974983856247256142069090856 0.088180144461841414305069974944 0.016384667549354858806509582791 0.792398203832674896673893272236 0.133560090580799428749969592900 0.165656065401574070783397019113 0.079743089490269758456975068839  | 0.896524843808689464452754691592 0.360954441234869638499560551281 2.060417014575367744555478566326 
0.738200215022649541829480313027 0.806609831331725479763861130778 0.980254258985622239919166531763 0.881187156963114781582646628522 0.054260523633752777428185254394 0.177450031196280111345231489395 0.566474472291990327477151367930 0.805497615647924991577610853710 0.873620409365756023234439453518 0.853084853897067896255634877889 0.372178024701522391914920717682 0.642831695641898903659239294939  | 0.248402871180947948381856349442 0.792406606564164395223315295880 1.904219971203495509470826618781 
0.019559545660331800753795050696 0.158283176825535942811029599397 0.317026980310752048985989404173 0.152706370693304727126360376133 0.634598563621603828366346533585 0.628503377167380583578903952002 0.093552216568860591117129388294 0.703661770030514333029714180157 0.766002135998135269545628034393 0.025082242395773723941942989768 0.406823905935610907746990960732 0.293026969480632226705552056956  | 1.688822423805558692322392744245 0.428764622146613039177509563160 0.053550479721393470788903812263 
0.194540057900703500237682419538 0.124264505673523428797011547431 0.391247750505648084207166448323 0.096032469564529598926583275897 0.130252408285521648068083777616 0.178112922263434003689042128826 0.239343800028440245597494140384 0.358424128353674542601936536812 0.941976084026486581990411650622 0.947294124237574308722287241835 0.610241562467664366842257095414 0.063633660746012843389962654328  | 1.965905292423199446361081754731 0.388682319702156997553998962758 0.632177218868260948347881367226 
0.014021703259690099230283522047 0.143199432040393870302352752333 0.829596380827652080114376076381 0.943833531239532397272284924838 0.554634788041175608164223831409 0.677921113902902106040926355490 0.627232083660437256256159344048 0.540010012086932444930198471411 0.323969413349363688503501634841 0.673231978640311035100296521705 0.459106382181528771546652478719 0.055948014375615029436517033901  | 1.576761691495964123888029462250 0.360777613151530951451917417216 0.035631803250518324921447543829 
0.893640086561137914067387555406 0.892120161875831430009498035361 0.401150453327026812466726823914 0.037527621016269829823386317003 0.035403657116052422715313241497 0.901630167226835754767932940013 0.498856414994209296231986172643 0.448185702978050937161924593966 0.038278174959135657928754881141 0.933893032725540472860359386686 0.444018961166088410585928158980 0.113816370450267267955268835067  | 0.060499108577564630895295749724 0.353593033435175951861850762725 2.127179918470646580175298367976 
0.552452769032300228246867845883 0.662298183607531121275258101377 0.044024028538103943120063377137 0.909251322657535498983349953050 0.817543236660346783750696886273 0.964910581738996797618312939449 0.392327461999894544497635706648 0.618273164738603497880831127986 0.993057566961388360482487769332 0.479474392052993692026063854428 0.175492181440075056819694054866 0.572555362791765554142386918102  | 0.677750798015095301529697735532 1.155514140221765462257508261246 1.580775863639077627453843888361 
0.201432054693029161107631352934 0.302511316703487520562987356243 0.728474514981865439722241717391 0.989678585279721301226629748271 0.505193738708775152979058020719 0.794170554486422930473565884313 0.746354354922652563075757825573 0.085986330714387770868256666290 0.457354717780107611346807061636 0.652013508398441188340655116917 0.016436037835254380112814942549 0.625660153231133775442174282944  | 1.593119627435917173841062322026 0.819667018499491750738172868296 0.586589909966220734993669339019 
0.577045616420909124322236039006 0.314400099815570599481873159675 0.032724761368951083007061697572 0.129750887577227524971590355563 0.645330980728667569223944155965 0.671306198746118298892326947680 0.395748538521086601349452394061 0.150141865079005509819864983001 0.350121988774658388088312221953 0.768341349799457340452590869972 0.982079425249410054021836913307 0.582972812805971685179429186974  | 1.016798058993980236053289445408 0.547397989118610595049574385484 1.474555643974860386080649732321 
0.425800028967408095148527991114 0.237498695383444924367211115168 0.595494898367498248781259917450 0.683553393360589733873666773434 0.953912643472753618567594458000 0.261777459889192098962951149588 0.147285731638485350991629729833 0.806133831161443659141241369070 0.943795735546919201119919762277 0.385514112617828641482731200085 0.018967619280798042602498298947 0.275970013995701979325758657069  | 1.472374992502493595836199347104 0.576272984144826305730191506882 1.249689066238119039553566835821 
0.921810798573300171909750133636 0.133785603162480337680051434290 0.005553413590184574921693183569 0.804142145148312947888769031124 0.798687980437420841361984003015 0.442510171704148969062941887387 0.156704230511213626897415451822 0.512156318528525611455393118376 0.693902039763445555031751155184 0.140909972858078158530759083078 0.835463811410936729728859972965 0.381937768933025112438883752475  | 0.220522498106278108664923820470 0.047037271298301312760781200950 1.826653251992873761011537681043 
0.966527433032486449349107715534 0.380774469355158573513620012818 0.397562668593890111701227851881 0.795920998692403958152397080994 0.221579537967321438252099596866 0.310777902902573455179435768514 0.395298223531585501966389983863 0.358715581156568319443067593966 0.342960402364036798239510517305 0.970710965998923258624131449324 0.229223724713073173653299363650 0.872359755913122758563815750676  | 0.073854431925546346060507119091 0.050322871276749843449938026652 1.698161180262549585506803850876 
0.612568751760172225395706391282 0.080432917124203195946563482721 0.653212572631794663458038030512 0.853325527961020346978671113902 0.573925866131105411049873055163 0.468955922719920148544758831122 0.064889297892383512866842920630 0.620498060052125044450122004491 0.891814788510872924476302614494 0.294287076166290795242730382597 0.263393211795642456785060403490 0.704778765713631849543219232146  | 0.937110303952847778496959563199 0.119032046116464146345848007513 1.355681393650070676315522177902 
0.014974069165928027835832381243 0.752579196485115398118637131120 0.554200990082254429935915140959 0.546761811832135902200491273106 0.671301522346836598842401144793 0.635310243347526615309561748290 0.030501805435822593182138007251 0.878783114226876604924143521202 0.252534496003461450541749400145 0.712842427361666475249535324110 0.724688918759680444914295094350 0.389417703976069340399135398911  | 0.600804576098801668138094100868 1.467255864474189985813268322090 0.037299729687743622685847100229 
0.534716979878313125595923338551 0.725700914037240463194677886349 0.290583162915124537661881731765 0.532188584656808294504060086183 0.445041753149692631552625243785 0.807014091275781830780999825947 0.856921500680916659042907213006 0.513287543110355293229929429799 0.113738625079311650445390569075 0.509855068982022152646038648527 0.535294768641778384576923599525 0.737731405990517119519722655241  | 0.411721255839928579334241476317 0.895684856270489215823715767328 1.099618432149237046147050023137 
0.141730161345285599061583070579 0.759577122043410213336755987257 0.139701049681191125095836014225 0.594148161025942256330267809972 0.164162289064100130886458828172 0.746627525585498497129322004184 0.936025627596663856166969708283 0.501991355128281968589476491616 0.145028172590428661159478451737 0.083078571330737482902861756884 0.496890619207640993337804502517 0.921360198926504114780300369603  | 0.712017143890033232800362839043 1.794865785055376417034267433337 0.437128529088051998030550748808 
0.669597309494345038771712097514 0.068132418241443781781185862201 0.810771817707228503735450431122 0.525669212849230627071506205539 0.422209633437291342872299537703 0.015438255232206099520908537670 0.099281208649816932165776961483 0.966694292044891545501172913646 0.143357503649772510811999381986 0.318030759319241962401747514377 0.836194460140588291530150399922 0.327225761374634549483175760543  | 0.996032530031485618948750015988 0.107006398624504076022567744531 1.753700844047240803291742849979 
1.000000000000000000000000000000 1.000000000000000000000000000000 0.499996797717291496798708294591 0.499995622661944694176128223262 0.500009693828300405549214247003 0.499999835689614591238694174535 0.499989372015257726999948317825 0.499994896577325709241534923422 0.500013131087646556238723860588 0.500001252296869980185078929935 0.499995346470799184590561026198 0.500008361979491389170959791954  | 0.000000000000000000000000000000 0.000000000000000061232339989697 1.000000000527983656795072420209 
0.000000000000000000000000000000 0.000000000000000000000000000000 0.499996797717291496798708294591 0.499995622661944694176128223262 0.500009693828300405549214247003 0.499999835689614591238694174535 0.499989372015257726999948317825 0.499994896577325709241534923422 0.500013131087646556238723860588 0.500001252296869980185078929935 0.499995346470799184590561026198 0.500008361979491389170959791954  | 1.000000000527983656795072420209 0.000000000000000000000000000000 0.000000000000000000000000000000 
0.000000000000000000000000000000 1.000000000000000000000000000000 0.499996797717291496798708294591 0.499995622661944694176128223262 0.500009693828300405549214247003 0.499999835689614591238694174535 0.499989372015257726999948317825 0.499994896577325709241534923422 0.500013131087646556238723860588 0.500001252296869980185078929935 0.499995346470799184590561026198 0.500008361979491389170959791954  | 0.000000000000000061232339989697 1.000000000527983656795072420209 0.000000000000000000000000000000 
0.000000000000000000000000000000 0.000000000000000000000000000000 0.499996797717291496798708294591 0.499995622661944694176128223262 0.500009693828300405549214247003 0.499999835689614591238694174535 0.499989372015257726999948317825 0.499994896577325709241534923422 0.500013131087646556238723860588 0.500001252296869980185078929935 0.499995346470799184590561026198 0.500008361979491389170959791954  | 1.000000000527983656795072420209 0.000000000000000000000000000000 0.000000000000000000000000000000 
1.000000000000000000000000000000 0.000000000000000000000000000000 0.499996797717291496798708294591 0.499995622661944694176128223262 0.500009693828300405549214247003 0.499999835689614591238694174535 0.499989372015257726999948317825 0.499994896577325709241534923422 0.500013131087646556238723860588 0.500001252296869980185078929935 0.499995346470799184590561026198 0.500008361979491389170959791954  | 0.000000000000000061232339989697 0.000000000000000000000000000000 1.000000000527983656795072420209 
1.000000000000000000000000000000 0.468626049372763919809159460783 0.458139976222444456066540396932 0.470241219238991814410866254548 0.548443836059240519276158920547 0.487609372644341954039504116736 0.419562398763813959590152080636 0.466259014608978505922465274125 0.530094675788610913969023386016 0.461795081260524264976652375481 0.464429665984422201940873264903 0.383837361406948462949628719798  | 0.000000000000000046733675170919 0.000000000000000042340363415141 1.029871153902820690717589968699 
0.512681630583812664170295647637 0.983025647420157300260257215996 0.519295026525684155771500627452 0.547796451803671979874366115837 0.499109703092162515503105169046 0.511846271449288958699241902650 0.519991145083150918537739926251 0.543516025324783491612379293656 0.484160724705908040998991737069 0.460169069997158008966664510808 0.481291096154540520846154549872 0.528626640913336443006187437277  | 0.018621879382634362598558652735 0.698244428299763630896279664739 0.726890460683199068903093120753 
0.623257626499959083155033567891 0.792760515112664654324703406019 0.502191043011617432867410570907 0.507040274173222726972198870499 0.536544438957202385331868299545 0.466369828361189620036242331480 0.513329857276489831541255171032 0.616969167675231244807321218104 0.500280793828769332343142650643 0.486173014284120463823768432121 0.539445635178950166910283314792 0.453918689059166824417701491257  | 0.182018012243441190678439056683 0.539250039869884845167291587131 0.846753213878487343002632314892 
0.141558630046721534156972666096 0.146920209954739144908586467864 0.492350378394151855232507841720 0.450891812013640591594310080836 0.462577671639725351848682066702 0.471802742687197740334426043773 0.520015173226001325978984368703 0.486139194431490118120109400479 0.514797353461480367009528436029 0.548876959582577761409538652515 0.522225363730764891023738982767 0.527339873788281288113921618788  | 0.958168351309472643428932769893 0.225138993408625226466668323155 0.222540457986556028391333938998 
0.456240543465113557175527603249 0.912224937417763892533173475385 0.422078223541324071277358598309 0.551470726212971662505424319534 0.490520886268884293013314845666 0.476043001180757319179548403554 0.436046697326970877917062807683 0.488331918063298564547380919976 0.523962867911884955240964245604 0.479443744391096937640384112456 0.541125672813217328815937889885 0.536132525859895681108469034371  | 0.105454826262614126397565428306 0.759995786090009062263561645523 0.668434683114454197827569714718 
0.378477643658946538707255058398 0.992868848928669778253208733076 0.523263573513544910653649822052 0.439910826179452540962699913507 0.486705472088826807119943396174 0.495688174537631809357662859838 0.541256685874357934551426296821 0.517214919806672668300961959176 0.560093112792120262355410886812 0.549773808878445735537354721600 0.491111097928235040832589675119 0.482492003700763949503027561150  | 0.009398411057806119878188511052 0.838989946687366039412836471456 0.567284421430491847537780358834 
0.335669354556461685401558270314 0.576802792571135425347961245279 0.460269356282855257589403663587 0.526832865448704001920532391523 0.628880952020512418165765211597 0.435720119018475571248671940339 0.575968701537330818318594083394 0.536874455412375661822466099693 0.552856377739974647056442336179 0.593095515475742240951717576536 0.543735492225304484215087086341 0.519753041643093105506068241084  | 0.556508978691696021279256001435 0.710054839368977841473906664760 0.525281524680876077404434454365 
0.633580074196954279308613422472 0.287933933504276096115859218116 0.503184239451295645118023003306 0.428709244791215193792766058323 0.490680305579127229442804036808 0.488414081331607019542673242540 0.419550768052753542125543617658 0.559042773352435795608528223966 0.494285934958749895162810616966 0.567781102251350255905038011406 0.459606305841060214234516934084 0.512032579583765357078561919479  | 0.500195274395180966564566915622 0.243033414383840878914000427358 0.857064431083925382104382606485 
0.676543992415662653883146049338 0.402679478697074766380126220611 0.481051095272310103023727378968 0.471393056675256105769733494526 0.465361847328542854729249711454 0.631464500915959514593112089642 0.469939332460464542773337370818 0.500504571764556538404633556638 0.527485191423826216272630063031 0.594330736549685489933381177252 0.433783687402338080651986729208 0.450803000847817603169431777133  | 0.406909802670432529936306309537 0.298262013194066921695224436917 0.906024429837817946165046123497 
0.316075746515768973843307776406 0.354136384663608416722979654878 0.404241947445074634170936178634 0.536645242287254409241370467498 0.511206079865547557972149661509 0.465976492483058890581304467560 0.509137879068919718683616792987 0.633781661929855522075172302721 0.515731747778555460470784055360 0.557366895192867306541018024291 0.574693398301522329063573124586 0.467188661474792987782223008253  | 0.776537155291682101854178199574 0.482830614570452398837119289965 0.495382638499545002730428677751 
0.128699530818696006306822710030 0.717799337235059287110061632120 0.474945693708667404653311905349 0.462997321765894698231136317190 0.491852632685468915685333968213 0.494333633880823353212718984651 0.446942686540961697794216433977 0.488286100889539498304259268480 0.506552098341061296515874801116 0.521836120240501633027463412873 0.479060022856474310160024288052 0.498978168358443829877302277964  | 0.422693855185904632243421019666 0.890269000741616078897777697421 0.201992663367290825604527526593 
0.835238458272329120646304545517 0.584353433922682574674922761915 0.553702284957246271268616055750 0.521922931549586799349071952747 0.505065145170349061309877924941 0.500318301034854751030422903568 0.527777808085941102511640110606 0.469655247604295722485545638847 0.482968719102673971210748504745 0.500001252296869980185078929935 0.507055067363268441305024225585 0.457244067203090576168023062564  | 0.156600397771484212139370129080 0.204764142808220722669076963030 0.973705183999189594068468522892 
0.578205197769258161244465554773 0.141537383574032921140783969349 0.580543437097455927720091040101 0.530091557396769497145783134329 0.526299971624463847064134824905 0.469569563471290918332812225344 0.510811830439102387835248464398 0.435371546471477632866964313507 0.451353354700930242682233028972 0.500001252296869980185078929935 0.480303779066375502448948964229 0.510061381548406966857100997004  | 0.609687878135361849274431733647 0.137828134692318277076950039373 0.801164735847068043561591821344 
0.054383052845546370202001185135 0.518812769504249260421602230053 0.482619750417224158134388289909 0.570822440421006160882200219930 0.471011761637009029879408217312 0.514195810219461924006623121386 0.506864462888281908092835692514 0.490472849094404528269564025322 0.476301691015292683051285393958 0.471952917501972213365490915749 0.491995342796143153574206507983 0.511952893175414369686393456504  | 0.688907558231687366934181682154 0.730875835984185706628579737298 0.086007914214835307076256754044 
0.484379864906297086246667049636 0.367491305955838287733428160209 0.575348460005205120104676552728 0.456447959868598429622466028377 0.540972403737043139315687767521 0.499524137715162130923829408857 0.525081002847232469754601424938 0.499086297219531516144996885487 0.492377028419763163036293462937 0.434728369410391723981490486040 0.463808567617862599341549412202 0.485931553997384246823543207938  | 0.616422612519894053129121402890 0.401445700594076915201924293797 0.700378339892634094177026327088 
0.530091629457531521296687060385 0.064535129109593553087265149770 0.508391982678970899556247786677 0.547796451803671979874366115837 0.499109703092162515503105169046 0.512058574522508358484174095793 0.457600007121597762704823253443 0.543516025324783491612379293656 0.439764290880531649730045273827 0.460169069997158008966664510808 0.481291096154540520846154549872 0.515748751810590100319586781552  | 0.677488603422578772317308448692 0.068914286246207392960805293569 0.748608700931616244389488201705 
0.164573817286650769808886707324 0.946551228895278318198336364730 0.475645770791510602570895116514 0.502767185263406468642699564953 0.483904994577593561277950584554 0.465976492483058890581304467560 0.453219106820601125296121836072 0.519095045603805371747796471027 0.513886898389082524829518661136 0.518390940076801420843821688322 0.493565925243460212890056482138 0.475540574318078224091976835552  | 0.081537492371101125132604181545 0.968897085512371414317556173046 0.257109932398975726819401188550 
0.751585609889754868717659519461 0.136687709252877265253545147061 0.534989889154347530997313242551 0.442394420853743142174607783090 0.464913257651338507336902239331 0.475969436735445505792796438982 0.462013658401037086154161670493 0.486139194431490118120109400479 0.494726089338971442010972623393 0.499593785672309498302468000475 0.486387909115722494313160950696 0.521033661079181809050453466625  | 0.374858836191633515433352386026 0.081745423541701653369351276979 0.932822192259583515827614519367 
0.310213318449550856659158171169 0.827558396976156851465589170402 0.504793454561755505771714069851 0.485084672556141238697335893448 0.500183473390004573744249682932 0.469284407554090177150385443383 0.520772748843227661907917536155 0.568279956638915839661763129698 0.528327940071693036294675493991 0.568326030245601132584454262542 0.488643113041252574735295866049 0.488268570102806109822779490059  | 0.239269468056626299912181821128 0.861624724078763115642232151004 0.473854046615529156394330811963 
0.290623778314899050556618931296 0.441380186075017333369174821200 0.440258862963301633719481742446 0.405196526608040841210822691210 0.434462959626221389974887188146 0.446710401059348671815030229482 0.493332653942823218251589878491 0.541280752851814206394465145422 0.514806623361148019135669073876 0.533604048740316749821488429006 0.462974175882356731026590068723 0.565579197443719206006562671973  | 0.710015594772888225527651684388 0.589973422538844660678591935721 0.453364643835202585364640981425 
0.530194106243325302685320821183 0.015369110382538769821181290354 0.421013575706088882810718132532 0.452308932880013225830140299877 0.551761341144626937804673616483 0.601752259622474028333272144664 0.520412105913457434525071221287 0.445132627734039276745647839562 0.460752210312220467081090191641 0.537139301828052917464617621590 0.490554434599096034208542960187 0.598212027044388916507955400448  | 0.697898949735285323292544035212 0.016851770478489711685421426068 0.767674579412441215886531153956 
0.154514064247106008842536084558 0.554790195956936127430481064948 0.456631186137870237473634915659 0.551735440784426378613147790020 0.545908709284023019314702196425 0.505259532452181692185888550739 0.540339990788069712834840174764 0.555254572951823233140089541848 0.573862801901314556474176242773 0.580571075387820934032845343609 0.478775157048008326299282089167 0.439963456609152925302907988225  | 0.641946398877835000540414966963 0.763176717694377226841595529550 0.246913431615626094428606052134 
0.277796001647115542443344793355 0.931615872557690627431270513625 0.499512901323979685574983022889 0.494888534893973552897250556271 0.489385543463146444054245876032 0.457720922102462124403388088467 0.467140209158444119630360091833 0.497466163103153113933529994029 0.487273795512996266143801449289 0.525554297853584206912103127252 0.499640575651950358260222628815 0.519740279648487124575240159174  | 0.097574736854808635788671722366 0.904872348694875316965635647648 0.424426717554366506046648055417 
0.338412815296961932975960962722 0.630136361180930415493151031114 0.504346623978552122125051937473 0.439876226636271683290146938816 0.497808798839886157416856349300 0.498915938008860804231403562881 0.498579175200314417271130196241 0.558078085179407379357030549727 0.518575460978988211913076611381 0.483203590091594747946146526374 0.489003050623250501427463632353 0.501366477554395673088549756358  | 0.476781566174695581317166670487 0.726169481189690713129891719291 0.510829805645515611089990670735 
0.215623084677639520467806732995 0.957792917934576992777806481172 0.560741971266590311095967535948 0.499391758027734500302585729514 0.506365351480694503294444075436 0.488352805546826418403583147665 0.505334610745155066169331803394 0.537473218429183607902643871057 0.501917421470179037079617501149 0.497968489617400089652932138051 0.518786631829719402375644676795 0.491983927558711564564930540655  | 0.062843988519183338614659817267 0.946502062053732551305529341334 0.334162988581670983290194953952 
0.089686518752539939880463748523 0.444726603061869729671684581263 0.514963431099535906554365283228 0.390977039259534475679203069376 0.452087125652288313037985290066 0.518746155180660029060391025268 0.468403029290975603249336245426 0.560838037772932396229919049802 0.499332684827137551764053569059 0.501577258101155609715249283909 0.463772569103510001742307622408 0.619201507786616534012580359558  | 0.784694660636324647917660968233 0.659029881326853694822887064220 0.145325519583991230598840616040 
0.003886657450324052312518041674 0.497233555354218703659086031621 0.533886019159206415274354640133 0.566290287038314188450272013142 0.528858159402653460468002322159 0.531773835273244954713334209373 0.443866320798848745798892423409 0.523096376442303334641792389448 0.487117385792356305529438031954 0.537819449846890340616312187194 0.464152889717655503520887805280 0.483429627565490849239182580277  | 0.720261863813153380142750847881 0.714029083025120692163056901336 0.006191956527893133915840806480 
0.132826649531191026687437783949 0.291693225086880503216235638320 0.488618136026789828818550631695 0.504407922866338953582499016193 0.465946392694169764236988839912 0.542081045747749845631346943264 0.463346995870607292200560323181 0.445313066898807063953569240766 0.513216792768619867182167126884 0.615530215780618505938548423728 0.501211408307062344924531771539 0.567021891905125752231242586276  | 0.899715383806111268505389944039 0.443737189457110381418658562325 0.212400279045188905557850489458 
0.026827796710252885259428978770 0.827558396976156851465589170402 0.468305942161383270683217006081 0.485084672556141238697335893448 0.500183473390004573744249682932 0.560575970304186710357896572532 0.520772748843227661907917536155 0.568279956638915839661763129698 0.528327940071693036294675493991 0.568326030245601132584454262542 0.488643113041252574735295866049 0.497509179528628608935036936600  | 0.271502263818255651361965874457 0.977697092107885246115017707780 0.042785578860738117390472012858 
0.808901758851135355143924243748 0.230742323332652432554823462851 0.582640136293285260116192603164 0.503739996383759658371559453371 0.470621049857153694873090898909 0.572287710525904325109536330274 0.484352442112990388967119770314 0.499544947349633838840077260102 0.482212234540572992624873904788 0.464062269907063840168603974234 0.466040549817590687986523789732 0.477668990992363873271386864872  | 0.281022652155722696409867467082 0.106564248023398117082294334068 0.970986264532038068075792125455 
0.233400401427843989798915913525 0.430680694950407005894277290281 0.399178740999043213388830508848 0.551470726212971662505424319534 0.472572371577138494735947915615 0.548233369289225835885304149997 0.507990335623821454014148457645 0.505640288271737792236137920554 0.491650127857339802606162493248 0.599226671888623552142405515042 0.541125672813217328815937889885 0.459670168395095835034425135746  | 0.749212461453103939490461016248 0.601548745895753689261198360327 0.368941410675409697805804398740 
0.327721117883115697910767494250 0.819082956863118494261755131447 0.501024700495974917302532958274 0.452958461827061287241491527311 0.500009693828300405549214247003 0.478998937225881771251323471006 0.484244866451515487693058048535 0.553136428024329607211484471918 0.518781379189607538826578547742 0.553383190826862270128572163230 0.451219325412433980293513968718 0.493261664175972891488441973706  | 0.246808331462591318272714602244 0.844974774100609171689768572833 0.497936276720590487165907234157 
0.247217803296710780802669660261 0.603088518325803124575656966044 0.482673586218550720872144665918 0.433580946512756970623314600743 0.466384255628346733324463002646 0.514712964874584955055070167873 0.478354519672866740354066905638 0.493513771033466108750786816017 0.440120922428287320027351370300 0.562467535569994403488180978457 0.495364104268750937709597792491 0.469683421850197513336411248019  | 0.548485696889009499699341176893 0.762679534803284764343800361530 0.384320715001509993768991080287 
0.594137852449379444408350536833 0.625185494714116107850543357927 0.503184239451295645118023003306 0.428709244791215193792766058323 0.490680305579127229442804036808 0.510265142393162896006231221691 0.419550768052753542125543617658 0.559042773352435795608528223966 0.494285934958749895162810616966 0.567781102251350255905038011406 0.459606305841060214234516934084 0.508839457430852348807093221694  | 0.337669503774799706352638395401 0.505677025399218993406691424752 0.820911017391909303420050036948 
0.709714566943774327612004526600 0.192167906874232630176635439057 0.400200886855765047833699554758 0.588437021875676591342596566392 0.526148098293680477333111866756 0.455349531958778308560198411215 0.510254705389776130886048122193 0.517810037745290663302455413941 0.516618175042688587694783564075 0.572767453558727934748162624601 0.516732977177400520929495542077 0.476898866809251364973221143373  | 0.431895575430053302312671803520 0.134480069609035357558468604111 0.922310146667645103235599890468 
0.260511745206010614239744427323 0.972021762496381946938583951123 0.492391647000221366337058270801 0.499180610972609795084053985192 0.454016921260447348096533914941 0.568482291728744870695777535730 0.513465114650862641809681008453 0.476557452553613092316453503372 0.474578805235026990327895646260 0.536495954920719664293926598475 0.510357774749420123328036424937 0.507677765972187167164975107880  | 0.040699072387403653627835353745 0.925474700819117979122552242188 0.401760150545555305701128645524 
0.444623159313345783782978060117 0.359932940484591956664672807165 0.504346623978552122125051937473 0.439876226636271683290146938816 0.497808798839886157416856349300 0.498915938008860804231403562881 0.498579175200314417271130196241 0.504653191613954943406383790716 0.482448524411086543395299486292 0.545188996809471637661204113101 0.489003050623250501427463632353 0.501366477554395673088549756358  | 0.650651807576660856646810771053 0.412820058941978484945423133468 0.646948294524770206592734211881 
0.844214497860809487406186235603 0.253408069839983929316673538779 0.548039757574472985446334405424 0.527705121372305296922888828703 0.465167169210210951213468888454 0.486209529551845986983238390167 0.529311962373063438214160214557 0.461779205910617218666658345683 0.493869411479463338299211727644 0.593939415531113401591767342325 0.489361948103185173675200303478 0.488641461837441171134344131133  | 0.226882627149942617261757504821 0.095404017663208384725237465318 0.985637792309410953883741512982 
0.073524634090366275396277728760 0.582882219881630359026303267456 0.505797806697803831177395750274 0.498556840118461130906268863328 0.516551031019089057494397820847 0.553634186071380041127554250124 0.513025468812240315052974892751 0.491716710109258547944932615792 0.513102286876664259729352579598 0.576990851651640546116084351524 0.505905957563218433570284560119 0.502180618618473628700371591549  | 0.611052654247481785709794621653 0.795172005025797878907667382009 0.116337696680984994945795563126 
0.416049844292218029551122526755 0.492442187682949727989267785233 0.455227076263713781312247874666 0.503233321931279897754052399250 0.500910367301400150097379082581 0.474953157350605337239102254898 0.520010952950111682291378656373 0.521656295210750298174673389440 0.504851163494292931588347528304 0.464424701051214416924750594262 0.527134493662084757659158640308 0.504096495064778271633088024828  | 0.571182786297367184324969002773 0.557779362028999581291088816215 0.611369782539421535716428479645 
0.282560977083678777077579979959 0.791208270883184461297332745744 0.474167160436630485964570880242 0.425866952382754238026763005109 0.514641527092143391541867458727 0.509240502585855181472140884580 0.531696833481235198171077627194 0.544724834524297096827183395362 0.525868476291369235653405667108 0.500001252296869980185078929935 0.494399955041481709017148205021 0.584352265059191466889387811534  | 0.295937884105936688250437782699 0.869746907463510354752145303792 0.436837621851469515288357570171 
0.182950359318712479916868574037 0.034764469343972703718748107349 0.460269356282855257589403663587 0.501644129944730954306919556984 0.463567871825180777278774257866 0.549312599175180271693363920349 0.575968701537330818318594083394 0.475066446803993180925118622326 0.485686878886007811217950802529 0.606624956091766476262705509725 0.534610536316610485130240704166 0.486309331623204554873041161045  | 0.981205245991717212028504491172 0.053634882770352533543078976663 0.290437227858179491946089001431 
0.780252927836990295418218011037 0.240644942066842643102475562955 0.499755188706055730740729359241 0.521284737647317197861696058681 0.505701980073389067982247979671 0.452568495277289206679682820322 0.463415509334793973561517077542 0.468959579286429950606418515235 0.503357344340602419485719565273 0.500001252296869980185078929935 0.490572673671801462447206176876 0.446685567995694698950615020294  | 0.316986100342631249571212492810 0.125875294657227493333451207036 0.948524452107634030717520090548 
0.094707357360837671200748388856 0.297189491388998083820638385077 0.525380305002172920403324951621 0.517249375814494705139168218011 0.507576670793563389239011485188 0.508454582498025442482969538105 0.500980408418505662737629791081 0.507196308397457551464526659402 0.531794086160444101629707347456 0.556733506914805720278138778667 0.462438567015237167456831457457 0.508058157573916480131970274670  | 0.889169315162842588406988397765 0.448120902200392356995450882096 0.149229977825780679712153187211 
0.203088717981786903710172964566 0.655612779135727241630604567035 0.524406199160284303140144857025 0.492452348517013860362823152172 0.507599426543446585746721666510 0.525099410910425112852806250885 0.561927909901646871482228107197 0.509558818023000625885288172867 0.501673104400191305352052495437 0.546538892352726568546472663002 0.484407644922941638121471896739 0.484723322876421780502909086863  | 0.492847996582651881602998855669 0.820403838522383299647344756522 0.316109035340354005416685367891 
0.104373360143363624885637364059 0.134466892050393554969289766632 0.527483477573080783429304574383 0.525143399747010852784967482876 0.507563499999012401886488987657 0.526485862839190521533794253628 0.480461888899037958822191285435 0.528655673284308180726043246977 0.485357892499853060819248184998 0.491189341565718418092245656226 0.570946347723332303658594355511 0.477662548093370831203685611399  | 0.973513592205246136579432914004 0.208739135018649907271637289341 0.164713060123178434146495874302 
0.117172341673305202558452720041 0.447302215420489535091519428534 0.515412942336707424750841255445 0.485467740015594895197637015372 0.453599267321146415454791167576 0.492830144093048205800045025171 0.557243617981176275755217375263 0.437502023802091188908747199093 0.519238140787032786960253361030 0.469195223504487168852961076482 0.483062179589634099752259999150 0.503576291671625764223563237465  | 0.758855575842085183779772705748 0.642582371411363317825760077540 0.185112883697761021473127129866 
0.461396720414408600952071992651 0.587343199563484352765385665407 0.510018890759516563271347422415 0.525143399747010852784967482876 0.509122750360037068517726766004 0.425469523842621766274163519483 0.516226068377164892808650620282 0.574357359778747134093634940655 0.577413509037808969637239897565 0.604981999230480682605559650256 0.521057938629865824431419696339 0.581275059833049834168150482583  | 0.468378536263271083583958898089 0.618429509447334102567594982247 0.686972252811522188231663221814 
0.378477643658946538707255058398 0.569719858048006289052977990650 0.523263573513544910653649822052 0.522358980573064735075661246810 0.507440893567044359890871874086 0.495688174537631809357662859838 0.541256685874357934551426296821 0.517214919806672668300961959176 0.508903956835865867169843568263 0.462416939458269282692270962798 0.499851849915970924964625510256 0.463442723271622891711984948415  | 0.521328743505542147040898726118 0.650138133764060932584527563449 0.563431972685727311400682992826 
0.701235702262850035815233695757 0.603909797075512622122062111885 0.507129833881892810865110732266 0.422801009025617124947871161567 0.460651796049098782859232414921 0.496678459102402158897859862918 0.550998520310765682594933423388 0.495920510913146816989183207625 0.503073039715447034581075058668 0.506154329690244209061233959801 0.512736239056564291338702332723 0.458036753674177510298193283234  | 0.266784312529470490904515145303 0.371979981658264124977364417646 0.902729401976949175079312226444 
0.220705197489878879313351944802 0.974684041990558136525635291036 0.399178740999043213388830508848 0.417244746985128811544996096927 0.533734654458986490510596922832 0.478731841367844690449118161268 0.449991837707825137471218113205 0.505640288271737792236137920554 0.515366776264742476598712528357 0.530585861339385456147965669516 0.464693789867824225137127314156 0.475610943159947618941174596330  | 0.038293420055560946357875451440 0.962456042425024693720558843779 0.347985406302466826478081429741 
0.447396014000274233612941543470 0.663647183729082157377376915974 0.535919337892881819662704856455 0.538647498188947859709685417329 0.516828099604786594944982880406 0.559524672484308815967324335361 0.446940384024424319786561454748 0.479294524595156257174011216193 0.463718891388045284518426569775 0.396520732851660839823892956701 0.463566521594343972090257466334 0.556070958174242013782873073069  | 0.394793704611565821060992220737 0.676373714879338283623155803070 0.663363082204953213860676441982 
0.348989172263059088674452823398 0.906550984200348297648019979533 0.499996797717291496798708294591 0.563598402614124971421460941201 0.502445703303391666416644056881 0.505259532452181692185888550739 0.551856213602331058254435447452 0.575795738224071040889384676120 0.564641551367404237460334570642 0.580571075387820934032845343609 0.498436820136002434189492760197 0.439963456609152925302907988225  | 0.128174870707179977546985583103 0.866908449593931651477873856493 0.535105280645506220515983386576 
0.019930799464295396311586117122 0.579730672377518296833898148179 0.546525719614571303672789781558 0.444076775785655297745790903718 0.508028580880014346554673920764 0.568482291728744870695777535730 0.502866567343418280344735649123 0.550889231448386862410870890017 0.511736664182124267874485212815 0.506621979519688570015034656535 0.559294141627915242231949832785 0.551150392465474925351998081169  | 0.624560917465134757264877407579 0.804476092397697351010776856128 0.031895538685289492875085670676 
0.226441049181314746352455813394 0.590842652612907470732750425668 0.563755710450300595582007190387 0.509423725827887752259925946419 0.504091192957899392190768139699 0.360196054836738999149758910789 0.492386927850663458361424318355 0.460648478514237236236539274614 0.488991660570736119684198683899 0.473703932561254981159493127052 0.541740677643076429248480962997 0.508212661850226066206914765644  | 0.577544866244288579437693442742 0.771341812624409928211832720990 0.357971199617359292499685352595 
0.432512864114282191696503332423 0.218225132119380826889454283446 0.542216579736776727038716217066 0.549480242818222497369617940421 0.511206079865547557972149661509 0.513035638824554385273302159476 0.498882447228134573435909260297 0.515969727200833339075813910313 0.462722716719914661798185306907 0.557366895192867306541018024291 0.462251964877512244722623790949 0.527503019259462635481838788110  | 0.741227704262196085416292135051 0.264526365828764986609655807115 0.635634558314387643207510336651 
0.226441049181314746352455813394 0.254161598603159344378354944638 0.581702935436253842915732548136 0.476753174004847513067772979412 0.527059039892599390242367007886 0.537087664938102560263644136285 0.492099861050205089618714282551 0.507365286959897354712722972181 0.477725927390723448251463878478 0.520117826615299150283533435868 0.476090840124373138042557229710 0.516586917280636215288325274742  | 0.873348930022060265798700129380 0.368459857342157637294377536819 0.352135879440226007286440790267 
0.101638603790726977926794916129 0.971053302421120534404508362059 0.495980058271021873039785532455 0.455830014279442086166937997405 0.502825485860741161481257677224 0.474967516249611365619642810998 0.542990610206420587502407215652 0.461179458306095302333460494992 0.528164051180953553199515226879 0.555376852803028953076136531308 0.504780329025564689082727909408 0.529328702036298448518891746062  | 0.045355800234520453340092416283 0.996814834545342476346263538289 0.160677183640914267304111717749 
0.590057745779954401221800708299 0.158816189321004636036960278034 0.510542114627272392013423996104 0.538344977384595857472504576435 0.484157908149103255457390559968 0.499999835689614591238694174535 0.475757700771899383340723943547 0.498769650115862883676953742906 0.461556692208163310553459268704 0.535435771713096420043598300254 0.498314121801003984124633916508 0.627649801135340967839226777869  | 0.594243584203345776018068136182 0.151398522950629776939734938423 0.816895555974734732807007731026 
0.171710052600113544096771533987 0.663954841052994959582633782702 0.469394621632649278186732999529 0.504950078607000696351292390318 0.528992115109836236186424685002 0.426017073347945252059787435428 0.520288959599817246726161101833 0.540588346676359243758724915097 0.510217663864123593953081581276 0.506234981178091292264298317605 0.558399983940405242321958212415 0.488513556901997714199126221502  | 0.491794727576699619575606448052 0.843495135232626647159293042932 0.269932393791305624830556553206 
0.461396720414408600952071992651 0.604755526515541652621266166534 0.510018890759516563271347422415 0.525143399747010852784967482876 0.537479341641497465609234041040 0.425469523842621766274163519483 0.516226068377164892808650620282 0.601065251513194676036277996900 0.510715038347449690192547677725 0.604981999230480682605559650256 0.470923157946504189474978829821 0.494697950307887213128310577304  | 0.448657155879281954735660065126 0.627325089996738749498206288990 0.682963429279933254001377918030 
0.497244103653533220388283098146 0.545328773977725944632766186260 0.534343077114116216108641310711 0.435192165971519495659691756373 0.481760089441640559915214225839 0.464884850393414761349220043485 0.479034130117308831753319964264 0.525646129770631520550239201839 0.466849060537588289587773715539 0.507778846329818178695347796747 0.465905762922007637971688609468 0.555322416766678039756754969858  | 0.471407522356808827979079978832 0.543816161135303066664903326455 0.713490890419198553473734136787 
0.776691886507920759008527511469 0.113710463535968447912338774586 0.561939998151113506708043132676 0.516975347310262955957682606822 0.394081192865266494163023480723 0.504888562558063469509761489462 0.474090227361559035657023741805 0.416883963880237962129626794194 0.462729268124546955220921518048 0.554780577069209468454857869801 0.462201338271284400960325911001 0.502321609261330181972482478159  | 0.347884769624950462851842303280 0.062807129390059182605376975062 0.966127085441256250319952414429 
0.038353174419044060161620990357 0.791208270883184461297332745744 0.471505133538202725329568920642 0.518832340255025670217037259135 0.453430627295267285603586060461 0.484124081525662719460711969077 0.453179433637145634428122775716 0.525525254984399503577208179195 0.476596532390708871318452111154 0.499593785672309498302468000475 0.458681732678084153054243188308 0.544817509875219818660241344332  | 0.324975589795112540514310239814 0.955087298401615547582821363903 0.060852506005213836959288897788 
0.365625581879331695844825844688 0.224036455616044849481482970077 0.486278462797543165052616132016 0.434204480174121942859244427382 0.481760089441640559915214225839 0.530013290268121939341483539465 0.485566076349347452989491102926 0.510481545221755150798514932831 0.500418965204116106271214903245 0.507778846329818178695347796747 0.471908786278416758630527283458 0.554991806435038870226605922653  | 0.795943019942500051833178531524 0.292271000692217730598798652863 0.548668463441297604710200630507 
0.043237633112811590940793848858 0.859638274089762566276817778999 0.570723596539839728158938214619 0.537869747697815703268986453622 0.531528656684224998230092751328 0.521670854169031028568781493959 0.485565886702792326445887738373 0.485528633448241098147235561555 0.502842047226839672369180789246 0.524085282803425145381481797813 0.516870766116236945997286511556 0.507677765972187167164975107880  | 0.220211612827406227888005219029 0.982547393261498536176645757223 0.068493008231049520850852729836 
0.445197546010212052980392627433 0.468626049372763919809159460783 0.458139976222444456066540396932 0.555390153013390230896106913860 0.548443836059240519276158920547 0.487609372644341954039504116736 0.548686875703835119644224960211 0.486379725488344127892759161114 0.530094675788610913969023386016 0.578412346501880114679750022333 0.495518529577258892704350046188 0.383837361406948462949628719798  | 0.584404019973086330530520626780 0.529465711747129197384253984637 0.663290363438316710187336866511 
0.159331605786088292830982027226 0.663647183729082157377376915974 0.465943694360385685104830599812 0.525081818424707025272368809965 0.630465307155603671418475641985 0.450781201057268710030712099979 0.588724433720596462826790684630 0.527130682252766269435539925325 0.545356912553024764100939592026 0.596994144710058294300836223556 0.548929424006074473396665780456 0.518560990812562461194090701611  | 0.509907098562930705121232222155 0.873589812780035335215700342815 0.258581431790204430143376157503 
0.062827148465686960543408190460 0.226689114344418324309415879725 0.494483792226023954885505418133 0.575374115970085919791188189265 0.436810910337360469579692789921 0.514263062815272120609222383791 0.500270814958991949517042030493 0.492443756757958261971452884609 0.487278682200247226230516162104 0.483437592432619467341936569937 0.542644966851461685308777305181 0.530790418289766141590746428847  | 0.944991013923264011609148838033 0.351476937920781384860902107903 0.099825954379306761077295107043 
0.396761798300247270354645934276 0.418164352046097753667908136777 0.554375638622428223989402340521 0.504480827116875474303014925681 0.465914782558017714908515927164 0.502135809567135771303014735167 0.489578599412343995478380520581 0.470598153974659705323091429818 0.476470410604801719589573849589 0.523506139593815311705782278295 0.480140749525573340417139434066 0.512033295956970446738409918908  | 0.647383256359799763579587761342 0.499178764157844845339440098542 0.587609046839662418904026708333 
0.654049716331218444764772357303 0.396006499339804807213738513383 0.536550911673477792795949881111 0.539219966641838466259173401340 0.446696644876204196350499842083 0.514884177461960357291559375881 0.486597987932187503457015509412 0.345193429576487464949252625956 0.527167045107957199512327406410 0.522675911548454941168984078104 0.511658186763813360720121181657 0.389167064413115104670737309789  | 0.438597786350830909363196496997 0.314475328409448195987607732604 0.893397523812353711036848835647 
0.418120911003036388464693118294 0.853219254402490800970326745301 0.525921148604784005620160769467 0.574804382726657903113220982050 0.511971420937743171286626875371 0.506218504903099275615829810704 0.528266468212144846283706556278 0.545995053481122094574118364108 0.487867919132163818662917265101 0.436275739431665365852808236014 0.483062544607437471810840179387 0.540225919450846747693617544428  | 0.183784161829119052633529918239 0.782936675093099831990173242957 0.620021996127661179087908749352 
0.215623084677639520467806732995 0.899876824885856407831852266099 0.513161086353525086600768645440 0.547918078167084487972715578508 0.502280753340944796647704606585 0.457738791065367911503614095636 0.458618090043491744012271738029 0.537473218429183607902643871057 0.533130819971140312851787257387 0.509094307223845965459929630015 0.479799763786798449949344558263 0.439761736919458245953507002923  | 0.149587786108990622446768270493 0.943278855480434441638237785810 0.336445788234774723068909452195 
0.459085698448780166192051410690 0.102996802234218087779282768679 0.528023909615752851109959919995 0.457995533433223744879114747164 0.563760614302840856737475405680 0.532086700012908031531821961835 0.562654445389550450506987999688 0.529405216581354642890744344186 0.498358180570038000745114459278 0.426162936785892787483476240595 0.471847264074882755124917821377 0.492079878282811578049660283796  | 0.755146624389270604282842214161 0.123250145948537268014710832631 0.672609870318890301632563932799 
0.654049716331218444764772357303 0.705031642910440181637454770680 0.449840670062492620218108640984 0.539219966641838466259173401340 0.446696644876204196350499842083 0.514884177461960357291559375881 0.486597987932187503457015509412 0.507365286959897354712722972181 0.527167045107957199512327406410 0.522675911548454941168984078104 0.511658186763813360720121181657 0.389167064413115104670737309789  | 0.235951889440634388073192440061 0.472272562812646623520151933917 0.873941139552136814216964921798 
0.130585310013009187057875237770 0.181272066540748788554537895834 0.527099826395562520708892861876 0.473577769760861300163412579423 0.489447517501724438382382231794 0.565707670169849019536911782779 0.464363399307678836880342032600 0.544245330104050184516495392018 0.505541273277546165942908373836 0.519152315290970722827523786691 0.527134493662084757659158640308 0.425678424203264904601695661768  | 0.954410022882733355409357045573 0.279350976615543755698922723241 0.206894874791438587724456965589 
0.829205433100795419321116241917 0.430680694950407005894277290281 0.399178740999043213388830508848 0.551470726212971662505424319534 0.472572371577138494735947915615 0.548233369289225835885304149997 0.507990335623821454014148457645 0.505640288271737792236137920554 0.491650127857339802606162493248 0.599226671888623552142405515042 0.541125672813217328815937889885 0.459670168395095835034425135746  | 0.212736687936528112707890159072 0.170808007632485187032855833422 0.992403998747965143678584354348 
0.111336202741322276565938409476 0.037199221634636236988313839902 0.495980058271021873039785532455 0.467549202462425317339267394345 0.519734788213600418238513611868 0.539680647604255381288851367572 0.467472920259425606115399887130 0.536959017841666441661629960436 0.489092730145553822307391556024 0.530156441730584293559047637245 0.486999302550466417471852764720 0.510716662697973666773521017603  | 0.989720458294045091207635778119 0.057897651601697242007560362254 0.175174228801073084138550939315 
0.247217803296710780802669660261 0.339363442642634460799655471419 0.482673586218550720872144665918 0.429386585590623037766988545627 0.466384255628346733324463002646 0.514712964874584955055070167873 0.478354519672866740354066905638 0.493513771033466108750786816017 0.490321110272704752119921067788 0.562467535569994403488180978457 0.495364104268750937709597792491 0.469683421850197513336411248019  | 0.806753837255302697073489071045 0.476024721598254763055280136541 0.383216193234808322198858832053 
0.659904154421452004974923966074 0.468626049372763919809159460783 0.458139976222444456066540396932 0.538841315435834800062764315953 0.548443836059240519276158920547 0.506633515129639389051874331926 0.495835021574741463545876740682 0.522862799097390640312710274884 0.535781363054674608648042521963 0.504743113981838575909932842478 0.525922045621782241475727914803 0.386758032960307862602178374800  | 0.385257806923690271361238046666 0.349040718368747171496124792611 0.878730978978349841490569360758 
0.199372998010663188273028367803 0.111566970688539435219155393497 0.512507013125419352839173825487 0.499686691318306730469345211532 0.560038985357401819520362096227 0.507334465347442975513558849343 0.583634351239752158235774004424 0.591468103327554395320930780144 0.505817988998043199799781177717 0.497469462382459037819160130312 0.524564058405970201626189464150 0.602468068838154069410961710673  | 0.965191496141483029624907885591 0.170902018210571965406430194889 0.317420982437403853548829602005 
0.676543992415662653883146049338 0.471705508358624570064421277493 0.430589509906591338950221370396 0.595069969294218736877155606635 0.491683913928727400755036569535 0.543965851880698791909196643246 0.526902841526902587787617449067 0.498743203941434454229408856918 0.509633553760574176116904254741 0.611766397137712858445013353048 0.545984373904374931107952306775 0.499455056875219294276746495598  | 0.370184023597725453402773609923 0.338658825256592521668608242180 0.901009779144677169782085002225 
0.017168896533086435568504768412 0.470578634664338024684582251211 0.468315980780480145551081250233 0.462527124957770707780468910642 0.480269484689712977676379068726 0.552779651000272265193302700936 0.430347971711257937243999549537 0.452943372928817311606763951204 0.509768871677440338352482740447 0.499529327672757206268983054542 0.473459741884963536406871753570 0.438877631475673601890719055518  | 0.751445612396604456506565838936 0.685012439632496139552131353412 0.027428968268855186130039669479 
0.189474543747108314928340178085 0.798479930221507983034712196968 0.506406983942726429681613353750 0.505320052597697078056171449134 0.508501663180810692388433835731 0.520218626674450068669841584779 0.492843136389614910886081133867 0.616916148982154743940498065058 0.446074824704959183030439362483 0.581392101457038124046050597826 0.500782388106863263210755121690 0.397172314505636725456838576065  | 0.307832228644374206183442765905 0.939769119458421342550025201490 0.303332656032587910654996221638 
0.088298269237770204975745969023 0.122538477501956344362099571299 0.508520917174229314383637756691 0.502426731539813542504191445914 0.498071864224798155351692230397 0.506865937292535040370466958848 0.466774377783141958264678805790 0.557679665558199144648199307994 0.506552098341061296515874801116 0.541382290646899466679542456404 0.496856874894539612963484387365 0.511202807366246347875460287469  | 0.978377485861548379375562944915 0.190681762123370152073320582531 0.139146211739366226778358281990 
0.748307950437782531949437725416 0.332384032731362466517310849667 0.468559783985897204683368499900 0.450212957260444635032570204203 0.520221710546688975718154779315 0.491769725665209433973501518267 0.471162326740050763085321250401 0.395210673369191800574640183186 0.523476451160983069499366138189 0.421849740967186026541213550445 0.458117823603433005352769669116 0.499455056875219294276746495598  | 0.341894090351287260887147567701 0.196713471878273093995659337452 0.945164033636852973785380527261 
0.262363850468345927158253516609 0.472066794969463299214140761251 0.498576179879742675815634811443 0.469910456098788564816004509339 0.547135831223184654348301592108 0.589504823790897636293095729343 0.566771466101254062230907493358 0.530504592942596886473438644316 0.512115192455101841950693142280 0.445167496079890812055168680672 0.476731075071880394666834490636 0.489129748883993742403220039705  | 0.689444140153116613589645567117 0.631449568152091966766192854266 0.408701033378225442316278304133 
0.562354065969522087797827225586 0.262740173944789212612249684753 0.537430040389021312918771400291 0.501425337695822870287543082668 0.465661963176784543527730875212 0.479696634803126575885556803769 0.518315452923157837794576607848 0.437852301934779530867558605678 0.493869411479463338299211727644 0.593939415531113401591767342325 0.499645109733805659057992443195 0.488641461837441171134344131133  | 0.590697142310473988224828190141 0.258641759924348624277712360708 0.785372669788679700353384305345 
0.562531671782947162441246291564 0.047654267063323325903656524360 0.528886605474021775918913590431 0.556162275814766959847190719302 0.503471542302931229784235256375 0.479886021310607979728501959471 0.470239016545367261024068739061 0.494669205714014625918650835956 0.501151912013214295704699452472 0.498894031492023992679918364956 0.500096154069585741019920988037 0.507301202896071390391341537907  | 0.635978692165754755372120143875 0.047695395966953081645645085018 0.777197316259596537868503673963 
0.530194106243325302685320821183 0.977094210603746127219437767053 0.421013575706088882810718132532 0.452308932880013225830140299877 0.551761341144626937804673616483 0.496382010374097348837096888019 0.520412105913457434525071221287 0.445132627734039276745647839562 0.460752210312220467081090191641 0.537139301828052917464617621590 0.490554434599096034208542960187 0.506019905197507502414566715743  | 0.024629712081415098406944608200 0.684237272362181903062605670129 0.752914997271066921413762429438 
0.326062842699561317161283113819 0.243188584237250315922551635595 0.494794794887304600905508777942 0.506800747953626506969726506213 0.429733256312296418855112278834 0.440746300498526588640402223973 0.488055436190173108634837717545 0.554372763763089304589470884821 0.466067209286082639874138067171 0.567084490570519350605138697574 0.556476098960762222134235344129 0.514585497477711872882366606063  | 0.825572175267028751655118412600 0.331659860482859447650128004170 0.500209487557973897509100424941 
0.008127767642682873217019334788 0.334092748038776699015528492964 0.541109416526985742557087633031 0.489176117520230158142169329949 0.520221710546688975718154779315 0.512003125115581547710519316752 0.464919566773418779792592658850 0.553200087868303436167138897872 0.483398737412486012576806615471 0.421849740967186026541213550445 0.458117823603433005352769669116 0.458980394868928387452911010769  | 0.879411925146995954172268739057 0.509128393720670757716106891166 0.012974062598214358005277446750 
0.212863745140759119678364186257 0.793717120234562756309060205240 0.572371299448652393060399390379 0.495797929198972031628045442631 0.509981314484322600932841851318 0.500310952007519404993729494890 0.534843879371841635084194876981 0.542029740696186701498504589836 0.502708279634814125813591090264 0.520140335587986002430227472360 0.511360210607247678282760716684 0.484701703272287010015872965596  | 0.303495524177190501013967605104 0.903620352467594312173559956136 0.331160126268104204605435825215 
0.348989172263059088674452823398 0.449270420172715623241543880795 0.499996797717291496798708294591 0.563598402614124971421460941201 0.545908709284023019314702196425 0.505259532452181692185888550739 0.551856213602331058254435447452 0.575795738224071040889384676120 0.564641551367404237460334570642 0.580571075387820934032845343609 0.482594558685702612610413098082 0.439963456609152925302907988225  | 0.668580905982990358893403026741 0.569698212349752042271688878827 0.536357138550125456255557310214 
0.192558259598757053332462874096 0.362252785982253744379022464273 0.487894310529461361358727344850 0.541105921329597006064204833820 0.514064297473947884320466528152 0.493444072849792358947951242953 0.518147531414182127562639834650 0.497466163103153113933529994029 0.547681489840936674973193021287 0.574418645439826791587734078348 0.468332455151958315653359932185 0.476513141499836700987202675606  | 0.813655883888265485381907637930 0.520409688029290440347551793820 0.301387486397406645366459088109 
