0.422723055717975526590635126922 0.721080524609586492879031993652 0.760336828193609148840437228500 0.932001317730871581268559111777 0.424627387628181196532750618644 0.155064214347311990493949451775 0.648881044405568707666986938420 0.070380202591022622549132847780 0.320190917997311697007489783573 0.040310092522123253111487883871 0.198809616129430044573211944225 0.365694496337116814466128289496  | 1.938200597921641676890658345656 0.000000000000019137940616996983 0.000000000000000000000000000000 
0.662726444713208406867011035501 0.237893600250757453196115420724 0.732426212926546971182517609122 0.746891912300498339583043616585 0.555712593350564332261853905948 0.422382838529133497473821989843 0.176921616694915129208709458908 0.296861839781670577842476177466 0.378637436747015443394559497392 0.337783881070054636808208670118 0.383636026898752646729917614721 0.021602239455971616877150154323  | 1.553198564052806540658480116690 0.000000000000000000000000000000 0.000000000000000003317240144006 
0.999744837108368478162390147190 0.247200196302939989578817403526 0.099157929515977127898906928749 0.334977089262107896594500289211 0.673493321635482589115895279974 0.112339464131720023765126370563 0.716813451931548106799141351075 0.084428848864657846107206751185 0.594768284371769651031058856461 0.692116120404423718071029725252 0.602210659146718896295169543009 0.731388992674233628932256578992  | 0.067182286332328006173142398438 0.000000000000000000000000000000 1.696542848916489765187520788459 
0.759656393815925090606810954341 0.747530859006557024670769351360 0.464852425853093942365035218245 0.777597792463246451077907295257 0.671551101200765443444140601059 0.844765677058266994947643979685 0.218757935413890547415860510228 0.618028876975987517816690797190 0.763739000082029440008568599296 0.042384533026749937612009944132 0.344982356037004223026087856852 0.927847685568681246337519041845  | 1.805671241206120214428665349260 0.000000000000654140617550096702 0.000000000003269477182385187965 
0.577787270065287517084584578697 0.180198634893339204587903168431 0.111472352473827696073271908972 0.398044503744912625542440309800 0.608554383197658199655677435658 0.299895830797515250409901454987 0.338294206853317680483428375737 0.126312240237816841847973137192 0.068220707789185430769407503249 0.329790658584152684973389568768 0.693238394953947567600494039652 0.395407820531386899887138497434  | 1.642650872463421007907413695648 0.000000000000000000000000000000 0.000000000000000000000003876699 
0.901350185399011682996217587061 0.605527776737928680184097629535 0.542593125534065245929582488316 0.368758991321357809667347282812 0.354043939071163049625567964540 0.146936560923226267050267779268 0.044697567737220889050320238312 0.474154600168728013187546821428 0.690041679899797033570507664990 0.401909556263494116556955759734 0.627864907781883085924334864103 0.844595568463845980389237411146  | 1.553796743826505677432692209550 0.000000000000000000000398952390 0.000075312891918977368350095192 
0.996722981801575924620806290477 0.185389487307842881769204268494 0.980592933002102817852119187592 0.729229497872396437152531234460 0.083740196101237396320016159734 0.947056587169908370427151567128 0.661450630255050797678961771453 0.120887956065123147730844266334 0.030937221726791697129499425500 0.005186430677955211621110720444 0.980254926681535021515401240322 0.716931643600333123877987873129  | 1.093134301999141078098887192027 0.000000000000000000000000000000 2.324831265989744544242512347410 
0.815463266532536423802923764015 0.478901072126729165923109121650 0.052175158837704405101476368145 0.323357129083065908403682442440 0.248166720075555846669601578469 0.584452431751007361881988799723 0.714958826078704201556490716030 0.273376258837829011483222529932 0.774810745953296908794527553255 0.375688236199752334520951535524 0.043686193418882357519805736956 0.000170108594421014558406568540  | 1.948894194411045832637796593190 0.000000000000000000000000000000 0.000000004230078158750197519228 
0.222034953612314622795054219750 0.432639389668144636047486528696 0.783146067079926622156449411705 0.313155035154353500459478709672 0.261242159935766826706071697117 0.980791098398772875910367474717 0.916336639810236719405622807244 0.059310678828216056857058902096 0.080535130747035998943772483472 0.392858073066957413921329589357 0.628299456516123178140276195336 0.582964187197182126531913581857  | 1.981565374069917506716365096509 0.000000000000000000000000000000 0.000000000000000000000000000000 
0.859393134726588514560319254088 0.074137081400112436746496769047 0.744863578706119522365725060808 0.081623938508596838303787990299 0.108785963202940205718505239929 0.680448994452682698330647781404 0.627973926561182671512995057128 0.830717030784631771389570076281 0.166904889334312911408630952792 0.325072797902475452147541545855 0.353873830476742035067161396000 0.924901607310911644255213559518  | 1.889804155620181891350739533664 0.000000000000000000000000000000 0.000000779335888736329395813066 
0.612058178069076253002833709616 0.691008533088801391031097409723 0.376886644745443533111028955318 0.140667396327727289850884062616 0.647073809383110210013967389386 0.928258928653609260983614603902 0.937412302973359867763747388381 0.104854356560806882825431785022 0.587734859935145403930789598235 0.100930041356273259012255039124 0.500776008904055269788102577877 0.687974201416381547780076743948  | 1.899071976131049055425137339626 0.000000000000000264851442164071 0.000000000000000000001425383803 
0.802057495528462283118642517366 0.046750874665010710984347497288 0.286073643020672174763774364692 0.923562492169358373317322730145 0.871468963478594815796896000393 0.036482649147650425547340091725 0.187489339971353752289928706887 0.648184041342097394533539045369 0.885270269503391493692845415353 0.998284331180590456256140896585 0.894292889598813811602440182469 0.659550824440095717626775240205  | 2.275272422723223719742691173451 0.000000000000000000000000000000 0.000000000941246690172830260005 
0.102900648009627948553657006414 0.582367725749027620452125120210 0.397924101207853375683498597937 0.235020839872025044670067472907 0.396612384035772147505838347570 0.071911179940811753574791964638 0.284622650638954755031306831370 0.327785033107337753222054743674 0.195411207144781218225659813470 0.212224993798080241447223670548 0.760466151031711556917969119240 0.292816896982391328130290730769  | 1.636984119787210367746865813388 0.000000000000000000000008509308 0.000000000000000000000000000000 
0.114279144281774436286980289879 0.012559804163205345872711404809 0.794461487726363824179998118780 0.469295580897599040604006859212 0.756830493037528362343380194943 0.546481538049531700984573490132 0.211209093384491120026780208718 0.188866811896720943053651353694 0.746579247525529066109584164224 0.187331048909783026701347807830 0.449235138762844488091729999724 0.577548346443054749776990774990  | 1.503130828581499489615680431598 0.000000000000000000000000000000 0.000000000000000000000000000000 
0.045606200812155051060869936919 0.432792929576778395706071478344 0.931884049462287866738563479885 0.928460413866703304641703198286 0.281962650535930281492369431362 0.640278956671956889223906728148 0.284273144961738499780778965942 0.495597325944020172805437596253 0.164661650947363291663805284770 0.380201245296015732932914943376 0.354256912400718881883676658617 0.813979784371834824696634314023  | 1.730505991951731603606390308414 0.000000000000000000000000000000 0.000000000000000000000000000000 
0.924852498810154521891035983572 0.310392868834443058645433666243 0.118439279037546363326782739023 0.344099548318744896668874844181 0.954294470854523568803529087745 0.616381155634208477422930627654 0.590848402143971163091862308647 0.857884062768289767930696143594 0.539494395495143108654190200468 0.736231443259575346615974922315 0.422233824715750327705166000669 0.458934302704595675770349316736  | 1.591254758684858883199808587960 0.000000000000000000000000000000 0.001011828901993057925126628938 
0.141883139159198701229058769968 0.215391111765318998827467567025 0.953386220041103626954281935468 0.069823917313887151614437698299 0.612330239062883530110070751107 0.019271867768138828402868512057 0.818627503047889448772878040472 0.086770399805007447646687523957 0.233262450260490084019693313166 0.854819594576009311737152529531 0.042355471635053265622161688952 0.257931395568976928878157650615  | 2.371691923270912383259201305918 0.000000000000000000000000000000 0.000000000000000000000000000000 
0.359770151828800233140270847798 0.017392164272894694576621077431 0.076971928107234854898877074447 0.868125445479335344778348826367 0.806171680177187988114440031495 0.676435741348182850707360103115 0.523430742137803273195117981231 0.154675741394915577942015261215 0.254967092231220715525807918311 0.733064137638023693988031936897 0.334596668321778034638214194274 0.087547235344936025214224173396  | 1.870973168388994301025718414166 0.000000000000000000000000000000 0.000000000000000000000000000000 
0.995817981619172121199312641693 0.235480591855617316099369418225 0.676755330211641914495146465924 0.575000809846899496591277056723 0.429963270994705659688861487666 0.758920843395165301004112734518 0.958835801007147603414182412962 0.199530479316288311686378165177 0.077064454886278555001410950354 0.886104942231650039019541509333 0.024031254966953352614211780747 0.280508804843156656083635880350  | 1.030723762344082583553017684608 0.000000000000000000000000000000 1.728281251305971766285551893816 
0.266880980688843805204157888511 0.418625397836785317906560521806 0.296536205468027946885456458403 0.574029565118827744818474911881 0.677821171052536031176316555502 0.290549042234031551501516332792 0.770176757415238943949020722357 0.055425776603222343119625747931 0.385375141399522669338750802126 0.009502879996966862030660649907 0.866747235509587543589304914349 0.686671249011234108294843281328  | 1.816085658038657291157846884744 0.000000000000000000000000000000 0.000000000000000000000000000000 
0.595030420524799041892549666954 0.622403470912672451831326725369 0.862739065283501194159043734544 0.161230633412675850024697865592 0.992270553721044668016304513003 0.700013459309430374766236582218 0.183047338152051097814876357006 0.015860632449030687141089401848 0.876321765154825071952870985115 0.183718975082237112594896188966 0.588298984095930177495858970360 0.738763062924982172319232631708  | 2.169986180713592727187233322184 0.000000000000000000008705173551 0.000000000000000000000096937938 
0.551746522359045643568720151961 0.668145001968222129740127002151 0.936726244792462137134236854763 0.280790029457181566918677617650 0.364534300582517234445845133450 0.967382353334945377376641317824 0.589593394413561289191250125441 0.961966387669672351456995329499 0.691596786707712185560126272321 0.858622565482368482747688176460 0.939424444667600444525135117146 0.989764492336948742412516821787  | 2.295302537337972736963820352685 0.000000000000000011067058794598 0.000000000000000000000000053817 
0.928400321613004231302568314277 0.532272270482243126110688535846 0.392228026947719521366764183767 0.571833504225347843963334071304 0.342326114600733366621909681271 0.387533776035505650447987591178 0.979957349170141434058223239845 0.359158826700792244146498433111 0.493036355129404801900250276958 0.986701825750969319095418086363 0.691200208069723487369628855959 0.207174321036119657435392582556  | 1.663710683316300453782332624542 0.000000000000000000000000001073 0.001551408017006566291209890274 
0.290690799038925473674055410811 0.262804234523826174552141310414 0.796274425429096988082733332703 0.521570641649132804573696375883 0.056648901632007975237570462923 0.690915410429595366892385754909 0.304914593019171453747162559011 0.727028611129073132346434249484 0.437913639985659464137768281944 0.634605120451227300293339794734 0.688056678715587288763799733715 0.362148720621027320198948018515  | 1.487194568583650955417851946549 0.000000000000000000000000000000 0.000000000000000000000000000000 
0.237904486932995817838332186511 0.663197749655502821752861564164 0.813541637174174825375416730822 0.667176765396233495408750968636 0.479213459474081893141317323170 0.940008680540310836981632292009 0.615073071354657607834326427110 0.263244644211880207684828292258 0.369702710154096392258793457586 0.174528807661706530929279779230 0.301070345651321180646675657044 0.492839138273310717330843999662  | 1.552124224696674881229796483240 0.000000000000000003559186496838 0.000000000000000000000000000000 
0.892356539113125624140820946195 0.753056397925204512588948091434 0.080047339725728083870137652411 0.662148333433104308021199813084 0.531650082463922202258288507437 0.047847652495386805426846876799 0.246831929339874189821557592950 0.941116390839148997393692752667 0.498812604806802672996468572819 0.646184909005954266625337822916 0.676477621866929945682045399735 0.605233632713918057177693299309  | 1.730363439978057638057862277492 0.000000000001309204438904152875 0.000030767928251358237228159365 
0.351688907480565471352917938930 0.298768638014169529704133765335 0.878055149533537360184709541500 0.191445800086134987338937207824 0.460210985193518551383817793976 0.049755811796637905430884529778 0.313327250258346623468241887167 0.269027626270362918425860243588 0.022525316793623129107970726182 0.397304696563641313034054292075 0.041255768949412185975234024227 0.894694637762194933117143591517  | 2.135387863057240043218598657404 0.000000000000000000000000000000 0.000000000000000000000000000000 
0.226900951244936921469275148411 0.279111486975064160276360780699 0.830888021696300493879050463875 0.455051743287047116837129578926 0.643352555574336681942781979160 0.960342391696245467613834989606 0.349574408199776476280362658144 0.763991629717023501555672737595 0.150089516423142721457395509788 0.845093019782202858891650976148 0.451415268918089918059877163614 0.339226502949029895539467815979  | 1.706026872962725038362918894563 0.000000000000000000000000000000 0.000000000000000000000000000000 
0.006145955005001924043028793676 0.848973461595535772161724707985 0.246467839899524476798831074120 0.174394135257708748909522000758 0.638300866918949383332915203937 0.048821470362680696730706131348 0.968876860662632899412471942924 0.640672432861879692644890837983 0.416236940610533512341362438747 0.625920996446821309433516944409 0.584518821711886960024173731654 0.085702651182513189809242248884  | 1.834279246513335071000483367243 0.000000223355574654706064710125 0.000000000000000000000000000000 
0.388172120109720686365051278699 0.984133157236816047408467511559 0.538814688457795898379742993711 0.719477064374659414092150200304 0.657717790076984498703893677884 0.532496746577065249717009010055 0.542782130913349147860458288051 0.989064768208181011033275353839 0.929957823302585362412742142624 0.817055313650901449129548836936 0.080234813545832284198411343823 0.708621149546356909887379060820  | 1.730782007293240276624146645190 0.568431889612319385385319492343 0.000000000000000000000000000000 
0.240685974334872265778528799274 0.092142929243613225231968044682 0.252344764907278196197637498699 0.471790773748245517715815822157 0.038176754947980562349130195798 0.556412162351237360446987167961 0.382812046817932571940445996006 0.658096205152289837059242927353 0.461818208923003847843347102753 0.565524803639313677905420263414 0.875692163481631591359644062322 0.964053160614124715621642280894  | 1.679560630739916904374808837019 0.000000000000000000000000000000 0.000000000000000000000000000000 
0.925155130148625937103190608468 0.284894469033546871017392732028 0.483710628335827230728227732470 0.677827632188981898941904091771 0.383537978872427687271340346342 0.362197891185129683400134581461 0.237836183036755910435999794572 0.349153663672478797863618638075 0.013832708045399044749501626939 0.374816929741214832638718235103 0.934731406027979772055402918340 0.719656417361373201835306190333  | 1.645194736896447240681595758360 0.000000000000000000000000000000 0.001080919599905967847658372349 
0.257431478956163251048394613463 0.511646864809745305358035238896 0.678298742674897203741579687630 0.806916264834222296542520780349 0.895003106566852557612889995653 0.956414456131097323599021819973 0.348049749852712086983785866323 0.387155252672531924318377605232 0.680943036260210798893410810706 0.298701971776077157549877938436 0.674247706304824667711272923043 0.123666340214054759627515522880  | 1.771403025919652041153540267260 0.000000000000000000000000000022 0.000000000000000000000000000000 
0.683982391629086028395079210895 0.156961804526052461916663105512 0.738409308421551613399458346976 0.242383017574393622162176598067 0.222320930526757276624039150192 0.774178752738064690497310493811 0.150335937072964775929051484127 0.634979493564337249544848873484 0.524981980412396853630241366773 0.344660134633444581453431965201 0.722986384049004726648490759544 0.812840329215692047881702819723  | 1.588316154810629043936387461144 0.000000000000000000000000000000 0.000000000000000079716637836057 
0.285350651957185896812063674588 0.477417903398435705675240114942 0.251659080627688158671162454993 0.010139048816679152587028056587 0.185231706978979726585521348170 0.752206693415259586288357240846 0.892636224482160178794742932951 0.704987676571081300913590439450 0.571401728647067397304226687993 0.173088801972168360165937883721 0.363929048643155894637857272755 0.432745822137182600819471645082  | 1.795514977038295878486451329081 0.000000000000000000000000000000 0.000000000000000000000000000000 
0.698829655188846543545366785111 0.501134400626237375142579821841 0.723408900501452234443888755777 0.323141786064920055743243665347 0.653371232954874314735604912130 0.189874407876060025124331787083 0.774819193075661161174139124341 0.649914975469209621472543858545 0.958728647923430377097986365698 0.333167497555537317488472126570 0.660551594823422960622849586798 0.549357561969437635518431761739  | 1.565369111222040032771474216133 0.000000000000000000000000000002 0.000000000000000672774090144292 
0.760418279638320204760759679630 0.097494583044790639192456183082 0.003693659228719892162473570352 0.189585222762235106053196886933 0.182524712612720185767045677494 0.827020192879213023040563257382 0.552443802385081950134804174013 0.940245136162677908053808550903 0.505209940702728843575641803909 0.442987216191066401904663507594 0.462257284429669956793418350571 0.257584800942250780053655034862  | 1.810443457105844311527675927209 0.000000000000000000000000000000 0.000000000003623762044676658844 
0.846915349226474711841206044483 0.663746352171079689874488849455 0.357801250195290743150167145359 0.645330738821202842814273026306 0.484373298428764642586941135960 0.348847147138393598453376398538 0.034067416159876406922535352351 0.198233156602622084818676739815 0.405241810866014295910986220406 0.581831422750970661539327011269 0.672963368557319641105607388454 0.748005506250802087997442413325  | 1.479687841431294614835678657982 0.000000000000000003685570402047 0.000000141348231026567737997796 
0.389917657434644571168291804497 0.537484910519546610352392690402 0.521288321183676961467767796421 0.155074911871209475400235078268 0.540461671436284540881445082050 0.985820136336479024841139562341 0.732906849572103946677259500575 0.537172767235757797621431564039 0.746449139924959315095520651084 0.567151832625612750682364548993 0.722974422549309769792102997599 0.494621892473008806234702205984  | 1.527705340312953019576980295824 0.000000000000000000000000002611 0.000000000000000000000000000000 
0.045720875255685466953536888468 0.041241324400001611039101589995 0.213600478451776654154059542634 0.527758063150965517351664857415 0.879555750214391252050916136795 0.083898674998789002366095246543 0.664762239028970136622831432760 0.302901244023615290323903082026 0.318167089635437938532902535371 0.741310363313949394203916654078 0.980407864397554673629997523676 0.441868901625257937126889373758  | 1.791457430726425270606227968528 0.000000000000000000000000000000 0.000000000000000000000000000000 
0.384901535641016590005847319844 0.112430064949663011120151168143 0.437440326739753415630218569277 0.178092585684327842088237048301 0.120089923387138419741404504748 0.563537425632958610677292199398 0.223245512402562407139328115591 0.351045443119831324096935531998 0.436541826603107141480109021359 0.466610800212925336261093889334 0.687902820139711379532343471510 0.781299317623527556087026368914  | 1.474265827643782555966822656046 0.000000000000000000000000000000 0.000000000000000000000000000000 
0.511202477985080339095702584018 0.726644657710901253899749008269 0.977451877551763326223976946494 0.563431465976675149853747370798 0.378358609430880954427323104028 0.592822561913280643430823602102 0.544014105202859421517302962457 0.345579262535641751341586314084 0.616490886881341348946250491281 0.664922874423648169184275502630 0.042504396803506705460051762202 0.963945611497377008447529078694  | 1.746496946375590830768942396389 0.000000000000037195997041535846 0.000000000000000000000000000020 
0.921637351210213395802384184208 0.760792829862868669188458170538 0.227149225181686453822749172105 0.461741499363832241797922506521 0.109425942924361030428315189056 0.454739109335643432174833833415 0.166672145032082164028963688907 0.186439467399715286255457158404 0.084746494580569819987658775062 0.688464111658284139139141188934 0.852558851296573161349101610540 0.204520818712951468754113193427  | 1.859495264989392548926616655081 0.000000000003909813531181672475 0.000834683238611913557239430084 
0.221704371587023607581556916557 0.810528109524856543721682555770 0.768997262373195988871543704590 0.003720366648937600828617178195 0.344615813118428815364779893571 0.901799330559728162803878603881 0.501706770052826045436233926011 0.695662061864359859697515275911 0.597109591570435305207809051353 0.862835188727317348167389354785 0.837051353410884546590864374593 0.119953063501411993918566167849  | 1.941645440463293237343123109895 0.000000002296666333044310940592 0.000000000000000000000000000000 
0.743124887818756740820447248552 0.542108414160746621135444911488 0.091017864453751484710153363267 0.279568863950117152405994147557 0.870981921473193643201682334620 0.987129792289614504952055540343 0.218229390608934425976883630938 0.925990597549947724864694009739 0.352693832159183595642559794214 0.489628474026043702949095859367 0.267531072090565258392302894208 0.359016606920007141923179005971  | 1.947366754252536580338528438006 0.000000000000000000000000007838 0.000000000000390614417203637811 
0.412717402877705863417645559821 0.582048180746635335225391827407 0.432821459954169540651491843164 0.121994987094496520896313995763 0.786103489579983216728464867629 0.279592547570701510650792442902 0.815540416120720479398187308107 0.129535066140465948691939956916 0.114616688824445978056587591709 0.726380112565790603262882996205 0.258405545929468960508756936179 0.849697674094523902610376353550  | 1.895070014688474246966620739840 0.000000000000000000000009324783 0.000000000000000000000000000000 
0.001905691042112800381858050969 0.254561398081890266631432950817 0.336922022931224196540256343724 0.793940952950454525982593168010 0.055374604513892200507996221859 0.745716220888442582470645447756 0.995646753660265670937690174469 0.408098997703685073545898376324 0.737520751155642750873653312738 0.194210427273266983405619612313 0.750409336004353888505136183085 0.383177084007508383933782170061  | 1.851451211859237444556924856442 0.000000000000000000000000000000 0.000000000000000000000000000000 
0.753954742154376300611318129086 0.604391286653079951030065330997 0.651925034626400279336166931898 0.566469124563787618242827193171 0.066455361716589944620636742911 0.924928271142249958103320750524 0.406163955466303128183369608450 0.680993043384390595029742598854 0.654380573548750010814956112881 0.277340254083146997565734181990 0.086210267188959854856022957392 0.052101656465204260193502250331  | 1.882833627736061776758447194879 0.000000000000000000000400637211 0.000000000001604942720423264382 
0.499801079010713245054375875043 0.441100663782469593066082325095 0.260187568639211108667552707630 0.068894235776862822184796186775 0.781676748896992346082868152735 0.374236842612969411447920720093 0.747478134158491069882757074083 0.134009416457061547589546535164 0.353497113298108733836500050529 0.085358436676850169000374535244 0.120572585468839754696546151536 0.603952708282106121018273370282  | 1.881876929239429729889820919198 0.000000000000000000000000000000 0.000000000000000000000000000002 
0.464274648454558125365565501852 0.321599310896867773834628678742 0.700768797532783316306392862316 0.923159349462256084706268666196 0.201075710373975313771666151297 0.434088335777757183819858255447 0.731724359493315268387902960967 0.927667607197885324410435714526 0.155481205871022543085757661174 0.035784719905536666040291038371 0.734001833114778956534962617297 0.779791468559988265596416567860  | 2.016896934099298377418563177343 0.000000000000000000000000000000 0.000000000000000000000000000000 
0.374439752338250886332104983012 0.869347497501254840024387249287 0.045722453047583155871791404934 0.944703363668798257180014843470 0.884168703316499549060836216086 0.102219539936032832727619279467 0.867896274585051252792311515805 0.901064284783781532794932900288 0.251563586254374027539881808480 0.673368367481614771286047016474 0.451421896231786079489722851577 0.281441572433884457105079945904  | 2.148049148664804786079685072764 0.000002802237375892481967352542 0.000000000000000000000000000000 
0.674047442763397897103061495727 0.707330200170901757239505514008 0.814361401693386666167384646542 0.993134716899291669633953461016 0.316321000226596704685277927638 0.717779014145676463876100115158 0.022230382661061032223415168119 0.676723679455194626619629616471 0.496443828755377736250409270724 0.530684404658250952202536154800 0.332453528601810988085674125614 0.145136802582261692506904182665  | 1.837619567981051638128064951161 0.000000000000002646035066959930 0.000000000000000021351186910767 
0.031724203128052241851264625438 0.811645545883135755005355349567 0.608658120501166854943164707947 0.332636890414348740385719338519 0.202041563872460305795186741307 0.949882116529171427465882970864 0.631904804425661992262064359238 0.540036378998688060271149424807 0.008623982384837081127670899150 0.395525868295248050898749170301 0.330254852665206266593145301158 0.092795270179084954342840774189  | 1.796986277022293521099527424667 0.000000002439526873671134747236 0.000000000000000000000000000000 
0.073430691395093172779695578356 0.426679216286159790350041021156 0.539135711604722067669115403987 0.092223719777558499366421074228 0.804251585242243050011268223898 0.886173694136429657142173255124 0.442044265793497093142150333733 0.644875631441673147214999062271 0.204324968777405580055983591592 0.392474944804005132503732511395 0.868622181772164325685992025683 0.288951533195495491312954072782  | 1.713269193331678597047584844404 0.000000000000000000000000000000 0.000000000000000000000000000000 
0.920078813610179513382547611400 0.319009486696718469467271006579 0.822844315456673802700038322655 0.833743156033076360245104297064 0.784119716585607529069079646433 0.147886664134326273334352208622 0.834403373339562826060955558205 0.860723515116417758896716350137 0.650196584752335104973042234633 0.614448511003591990586869542312 0.791373433137414594717995441897 0.028788848540939659947923701111  | 2.004863589887916575094095605891 0.000000000000000000000000000000 0.000759814838875847516248829283 
0.441217058298891462442270494648 0.361928573179059465125817496300 0.159339866476815528173460734251 0.869116782239371721274778792576 0.565248202095356422347549596452 0.839397306640387363962929612171 0.029171811321724749888062433456 0.503005231393496177183521922416 0.421886456889381533663652135147 0.124512535127127343947961435333 0.027369467031101213372323854855 0.084105147411896785669682685693  | 2.136873310801697734007120743627 0.000000000000000000000000000000 0.000000000000000000000000000000 
0.102151569050881518840867556719 0.357714192758476157152358609892 0.673599513298703933550370948069 0.696941248625174591957431857736 0.548333812016203459016594479181 0.997250138447935419172551974043 0.197320829788489415790309067233 0.950922030766717996108638999431 0.958461535748831749970122473314 0.718188379410756749798849796207 0.410668130735045711077191299410 0.921093267988231767517959269753  | 2.056554733791257305597355298232 0.000000000000000000000000000000 0.000000000000000000000000000000 
0.190687746126770529819793864590 0.178107805819628595145331928506 0.849284115908021552954210164899 0.526409086055876329623970377725 0.765006650569849844245595704706 0.253397963538697590379911162017 0.044258880073368422891633144900 0.923673984892663613166519098741 0.117249254715340534005463268841 0.967711184650431155418459638895 0.776882118211141836638944369042 0.802068546724532871472490569431  | 2.174098536120308011732049635611 0.000000000000000000000000000000 0.000000000000000000000000000000 
0.339892696742615574301282777014 0.287161438683196990062640452379 0.530725455478701646505612643523 0.695533696178830540546300653659 0.320288369755960866669397546502 0.291701394747560072140402098739 0.969156782843461517273908611969 0.360547950947886719497148533264 0.104655936045917052901188526448 0.423075025298030649167912997655 0.863026448597375761551120376680 0.957198918007555743514558344032  | 1.857450453468802109568969171960 0.000000000000000000000000000000 0.000000000000000000000000000000 
0.656295567519934230915623629699 0.011439399208396205942506185238 0.123787498696458775349071856908 0.849441860433742146341273837606 0.537975469598717004338084279880 0.984529968467571237056290556211 0.517543073406227849275751395908 0.244679318463718931120354227460 0.191628681826384372755001095356 0.092234664028229884635834423534 0.763179655370823550875059027021 0.499504609897771789661646835157  | 1.895982511944340753728965864866 0.000000000000000000000000000000 0.000000000000000001527218997389 
0.742010372638527759825421981077 0.972279775914794530677909278893 0.726352760710550993117351481487 0.804224165371166477278563888831 0.735668072283541141231921756116 0.647752110466606523253574323462 0.132994786207420001566958944750 0.997166241810589437655210076628 0.568943577252786880649182421621 0.273866223327143942789518860081 0.685307363418827697465474102501 0.040051220440379675657993630011  | 1.896314968280952140133877037442 0.179659399356369486877582630768 0.000000000000328827694557506502 
0.541025262268555184874685437535 0.939482631558321790166132814193 0.834674037052372974621050616406 0.868746518977014603457575958601 0.872692661136328706739107019530 0.936563299520660530461668713542 0.673144672720542680544042468682 0.933428487355909664024977701047 0.657655434081637180199209069542 0.434174422027646444988135954191 0.001826995199026293370536677685 0.753893353640925800718264326861  | 2.137123819948083092157276041689 0.006528696399887285242713552691 0.000000000000000000000000007042 
0.302248507434840663066211163823 0.951394208977869082488609819848 0.390896494004789540888111787353 0.163487019279264678139895750064 0.041214045927600695407022612926 0.154316436257926348218916245969 0.206897910535195572734323832265 0.289995196872607552407430375752 0.961781878225914765856430221902 0.421667472851686597756781793578 0.634981006337133169203923444002 0.251650174307180396482408468728  | 1.884303821822949753794773641857 0.020292612111151939885411721320 0.000000000000000000000000000000 
0.029674151285139727107775797776 0.525873913895513744876097916858 0.235909417068902449443612567848 0.550382364161701942428805978125 0.926463149076715231089451663138 0.284054245287013062970515875350 0.722867080164024566890645928652 0.353783965126759025743297115696 0.689613076668812330360935902718 0.847614865234715852970737159922 0.784082115957791203619819953019 0.682281461032730573990079392388  | 1.642552862404535130025351463701 0.000000000000000000000000000316 0.000000000000000000000000000000 
0.566148864428358766787141576060 0.853782824458929390232242440106 0.028141662547119694615105345292 0.051020618100629189228811810608 0.608863219112897202656142781052 0.292606699362576216927323002892 0.452015175765920207417991605325 0.010497897688879764821479056991 0.304685287858864395360569687909 0.169243159034033308074640444829 0.484017897976360744749513287388 0.752424335789871445712151398766  | 1.932532206651794481899742095266 0.000000413988238796593965746368 0.000000000000000000000000596088 
0.103320634922280274459183146973 0.471292327915075692779112159769 0.333034160183884431205569853773 0.723483859165442000360712881957 0.758844214342112466376022439363 0.755996975153366612687477754662 0.818158182104530617984039508883 0.585698666431562764422835698497 0.145060960383560644260114713688 0.021131653742298750486838798679 0.088610545178537503119287066511 0.254281838487929956471589321154  | 1.903841609153844594004567625234 0.000000000000000000000000000000 0.000000000000000000000000000000 
0.106995808292183913756900892622 0.079645662896980273792735260940 0.629513771534517485584103724250 0.383153803927017255759324143582 0.392963776086129090714393896633 0.461286654278349583790941323969 0.850233331668920455648219558498 0.940896311288989317667130762857 0.086211206145925145527542099444 0.994243860245231370065255305235 0.557196147951239950657509325538 0.401892100468054902506764847203  | 1.788829989441023116114592994563 0.000000000000000000000000000000 0.000000000000000000000000000000 
0.103577275612915298275140685291 0.818702868957531859628318215982 0.628747718042030334650860368129 0.698183613686244597396068911621 0.876136791995020702827901004639 0.495653199153813783794930714066 0.443975484853576962684940099280 0.380812953511953100615983203170 0.214777763326603698956773769169 0.461771818983164439309518911614 0.672181310588785274617862341984 0.177058436994829149213614982727  | 1.431445573901731549426585843321 0.000000004618765837107349235444 0.000000000000000000000000000000 
0.643221417267044293097910667711 0.724270193592241540159193391446 0.306459272741795074601611759135 0.454651089148586762256343263289 0.322795461679441619828878629050 0.832048129363810118341859833890 0.625252553139369449120010813203 0.767571618313004244704700340662 0.033897802301888324549850040057 0.493824470149389238571302485070 0.206971118644842300149377933849 0.189029423749660918652182317601  | 1.668312738902691272357969864970 0.000000000000025612891915913039 0.000000000000000000179658184343 
0.633312306808388347789673389343 0.381750179646849430170618688862 0.606501674172619797964500776288 0.293106367039012605246739440190 0.988364698822546960954582573322 0.675254743217666986154767982953 0.659345150068703311774243047694 0.090479374403122592163128956599 0.118256396857280732248796084605 0.261712040182277561051193970343 0.086662903753327191758160097379 0.578938538158537463473862771934  | 1.896048083952086127368374945945 0.000000000000000000000000000000 0.000000000000000000043227684725 
0.174936764837486324886128841172 0.861428472839321224263642307051 0.838601687641765569658502954553 0.566480564593711988230495535390 0.765815083499095883290408437460 0.422233709124119838129729487264 0.481743255152814464636890079419 0.312074044583976029088034920278 0.595615969232629161034253684193 0.889329333777628017188021658512 0.185992657441286790565015962784 0.272257230528688665138759006368  | 1.542612620345278795497279133997 0.000000805933111991780316595349 0.000000000000000000000000000000 
0.216921024860532107858546169155 0.559146131642139887496512073994 0.479709531973305347563041323156 0.701137493206218764818515865045 0.568831449128692989702926752216 0.726637357250387916351996864250 0.444232125544211986500897637598 0.728223494554409267465189259383 0.510491321184749602402064283524 0.436471573503967036344874941278 0.789473888241693511069740907260 0.916714660995276320321067942132  | 1.413758443099998762804148100258 0.000000000000000000000000125611 0.000000000000000000000000000000 
0.582547012014255738421297792229 0.542211265870187530957480248617 0.648297198732891710726278233778 0.695956735484068556019110474153 0.249947601464665436488132854720 0.695315181842014684576724903309 0.331147372683068264009875747433 0.128654224359612379124939707253 0.417129938964167057413590100623 0.268658431707299971691327300505 0.050538231150752954690119622683 0.615127104503278010483313664736  | 1.603130718527252085436884954106 0.000000000000000000000000006576 0.000000000000000000000008593829 
0.066106421497229561623498739209 0.287862086339698897141659017507 0.332760309095669559731334175012 0.924993021020696248868375732854 0.480333761394454383797381069598 0.744797298205448932151284680003 0.905088812253979080324484129960 0.871258858462099827768554405338 0.170030100668652761619625835010 0.503632478797319094176998532930 0.071650037827270640633514631190 0.773021915482948851483513408311  | 1.937748731873882190868130237504 0.000000000000000000000000000000 0.000000000000000000000000000000 
0.076798138054447573352945255465 0.548268108532935061205648707983 0.469959198124389021522517850826 0.565755304698209005032083496189 0.836715302288661755270027242659 0.883623356316522778897137868626 0.843789392154418060876253093738 0.732774248479708845138702599797 0.421471748677598512244912853930 0.297822132886412016539168234885 0.715276852348342928600288814778 0.807106604620841827646415822528  | 1.625846447058486354819706320995 0.000000000000000000000000020253 0.000000000000000000000000000000 
0.415636833655584903013391340210 0.024211958244277131946375902771 0.262855660136959601302919509180 0.964336312756931768319645925658 0.705658896046832406767634893185 0.527459932323239732987474326364 0.311832212606553027534062039194 0.687887273180040059727957668656 0.309679431304652585943415488146 0.197505014408899670641517332115 0.497181411301422349069412121025 0.953615441767439064868483455939  | 1.719104070944156514855194473057 0.000000000000000000000000000000 0.000000000000000000000000000000 
0.367433987489764413147952382133 0.179955386021474206259540551400 0.040532123060360580879546432698 0.870716268805758031312791445089 0.952758585953031755799713664601 0.033091304678753541423930073506 0.849772763534546893282595192431 0.120739517192589018712567394687 0.350475065846479694187109998893 0.980679883135725627418821659376 0.442840996843823608841717032192 0.279678348186429781563333563099  | 2.342934486632021862106967091677 0.000000000000000000000000000000 0.000000000000000000000000000000 
0.306935414438791132063499844662 0.865798564222652777822020198073 0.452793626207235289093944174965 0.562999535660467564923692407319 0.523078298827513221702645296318 0.303294891896724982949251625541 0.378219148317189501895541070553 0.978182655035046311198243529361 0.135255294686769889089816842898 0.427811609719273899798963611829 0.526718319627015318928897613660 0.377363310715684519003332297871  | 1.442915607970871372245369457232 0.000001250394157473445049265403 0.000000000000000000000000000000 
0.725133426232504874064943578560 0.830726735401739246889007972641 0.299313831862894730306834389921 0.550873892844287338377284868329 0.038558733148517099209584557684 0.714578479902648777688511927408 0.227025374519900680070350063033 0.427528591340346042493081313296 0.119484132277909327335407851933 0.585075421562483377613261836814 0.393874305444838146428310210467 0.603945008130092997333804305526  | 1.555699689776944616426135326037 0.000000021570708380028701587815 0.000000000000026905319504995439 
0.536853977715626928812753249076 0.866975684257056067316682401724 0.968678122470363223150968678965 0.734822597225944451615475827566 0.192198553520829706897643518460 0.503811712724116844697164196987 0.037417685338395401117850269657 0.046029303209230820748132373410 0.127600365450189712213102666283 0.536524703037657868520682313829 0.178940576419817087838737279526 0.150096621607555213984142028494  | 2.155155955065072959087046911009 0.000002139391643073064293653499 0.000000000000000000000000003275 
0.586698786374048153469118460634 0.857160537778300812838949696015 0.010365599441757855636581098224 0.646631121564612332264232463785 0.458622678152905249859827563341 0.239036961864790287179971528531 0.140408612969863733077602319099 0.752426794681128163766459238104 0.921047990782451253544138580764 0.285640847243274653699529608275 0.558884280508193609371403454134 0.429146296548660544090125767980  | 1.755800437052737583698558410106 0.000000558228357483896647046537 0.000000000000000000000019147585 
0.982797079277490825965912790707 0.152061394722225795561598715722 0.615652468620535242571634171327 0.788481329614895920521178140916 0.939029284119706764144552835205 0.242260662848034380445483293443 0.260906111229560311315367471252 0.738198198772463065608917531790 0.916268923169577420573261861136 0.384058959240650477084955127793 0.372981677219958007718503267824 0.716596105522676829480133164907  | 1.653894423638744282101242788485 0.000000000000000000000000000000 0.470246600919717427924382491256 
0.521058610538888689056591374538 0.967817055593288455561662431137 0.488624173122157556825584379112 0.969188931566368649939136048488 0.287681357762225031748926085129 0.236954697745820785925729978771 0.972706631551376710298484340456 0.909678744619287993344869391876 0.013672984619620076607304781646 0.991989612336093729005881414196 0.609412436599856555119458789704 0.192989022037975632706263695582  | 2.306516070358436198972640340799 0.137695143455412921662528447087 0.000000000000000000000000000177 
0.244228295242409854104437272326 0.275467196618120246931482597574 0.503831663657374084763773680606 0.796594091947587457092083695898 0.454845021325131382283757375262 0.361684345282058616888321012084 0.275947866486066617497385777824 0.128777485484593001707764869934 0.052409199300785802577706817829 0.350763637985293974530520699773 0.819216876300871699179140250635 0.787215607201440015217031032080  | 1.704159679032390739550351099751 0.000000000000000000000000000000 0.000000000000000000000000000000 
0.516359074799506712061258895119 0.078212247615942365186469942273 0.638976192328032155387518287171 0.567335771471289218581546265341 0.891259218657592056089811194397 0.913141923861734428058412049722 0.613992154822671443170634120179 0.947481793159012819494080304139 0.996692614822137779029276316578 0.654641509228518603258351049590 0.849210241553048694740368773637 0.046047939826814654473707832949  | 2.159490495896622341831516678212 0.000000000000000000000000000000 0.000000000000000000000000000067 
0.896180317727453878973165046773 0.476959598063007916834976640530 0.417216327125077168780364900158 0.489046755295687196607445912377 0.104039259183062227087646078871 0.067461951266601927201804755896 0.854019593792897824258147920773 0.099652195421439992983891897893 0.264888830635241268041113471554 0.969264453314024221342037890281 0.151813676918266748927521803125 0.725901588048527668384224398324  | 2.084207050748093870140564831672 0.000000000000000000000000000000 0.000056833040520791680972993720 
0.182693863613617946128897528979 0.099222006444430910221399244620 0.348933151698288201991715595796 0.492799740583058420995143933396 0.459839753358223579660091218102 0.102603950700005386309499044728 0.573576817379875869562511070399 0.971124440771150676532386114559 0.833982663893638953567233329522 0.119978690013319955198767274851 0.241633417935410377275218252180 0.340774380018366906952564931998  | 1.757847993160494226572154730093 0.000000000000000000000000000000 0.000000000000000000000000000000 
0.495747033488368793463507699926 0.492462417494210824564504491718 0.524626229323932879999858869269 0.887950353153031501918235335324 0.541950485333254627917654033809 0.947347430659369105221401241579 0.390208701449512029846289351553 0.175815001196680253947590699681 0.238942833022132816722660209052 0.827329638633563235750045805617 0.303031344406864633356235572137 0.635782757233530948504096613760  | 1.702670682512618549608873763646 0.000000000000000000000000000000 0.000000000000000000000000000001 
0.093254002872448671368488248845 0.029555479040162091486365625315 0.703476047602497600585991222033 0.857963897402235553535376766376 0.359377122942648119519049032533 0.684611656501434628907531987352 0.942782257419630842498747824720 0.107087806844791688654083827714 0.804993528434393201820284957648 0.447357081457969263382778990490 0.649625800722181678814592942217 0.572367543843367521105847117724  | 1.697250300978242476546142825100 0.000000000000000000000000000000 0.000000000000000000000000000000 
0.118245121334302649707126420253 0.455019375664801994929575812421 0.472066385498204899029417447309 0.766691156075487101340115714265 0.307259756219794066822714739828 0.098700509167445549252306591370 0.505971616277941849126875695219 0.301144596866327662887385940849 0.178273494102944352057704691106 0.661717116662123960857400106761 0.801007914776197593731410506734 0.431679194033070978697708142136  | 1.534607541723486345830451682559 0.000000000000000000000000000000 0.000000000000000000000000000000 
0.824464114752735732771782295458 0.396176147818942392397900675860 0.406924933233005714505736705178 0.609887330371376101822988857748 0.467202020416832120019989815773 0.783119330628896825885476573603 0.075606056768826257474813701265 0.294228478010037708401114286971 0.901576070240318938608936605306 0.843173939860876742180550991179 0.887472209514856058554244100378 0.984358829365702736602372624475  | 1.988192476503823913347446250555 0.000000000000000000000000000000 0.000000012934631249206706098293 
0.118557441715073874632935257978 0.499058055272945777502968667250 0.067291507818151852227117615257 0.812718933793525888376052535023 0.142932908767964828022911660810 0.834802763740425057825689236779 0.194602436622041130576121759077 0.314188923391266472506799800612 0.862909112661808919142458762508 0.086942438376833908186824828590 0.110271291300183649219945891673 0.794959842153211249105027036421  | 2.193622345051003286187096819049 0.000000000000000000000000000002 0.000000000000000000000000000000 
0.565744586696776297074507056095 0.779638853377737861549690023821 0.832017899789127102216923503875 0.217442308262187133927056947869 0.835829323990032513336245756363 0.852663426604634122618620040157 0.017647946103622413893674547580 0.735327001030124383085251338343 0.801899977362178661977054616727 0.014789957541358811354825775197 0.471904913427792060964804932155 0.700252827135731892305159362877  | 2.082732773867947528856348071713 0.000000000050594212141044638941 0.000000000000000000000000598128 
0.824224815704556967865812566743 0.608029751571845911151115160465 0.737702020616241349593167342391 0.634638147664443375006726455467 0.506692891954216850791681281407 0.737564780102942463280157880945 0.923642684712261519131004661176 0.140830452273535522422776011808 0.609157272836395979886958684801 0.679748717698653193153290885675 0.196988464919610417602768848155 0.303740667014234300147279554949  | 1.614146017187053860908463320811 0.000000000000000000000625958767 0.000000010200731239768046493101 
0.940227029581165552052368639124 0.521505743488589801337695917027 0.346255594313817249840781187231 0.444274808399936826930343158892 0.965178590786165080395164750371 0.579015767428436856079088101978 0.089137113722611349686530957115 0.594276170456763730420846059133 0.392134975691646903150910929980 0.137982416943584040858183925593 0.766949193281100227714830452896 0.958894514924339858019664006861  | 1.851601078340267214628056535730 0.000000000000000000000000000155 0.006122687515874873122323496233 
0.467576305196980346323698540800 0.556526457393796358807946944580 0.266937922575875563602210149838 0.336481047906659891388869709772 0.149907429411913595274086219433 0.060716144653441217471367963299 0.977726989441538352210159246169 0.889900782436549797616009982448 0.387542790119498659073826729582 0.615730468873915470773283686867 0.839192241753730527875632105861 0.894575734159259505773320597655  | 2.073618742094695654998304235050 0.000000000000000000000000115194 0.000000000000000000000000000000 
0.673096693133451329238425842050 0.967933329077449222666018613381 0.418634304261872092212115603616 0.121763847590668827791660078219 0.531255523871746793140857789695 0.660220199750675806882327378844 0.476607472974164947387976098980 0.185362682920974131128843964689 0.439882924097480199066012573894 0.079459891318603093068873022276 0.068880130708932285621415303467 0.893768911680294264598956033296  | 1.793988845563581069342262708233 0.108395614493725103710808355117 0.000000000000000018133290394136 
0.550071640906642067569976006780 0.178800543636328024277304393763 0.534962054786303098374844466889 0.678308909634698919965956065425 0.321997484015878465690718712722 0.639536682482290674833791399578 0.846497826263018615655653320573 0.718128969135296113535105178016 0.350159230496742690519340612809 0.018907678790527904233442768600 0.667500650200486322916049175547 0.842989045943682957506837283290  | 1.651412815952850499101600689755 0.000000000000000000000000000000 0.000000000000000000000000028569 
0.250545991578810189892578819126 0.172897123196086299756757398427 0.190522968574523887674843081186 0.557984870107984365361630807456 0.665732941047863624461911058461 0.643520467263558493264952176105 0.463619556607000604664392540144 0.336143060567615670208851952339 0.906372670216337050774768613337 0.364814917081333733861470136617 0.896298460077232794773749446904 0.685246855748142591480132068682  | 1.550159064441550604840358573711 0.000000000000000000000000000000 0.000000000000000000000000000000 
0.910336570086283325409226563352 0.059314115670460632046001592244 0.713826066056947983184954864555 0.815984932927705575167465212871 0.127412510798809552881039053318 0.112396688661321242364010686288 0.749447336061684232788593362784 0.206367226897053668288606331771 0.248030243785347659368767381238 0.668980397706173568472820534225 0.306918383468230637767248936143 0.810170153074631027578789144172  | 1.808599159246973897552379639819 0.000000000000000000000000000000 0.000236407452033541459236742899 
1.000000000000000000000000000000 1.000000000000000000000000000000 0.499995815273402477441067048858 0.500000241759064101287890480307 0.500001266870539140541040978860 0.500001837872945498197907454596 0.500007738364684706233731503744 0.500028629373728050744318807119 0.499974699098838515354259470769 0.500000093489372354760291727871 0.499995789096696507947115151183 0.500015821373200775035172682692  | 0.000000000000000000000000000000 0.000000000000000061232340068215 1.000000001810268379642820946174 
0.000002100827563377185041757714 1.000000000000000000000000000000 0.499995815273402477441067048858 0.500000241759064101287890480307 0.500001266870539140541040978860 0.500001837872945498197907454596 0.500007738364684706233731503744 0.500028629373728050744318807119 0.499974699098838515354259470769 0.500000093489372354760291727871 0.499995789096696507947115151183 0.500015821373200775035172682692  | 0.000000000000000061232340068215 1.000000001810268379642820946174 0.000000000000000000000000000000 
0.000000701069576653976682658275 0.000086404766591280561332209798 0.499995815273402477441067048858 0.500000241759064101287890480307 0.500001266870539140541040978860 0.500001837872945498197907454596 0.500007738364684706233731503744 0.500028629373728050744318807119 0.499974699098838515354259470769 0.500000093489372354760291727871 0.499995789096696507947115151183 0.500015821373200775035172682692  | 1.000000001810268379642820946174 0.000000000000000000000000000000 0.000000000000000000000000000000 
0.000000701069576653976682658275 0.000000000000000160929275260399 0.499995815273402477441067048858 0.500000241759064101287890480307 0.500001266870539140541040978860 0.500001837872945498197907454596 0.500007738364684706233731503744 0.500028629373728050744318807119 0.499974699098838515354259470769 0.500000093489372354760291727871 0.499995789096696507947115151183 0.500015821373200775035172682692  | 1.000000001810268379642820946174 0.000000000000000000000000000000 0.000000000000000000000000000000 
1.000000000000000000000000000000 0.000046308039534414890221400429 0.499995815273402477441067048858 0.500000241759064101287890480307 0.500001266870539140541040978860 0.500001837872945498197907454596 0.500007738364684706233731503744 0.500028629373728050744318807119 0.499974699098838515354259470769 0.500000093489372354760291727871 0.499995789096696507947115151183 0.500015821373200775035172682692  | 0.000000000000000061232340068215 0.000000000000000000000000000000 1.000000001810268379642820946174 
1.000000000000000000000000000000 0.994778366873629416033963934751 0.485129039763196268086886675519 0.500959597680294965726943701156 0.431566589710266068635746705695 0.543453136484652321591681811697 0.484487814945269046340570184839 0.494890983279716534237735459101 0.472378711275094065324964276442 0.487237721452399741295380408701 0.520118158025264509802809698158 0.457344435602123844386568407572  | 0.000000000000000036951833352016 0.000000000000000049607622476077 1.010210151738311967761774212704 
0.994935550223868592212284056586 0.978871446314581561409795540385 0.491243087457094718129013699581 0.536087605532798772145497423480 0.471101467513590277391699601139 0.437623802403528938675947301817 0.571708176997807404617901738675 0.537043457589006623109639804170 0.549641175891528943608932422649 0.546867798855495856891195671778 0.450923675154080827454095015128 0.529053881078544452343237480818  | 0.587174602821666336005534958531 0.110276489445273920275703005700 0.827376553412230375528224612935 
0.991736878398611354512581783638 0.983690946793517762003489224298 0.502442620797007521993293721607 0.561917570093109608464487791935 0.416403708046950371546301994385 0.499937674700806744532144421100 0.469215580098835183253669356418 0.489294277404115796059613785474 0.406318950552308044699145739287 0.494690441287594429020657571527 0.478038644076932750515140924108 0.503795749031117456873118953808  | 0.754640995930125679791444781586 0.236235728135522599080431405127 0.646174574590797523576668481837 
0.996492495113177723098374372057 0.992428953748152431479923052393 0.510453222937127359948306093429 0.505124365060640179159179297130 0.508408441723460224892505721073 0.573571134475685417974943902664 0.509333074600501478634839713777 0.501945638183121656261675980204 0.428087815050928854887501984194 0.479362680202758406622365328076 0.415129979598720832978386852119 0.422520516310844362894982850776  | 0.341188374726716259210945736413 0.308185702245277470812112596832 0.915554001916753179557417752221 
0.960165309291238666666856715892 0.996234687011008146484414282895 0.521263009894397444377034389618 0.571478786443152086960139968141 0.443735386962817723865981633935 0.457185981721745571260129281654 0.527443950166841313276222535933 0.519392531430686643645344702236 0.510443326534202546085339236015 0.505175509026988267535784871143 0.554202842967028486143021837051 0.483193278472659304423331150247  | 0.480773190933236227451175182068 0.893546850825491012493273501605 0.027362381846458453532600074709 
0.994046218713920071152756463562 0.996569463634699670429029083607 0.546890693712423270333999880677 0.507214842409780208853931071644 0.483758383142511350083481147522 0.525967655908659681429639931594 0.526872860457223479713206870656 0.472189254140850667162965237367 0.462417650329813689769054008138 0.495830022579124007897632964159 0.461715134847209829338510189700 0.477879958173215491079588446155  | 0.288580014012677965595798923459 0.587153747983096718776607758628 0.766926229094863853852359625307 
0.991161424355698317256724294566 0.977938980721766104586833989742 0.571970645674234057231899441831 0.498753054053304778481248149546 0.548075269442689139154367694573 0.498491106709235631821997003499 0.409106304658208852487177864532 0.461858755515547281245147814843 0.464645767903443140944830247463 0.514145800074801040402405760688 0.585741565690851229142310785392 0.474680127125943818189313105904  | 0.807837881934915458259638398886 0.137648300951237589906384073402 0.618441042248642935952318566706 
0.983943241491382347696514898416 0.992278282999957350618558393762 0.599146648274832549496693445690 0.561656399310493714693848232855 0.467243902868038629705438324891 0.463786854393578029664979567315 0.466632797624053519136566592351 0.492125206027690775822946989138 0.452874570860432534846751195801 0.537735005828934298222065990558 0.613352009609378190369000094506 0.507252390378801210069070748432  | 0.737517062542705881256210886932 0.651499201067964994749104334915 0.316591559753310380909141485972 
0.985314020818404356916175856895 0.998725449762196904046618328721 0.400949215392850832895277335410 0.533063735550491468728750987793 0.528502184655759044140665992018 0.475515454033037521242022194201 0.480785952830585394668361232107 0.492477127901186584324477735208 0.497852018503696813755965422388 0.491007043534314790989014909428 0.456674003036825482126914721448 0.516999574639648296070504329691  | 0.177765381043128334326297590451 0.933962456860055634244588418369 0.355422920011351062274940204588 
0.974229329137503596847125209024 0.984884630455692189343608333729 0.499995815273402477441067048858 0.500000241759064101287890480307 0.500001266870539140541040978860 0.500001837872945498197907454596 0.537495489652557445481306785950 0.540574252838304292190230171400 0.499974699098838515354259470769 0.500000093489372354760291727871 0.499995789096696507947115151183 0.500015821373200775035172682692  | 0.938509159145054727702017771662 0.334623596347307594722764179096 0.115504493957210657706369261177 
0.997055078729891408606533786951 0.999481413655717854105375863583 0.423112263776507346868527292827 0.537662514036664429539769116673 0.554037397699905675985121433769 0.517688637521473871139221500925 0.506419356124800379426176277775 0.606977886182581416463222012680 0.510600386799628380707360975066 0.503043824005798834164693289495 0.521878603473936109047315312637 0.592273852921698429341290648154  | 0.031941807047877315839379264162 0.401427403013670303089099888894 0.949280592766728714693158508453 
0.989271973453126562958459544461 0.992082712788170395512565846730 0.567769887364240277705107473594 0.491399525417490434797684883961 0.444116965789223105964822480018 0.516318637306383165785916844470 0.442479444581309389050716163183 0.509409073614015661668474876933 0.542455457375358718330460305879 0.496721167786648820641204338244 0.510917618802756767770745227608 0.556973941936675043251625538687  | 0.663892359629564832168568955240 0.569974079297573266167376004887 0.517606160930011993670518677391 
0.984533111529741655765235464060 0.993665199062897741555389075074 0.520877976630338968000444310746 0.511410470096722802324507028970 0.523755688900984339717581406148 0.541915672161406569706798563857 0.480913365832284556145026499507 0.520251216317471398831173701183 0.535856417160601616878068398364 0.538832304449388788114561066322 0.532479499539675993347032090242 0.448302168233595754731624083433  | 0.643437478275805774252660285129 0.706399709433494837895750606549 0.327806797144423456291661977957 
0.986320511448903758378037309740 0.987047068722264220319573269080 0.499995815273402477441067048858 0.500000241759064101287890480307 0.500001266870539140541040978860 0.500001837872945498197907454596 0.526985085988174617455115367193 0.502852948229824181503033742047 0.480291362812535316262341211768 0.500000093489372354760291727871 0.566639623035244066606708202016 0.500140008830983751053622654581  | 0.844568348671907886959786537773 0.383751931296373083313255847315 0.388073424622598583955124240674 
0.984664197804155927329361475131 0.960903942319236481495181578794 0.513606400547198860273567788681 0.541169723625813947620599719812 0.502999183217488488040203264973 0.513910869560365579644667377579 0.452823710123746447919756974443 0.468947337288093346607809053239 0.499111279894001946821902038209 0.498945081434003678833022377148 0.553418542014406211748678288131 0.508786156093356423113505115907  | 0.951783907240082216461019015696 0.027719059544197659911146658374 0.331385827543015598628528550762 
0.996653847282091609471876836324 0.994780163233164760328008924262 0.579461440027301710742335671966 0.492690980296066505239593880106 0.375310154370816273505795379606 0.449599451366518632067226235449 0.482790502911880470282568467155 0.547549747765706751323477874394 0.428981656852993165074394710246 0.463298114087911327985125353734 0.533337533691411569414242421772 0.560358258302042555598632134206  | 0.268205420408645534013913902527 0.360190564138510360692180256592 0.936002041441339582839020749816 
0.992173283924381754772525709996 0.985845035593937102369466174423 0.453574929399173654154253654269 0.415217791602104535630957116155 0.525040639028632405427288176725 0.483829450562728358153918861717 0.537053282285865352108089609828 0.541201502967203262883799652627 0.591711774777807342218238773057 0.483729751671246821498328927191 0.467698308658495931489085251087 0.560646614895509154408159702143  | 0.720066048056914542740969409351 0.285567748079261052307487034341 0.673845572424902172770089237019 
0.993132156279331157477940905665 0.993935786701786172514516692900 0.549350921290898686066839218256 0.503906274055705760694934269850 0.516053190795283889258371345932 0.497136847799008074755278130397 0.501761180920442417807691981579 0.498495806662178020385312038343 0.495106994546051615291304415223 0.505618164859301999491947299248 0.570038740906114616002753336943 0.547258818262467028326057061349  | 0.467157062002179268578316850835 0.537144638993811152083424076409 0.716359534055437507937824648252 
0.988301873581317491535003227909 0.994040207987239798903544851782 0.537250094599390104477265595051 0.518251669366661116278294230142 0.438260980290894053279515674149 0.505216772864298668821447790833 0.516240155698579172849349561147 0.479245719261576552661097139207 0.436836583416218393605134906466 0.465237000703515424238077002883 0.462800803969278307103962788460 0.504875116252577305075988078897  | 0.582120658566309789883064240712 0.681664865947548825886315171374 0.471543610572263016678107305779 
0.987644254063906101848147045530 0.999585187767413341219935318804 0.561048894932005826063914355473 0.558160064911213282812241232023 0.477632913109827195174972302993 0.497801268277097141989884221402 0.476662648778219844025727525150 0.516190113987333498712928303576 0.435631098448365283726246843798 0.500000093489372354760291727871 0.485823309364525113274169143551 0.473212269523924256020563916536  | 0.058131907039593054553616724434 0.909370305565150860438450308720 0.443638174091131820553357556491 
0.996693764454652630924158529524 0.973309006031031653805030146032 0.581398366128060950508427140448 0.551371668940901393796139018377 0.502914763647958729109177511418 0.537179351888332767828160285717 0.440802452212995632407910306938 0.478830786343865832943578197956 0.422971981650516970496767044096 0.503138733426006679039232949435 0.545113736616888222563659383013 0.521746435131464014745006352314  | 0.435969794262413057328586774020 0.045946311847879228729141232179 0.924375308997124278675983077846 
0.975429048128645614923470930080 0.988950630922533768796256481437 0.450557099270078642572201488292 0.511646944822941041053354638279 0.486849487622089294180938168211 0.465000771299180548634666365615 0.524691020769507132648357128346 0.517916418358958630108190845931 0.538204878999796521021892203862 0.533080437162097298120499999641 0.471186823506628549296237906674 0.491903525252218865038145168000  | 0.869062507318431043401574243035 0.494259997283222007879999182478 0.131240977470108599600706611454 
0.992165949721547812956146117358 0.994815836013765220080529161351 0.490367982974719396338514343370 0.518857389445098515778909131768 0.485446131119751156379749090775 0.516608310314899177306813271571 0.500164846653170069856741974945 0.543349835185343299492899404868 0.488744505559134845285029769002 0.466229695840193969491593861676 0.450447698094001536261998808186 0.500464800152937039356970672088  | 0.451717181642868115254429994820 0.610893965989410148154092894401 0.660211295851314217131289296958 
0.982770245946842369022533603129 0.985610780382434437107974645187 0.551234708311706289585174545209 0.500555830174802207643836027273 0.464052250486186868005944461402 0.542326030870366238012536541646 0.502019009640259805671291815088 0.494868053300119514759103367396 0.500864274775999374078594428283 0.524235847627490980649156426807 0.529912134624094699475449488091 0.542831660452105513314791096491  | 0.905557316933609524056691952865 0.349870947057300485383279919915 0.275230840588779279709541469856 
0.986531565960225731437560625636 0.995750775280531463806710235076 0.601690926624410593603897723369 0.528671891465554710798357973545 0.414640341078099217142494126165 0.498460141238969034471750774173 0.440702227141788804853916872162 0.491968030818735690967713480859 0.564587192669586124260661108565 0.521115741748198413318959865137 0.520118158025264509802809698158 0.579254528995292283788387521781  | 0.492171658199062000971224506429 0.812370920950195363197110509645 0.406944265386484760327334697649 
0.997655899302173021503392646991 0.978014338196559696037013509340 0.479820033264987233501130958757 0.528642342486837946147204547742 0.532862072009785525672498351923 0.505006990927177268346781602304 0.460119684829474018261663559315 0.501255641999097556471554071322 0.476664555980076287688973479817 0.500441377419862054587440525211 0.570038740906114616002753336943 0.493072520705477912450476196682  | 0.321039881671774329774393663683 0.055133678046252077020739079671 0.955420326311161471899424668663 
0.992364650055076680246202158742 0.997019688460858310996570708085 0.504724833373951797810263997235 0.527922497942206803145381854847 0.494144600717728588179511461931 0.507887697769853985185761757748 0.448668222592774001977744546821 0.504169173445157214885625762690 0.457347168406373127957920132758 0.513208749286216736607002530945 0.608505331937883475745820760494 0.537577347132348393188294721767  | 0.299387790922571117580019972593 0.697693830859420383028179912799 0.679265140261703148638616767130 
0.979869691625002148249734545971 0.998320880888009076770117644628 0.469212447024570600273563059091 0.545029553662505494848744547198 0.494693830903968345680254969920 0.501300473599901819099500244192 0.393935003439597641872182975931 0.512453806313151627449542502291 0.503266010882345682375671458431 0.530283221340178689828803726414 0.533423251812578214092752659781 0.591507361871809855813353351550  | 0.241386290972438688484658086963 0.973779316173529418954046832368 0.209189848631034680526141755763 
0.997585817772703276062884469866 0.988099360690529504580581487971 0.607528197468947595005772654986 0.474030645889578217122561909491 0.458902384596908241576329601230 0.517248598256473290923906915850 0.441108872223346604179994301376 0.497180994708559476080722561164 0.520866861075532261438070236181 0.498521806508900766630176804028 0.537268518317351895241529291525 0.580252777316792034412173961755  | 0.302010600117755656501827843385 0.155102006369273709429634777734 0.968163242628418907465004394908 
0.990086660542499830128804205742 0.992583570767286982317045840318 0.389830538851491603669074947902 0.508273146442233536568267027178 0.520822241234059291059566021431 0.444950835378493170235714160299 0.501761180920442417807691981579 0.504251653514174780212897530873 0.467453778099874761586818294745 0.492391991553816521509645554033 0.492359206739859223134203602967 0.422837176951965432181168580428  | 0.628228834094335941706788162264 0.580758062533583196973552276177 0.560544773864878442815040671121 
0.987974674398241381467755672929 0.996624249475113743734766558191 0.479493920250557092987975238429 0.507405810409522484150102172862 0.500817544465045783042000948626 0.514691303025652246994070537767 0.465256105609719805560331451488 0.485153512863509273067563754012 0.492842343443006980496789992685 0.520929060892363016144201992574 0.516100092724642189878636600042 0.513065547933259202828537581809  | 0.389821850923573354208429009304 0.805602752491571538762116233556 0.452912276267822877517943425119 
0.993142929175163002852855242963 0.991954993295688924881403636391 0.564387482357204262051197929395 0.480731903257599180179227005283 0.453989836624503040329869918423 0.510620470907664936177638992376 0.467815344934816190747284281315 0.547939644826998639715043282195 0.521722208975074930314974608336 0.514449370597258148762875862303 0.566330793898392692575782803033 0.503552745781114419187929343025  | 0.546669337364206198159877203580 0.460782718797778434449696760566 0.720700932242530067917130054411 
0.989806576301836882336715461861 0.996368844503582429261712150037 0.540596512919648386485960145365 0.536515341154828462322257109918 0.454924977923780726740687896381 0.480790589798634093732232486218 0.486554592248263917397821387567 0.489551919514957301071689244054 0.444433967416729247545958969567 0.474706827860543800756687460307 0.475720629164547603728863123251 0.478577126309601474929422693094  | 0.393635809949463233436972586787 0.757916748101995829678401150886 0.540016682536731740249535960174 
0.984978879510387872464605152345 0.989023405419584666908860981493 0.580216800527582732271980603400 0.563360983902123635402858781163 0.477007530896420950394798410343 0.504574531649134239152942882356 0.492343314430412792859215187491 0.507064553982883525762304088857 0.471183524182132440483172786116 0.502027045937149973831026272819 0.488125020497507056127517444111 0.479685838471590353382367766244  | 0.826214383596985069146967362030 0.474076273826828098467700556284 0.343174738503671583611520645718 
0.968094665891847672156700355117 0.995413884232464019063968407863 0.540645366736535959439891030343 0.554017534001676636989941471256 0.407153171319532325433954156324 0.468410553460817835613738679967 0.551503811979678015831041193451 0.515126082940190577197370203066 0.446007415380345773048276214467 0.482487927708824926309461034180 0.547045753292017433722094210680 0.479010670686633222015160527008  | 0.558558854270027049793156947999 0.854689644441820495224249043531 0.062731046045607322114712189887 
0.991840185619818015538839972578 0.999328856301678669638022256549 0.547163460526875256029200045305 0.500016536516994958283532923815 0.508657263820410099341984277999 0.503583952522196676149235372577 0.464936749903530566196963036418 0.509132053478908996879681581049 0.496575567453950983409782793387 0.525410946337489415114418989106 0.508289565931766107453881886613 0.493088219264966820531981284148  | 0.078723835420051443967359716680 0.769152431301819428099975084479 0.641111794624882103121876752994 
0.992585231135391876655660325923 0.995423933642911706876077460038 0.389612916187425495362361971274 0.505014148283960517815671664721 0.528190656762989041439482207352 0.515869885346281087379338714527 0.500296110076540068156703000568 0.554663276070994082367349164997 0.461232706440611539555618492159 0.517016226638813636284908170637 0.532357121295411572781119957654 0.425756649871652070871164141863  | 0.410910828496090896333470254831 0.630140965607977387996641027712 0.695609828832269294629497835558 
0.987038085635782880267186101264 0.993527742999959939673715325625 0.481472258711167278022458049236 0.529575569714263227893980001681 0.504735953431668327162640252936 0.502122545415108478827903581987 0.501761180920442417807691981579 0.483536721067497732295947798775 0.492452398347486663965355546679 0.540914627683577564631889345037 0.573948633608956426677139006642 0.547258818262467028326057061349  | 0.627634830120294195943131398963 0.673424484348466467764637854998 0.417848776389085352356289604359 
0.994656416452486924484333030705 0.989822106866448114814716063847 0.479167727703498524949310422016 0.520711692720356333907716361864 0.469202284059148544415052128898 0.528019774754550530460051049886 0.504250635504778887963084343937 0.519902918575224970432202553638 0.480359079606875127854692664187 0.517697882911650641979406373139 0.510451110225977999768076642795 0.499482908817590165462263485097  | 0.514226275610965677387298455869 0.325786686838633710028290124683 0.798177564436985953477687871782 
0.619495992088806790576427374617 0.988977414523715459004904460016 0.435021150444650783750688560758 0.596402459015676345011058856471 0.523755688900984339717581406148 0.541915672161406569706798563857 0.525659015912377847179470791161 0.520251216317471398831173701183 0.535856417160601616878068398364 0.538832304449388788114561066322 0.439347600548406935772050019295 0.523295502250230915031181666563  | 0.889334827041254549762072656449 0.507441306280293935593306287046 0.000000000000000000002571794119 
0.984733700272172884915278245899 0.997117974316546806790029222611 0.519483736917394911536405288643 0.540690434337734227021599053842 0.452930387415943769280346486994 0.573962074522068266269059222395 0.500007738364684706233731503744 0.513783919355219276248192272760 0.474380368766854909612362689586 0.511540446303203499844869384106 0.499995789096696507947115151183 0.411469908532408445989148049193  | 0.368795195051856039558657585076 0.887580342087439189135977812839 0.337063321788345748863946482743 
0.976401948968189437039200129220 0.995443622461748112151269651804 0.495632135576927201903174591280 0.559322973370026677031319195521 0.490555970349366488036935152195 0.500316132260549051302689349541 0.505684092091963521831132766238 0.500664179667883790791904630169 0.528850775679305940002450370230 0.497504776265128956236338808594 0.525143610773898039667528792052 0.474775083990960855562235565230  | 0.542028420582774339564480214904 0.834795036124540423827511403942 0.144535636385149157678853271136 
0.971850405775145254061442301463 0.989255831942070562590174631623 0.537002388337030955867135162407 0.468352113136999093079282374674 0.593745595370508860710856424703 0.508434070647259539477147427533 0.507621339788394854153352753201 0.524678434106108038115223735076 0.532965096064628274241670169431 0.547573766278804718865558243124 0.566639623035244066606708202016 0.502130863234712676579363233031  | 0.874501841772674870512105371745 0.516284393012452325066874436743 0.092032195020078824687637109037 
0.966591885905519476729352845723 0.993761999957730179922066326981 0.496998996924262970154018148605 0.482468358540529884681546946013 0.453214744472730357571776949044 0.492010422660850210707650376207 0.532034239050282797833801851084 0.438323558956314196510817282615 0.491533251128890513736990897087 0.509456740188166778970924042369 0.464082416861475388625279947519 0.467516947412731975752819835179  | 0.673029469234036503699769582454 0.751084879348123513054247268883 0.053029237346969022859344278231 
0.996446380657291741478331914550 0.960903942319236481495181578794 0.557945688141699647211169121874 0.531167570952004619577735411440 0.542202375091851984656443619315 0.483350571457831224009282777843 0.452823710123746447919756974443 0.482441543431432195987440536555 0.464309924855593247894347541660 0.497776635782687049136541190819 0.546461569594841822805619813153 0.501362665757542069755459124281  | 0.458732665638783509987064235247 0.013359795198241892349999559997 0.902363391316434171329774471815 
0.970660875867817241058332911052 0.987444393981995016673636200721 0.485024101783283034805549505109 0.520981100426648247037064720644 0.422945378004775718316921029327 0.470937733691038473704537636877 0.483356608463887948978765507491 0.422386533288796162111111698323 0.464578072498232907960868942610 0.484478007477517791379284517461 0.448834752225338418085698322102 0.481639671195008778337154353721  | 0.916535613528121073656507178384 0.435976301347492101179170731484 0.081328307262540311395326853017 
0.989514967923989186004973817035 0.993729720405424510332181853300 0.525425192091496184865206942050 0.535475687482958484508799301693 0.451368932895879149125306639689 0.542766084670177062498908071575 0.507850117349191831905841354455 0.494877005810446302103144944340 0.474689678530589853622245755105 0.515049094728348144656138174469 0.526088290112146861332576008863 0.509455038373663793294099377817  | 0.576015592281176824762667365576 0.639306389519335271920397190115 0.524597240266706954514575045323 
0.990976513868696784470557759050 0.971389382967051795425561522279 0.462127246467099406235234937412 0.506263934015851901904170517810 0.382864869428104548365610071414 0.499171692675544342865379121577 0.475899714531627271441038828925 0.510549112091019607895248100249 0.427091364790362193470940610496 0.531862574447464764304527307104 0.504483123924379328606448780192 0.530984766682309206053957950644  | 0.820970691086357895471792289754 0.070934914526617959262821955235 0.606555550364411888430993258225 
0.982960755098325922318736047600 0.996375304243931503300757412944 0.471828819913374053474086622373 0.497125707799169425094021335099 0.533420258272183644976394134574 0.525771795433632282978919647576 0.455390291849959938375036472280 0.525979584175558789738147424941 0.475616488542951354467902547185 0.494417515341862567890274249294 0.461540028768219756649671126070 0.513298798237616926698478891922  | 0.445471913331541125025125893444 0.859210136211362773828170702473 0.280051403575655499800234338181 
0.992730864314431138417660349660 0.999141271617884130229469974438 0.490367982974719396338514343370 0.518857389445098515778909131768 0.485446131119751156379749090775 0.516608310314899177306813271571 0.500164846653170069856741974945 0.494890983279716534237735459101 0.500978808350031501461785410356 0.468914965652875825874446036323 0.450447698094001536261998808186 0.500464800152937039356970672088  | 0.094119159741394564644423326172 0.723780895277414182409359000303 0.689979789949433097717701457441 
0.988449859021412136073081455834 0.989723600759143562477504474373 0.520850165605359793907780385780 0.497786440434900390172856532445 0.577096717255237479093921137974 0.602523793646515648525507913291 0.517639341938845642943078928511 0.502100984267850325437620995217 0.428596299788377765871416613663 0.551130519360563786435136535147 0.431309778610610927707114115037 0.433444821087429932315870928505  | 0.772804545416514554467823927553 0.483572975045044817221651101136 0.488091283677875686919378495077 
0.995356032797581335991310425015 0.830617255129754594733526573691 0.582098964043919253619208120654 0.529575569714263227893980001681 0.430140643263820787733919814855 0.485336700832995515675349906815 0.501761180920442417807691981579 0.477788856541867812399715376159 0.600653200086625926878980408219 0.522930187684918834634117956739 0.507332935841752652450509231130 0.578560141302141395236446896888  | 0.568467468634168637819925606891 0.000000007778939213857798342627 0.859027479453577380574813560088 
0.983652877678701020869311832939 0.994922773233657298241894295643 0.524549973381101986014130034164 0.550473179045763205685659613664 0.499151278030110390204754367005 0.489824298081614595279376089820 0.483547707696375395070020886124 0.481756016187339930478827909610 0.504933030284813511023855880921 0.514145800074801040402405760688 0.516401237468301799182768263563 0.525899902642527838914077165100  | 0.562640028127671887325789157330 0.777194168131335239024792826967 0.299124043152472207651726421318 
0.995307355466405696553522375325 0.985386365292421073647233242809 0.512013776648605589691953809961 0.500651802029691950224332686048 0.508076541285281235715842740319 0.476383212396160660162536260032 0.478545519160500198996288645503 0.502864364465598456810369043524 0.459553882136109259626266521082 0.526297691615538076881364304427 0.472513655647732733200427901465 0.454317405021374964846359034709  | 0.523490878354081590195789885911 0.197277579502788874554752851509 0.836595531065338349208104773425 
0.977417852677846421549645583582 0.989610266181653375205939937587 0.486448577372486257175410173659 0.511404061836313705846635002672 0.447913488824523864373361448088 0.517274175851819673077613970236 0.577137075052778114603313497355 0.533829099997162770385727981193 0.481300676134881921797159520793 0.499760707472679643892377043812 0.499140298318231423468915863850 0.492434939912508251591560792804  | 0.849302287263132171801771619357 0.523946026676699982971285862732 0.161052981843736564560032320514 
0.995418166324211206585914624156 0.994778366873629416033963934751 0.485129039763196268086886675519 0.500959597680294965726943701156 0.431566589710266068635746705695 0.543453136484652321591681811697 0.463693250727561845359048220416 0.494890983279716534237735459101 0.472378711275094065324964276442 0.478611406646619330640390899134 0.520118158025264509802809698158 0.457344435602123844386568407572  | 0.330366072618949457861958762805 0.443514541031315767671827643426 0.847025300546881187990777561936 
0.989861528301172910460081766360 0.999011092683897206079279840196 0.429022886310366058371101871671 0.525884097987372900462332836469 0.513625931370716104495954823506 0.438426123705539350083881799947 0.491403881497701533476174518000 0.495559946350790259117502500885 0.500016792702558943162216564815 0.496931521711076351621727553720 0.470793848974630890769077495861 0.462389672858134426203235989306  | 0.125863915425078382037682445116 0.844368882815890176019024693232 0.543558096301482218670741985989 
0.995706302072756233023653749115 0.997911459760090768789098092384 0.549878244163582108328114372853 0.505166282946105216211662991554 0.402732520491729029110672399838 0.527831909081535544103758184065 0.450904714612813228846732727106 0.480128376906581388894323936256 0.516890308727561920143500628910 0.489043939722640541578613238016 0.525226853026840023730414941383 0.499500933193817053812324502360  | 0.154993086261757839761088462183 0.507602139798645213275563037314 0.867056673401635058517911147646 
0.975188383390520829863135077176 0.990179176087038537268369964295 0.450557099270078642572201488292 0.565270725472019508472953930323 0.506564227778038445038077952631 0.427361711401356370032544873538 0.550618937608819525308945230790 0.538936467594272161640844842623 0.576733122878500426011783019931 0.554334908265236903091022213630 0.471186823506628549296237906674 0.546304414877328836652736754331  | 0.849787661626453139085413113207 0.563411911760884565048002059484 0.130543583048061712093002029178 
0.965483682852238289662238912570 0.985845035593937102369466174423 0.481470983208439007317025470911 0.539533703922208895953360752173 0.501548096160106426921743150160 0.498305230839264479136829777417 0.511051985587211987649425282143 0.495364678276569214698810128539 0.503123978194021104215494233358 0.516920000098153087364494240319 0.553738017494332046553040527215 0.503032860545948867780907676206  | 0.933420784255612145940972368408 0.370181141146074754733064082757 0.047068264633350821724011581182 
0.998529572291779188297766722826 0.993527742999959939673715325625 0.481472258711167278022458049236 0.529575569714263227893980001681 0.504189998571124453619063388032 0.502122545415108478827903581987 0.501761180920442417807691981579 0.512757067587194192981314699864 0.492452398347486663965355546679 0.501814172128236424264002835116 0.573948633608956426677139006642 0.547258818262467028326057061349  | 0.146754602969181302540846445481 0.157461214845809577278501478759 0.985945741909714734596548169065 
0.993712289983731733578053990641 0.993713562749523049433264532126 0.488846758527444857911348208290 0.492680098306784219897025423052 0.494341117657615458647057948838 0.526576942190107977204149847239 0.481256253776031317492822836357 0.502422738999593110342800628132 0.495447136713331848234531662456 0.465267162514144572149632494984 0.544506920488878609631910876487 0.448158248579681395273865973650  | 0.452692366756574537944857183902 0.501060277974180068305543045426 0.747260154373679208461567213817 
0.990874842726948035220857491367 0.994202002761096270688767617685 0.553015469400871872984737365186 0.497112453788956798472753462192 0.521853109405189918845735519426 0.459898491430835387738795816404 0.483450599741243658424849627409 0.531951670198801629396712087328 0.514893934446428169771081684303 0.554718601263828881009487759002 0.525516709026339179366971166019 0.469034293065612506445916096709  | 0.522394844702623872834124085784 0.629584677679270954264723059168 0.594053113425498935384894139133 
0.984664197804155927329361475131 0.992821507915143897093912528362 0.513606400547198860273567788681 0.541169723625813947620599719812 0.502999183217488488040203264973 0.513910869560365579644667377579 0.452823710123746447919756974443 0.468947337288093346607809053239 0.499111279894001946821902038209 0.498945081434003678833022377148 0.553418542014406211748678288131 0.508786156093356423113505115907  | 0.687383150017708999257592950016 0.658912253198363218054112167010 0.331385827543015598628528550762 
0.992702364325102060149674798595 0.999615279671166367947421349527 0.421041485142158333765394218062 0.520602845897798371943565598485 0.538336993982888367682448915730 0.537260764296984327792472413421 0.508551673158039951871955963725 0.575996491913028707543276141223 0.442891745393373448269613845696 0.508432268554146804540039283893 0.530865885462392217419846929261 0.505762331061936132314826863876  | 0.044001578150506592823631990541 0.741206461215433654032835875114 0.698879282930665812756387822446 
0.985836551803167315810583204438 0.999733589606551564799019615748 0.512399898686571542150147706707 0.501205459419917676022748764808 0.470007823455137974111295307011 0.513830925836492369285224413034 0.445676591314065451143733298522 0.511971240346680178667782001867 0.500630536401181047700958970381 0.509926026905322848925550260901 0.523768360921940345775738023804 0.405289632946606248609100475733  | 0.038922084761309594380662701951 0.941874674972603687095329405565 0.373498368657206591958441777024 
0.987340360499502911473257427133 0.998269703709660394252978221630 0.479393105063795232911871835313 0.556300990288736252331602827326 0.495065515487111806880449194068 0.485601266958947286322967329397 0.469761045456806913822589422125 0.500052193612252837695564267051 0.470544364816680493746048341563 0.517135231234210568374010108528 0.486802820079429932054182472712 0.496637495391063665817199535013  | 0.225074534149339783306587037259 0.882281847153284393137084862246 0.427938928645818728035976619140 
0.973577691938084965883604127157 0.998623682618830055268688283832 0.493425674452465268249312657645 0.557399257931131431043070278974 0.497569358678391748807001704336 0.558951029299018964380252327828 0.513797634773467182256467822299 0.481637144766849101262806698287 0.470540041126205732524567793007 0.509201826096929210940800203389 0.511272883615880302521361500112 0.516365018159184008261775034043  | 0.201297212832058092235598678599 0.982412661568056733152332071768 0.108666854578983035350958630261 
0.992165949721547812956146117358 0.993360441781301006791693453124 0.564632884386330413661880811560 0.503788616874832784198190438474 0.517090340916087298772652047774 0.564894577994339952553559669468 0.476554053766165885974714910844 0.543349835185343299492899404868 0.488744505559134845285029769002 0.555671181498971988865775983868 0.569381114135160681932745774247 0.532762564964382123733344087668  | 0.532725883023333679489041969646 0.556113791213929231638246619696 0.669196869353320566986553785682 
0.994061477265972492922685432859 0.992072472806917460275144549087 0.509745472861089954363933429704 0.473190503724584154987553574756 0.603666155569349105469711957994 0.547013413572671636231348202273 0.506858052043105189454763603862 0.564921806144095262069981799868 0.477997509933605790877209074097 0.542615719612185909426216312568 0.563445703635088168681477327482 0.429395131680835429044407192123  | 0.506397482055082726049022312509 0.434115999105660177459498072494 0.783997574800229579672361523990 
0.991234613840019429531480454898 0.980319951212832330078583709110 0.545422751972240327233976131538 0.527922497942206803145381854847 0.494144600717728588179511461931 0.507887697769853985185761757748 0.473779082608028256906607111887 0.504169173445157214885625762690 0.457347168406373127957920132758 0.513208749286216736607002530945 0.608505331937883475745820760494 0.537577347132348393188294721767  | 0.791585340303969320352450722567 0.173053870729406866768584905003 0.617613434391856896965578016534 
0.966756266216736825924726872472 0.996748784055318859387284646800 0.521331086648737507260875645443 0.507858383005925118069967538759 0.479981785381122572076151300280 0.470816646020960904994723250638 0.525659015912377847179470791161 0.471059277332065595711441119420 0.512398005596266137295913267735 0.530259012722566147601810371270 0.489838754525682318341495147251 0.477342112416855979262209075387  | 0.424340593464376913956925818638 0.909384897230691824354664731800 0.053673223268996608781300494684 
0.978217515267249315691344691004 0.993058066749514800619635934709 0.551234708311706289585174545209 0.557583097946424355306760389794 0.464052250486186868005944461402 0.542326030870366238012536541646 0.502019009640259805671291815088 0.494868053300119514759103367396 0.476169843345809806756108173431 0.524235847627490980649156426807 0.529912134624094699475449488091 0.542831660452105513314791096491  | 0.707399963029874290221243882115 0.703564720924076958397108683130 0.175009703334712746203294386760 
0.990503515254938515788296626852 0.984383215705426639630104546086 0.468800655923752584985919611427 0.474174917781754134971095027140 0.453296070165120634776201313798 0.515869885346281087379338714527 0.501061034261571114356570433301 0.558650409981920281765610525326 0.544004029377441744586008098850 0.525778415844942115242588442925 0.520682836764330136958278671955 0.468849545738555029128491469237  | 0.788313443603637420409313563141 0.266052119393535124736160923931 0.575271804465770197900553739601 
0.981783703019123210609109264624 0.982752657689800135365487676609 0.599146648274832549496693445690 0.561027799105731084239323536167 0.467243902868038629705438324891 0.484855255651581218412360385628 0.466632797624053519136566592351 0.492125206027690775822946989138 0.452874570860432534846751195801 0.537735005828934298222065990558 0.613352009609378190369000094506 0.507252390378801210069070748432  | 0.962710045672129699489971699222 0.272424844612058403292564889853 0.255326749261511332100837989856 
0.992850927974214925164631040388 0.998892360363525022570740929950 0.532844277386877229751860340912 0.575966661962443504663156090828 0.488313393500814318937131019993 0.488612682954765620291226468908 0.442036550065607658499544641018 0.517726085463228291594361962780 0.491533251128890513736990897087 0.536043916261923603094885493192 0.554731835524520433544637398882 0.451151798368405299033412347853  | 0.120235080980952827034435870246 0.723035078982842693839927505906 0.705802016388404340752060761588 
0.977973270306130904039321194432 0.996209966245920730543161880632 0.446503831572288900630951502535 0.548257349029383056482345182303 0.485852329383618886105011824839 0.511880257953245987323498411570 0.476784620260589653284455380344 0.549187873089401201731618584745 0.448440207399779688923757703378 0.505707864895196701482404932904 0.540743512965545791715271661815 0.557703951128465269526657266397  | 0.476945470737480281542275406537 0.880789304010952678325452325225 0.171280140337797703864453069400 
0.991088186447193431050095568935 0.992597226504797203183727560827 0.576468553874081468535450767376 0.533748503099375048996932946466 0.474538483659451615359614606859 0.505157888298174206909152417211 0.528303766089047388554433837271 0.501055513415896491835610504495 0.494559339797887020928612855641 0.516056923429641600797879164020 0.585269919248717629400857731525 0.545314028652784998918434666848  | 0.598288706917496804216227701545 0.554221182727769989817545592814 0.609398664833707748300639650552 
0.981161861687751213345620726614 0.998876994988575184208912105532 0.554649961574909644568265321141 0.577464355197850554013427881728 0.447123647813647939752712545669 0.599133358646979363726359224529 0.412672731002922066334548389932 0.511095270291930914297040544625 0.480995161807195759084976316444 0.501787792915595609599677118240 0.548887987837680890734759486804 0.505762331061936132314826863876  | 0.166817879877426772372572827408 0.989935511451376148883696259873 0.239849624942507555491744142273 
0.989354813232538932155080146913 0.997314035036802382094833774318 0.584864194974360596113172050536 0.562302710370238600923187277658 0.427715023110843861608998395241 0.510189451732628640456823632121 0.443789323552877590373100247234 0.520251216317471398831173701183 0.571647514280978819023459891469 0.523811277931129248841557455307 0.503983000125263869151126527868 0.560824967875640401082648622832  | 0.319888246414042787257869804307 0.823688692551236001371250949887 0.528080462328000987959342182876 
0.982304094020248985685839215876 0.985845035593937102369466174423 0.381586057658428678962536650943 0.562991687124845485712398840406 0.501548096160106426921743150160 0.508059226246391770764887496625 0.511051985587211987649425282143 0.541201502967203262883799652627 0.539357644073926723038425734558 0.516920000098153087364494240319 0.485843587554971423347893733080 0.499712456046101760609445818773  | 0.917158509412075106936867996410 0.363731758873092170247787180415 0.266129630965582342216890765485 
0.979225520932193171930180142226 0.978871446314581561409795540385 0.491243087457094718129013699581 0.536087605532798772145497423480 0.524071236715169086473053994268 0.468066563400563850905200524721 0.571708176997807404617901738675 0.497606208520668946704290647176 0.456693244499065065244991501459 0.495157994216136931875382742874 0.450923675154080827454095015128 0.529053881078544452343237480818  | 0.977475159607898880231857674517 0.183578323387151159939989497616 0.193836508105156013481717991453 
0.994799656089896067179267902247 0.994731167346307620924505954463 0.502832761575602527059913882113 0.498242437952470140771765727550 0.549948982015780685195238675078 0.526786998930763639137353493425 0.442725237290277684465422680660 0.467772912559835163381904976632 0.478845144509448927827577335847 0.498945081434003678833022377148 0.531520790157393063779522890400 0.520683531515778730280885611137  | 0.361365956607897165220322222012 0.480697178905427735529087840405 0.810714848258488940402344269387 
0.996218248190703703492943077435 0.996209966245920730543161880632 0.446503831572288900630951502535 0.561091711498029832583256393264 0.485852329383618886105011824839 0.511880257953245987323498411570 0.476784620260589653284455380344 0.528052968412282774934851659054 0.569339877646484859852193949337 0.502798790830590314193671019893 0.540743512965545791715271661815 0.557703951128465269526657266397  | 0.230451660797570373473419635957 0.425581896413025795311568799661 0.895674199607932708389057552267 
0.990146498979637246229401625897 0.973955376520771354265093577851 0.462321635748660142439803166781 0.493071640922782605809260303431 0.378627570746754738006956131358 0.490689937087263661208424991855 0.477988830293333555321311223452 0.503343642661292722806365418364 0.471469114699447688909828002579 0.514985348504291562399259873928 0.470806775043550340686948629809 0.483188477281698280929589373045  | 0.844991733901278574414561717276 0.095215213614801938457610219757 0.561419411012646696335082197038 
0.996446380657291741478331914550 0.998319590691518210512356290565 0.483950325535193015547008599242 0.531167570952004619577735411440 0.542202375091851984656443619315 0.483350571457831224009282777843 0.452823710123746447919756974443 0.482441543431432195987440536555 0.464309924855593247894347541660 0.497776635782687049136541190819 0.546461569594841822805619813153 0.458707035294005027736830015783  | 0.110343670208808752875029313145 0.444811876855942145425615308341 0.901118307104610827273916129343 
0.991155317844396921422855939454 0.984370232791919042014683327579 0.490224951454315438503783752822 0.580362564354060306293092708074 0.471690011798176489499212493683 0.497900103116495740263047764529 0.527612089498658898278904416657 0.546056541076090695696620969102 0.522002848582556078227412399428 0.511288438996843952466520022426 0.500973911896389179077004882856 0.492957621092163011944364825467  | 0.764882684884879315845296332554 0.257778884060999358140975346032 0.608632917115261795615310802532 
0.990407746858011694968126903404 0.988977414523715459004904460016 0.435021150444650783750688560758 0.511410470096722802324507028970 0.523755688900984339717581406148 0.541915672161406569706798563857 0.525659015912377847179470791161 0.520251216317471398831173701183 0.535856417160601616878068398364 0.538832304449388788114561066322 0.532479499539675993347032090242 0.448302168233595754731624083433  | 0.727508360378940621693288903771 0.415105516500141991098615790179 0.571969645233609269574515110435 
0.994197727123993901798826300364 0.997092791287659485632843825442 0.508698602252747211771577440231 0.476927179441017812244751894468 0.506460707487087602451936163561 0.505208539224202390904849835351 0.463770150850143059173547044338 0.521773465882059195308784182998 0.518141110955759098821715724625 0.483182841092560766416141859736 0.530639768618873741701236212975 0.511312307402233656716816767585  | 0.247898761436538273006391364106 0.591655084685426158053189737984 0.772523227048670824146370250673 
0.962547906553994359057924157241 0.992198843691441623171556329908 0.521000599047493739846004245919 0.508209019050593457933473473531 0.442132452537334019737613743928 0.510707210154976665172910088586 0.524744868416485932272053105407 0.448778415342220071693191130180 0.493280474217780873225080995326 0.492683926733682442389294919849 0.547452507623456763319325091288 0.484009981766947872117157203320  | 0.760206143076922247203697224904 0.663772719321184534457813697372 0.034874675485555894915989938454 
0.978217515267249315691344691004 0.994449450159275216698517851910 0.551234708311706289585174545209 0.509264962698819823039286802668 0.464052250486186868005944461402 0.542326030870366238012536541646 0.502019009640259805671291815088 0.481694155216938757479994137611 0.476169843345809806756108173431 0.524235847627490980649156426807 0.529912134624094699475449488091 0.542831660452105513314791096491  | 0.618155699276492498484003590420 0.779466792929333962547389091924 0.174504994518632411404368554031 
0.991599291974232133206612616050 0.988498475168185342099036461150 0.433620748295574010011677046350 0.522369252743021705853720959567 0.551567574927247061822299656342 0.543453136484652321591681811697 0.530160880830790270934471664077 0.527093218204867985932082774525 0.543543843374012847213805343927 0.547718043623450556722787041508 0.553094437273341843486207380920 0.482735811626215705061326843861  | 0.699629469322746166959348101955 0.376769597244108189748601489555 0.636927850948747265036331555166 
0.984978879510387872464605152345 0.999208577119365948249196662800 0.393802681820751565577864994339 0.522455696859329132841764931072 0.533363158739836862309857679065 0.498972031824920392306665917204 0.448550393601850727609559044140 0.512544444610816829488442181173 0.532319247229267933363416887005 0.521690771051360413501640778122 0.491836054208539374954511913529 0.487841281260906978189950677915  | 0.114180478965631368448718774289 0.950372260764272502875371628761 0.344847261779196556652493654838 
0.990626996300850604093568563258 0.982315382925694868809785020858 0.504050768420212125242585443630 0.404001067132698010730962323578 0.559120767083242431461087562639 0.513042411182948576708895416232 0.542491655912133774464223279210 0.552158634576253137815626814699 0.593409362317210753445806403761 0.505098229890486027926499446039 0.497214026451762713953996808414 0.563200477241253105731288997049  | 0.813729272734500130859203181899 0.219751846109718429467250189191 0.592299289860751421166185082257 
0.997106342054808858499370671780 0.980758933990193981777849785431 0.534670361562980644976050825790 0.554017534001676636989941471256 0.418882002424398547368866729812 0.514507212875867647738914456568 0.451919786539993095786371668510 0.484624066082012694423042376002 0.378849985107920672611214740755 0.487939635414188832562842890184 0.524688460591521965703520891111 0.519312050763267030184522354830  | 0.386239710874528630046853550084 0.088435437271324551788964640764 0.949938013019067328812639061653 
