0.890567545158253426329508783965 0.958363454980341811229038739839 0.275243737033187052531957306201 0.143742989744056970380370330531 0.303903162360466105873513242841 0.109470749499103847668379785318  | 247.746208845864259728841716423631 30.442919191403117196159655577503 
0.681044548351937950592116521875 0.679084262728792964480817317963 0.357512101307506879876996208623 0.579206166229040086967927436490 0.773830052377188715162503740430 0.256117697869872040783434385958  | 224.036848298745610463811317458749 104.923788477355387271927611436695 
0.875727701335473507349149713264 0.348192925884662218827259039244 0.034004177643452204726770560228 0.724571360055958679780019338068 0.705748757474271792844433548453 0.630163651947846292777910548466  | 273.485099527282557119178818538785 38.809577357120311091875919373706 
0.850299564071793523289954919164 0.989408056860397899789916209556 0.965804349069761425283786593354 0.014878138480137192978247639985 0.223507742291181199512095645332 0.295525894664884325457876457222  | 167.140255161803224837058223783970 29.426063608755423928187155979685 
0.554697080092194649836301323376 0.973725751225497981877765596437 0.811890657417032368670106734498 0.116546019494278341177562197117 0.986218713152858139636691703345 0.226323126252240380829050536704  | 112.739306430550470849993871524930 90.505510383362434367882087826729 
0.575073149517934090191317864083 0.985083566862505533023863790731 0.211140416439288380878736006707 0.454798011414412117758843123738 0.822137948640419002899193401390 0.512235395739744081566868771915  | 118.899360208646271530597005039454 87.855833123394887707036104984581 
0.754435950612372785428760835202 0.714644827893527789797190052923 0.068008355286904409453541120456 0.363142869229625242510905991367 0.681040898653235915460868454829 0.260327303895692585555821096932  | 236.722110867260340683060348965228 77.051524489212141588723170571029 
0.690595256995229611618469789391 0.504700589856282300083023528714 0.879282669137258388047939661192 0.622743730036456333287731013115 0.964206668367276198416959687165 0.645939869376788378119158551272  | 194.640358829742154966879752464592 87.203973082729504540111520327628 
0.000038294657357273997888569284 0.635079863635685359923854775843 0.334756290953735824444947866141 0.623164971267386347264505275234 0.361281279850411141119082003570 0.450168950083704944020723814901  | 0.015133364117429323053576339930 395.166992858896492180065251886845 
0.905483978295747893305644993234 0.747223038541053430350302733132 0.820445725618774934773114182462 0.321605041103637967481176929141 0.791667766620722024306644470926 0.355034798886731062239618950116  | 266.524135842094722192996414378285 27.820261442252352424020500620827 
0.966399720458410160794926468952 0.611075907441888555027276197507 0.994369232077881637366090217256 0.898165267575804171507058981661 0.513502748481496129606682643498 0.565522440874642429164964596566  | 127.110137419453849361161701381207 4.419430241388766944510280154645 
0.371027111479191207266126184550 0.468910256747403830779319378053 0.411260447606995871439039547113 0.760364691688682481363059650903 0.059808888097483414725274997181 0.630125357290489018780021979182  | 126.864665805340578685900254640728 215.063624285276404179967357777059 
0.215219700436108163366100143321 0.654651765906662075344968343416 0.342639377802375078019281318120 0.653596858629726051859165636415 0.773338792207476255491371830431 0.788809402048772145832344904193  | 79.726718488270407192430866416544 290.716685748037946268595987930894 
0.649213101796446756530656330142 0.226502712684444551527462863305 0.991444931798257433896992552036 0.794940978390640373696385267976 0.194550946532136115330047232419 0.871288327365509318589431586588  | 104.490991784785080653819022700191 56.459228559885382026095612673089 
0.608673429059523929396391395130 0.374007659420616977996587593225 0.216771184361406743512645789451 0.556632743838607946251784142078 0.308635200158922873292510757892 0.946712954865101652401904175349  | 181.088035874952794301862013526261 116.424599356646382375402026809752 
0.383408839133181578162634650653 0.245734571146123959017870674870 0.656747907679908538014501573343 0.602778177540942761147846340464 0.621232010555752500735593457648 0.630201946605203566775799117750  | 117.302097909500204764299269299954 188.643112364470397324112127535045 
0.475375556559121448252369646070 0.850048823949620224738055185298 0.536643291334883310028658343072 0.969146871406730281428565376700 0.190867876159799942925587856735 0.857130467328016232286813647079  | 182.213798586786651867441833019257 201.091140156156711782386992126703 
0.350825192860910517467232239142 0.408577150951240808396391912538 0.343311359155478390547955314105 0.828223992876745973568120007258 0.166730333318275025789034771151 0.578880622718195625431292228313  | 101.370073122707594848179724067450 187.577457401125570868316572159529 
0.531476318875130915309057400009 0.530451854179646686837656943680 0.263812981780166988521330040385 0.012969840944715094188666171249 0.844954811755620371904740295577 0.971625959753549484076984299463  | 188.735736840921930479453294537961 166.380248835318383271442144177854 
0.720665149312286201777055794082 0.954327999761980017012774624163 0.391591054536938876218243876792 0.276933257020051670771465524012 0.883300801876292562830883525749 0.090146884315520980912594950496  | 153.452280373075637953661498613656 59.479176794669385230918123852462 
0.520978287529570982528070999251 0.932266965412520520750661034981 0.442113576200265590010474170413 0.569496815528882538437471794168 0.202678420769467182438461350102 0.279300164429578501312789740041  | 149.752706829306561076009529642761 137.692490818794141205216874368489 
0.806642549484867354969708230783 0.311340406751183684797013029311 0.514415384925629104451161310863 0.486866525311451026070130865264 0.194458169489280630060079602117 0.890766338492183895603204746294  | 59.024280144026562311410089023411 14.148502746883732328342375694774 
0.117736782921315841221598930133 0.696050858504797864689805919625 0.727631950018090445375662511651 0.781971137445925279507719096728 0.349596134776515743425306936842 0.899662367611959834512447287125  | 24.331020498740169699658508761786 182.325046492666643871416454203427 
0.888008279747237727619335601048 0.419679659658636960983812969062 0.825180129824467867294401912659 0.279699486818556275480318618065 0.425334398282630310461627232144 0.856566070549580671489309224853  | 250.097062755147135248989798128605 31.541147674979313819676463026553 
0.862430551603610595634563651402 0.313467605733603438267209639889 0.214634331479642948004027402931 0.033281362012060222710374546295 0.418553589786285318297132107546 0.350901782175625065463009377709  | 224.463666189921411842078668996692 35.805019529237995357107138261199 
0.668733007074254093282661415287 0.538708417198436539941042155988 0.022227906409254205577497032209 0.482280346095279255358434511436 0.996409706670519312865508254617 0.966364128835832336683608900785  | 180.205608308235184722434496507049 89.267569181007090151069860439748 
0.233088409939594676245633309009 0.712526292446442943706585992913 0.615679409137387945172292802454 0.046252855430820694060400910530 0.817134198541759282363727834309 0.679218255106235790918844941189  | 51.099764816890306917684938525781 168.129345846024733646117965690792 
0.111796659216493954325244430947 0.705271724355178819543255031022 0.984113494961610713041011422320 0.587635442662084783727038939105 0.988388741206039700415431070724 0.109195408149938888442420648062  | 10.630205196280030577327124774456 84.454972400079668659600429236889 
0.407197543578682763509846154193 0.739693668282337069008747221233 0.358309692524878653507869330497 0.858379667233766352474333416467 0.532399019700667497367874148040 0.421413877241266887629933535209  | 162.410447792769701891302247531712 236.438833972082449008667026646435 
0.982269870331134442587028843263 0.910039059003266315173164002772 0.959833230104986334652039658977 0.573087108858363225571963539551 0.236314291933634845754852449318 0.046211754489983825067156431032  | 364.527996564624459097103681415319 6.579789162059684670680326235015 
0.094116257038424411263122237870 0.695660997613795739624720226857 0.468162529494808410390760400333 0.669732326769691743706403030956 0.515239914383044839141234660929 0.880731554682833372993400189443  | 19.170534854905429966720475931652 184.519406268430600448482437059283 
0.005940123704821886896354499186 0.990779134149619045146550888603 0.743518455056479732334651089332 0.194335694783840495780680157623 0.361207393570476043009875866119 0.790466959462020946070026639063  | 1.362524870737221283079065869970 228.013989566360038452330627478659 
0.480810736168554964109489446855 0.679985991376299891975065747829 0.466870437299589213786532582162 0.421319819584789923005985201598 0.892935378581962813093753084104 0.435152193308313783859375689644  | 116.649599069719982935566804371774 125.960622156344385302872979082167 
0.880160681272476153047534808138 0.403428546730337123094045637117 0.254801101374656613351987743954 0.460194253153696997138411006745 0.182239297852650472542279658228 0.304690027685641240395852946676  | 202.598113849316234791331226006150 27.584985850631426274048862978816 
0.574616750035829682019539177418 0.843047419584640800316321929131 0.554065376914445795186736631877 0.812548019325587511652031480480 0.481169792287474473724273593689 0.085632574152998963690208711341  | 160.074738034487040749809239059687 118.501788014406827187485760077834 
0.227148286234772789349278809823 0.721747158296823898560035104310 0.872160954080908212837641713122 0.851917160646980198279720752907 0.455926804971283239353851968190 0.888751295644214844848818302125  | 75.104554260284160704941314179450 255.536523888369060841796454042196 
0.431810667840194062350178683118 0.238401287055589605756722448859 0.562793675376820790035026220721 0.694700064080121970633285855001 0.553236547897725916556055381079 0.229034726877462735394885839924  | 149.441209051855707912181969732046 196.639191877843927613866981118917 
0.003768996848345640415800517076 0.484892566907680455656759477279 0.898115439371181656369458323752 0.676140369381115879932053758239 0.227708992015026256972021201364 0.846797127205437205610394357791  | 0.922739137252978292025318296510 243.900797305342990739518427290022 
0.139222450746493642270706914132 0.355973682088820519986427370895 0.147285210779398823000008178497 0.091917316570888751847689945862 0.150681717780635882064643737976 0.819063468255211035717877621209  | 50.275006382097537027675571152940 310.837774728485840114444727078080 
0.372369098741600512703087133559 0.823500043532887526787078513735 0.616245368847828212111039647425 0.213805521798408504352551062766 0.626488618738829994292416358803 0.351507507042037814493085079448  | 94.458722600149556569704145658761 159.210883495971899037613184191287 
0.574129455864627824546175816067 0.752377847094029439389828439744 0.180724779679658942299624868610 0.499635630703718525147394302621 0.807970845672750126453820485040 0.561432232584558210675140799140  | 137.421146953143335167624172754586 101.934534155727405391189677175134 
0.477041739320209323693688929779 0.195093424468619436318306270550 0.568754997928407557417074258410 0.745179450203674043073931443359 0.665226386566936556121731882740 0.588355066102876578248981331853  | 129.256718105178265432186890393496 141.698016986494792490702820941806 
0.740938230525982510776827894006 0.047454864641516603107618266222 0.107515890595257790351979565457 0.368276936582808245290721060883 0.031557580072014590477635920251 0.485626559430430204677975325467  | 218.346739368620518462194013409317 76.342791246662997650673787575215 
0.202247651294229169316452043859 0.019547376051753273529243415396 0.937820008066617583075696984451 0.598742497527179007299480417714 0.854681173548644479431857234886 0.734125067110961149197123631893  | 65.839192090183161099048447795212 259.698294594399101242743199691176 
0.653018830370144964803102993756 0.969369311202794459170206664567 0.691436174401249270538016844512 0.352281529943261673132326450286 0.647955959298533112900031483150 0.327319063059656634173677502986  | 227.085570057887110806404962204397 120.661783458963512316586275119334 
0.236717243371574626031872412568 0.669646289127182048339648190449 0.817614225173146746961094777362 0.029473677513185414511553972261 0.964881481794849338307074049226 0.488096496351480224618057945918  | 66.255876227305691372748697176576 213.638715664776952962711220607162 
0.956314132206829037308182250854 0.377376676312422665304779911821 0.529838502788373411078737262869 0.644582789309101289454417837987 0.742082432584596052294045875897 0.644549475911208036293942313932  | 384.450379237630784245993709191680 17.562271511822842740002670325339 
0.119675074694740368741463498736 0.418153674022202936910730386444 0.548542713252219815700527760782 0.237236143022244272415832710976 0.416556650669674732867520106083 0.166044637885066070914774627454  | 38.943146307432009223248314810917 286.464181883218600432883249595761 
0.402999787538806053532880468993 0.132063869131638256249061669223 0.263963838904566538978713197139 0.565849562499875391452519579616 0.299169555679173360118738855817 0.299325198721451579686458899232  | 98.748098879450978415661666076630 146.284533724461311976483557373285 
0.337412212493053198514303403499 0.082731557966847391050180249294 0.363110554506512195338530091249 0.470161953190533110635840330360 0.843089363877900788146746435814 0.073335736233077986057082853222  | 118.549129492052770729060284793377 232.798940028381423417158657684922 
0.520727607113380286385506678926 0.817716748156196771013526358729 0.038916495140034146338336995541 0.100596660894572753619513605372 0.923143953982340503827686006844 0.943805590191668541955039017921  | 156.061582176560335710746585391462 143.637492819055097470481996424496 
0.621263155831242142035364395269 0.629301190619313666196887879778 0.558973177343037974651451804675 0.131040793560563972874888349907 0.615000929402339857610115814168 0.319581921545364133763200698013  | 179.333365143391063156741438433528 109.325898584304681548928783740848 
0.799247863755423115783571574866 0.887483506920115017280181746173 0.673856169162051044096983787313 0.032892935027303615846960838098 0.555511617869471119313118379068 0.434799868389509569510664732661  | 270.760063582440352547564543783665 68.008516054696244168553675990552 
0.315606617877091766288799590257 0.886637753235947068120026415272 0.328325619894737075199486753263 0.882119576752728562496486119926 0.804866595420632324753285047336 0.253983326826578648116594649764  | 72.759424612311676128229009918869 157.778911692938862643131869845092 
0.419000495215377855018346053839 0.630729793987147902001311194908 0.717017564278573993341581171990 0.106329723530844910683867965417 0.021075891603180796352035031305 0.866833340520238082582693550648  | 100.339781134924237449013162404299 139.134353814121141112991608679295 
0.327012941587515371111294371076 0.818403498969384690653328107146 0.398797709227809438203848912963 0.029581859906761431844302023819 0.422500511039231918530845177884 0.845301612155784920510370739066  | 84.247810873095318129344377666712 173.380558402158214903465704992414 
0.232191567774625351461281752563 0.744297504860151892813746599131 0.515649778224916199853566922684 0.681724525152773153102714331908 0.981756782280165163356855373422 0.850438020007974304625975037197  | 69.863306067924028752713638823479 231.023184933920703088006121106446 
0.516362034302858985412854053720 0.803738249236901181049574915960 0.381844262151837976482227077213 0.760982967079243066699234532280 0.045186228852594712002144206053 0.767870497514245631265339397942  | 160.909321991767995996269746683538 150.711810667630317084331181831658 
0.918411717277675343495957349660 0.452001763979699489048869054386 0.646092990227938201996948919259 0.363832229659688199951972364943 0.822013472274719991794711404509 0.206502395712839903474389302573  | 309.753119222153429745958419516683 27.517315589276293508191884029657 
0.193714665525864915274212307850 0.999313249186812080360198251583 0.640118785912224708134488082578 0.071014800987811321775211581553 0.500643442943108585296840828960 0.098503978035883621444668278855  | 35.754958489862374904078023973852 148.820424033709883815390639938414 
0.389071588056616790574082642706 0.885003685759161773383141280647 0.043323399118121774797884881991 0.449316268407790819772174017999 0.633244147122174694253260440746 0.469143901537389829137225660816  | 147.210966646197533691520220600069 231.153764074709641818117233924568 
0.282885829452564130370717521146 0.083745257683213836230606830213 0.292011907010213067614756710100 0.271909967948060549147726305819 0.510325389016876407310974173015 0.666929370875263938245325334719  | 53.597726464333057094791001873091 135.869969984281823371929931454360 
0.397194900599416422792842240597 0.434635989256247579071157360886 0.682232629666798873202537834004 0.518287347093040362544513754983 0.982853123145912332958573642827 0.047480931113738744642205347191  | 113.605419707702878895361209288239 172.413911195735693127062404528260 
0.419687246028565774658147802256 0.990611008074923193866823112330 0.646002763290762671566369590437 0.605686280587736325387027136458 0.922571913567297174907366752450 0.477761752463621292008610907942  | 91.038858212547410175830009393394 125.881858521243685800072853453457 
0.442009255828353597728153090429 0.775080099851262915855443225155 0.949481440820018618431674894964 0.396337712784586737591041583073 0.953356609501842089393619517068 0.562415782703220790139653217921  | 159.506824185613538702455116435885 201.360786802956283736421028152108 
0.148446310091411515230674922350 0.452285597849938825198989889032 0.243739810276855650705840616865 0.171399136135896745791740158893 0.314827411404901225111530038703 0.453243119408557881833132796601  | 57.469878788161594229677575640380 329.672642657957965184323256835341 
0.081726045046611406341696692834 0.121505619570102307847037081956 0.863556915058797613937713322230 0.778129843933330733740660889453 0.997705297738855967359938858863 0.430130461832904598118432204501  | 21.199721224787595019733998924494 238.200096944519430053333053365350 
0.498724471249109568837809547404 0.461390755904776295182045942056 0.000090226937175530430579328822 0.758145949071951874564945228485 0.899441558707422816887344652059 0.728740643249218611465778394631  | 134.653252936959177077369531616569 135.342026419807666570704896003008 
0.751705409697511317546059217420 0.224233149335549164504755026428 0.690637345092206089702813187614 0.674677088203224584184169998480 0.547286833441266495903221311892 0.536088195332662831305015060934  | 222.649596153176219104352639988065 73.543025691558327139318862464279 
0.240625277965205275343407720356 0.432718087909222948184151391615 0.799583588841266124092044265126 0.277917132271894073980433859106 0.318416735717273469141730402043 0.015900782128831947304092864215  | 45.263222071776965549361193552613 142.843457552805489285674411803484 
0.201159784405952724029020828311 0.962239638113111528383569748257 0.428454991951415453677043387870 0.493780124014729815407065416366 0.512620091278020439951035314152 0.236798909042359340126893130218  | 53.117725304467228397697908803821 210.939653069295673049055039882660 
0.898470429350306853955032693193 0.973245233351471283889111418830 0.682142402729623342771958505182 0.760141398021088487979568526498 0.083411564438489516071228990768 0.318740287864520133176426952559  | 230.621661388162266348444973118603 26.060866889287158443266889662482 
0.195454096693016610153392775828 0.299973662982717104164009924716 0.971325675087538087382199591957 0.058399447146469829483805824566 0.386483718234634343602351691516 0.237136474498416016665203187586  | 55.432177658940886999516806099564 228.174963848067619665016536600888 
0.009291167919130649544001698814 0.975496511009996791763398960029 0.671564308548124544451241035858 0.077920977067313268449311181030 0.937455827373010142089526652853 0.361255998297268066110632389609  | 3.307705397768363919652756521828 352.697635002737229115155059844255 
0.186206671978299986847105174093 0.023830605898523371521946501161 0.749959686262125835298775200499 0.658779044857876305840704844741 0.078028502362541884984636908484 0.554772690058251027878100103408  | 74.948125046921020953050174284726 327.551550451577043077122652903199 
0.108480811695140122452585274004 0.439363216840478965075078576774 0.103415517037709125958144795732 0.694718279494841217669431898685 0.678965009874335834183511906303 0.844095835849074882517584228481  | 26.616188277881871471208796720020 218.737693777134722949995193630457 
0.303270374556092958684416771575 0.161417092922059191018036017340 0.028764551849637443048379736865 0.699746501925482045081139403919 0.512957840472788473284992960544 0.491604168750802594800575207046  | 57.990060491845945023214881075546 133.225651154001241138757904991508 
0.742414241778380668002057518606 0.248736638325552372741356066399 0.019073036544081545251572151756 0.596756111135911315734858817450 0.609831006068256353813694659038 0.174832197035394765194382671325  | 158.899290669611417570195044390857 55.131208380330996021712053334340 
0.054418605986905288496302546264 0.408887482010699576662204890454 0.049623902579140288793269064627 0.619138087414017768139729014365 0.240388233354731584157093493559 0.461128092070580919425992760807  | 18.187504995692513887206587241963 316.027322191702921827527461573482 
0.092678972710812601576435554307 0.522876421272632563308491171483 0.325039474913706327718898592138 0.799061844519888597737633517681 0.833655081403684605767523407849 0.392703073193284457609308901738  | 17.355401910841990797962353099138 169.908239487043118742803926579654 
0.595200054794213895270615921618 0.811828140429412092871075401490 0.653377850879985899723578768317 0.060394896095606442898429122579 0.570453723965701042786236030224 0.827136119113717538375851745514  | 204.957776000379482184143853373826 139.393294449777243926291703246534 
0.946717458367464237412036709429 0.280900626438635558912437772960 0.374569563951626771647340774507 0.448568441078213475670111165527 0.211651521199239578407969020191 0.182717868511510728168900641322  | 222.997244667031878861962468363345 12.550587155539703942963569716085 
0.600403685908431072881796808360 0.925872608430856502970129895402 0.052426221134106776311512021493 0.837532743712581684292217687471 0.476327735302429222663533892046 0.268577025586455464534196835302  | 228.779996304396007644754718057811 152.263627633795096016910974867642 
0.663330250705667423538614002609 0.698791130984817043803047909023 0.950897841742237237561141682818 0.825123963454191700073181436892 0.685325429169257427375328006747 0.959572635264037132607484181790  | 193.475835111602407323516672477126 98.197633580316804113863327074796 
0.296652671265728029581509872514 0.785985365960493065351499808457 0.043020620942102683059715673153 0.124264555529140174883195868460 0.851828890760618295807660160790 0.000475451643625834918793771067  | 89.461902836248128778606769628823 212.109299791191602935214177705348 
0.356552916188628721272380062146 0.880516466483423632105598244380 0.654194987898010671401038962358 0.251178060847268569411028238392 0.301306319273548894877023940353 0.308886300239291866631674565724  | 90.827067958641592326785030309111 163.909505029001451248404919169843 
0.142010555869949595120260710246 0.322864029894695869771226170997 0.966646815409974768940060130262 0.759223367423329631442641129979 0.133503270765827131150160766992 0.906255171448939300660185836023  | 45.551019706914416929066646844149 275.206964992681605508551001548767 
0.391088355281237864957688543655 0.710096351025882532859156981431 0.098726060836903051232127381809 0.794014123959826068066547577473 0.555062804185474156781765486812 0.501555456806543786818508579017  | 49.411995588826371772483980748802 76.932844193716931613380438648164 
0.796026301445084571994925681793 0.736891055312139497956991363026 0.282018853971603644659182918986 0.674797288990748422854437649221 0.981826190643066309959863247059 0.392227621549658622690515130671  | 173.311075678166275793046224862337 44.409212412242347056690050521865 
0.238647138605585173998235859472 0.931311673945988460765477157111 0.999182862981975228322539805959 0.809216835248337873487400884187 0.269147404692152147909212089871 0.518249818874425671744177179789  | 48.839804430788703371035808231682 155.812992649283557966555235907435 
0.623853428472768367640810538433 0.314253811028660789972377642698 0.615346196528297140204699644528 0.315065170312386344519950398535 0.305396349750300277747783184168 0.791629513230272863211212097667  | 50.763885775987255044583434937522 30.607608647406994606399166514166 
0.890307334882548540022639826930 0.827146547593953451738002513594 0.258412097174280708244964444020 0.282469939527107527510452200659 0.974772278495885435845025313029 0.472550724141370892539271153510  | 274.310865608080575839267112314701 33.797194227535989341504318872467 
0.926439195393527925581622639584 0.416772277013213399143864990037 0.276100552751488814706704033597 0.843297772811125390113318189833 0.293097807619598804684812876076 0.720925496658451958609248322318  | 206.835764411305376597738359123468 16.423101836734549152652107295580 
0.365340997319739568816032715404 0.786802502978517837028960002499 0.233803785693764809572314788966 0.855117150836988026973983778589 0.333579071886192624063482981001 0.298865623308126382440264023899  | 103.609065190289499014397733844817 179.986441337582590449528652243316 
0.732699487715860353631569523714 0.566262655454762842133220601681 0.038848791369713531196339317830 0.936112890534882224891077839857 0.995909969523248617129240756185 0.517256787009019003420462468057  | 225.593504047408799806362367235124 82.300124690726178755539876874536 
0.251703220987401055097620883316 0.495717482300742418033223657403 0.708234718235694060695095686242 0.476753427896222103932188929321 0.158730992269941695305135453964 0.433704447307568408120914682513  | 57.955021236264940398541511967778 172.296387581287945067742839455605 
0.464649159887709939376065904071 0.293324074012669133715291991393 0.822625508085414236525423348212 0.950716351148700677953229387640 0.261964996565875352096952610736 0.780629960148091828209260256699  | 135.130706742240136009058915078640 155.692388202979770994716091081500 
0.430685304125345003178892966389 0.950088552333621660928031360527 0.048215068277838835086868130020 0.819680138153760395880453870632 0.648247118756873685896380266058 0.093361998241532240250251106772  | 160.462921581801197135064285248518 212.112878067728217956755543127656 
0.505947650889724820366666335758 0.365049018491225618632256555429 0.960334071612261697126200488128 0.873103944713455648596323044330 0.273237435168903530779971333686 0.000993031865406668323714711732  | 159.192976458356525881754350848496 155.450200910706627155377645976841 
0.128135946172025949607586881029 0.606019092792966729277281956456 0.138592768632075036272510715207 0.156334178042444649214814944571 0.871691902442731869626868501655 0.326980353342562923835146193596  | 41.740171473303959714939992409199 284.008946711429757669975515455008 
0.000000000000000000000000000000 0.500000000593266658022173487552 0.500000000667790267527834657812 0.500000001533854376845056322054 0.500000002624295225572836898209 0.499999999754250412653533430785  | 0.000000000000000000000000000000 0.500000000000976996261670137756 
1.000000000000000000000000000000 0.500000000593266658022173487552 0.500000000667790267527834657812 0.500000001533854376845056322054 0.500000002624295225572836898209 0.499999999754250412653533430785  | 0.500000000000976996261670137756 0.000000000000000000000000000000 
1.000000000000000000000000000000 0.500000000593266658022173487552 0.500000000667790267527834657812 0.500000001533854376845056322054 0.500000002624295225572836898209 0.499999999754250412653533430785  | 0.500000000000976996261670137756 0.000000000000000000000000000000 
0.714308983187301071993147161265 0.500003880028905722809895451064 0.500013382477773826728650874429 0.499983102691999969913183576864 0.500010040036704017651914000453 0.499991985570585939502308292504  | 0.357199965467910662830774981558 0.142863695882191943375971732166 
0.695183428132768121976425845787 0.499970432036320633351067499461 0.500027325439613368196489773254 0.500028149067316407538896783080 0.500013747192339819136464029725 0.500037186891313045755680377624  | 0.347865282011360299474489465865 0.152528237071381689293758654458 
0.556587803842639394780178463407 0.500000963944168819175217777229 0.499998064228172167666741643188 0.499985408654180452092674613596 0.500019203926328370535259182361 0.500000050515655214411481210846  | 0.278326129698874602524938381976 0.221731772715322072997423674678 
0.070796007571268679270382051527 0.500008906628163218854865590401 0.499999351842979222748653000963 0.500003725985543989729364966479 0.500008385587078829637164290034 0.500002958728744451022407702112  | 0.035399211123904476827828347041 0.464617842638186895332097492428 
0.038057178958320329875686383048 0.500014547226779737520985236188 0.499998738656721619655343147315 0.499992743537283512722524392302 0.499987904655655457375473815773 0.499994440536584094925132149001  | 0.019030254549460730306709166371 0.481013497256273181434949037794 
0.579020714604247643819689983502 0.499998728130255032375828250224 0.500023970434061326706398631359 0.499985719952297236190474905015 0.499974339470958317743765064733 0.499958191957637076985321300526  | 0.289692548242374670053322915919 0.210622105336772946770906855818 
0.891194386138718486201071300457 0.499993081110079728990314151815 0.500007011995811434523773186811 0.499997162920584936607326653757 0.499994398813467355591200202980 0.499989569690135748913917268510  | 0.445618775785896426011589710470 0.054405441957025735266739729923 
0.876006781713246862608457377064 0.499890978430010346489353878496 0.500007658763113926880805593100 0.499997706072716041614256710091 0.499992592310533667809835378648 0.499982797308065440855529004693  | 0.439067400966307141985112139082 0.062147213043418643441118121018 
0.613246404711968895462348427827 0.499979203116751702573594684509 0.500003230574052048851285690034 0.499976183498600734722572269675 0.499988509517394708048243501253 0.499994118770881068591904750065  | 0.306694463802808348074080413426 0.193421739808458420517567333263 
0.603363273917462028528291284601 0.499951221945386048428616732053 0.500023893699319987860008041025 0.500023779072494400921300439222 0.499986114123493419203470011780 0.500026250923431669903607144079  | 0.301943643501137781726129105664 0.198490599936825606874890581821 
0.942521593220856046535516270524 0.500025001831628901349802163168 0.500007039131960207001270646288 0.500019758801424574201632822223 0.500004277845480959996393721667 0.500015682313656117941036427510  | 0.471384513621650791392880819330 0.028746748104459898115470295465 
0.590468486838924611070922310319 0.499890978430010346489353878496 0.500032269381446514699973704410 0.500012390662181505085470689664 0.499978534213308289935184802744 0.500036034726830558305721297074  | 0.296099497872789219066191890306 0.205365871528987081751083110248 
0.201003497379292184188415149038 0.500003338303113498142238313449 0.500006787010991549102811859484 0.500002129654621874088604727149 0.499998638571414522058233842472 0.499991855406066221245708902643  | 0.100504327601337803410608273680 0.399508502581844726631032926889 
0.901082578213610596584715040080 0.499993411388472974721253194730 0.499995343971119166059935423618 0.500013453841531840815548548562 0.499984598313663319846256172241 0.499993449369726727926632747767  | 0.450588111015428893768586249280 0.049463850824424247798472009663 
0.954943205434859887503762365668 0.499986053786069084559073871787 0.500004112756494367708626214153 0.500015476133817249326796172681 0.499993591378828816651491706580 0.500009909578678302111143239017  | 0.477527256019866119807204540848 0.022531023155397327667470719348 
0.818512534477917386155354506627 0.499982690971991161621446053687 0.499996287026229779826280719135 0.499978563635339490200948375787 0.500007750733074241011877347773 0.500015554526056393846999981179  | 0.409343147786433658730231854861 0.090762996644855209460445166769 
0.010068226839430760577442924841 0.499999131730173684839968473170 0.500024844056064732278343853977 0.499993766135345074630436101870 0.499983693286812358458348626300 0.500017203463636539240155798325  | 0.005035325058198102804452034320 0.495085017729270437936150983660 
0.097045410533553533305450855551 0.499988724284678665021885990427 0.500010660995011679830213324749 0.500000198517114080587475655193 0.499980537700224381136848705864 0.500014079862561411360388774483  | 0.048530542711663418598000419024 0.451550217881172055722771574438 
0.471725567518027577573747066708 0.499985590736546914314430978266 0.500006760643862180337748668535 0.499999174747038199750903686436 0.500034715802490925540269017802 0.499991312872318793836257100338  | 0.235934270127517053960986004313 0.264217272153473514695321000545 
0.453850618028730723452213169367 0.499992202470848468021102917191 0.500007256060104765538198989816 0.500008645066690737834846913756 0.500010459700057641185821921681 0.500006922967978106875364119333  | 0.226940793905379273320832567151 0.273093325010402232511097508905 
0.506156646715290481353122231667 0.499992078122336425227700829055 0.499994359230702789531619600893 0.500004696971181328279953959282 0.499996151884171180501681419628 0.499999201472167920101696836355  | 0.253084924923788978645688985125 0.246928117611929121011371535133 
0.272192097443782032861747666175 0.500016644850232117036625822948 0.500000627399117880678147685103 0.500025772730626205664350436564 0.499985325797987378848574735457 0.499996984638140462564592780836  | 0.136127391106345946303335381344 0.363987756926052008488170486089 
0.055156067037853258316904003777 0.500006021568277114752731904446 0.500001883156221849091593867342 0.499986968704231315996366902255 0.499990774655096503753526349101 0.500028449786105166907645980245  | 0.027584047031450058262702640377 0.472524980186159571093895692684 
0.775397942734205147807813318650 0.500019698537454537756730132969 0.499991616163864727173660185144 0.499998301211427520485131026362 0.500004902196861999996713166183 0.499997366020345390680290620367  | 0.387736656065843454666008938148 0.112311944396788668254494325538 
0.434786719611240712879407510627 0.499988463777329250614656075413 0.500004297362637628587833660276 0.500012881367813744049044544226 0.500003876589585671830207047606 0.499994721740952219324327643335  | 0.217408831711587674506702683175 0.282626753335676772493911812489 
0.105792996450131321362064795721 0.499987940635991945370619760070 0.500005308477082133222779702919 0.500001567022054449473955628491 0.499997163613839890050627445817 0.499998695503305889964451580454  | 0.052898439320847485956011979624 0.447119908734760707069710861106 
0.521510541154371010108548034623 0.499986126044610734719952915839 0.500004705525718184944139466097 0.499998244669328961720111692557 0.500003710763396336247410545184 0.500004218602267069826439183089  | 0.260768107576916319256810083971 0.239256507457139167005522040199 
0.401622948616990105286106427229 0.500000565231146998357303345983 0.500009606258478012108525945223 0.500019835293220360483701369958 0.499979847289859224979124974197 0.500019545289918210251300934033  | 0.200862006938057557903221095330 0.299263814133015504381774007925 
0.659024304830544083166898872150 0.500024453492832976486681673123 0.499991434583594351881430384310 0.500006720148691297112009124248 0.500015823854000451831325335661 0.499988983311560941658058254689  | 0.329582972180634814485244987736 0.170524489357344405382477248168 
0.496370811985498594509635950089 0.499986798835738710522491601296 0.500003230574052048851285690034 0.499976183498600734722572269675 0.499988509517394708048243501253 0.500020494746016730402971006697  | 0.248249321038437859021641429536 0.251879443675653402756609011703 
0.832834751327647171414980675763 0.500028737750957907870485996682 0.499998052255772706953251827144 0.500013331439583263993142736581 0.500003621526372010741567919467 0.500014642490856919820885195804  | 0.416518932532417340830477314739 0.083603008667120573549347284370 
0.129483909382998835235767387530 0.499987070702399172272833993702 0.500016576504902388045081806922 0.500003468697505670803593602614 0.500010812087488765165232962318 0.500012211207174983584877736575  | 0.064751160550452782627139924898 0.435319935997351803447230622623 
0.535427412902687693829761883535 0.499993629859016019967299371274 0.500012135039392124902235536865 0.499999941959038851635455102951 0.500009926380457714323313211935 0.500003007644461039404859548085  | 0.267729325712288301897245901273 0.232299845862733944645839301302 
0.236738355065723105052910568702 0.499993629859016019967299371274 0.500012963063383497619440731796 0.500000419754965896856901963474 0.500008136662259072835468032281 0.500003007644461039404859548085  | 0.118375817694861232287628638460 0.381652230831529104548849318235 
0.211928158569888114293178205116 0.500000304799769756947114274226 0.499995397347246128827435995845 0.499996716839056498660198712969 0.499994419855956495624127455812 0.500004426404063839761704457487  | 0.105965811784965252551060643782 0.394042363155226227355854007328 
0.441201488700571853307508263242 0.500007742124939813521677933750 0.500018963971340490992645300139 0.500013050359056410165692341252 0.499997505277253340150167559841 0.500033134252313105072573762300  | 0.220674546091204043518629873688 0.279492728369123533127549308119 
0.626575606441253318834583296848 0.499989438107554140522381658229 0.500036565135176358509738747671 0.499992823661605800822371747927 0.500001736090487813868321609334 0.499963337079835257181770202806  | 0.313463967574819202255298478121 0.186817186610536173363428247285 
0.051196836399893710933817203568 0.500011798804012030927879095543 0.499998515389333042513442251220 0.499997939056421369929950060396 0.499998053504278283654116421530 0.499997171900456782722699244914  | 0.025599214187685317284381980585 0.474416333408502977064813421748 
0.026146943647118277981311607050 0.500021869167824761781560027885 0.499983771360869744260213565212 0.499989394644077433937923160556 0.500001736090487813868321609334 0.500011095178811815209485303058  | 0.013076002659905933481199191704 0.487020790157677352372189716334 
0.283159281428664477697765278208 0.500010119456292922990314764320 0.500008310012993950621762451192 0.499997458397108962557808808924 0.499991366862696184902858931309 0.500010954469992996429539289238  | 0.141590054761883354927931577549 0.358446723292851654463220256730 
0.315702701679651365207490698594 0.500015767918588704965543456638 0.500004202048488166632012053014 0.500014213484314740121305931098 0.500000220611880208387844959361 0.499995568054740879837538614083  | 0.157866563893010319885590320155 0.342181624016385743658474893891 
0.932453406843440357754104752530 0.499998972409272046668604616571 0.499984172624212075408678401800 0.499988834801858017531372979647 0.500010344584049581939666495600 0.499985635307212017419686844732  | 0.466290197081985324789599189899 0.033777896036447353778076063691 
0.766576392989347321638149423961 0.500024670181927644030395185837 0.500002047490989309785902605654 0.499982819980475001742092899804 0.499983037165622423714239630499 0.499973664300051467979102426398  | 0.383431207381518424082145202192 0.116755350524715917348572702394 
0.867399310753086960623647883040 0.499993629859016019967299371274 0.500012963063383497619440731796 0.500000419754965896856901963474 0.500008136662259072835468032281 0.500003007644461039404859548085  | 0.433723984649002136659845518807 0.066304063877388241809995861331 
0.172108634955284028889010983221 0.499995856204356825536194719461 0.500017082400707524314498186868 0.499994940808533072651442807910 0.500001068751540267420807595045 0.499989310472305159560590936962  | 0.086061964961064676971069786759 0.413982469087376014904577914422 
0.021113710416924624108103714093 0.500012284005717400070523126487 0.499989472804419521345664634282 0.499992802070596598085217010521 0.499987653685972532890957609197 0.499980128453505423546943120527  | 0.010558649966859819449571666894 0.489526354438432620419519025745 
0.244061486109129810451179309894 0.500023929903415487174811460136 0.500002096800412743071717613930 0.500004684063531379401013055030 0.500013577830334621232566405524 0.500070036554922547900048357405  | 0.122167835202057400989517077505 0.378393876314487231926619870137 
0.811707857422117484702539513819 0.499992532654851051798772232360 0.499995397347246128827435995845 0.500012881367813744049044544226 0.500012427153385341505043015786 0.499988761274521353872302142918  | 0.405895898262042975623842266941 0.094155806979689588009918566058 
0.411060368659386887735252003040 0.499990890524195319422062766535 0.499991434583594351881430384310 0.499982043201779191576861194335 0.499984496856482774074237340756 0.499988983311560941658058254689  | 0.205564301135946925214170732943 0.294518695934202989761274693592 
0.137697648206256073599718092737 0.499999131730173684839968473170 0.500001491275332110575391197926 0.499993766135345074630436101870 0.499981047103414455445857811355 0.500017203463636539240155798325  | 0.068858301419706793855546322902 0.431210525584256043618580633847 
0.542072932627746140177293909801 0.499944573400552205733049504488 0.500012923331502934232162260741 0.499991781949070013268965340103 0.500007289516533059980929465382 0.499987890142489010969484297675  | 0.271224157449052927226773590519 0.229122089566583891917517235015 
0.913110925609054713270040792850 0.499984848545369287009521030996 0.500009999274108829503404649586 0.499969235029319281071735758815 0.500009080456795040880990654841 0.500023947396017631739084663423  | 0.456729660765611111816753009407 0.043461113384821448146766442733 
0.189892882162314480254394766234 0.500001691548811133536389661458 0.500008276558807085443447704165 0.499980989184300506078528769649 0.499974027456263347968246080200 0.500008819144646232679463082604  | 0.094968663544211268101591372215 0.405148362764521208223555959194 
0.252701059266952909876380317655 0.499988724284678665021885990427 0.500010660995011679830213324749 0.499995609482546343738107452737 0.499980537700224381136848705864 0.500014079862561411360388774483  | 0.126371417951964271075837586977 0.373711242241658969653883559658 
0.630385331918884128654667620140 0.500008310007823308929175709636 0.500012147422396746598849404108 0.499997162920584936607326653757 0.500012036973741968992612783040 0.499989569690135748913917268510  | 0.315222442019167436999538267628 0.184824792677164617682450398206 
0.973849765442763692924188489997 0.499987333887996265868736145421 0.500015503466694433143402420683 0.499998888203545210906497686665 0.500010459677399654587759414426 0.499972394576209122618593028164  | 0.487047346183294482813153081224 0.013078405720395669745159672459 
0.685298009588085621501818422985 0.500000093913435694759073157911 0.499995277894460798950859725664 0.499985097931830990702906092338 0.500010804977961464956592863018 0.499987617808370143901441906564  | 0.342683817522616784856381855207 0.157366981878646478021366306166 
0.373683122978956172577369443388 0.499980313158055744704455491956 0.499986610207993120713609869199 0.499988109454296947298246323044 0.500012918577602993863706615230 0.500023930446377939951219104842  | 0.186894984884796361290781874231 0.313247979546918908777541901145 
0.115887067597696735710144366749 0.500005710634626954202985871234 0.499981718530748353579440390604 0.500002189382587114430123165221 0.500001951113746012644867278141 0.499984145229436516277843338685  | 0.057950706485607211826405205102 0.442111187277929418293354046909 
0.226477847029669665523954336095 0.500000969090585334342335954716 0.500017882640119926129784744262 0.499996300808002280824382523861 0.499983786246090022853394430058 0.500011915198411260874422623601  | 0.113255456387821668018389686949 0.386817543568702404410686312985 
0.672558756706163718419588803954 0.499996058880343430264048265599 0.499965066219857701135254046676 0.499988521533812513286676448843 0.500018048562282824143210291368 0.500019359852439393421263957862  | 0.336416733418264446431322767239 0.163787494188339433076606610484 
0.366293229716997681411072562696 0.499999415847809935975476491876 0.499989757305787207997127552517 0.500002853122999413315596939356 0.499995605215763805340145609080 0.499998726637496393454540566381  | 0.183151473572201128892089627698 0.316861790974637624884735487285 
0.725286575903665631237515754037 0.499997217284353423494280832529 0.500010880622488884661436259194 0.499997877894251097075084544485 0.500004017514503296126804343658 0.499989945167988947272164068636  | 0.362661040545131374557286108029 0.137363436115389259128960475209 
0.984136972405044718748001741915 0.500024257625539703120409740222 0.499995522514421641968596077277 0.500003854703884309529371421377 0.500002087859799382307812720683 0.500034369558040814318644606828  | 0.492244280671575051844257586708 0.007934347379175936756934284233 
0.524728083341874484979427961662 0.499975901131455346959597818568 0.500006872729769180629944003158 0.500002637507390268467588612111 0.500011587346198771442118413688 0.500015412657918600913831141952  | 0.262416206906874227566817125989 0.237683206937349178478058320252 
0.996349401095835474073680870788 0.500028113456450706841849296325 0.499996583528922899919422206949 0.500013224614541118562272004056 0.499980935013848604153707810838 0.500016942373256556564342645288  | 0.498334817792091822052924499076 0.001825886117598874737455449946 
0.741559726118779849457496311516 0.500001830960749682475352528854 0.500004312159747055233083301573 0.499989842570934039933661097166 0.499996921270041139173656574712 0.500016760136842153272596078750  | 0.370810288590303349653964914978 0.129230740513411157532885908950 
0.178040293756529105495545195481 0.499993624725634133731944075407 0.499997506625536769497841760312 0.500026177197405163887822254765 0.500005296137028265590629416693 0.500001587266992508773455483606  | 0.089033555296162816827809649567 0.411041755846137391028349838962 
0.422179283992314635653997356712 0.499999205333394702854832303274 0.500015526642750951502591760800 0.499987159223974186872396785475 0.500009857727459428033967014926 0.500003778866408343795058044634  | 0.211111238668309858512728283131 0.288939916546953945442055555759 
0.120279936133644863027747362594 0.499987940635991945370619760070 0.500002949566818566395909329003 0.500001567022054449473955628491 0.499997163613839890050627445817 0.499998695503305889964451580454  | 0.060141943602735094265288040560 0.439874480881482010641292390574 
0.392846524063399593629242190218 0.499977126553946216169777017058 0.499999877241629087087915195298 0.499983744473745050918012111651 0.500025359224920751266552088055 0.500012514523786477660394211853  | 0.196484831015099059570161443844 0.303671894269784248265864334826 
0.349544040805592648446520342986 0.500020737508038326524228978087 0.500008367701096467783372645499 0.499989848345317011713007104845 0.500011164622206516483515770233 0.500050486336007238286072151823  | 0.174885117051260502440968025439 0.325438437738011621114253557607 
0.081575339879663574804702363963 0.499993122465032246992677755770 0.500020141210262836217737003608 0.500013453841531840815548548562 0.500002179797469525901476572471 0.500036038205159405478639200737  | 0.040803276792723511268157210452 0.459388041477169661863655392153 
0.641433214804787321661194710032 0.499999205333394702854832303274 0.500001439274870618234558605764 0.499987159223974186872396785475 0.500001484938725870854625554784 0.500003778866408343795058044634  | 0.320728266426179575709909386205 0.179289910094020510378243216110 
0.325296221319166467544903298403 0.500002500846794317723720268987 0.499997671326406600833536231221 0.500002982828239850299212321261 0.500003978088393474799033810996 0.500007776927204106165447683452  | 0.162651222611400331219400072769 0.337358343905556079533880620147 
0.308752540964488064734183581095 0.499960347242780711596310538880 0.500059209701871898445801889466 0.500003032839544170329304506595 0.499995028675705110998706004466 0.499952149397281497833489538607  | 0.154601934672482815846805692672 0.346128955475121624640877371348 
0.734950022889315546237298804044 0.499967273696349523426363248291 0.500007919191498895195024942950 0.499998397549746731449715753115 0.499984180882882045526827141657 0.500005706220032819508958255028  | 0.367578000178679364928768791287 0.132562130076187112415198043891 
0.085626016441846808380233824209 0.500003047642800568794996252109 0.500012759749206447956737520144 0.499991321463123916668536139696 0.499986607418775097499974435777 0.500016795539318881225199220353  | 0.042819001860252774160908728618 0.457250996016308974834174705393 
0.643474008488332582800239833887 0.499975757413766930259413356907 0.500010954335536883519353068550 0.500025772730626205664350436564 0.500008863259702507342296939896 0.499996550808915141139721072250  | 0.321829925135453442930355549834 0.178314479906648337692587347192 
0.345662802337041275002604834299 0.500010457301397370777351625293 0.500007658763113926880805593100 0.499988698466742820247787904009 0.499989758087846292156086747127 0.499982797308065440855529004693  | 0.172855176933213061651883890590 0.327213606182967464697242121474 
0.452003376711488380479408988322 0.499995080740136765840020416363 0.500002069709853835810520195082 0.499998997470650963226290741659 0.499987387122012516549318661419 0.500001759614052465607869635278  | 0.226010243214078504481179265895 0.274008683322259694037370536535 
0.484246343700115655650506596430 0.500005897225690221219451814250 0.500001348320653349333042569924 0.499999566222088465128337020360 0.499976505890015021638106418322 0.500021325328717680669399214821  | 0.242173070565415204935533211028 0.257929973507103948993091080411 
0.150974220393079866520125165152 0.500007283929593926430356987112 0.499994667452630658921464146260 0.499988346519537996126558709875 0.499980177430750738487574835744 0.499962573371432295044058946587  | 0.075517090122050725686797534308 0.424681486333139679434367508293 
0.680646071785064088466299381253 0.499976270963137070513226944968 0.500000000667790267527834657812 0.500000001533854376845056322054 0.500000002624295225572836898209 0.499999999754250412653533430785  | 0.340360880255330899846200054526 0.159694720392887956617045119856 
0.185958651999656637832103456276 0.500011697078787897829954545159 0.500003629678353322951522841322 0.499972900502424488777819533425 0.499979087622127782442049692690 0.500031147563450906190496425552  | 0.093021411000864751006389496979 0.407204902755359421373526629395 
0.964103900000187863383871444967 0.500017635455324294113665928307 0.499993991534358694917017373882 0.500004979959006501388785181916 0.499999410176288683338441387605 0.500001208511992256688927227515  | 0.482087528617574367917342215151 0.017949374684528680845563286539 
0.581147679913492920533713004261 0.500024090962421730033327094134 0.500007256060104765538198989816 0.500008645066690737834846913756 0.499997347210488773949776941663 0.499999354184937239153896371135  | 0.290614883384627764595364851630 0.209455741396817496369209266049 
0.839711721136027766654308379657 0.500000118676921068150420524034 0.500048450736232941160608334030 0.499999849449882793894772703425 0.499998045797890533492591202958 0.499967548922490068186164080544  | 0.420138147303521003461668215095 0.080198023704221063634456356795 
0.790778441042787716419582011440 0.499993411388472974721253194730 0.499995343971119166059935423618 0.500013453841531840815548548562 0.500002179797469525901476572471 0.499993449369726727926632747767  | 0.395412158864359208898520137154 0.104616848429940692555284442733 
0.654107286560583034429328108672 0.500016400351070755547766566451 0.500050895083001822882806663984 0.500006610738367385238234419376 0.500009468018156377766558762232 0.500005395308142142063445589883  | 0.327248818568110666493709004499 0.173049565644738306824379492355 
0.161719273813520469929017053801 0.499985332162229678676368394008 0.500031389101595391544208268897 0.499982212941540826722786050595 0.499985524122847080352727289210 0.500024734902146827941749052115  | 0.080896975411684182710736479294 0.419333909281546679537200361665 
0.785621908529301693491220248688 0.500000619829105930058688045392 0.499997671326406600833536231221 0.499999790214036565760835628680 0.499985204924157988770616611873 0.500031390248888873983901248721  | 0.392904829683820622232559571785 0.107214662171167873783161894607 
0.328932884113242396395548894361 0.499946791268222334725379596421 0.500005932549524856334244304890 0.500007177336128871836251619243 0.500011575977127864511828647665 0.500032254119296415417750267807  | 0.164599360296468238962219743371 0.335804728945643782278551725540 
0.797696696295255969211268620711 0.500019698537454537756730132969 0.499991616163864727173660185144 0.500000971806541905095855327090 0.500010940271568116166633899411 0.499997366020345390680290620367  | 0.398894498570204703025154913121 0.101163356028906775696540876197 
0.802732974449715919185166512761 0.499994828598378571182792029504 0.499999877241629087087915195298 0.499976475943729570250440019663 0.499996805124698184830123182110 0.500000610406147738551396741968  | 0.401413311606497014150107816022 0.098645019598435926266866147216 
0.218745975928181984881959465383 0.500017843406913575776684410812 0.500004125749307637427421013854 0.499996969639958932507539657308 0.500007217390200153772639168892 0.500089349068105648576931798743  | 0.109553996699752784205195155209 0.391273487028319155722755340321 
0.481704908138324339184066502639 0.500008906628163218854865590401 0.500001514771985178242630354362 0.500003725985543989729364966479 0.500008385587078829637164290034 0.500002958728744451022407702112  | 0.240860758109888967171130502720 0.259156480744410611105621455863 
