0.841860253695095206438736568089 0.051728945709421547682893560705 0.355583934187348793543037572817 0.168200820695162733819927325385 0.623086386304276818037806151551 0.018518459704679246513592261181 0.778628281868489202643957014516 0.442247692414229010005044528953 0.624462485629987629209836086375 0.581349509262326091807437933312 0.487811002860795928093295970029 0.643022569852496617137660450680  | 0.314701407451057735276123139556 0.193024239709226191896718205498 1.455512523393455381892636069097 
0.287768964237659519156409260177 0.123087974277937162170815099671 0.127031367192062316640033259318 0.007510094641249298597074357531 0.137213079019199990504773722932 0.040367608965182100178026303183 0.101899984142507782358677559387 0.744000072020206348888393677043 0.571075065809065418598322594335 0.414470002857210140234656137181 0.516740355314971200328955092118 0.232262040890393706149552599527  | 1.612654146038437819044020216097 0.850761015352501925868011767307 0.885319020643345666599088872317 
0.148880516452565170304467301321 0.157266222076928752215962958871 0.611040164531628016142406067956 0.052155683835427013583796451712 0.146967550740282115739887558448 0.953703850738301883716019347048 0.864394287984007414493703436165 0.725151283743015406813015033549 0.561265809052319264438324353250 0.545681857929736224832595326006 0.123631671913451590683052927488 0.286045139704993234275320901361  | 1.614032499123877473223842571315 0.940091008428869945312555955752 0.444959213586077539925867085913 
0.752598644727522581021617043007 0.455261174001077018047567435133 0.254062734384124633280066518637 0.498389476476648995983964596235 0.154406044526411601047755084437 0.080735217930364200356052606367 0.451647607679413476411411920708 0.927863354776952031777170759597 0.370510381486479856150140221871 0.263321964236464256536862649227 0.969849978925881206492931596586 0.465937123736857028433178129490  | 0.507351152497437563049231812329 0.475881636176488431733133666057 1.698924747747068364489564373798 
0.860378713399774452952328829269 0.187286201958642206655270001647 0.013463945616189354481662121543 0.727487811633983239012479771191 0.760770479308833347253937517962 0.548865030823772803714177825896 0.116708969952079799625721534539 0.490463136657102283244569207454 0.809902076257612568710442246811 0.044569148781711143136874397896 0.337041246599283583762485250190 0.265919814977156665491975218174  | 0.349813927666390189763490070618 0.216400917518042079645823605460 1.845377354048517881679458696453 
0.323367107867412184596389579383 0.188184958030104376724978010316 0.126073009153338633225871490140 0.426943464735914490759682848875 0.407075784930431727737243363663 0.191374962173083140726248529973 0.359905609460707487379238500580 0.752577592791457306020674877800 0.863709402955598060103170610091 0.037660115715368092104142760945 0.671275955282342962071595593443 0.179988895565407647225697473914  | 1.334894140878206236777714366326 0.848428616148574676891769286158 0.880472592088915595454068352410 
0.914613782183865575703407557739 0.730536126404016994406731555500 0.843587254175082179585842823144 0.653699523548376792980718619219 0.967875324491198396614777266223 0.989561145230558603103077075502 0.032171546500485370678745766782 0.666803085419826468971393751417 0.801138088274015447431963821145 0.007586535053715870446922053816 0.809926304140998531977402308257 0.687784035761145218224044128874  | 0.169372450559250847801351369526 0.258550527481650693761849879593 2.290652991337533972426854234072 
0.541027180116595229897313856782 0.536966325712911030088037023233 0.435192799898980631212452863110 0.118738393193821734072912477131 0.716555886983019862945809563826 0.094670177531910093549072371388 0.392693035266815093642378542427 0.702683581209619712026892557333 0.390353331428526573176895908546 0.460729360761280903879821835289 0.483130089244068638976159490994 0.900746322364956553130355132453  | 0.725019100785732062419697285804 0.756878755920580292837485103519 1.192712489659750518811165420630 
0.537033825495547900708004362968 0.197327228372935037370439204096 0.526923127311397676564297398727 0.609622440688087463556144030008 0.001974654434682809878154330363 0.476375978506298425330101053987 0.828207166899289082273583062488 0.520483116538815737683876250230 0.212325857342173907049698300398 0.719901276580267368565557717375 0.950844175167834815276535209705 0.861080995062627585490133697022  | 1.027154849898867183810580172576 0.657164137485121924164843676408 1.370203455941367609582925979339 
0.579742644239168769537684511306 0.055270336758121652032116344344 0.691163683063790834637529769680 0.328013261798691280191064834071 0.242371069067373490213412878802 0.873226779710341571849596675747 0.620683526657792472569497022050 0.797831626601577803548082101770 0.665343648392057729346049654851 0.943813375491845851783523357881 0.506329462565475174606888231210 0.654341136677535240018244167004  | 0.865225321078346265579739338136 0.492162511358989585019685364387 1.282202735777006497031038634304 
0.162578381087772450008799296484 0.225654465480059629456377479073 0.254086962267510596547026580083 0.035685461280685282225988430582 0.194899976776044536741494539456 0.351781728666118564952114411426 0.394130665645049838019531307509 0.518210269061843087357033255103 0.123685977594814811020285105769 0.702855348380541977704183409514 0.106794329428570811124643569201 0.287887429687318729953915408259  | 1.429468872185966077381635841448 0.969326227415806873644044117100 0.450915365754424091182528400168 
0.452428902261316601141061255476 0.611532748661704816939277407073 0.109974405210224612794434051466 0.679573273255024590255857219745 0.567555235073625041763989429455 0.814557256050803646374447453127 0.920343653458802757327816834731 0.739134699111333226539954921464 0.769849151506922901866403208260 0.174925017701975882289389119251 0.210226424417544688338921332615 0.440329040854374853530828204384  | 0.881378465005412836674736354325 1.029163822196031752298495121067 1.166243459266413928787642362295 
0.230114654179042643633579245943 0.477029115729560082570515078260 0.136266369161015976629869328463 0.425043899480595621653833404707 0.288230112468024102234664951538 0.548964593698837988178240721027 0.142903159850498062688473055459 0.679116959311091950013405948994 0.403237149716582865544012292958 0.906767092307545485851960620494 0.895180325006111998753510761162 0.188488548818979695376185645728  | 1.190848422529621197796245724021 1.153963639062999035900247690734 0.626937097501276463518138371001 
0.375778264637972481132521807012 0.908950367877110920744598843157 0.102351452131949294255264248932 0.040328003325242778309700497630 0.383288940094209773512545780250 0.046523739011823939115686243895 0.840607945127835542997729589842 0.285421185251198750165713136084 0.516238665361814952348140650429 0.117786837381146591852143501455 0.802042028212998636682584674418 0.643112125531298928216017429804  | 0.745088932039044582467113286839 1.493334781014437284696327878919 1.118072648285369563581070906366 
0.143654410928232389998981943791 0.661565257440561826918212773307 0.240299748911462107692216250143 0.655583263023821749548858406342 0.957364868866637186428647510184 0.511437976827037177329771111545 0.483461421776680499995393347490 0.822417315763476763912365186115 0.347319869959965110695065959590 0.140505136274573283472477669420 0.006411427957064841365308893728 0.976003464028146083819592604414  | 1.206776133071978396316126236343 1.565370198603104112677897319372 0.453736327711012632502018959713 
0.485180297767938917274932464352 0.415858816929893793101769006171 0.083357974269572032710584608139 0.319566408286332204191637629265 0.060270590416746872008957325306 0.506557367602881614132570575748 0.611820957133481058143331665633 0.326111563410506066773564270989 0.593735739848409660446293401037 0.561786435873877998403713718290 0.765513206860626405081404755038 0.171445130519504718158430023323  | 0.877160528991592358671880447218 0.791564226324449893290591262485 1.127751311895769381621335014643 
0.776689242530570367328834890941 0.077569441670771399621742148156 0.529549402595460794174186958116 0.519341754678154132740530712908 0.252861555550907501910273822432 0.928891064027337676201057092840 0.746653232402362143638185898453 0.654611799966083318658149892144 0.788946499201050865934803368873 0.284538763206022338181355735287 0.281818684510959260869356057810 0.572961129670691904358648116613  | 0.440696800458693860313985624089 0.276396243906602168127761842698 1.421670872837856869352890498703 
0.657722862082559145413540591107 0.263258142381198156911636942823 0.319879175447010832833427684818 0.587200684021213281660322991229 0.834909734589365126744553435856 0.681931181216098081243615069980 0.763957307504491422989190141379 0.582838804466604853971034572169 0.508615712283539633808970847895 0.478541567451364779905986779340 0.617775733233583368431141025212 0.875078608492319220957256220572  | 0.566068208625771451814046031359 0.454000129109878414190859530208 1.217029009294107622096703380521 
0.763038503457064143375987441686 0.755871782655737955991526177968 0.996896910683660819607609937520 0.864925281830239089941869679024 0.873150964185660960481527581578 0.896458893128936784577831531351 0.489042610962149071340832051646 0.872618758239510960983409404434 0.955760985705439769510860514856 0.373764578512862488679502348532 0.384403739195945282069999393570 0.853715114744478031916230520437  | 0.426060627106738920577555518321 0.667579136013439766728083668568 2.028478151844046450946734694298 
0.220203279395482343083756404667 0.502538140316465931078937501297 0.760119185938751829034742968361 0.305595401685208156727924233564 0.324480246740966760121693823749 0.212046156523654660830402463034 0.902341493301334063303897892183 0.907243104646354159292798158276 0.604816406818207252804597828799 0.701790675052748835760496604053 0.185191981924427651051701104734 0.501916548049014865640060634178  | 1.127515984183596886580858154048 1.131216954040425992644713915070 0.575591851749920668801507872558 
0.848782453676416914767344223947 0.570239780754768110782038093021 0.596838829164748840838683463517 0.696861154043638908461844039266 0.892362242674965444599877173459 0.274986237390567933580598491972 0.287646631568421295988002839294 0.204950683431260438638332743722 0.573788416890021024663326443260 0.145577176165291644061028364376 0.868457816354962219840274428861 0.075175949282859644284826572402  | 0.289191442986359237288240819908 0.319731623888738047956081800294 1.780712469682710574758743860002 
0.526449953006879800554429493786 0.152073659649617387579212390847 0.028827313262299036900060400512 0.978943361520814181453431501723 0.957338437769992500747662234062 0.360914973147037243528245653579 0.755381368781225082109642698924 0.356015037734843997618838784547 0.715062768628803580028829856019 0.885410008968464445899826387176 0.649717752664937475692852331122 0.180014633167083215603554435802  | 1.238604469966229082444897358073 0.678167750100773791821495706245 1.534608464476555411692970665172 
0.915174853828074508221845917433 0.012599023711836743188996479148 0.911776883118790792970287384378 0.781680413407725871444142740074 0.725413490558617923831263851753 0.600092371101751287376657728601 0.558087820025803704737654697965 0.182083365765716931328199734708 0.851319734518369175546581573144 0.996467465475276870101595250162 0.797975014902801316196701009176 0.370008940122056984023402037565  | 0.228728297313363110321304816352 0.103497342391697458308108537040 1.873020831371004168985905380396 
0.336968951312531683761619660800 0.843791444977211924083349003922 0.976817624184625588057429013134 0.416426140742869987931840114470 0.023488766048908038541753739992 0.098333745963252949806587821513 0.864188241660638345464917620120 0.787475371687662351050107645278 0.874709176970287383134916581184 0.655877649020270681035071902443 0.144465613573883544518139387947 0.296871302695580152608556545601  | 0.888575615339657565172615250049 1.649238009275407756959452854062 1.095908496495550110694239265285 
0.889742469589497320114901413035 0.995466221527563366322510773898 0.823135993410481381360455088725 0.976377184494130911929232752300 0.585099610822676363675043376134 0.784922360063569413135553531902 0.290694633650613210029689525982 0.388156414989051179453838358313 0.745519094646379665292101890373 0.700393688568362038360248789104 0.094387227772164128403176164284 0.904977297268510949557196454407  | 0.132561101319393664921264530676 0.300340726446412631389648595359 1.876557850254859438621224398958 
0.950677680255889612226383178495 0.361159238454048514554983739799 0.596970792705395436605897430127 0.729151035422421656129188249906 0.844969050306054181298520688870 0.976842203319606694478238750889 0.662261711346241455089511873666 0.364598287961955036529104745568 0.154118136292011653765143819328 0.323065712500543500418359599280 0.812872824196108956229522846115 0.064043670451457090919689107977  | 0.113617330971187785459974861624 0.092365080324679202372628594730 1.886170491110791269662172453536 
0.865638899191727761994741285889 0.360548816207280631296328010649 0.891926775218322198668374767294 0.909032824474333533970593634876 0.064618141842261112017808954988 0.395092273103513802468000903900 0.624480220177461298192156391451 0.624442608722785563735158120835 0.166257788472411127678185494005 0.081286724839363833083893950970 0.631026262786453795428087687469 0.695115073833240337819461274194  | 0.308092488438287070984245019645 0.250152362278164508424538325926 1.852365683076431013276419434987 
0.196928581571755190182670958166 0.585112573060321494722302304581 0.122168699095947519417393323238 0.151498415169222688803074561292 0.821132811583194621718462258286 0.707747228775815528933890163898 0.972370663350576647232514915231 0.689673308685200270318205184594 0.653751911684082087639069413854 0.603553316546761031702317268355 0.959445095597450947622064632014 0.232694846771525187811846535624  | 1.246286389296408669835614091426 1.423824845997093246907638786070 0.604743203632875370168164863571 
0.503639425453357714168589609471 0.895548596469340152381732877984 0.965676352495953849164322946308 0.591259507178009569017262947455 0.749373340470369742050138484046 0.672391082518118854416400154150 0.265299860866711756379743292200 0.829208433055152238644325279893 0.741849268571117548276561137754 0.345350921707677116501145064831 0.889984536989436025855582101940 0.018605852334013572857429608121  | 0.635948297946397733682033504010 1.211978795102404582451072201366 1.384433080391601622594066611782 
0.093766052078858019847018567816 0.803043841928729684731536053732 0.623350395550432145874708567135 0.548895273399139349557174227812 0.273254416188969506684713905997 0.197230068492695420623306290508 0.978307016905312964993868263264 0.671485929768848244236778555205 0.943218881021313348966828016273 0.125597718875660624426870981551 0.885523954708603233676456056855 0.744147356548081506666392215266  | 1.018256583891137712072350041126 1.654188768940395348749916593079 0.288188157198573879913539030895 
0.158622285892883740920922264195 0.469049691492614884147371867584 0.188441783796057804600820873020 0.731806205322533931401096651825 0.063499483725739214179384362069 0.391652587933338236503288953827 0.600339038325016005614997993689 0.531340383152128392652002730756 0.150077506647204650391813629540 0.563681902766656417469448570046 0.174633604852825086162226853048 0.376486420769500229610571295780  | 1.124672785418598497386710732826 1.083913876069470649810000395519 0.397445257051032396766743204353 
0.530714168098603278345137823635 0.821398766794055879003622067103 0.542907392921978981803476926871 0.532391451440224483526719723159 0.357771846597484288743373781472 0.497885005340544917196154983685 0.525442651802906945945892402960 0.641893692039008145755474288308 0.996570980220286894990522341686 0.265974460460619455126618504437 0.076985455035113115052070043021 0.549124942882931788012967899704  | 0.588902669160382141733123262384 0.840356239618589295758965818095 1.130280079077230714901247665694 
0.503320971857961763085143047647 0.501231524889142465717384311574 0.921945706361548156237972762028 0.540053832821021817522932906286 0.567792507664112711118775678187 0.632355808446509182196848541935 0.972299042301229321516586878715 0.745471089822135501989919248444 0.401994449729297431694874376262 0.416625902325184482855036094406 0.372886919700869512439567188267 0.141676914419515576071262330515  | 0.818167262543702533683642741380 0.819410759535600385916609411652 1.170087301348138097978335281368 
0.443901094072655877376121225097 0.286301040133173256840848353022 0.209457817130893064749841414596 0.987579075110192827757771283359 0.392099531648891108659427118255 0.230596361509770697573173947603 0.568323400275951073901126164856 0.161150149889721538976061765425 0.626779415330145250884186225449 0.282920812938519894430555723375 0.196268961153856391632643862977 0.648105125609763632610338390805  | 1.041961456116746953526330798923 0.786859082758777361732427380048 1.093707773900163049418665650592 
0.474986045047351201908725215617 0.170254404879705778519394243631 0.021273174659765192728855254245 0.585543886054638806903938075266 0.317731447044490522557680378668 0.111791548101572324469543673331 0.186323243591654419404335385479 0.723578601670479382157452619140 0.786447334066760372905946496758 0.315180302997349448546060557419 0.690612564024869701739817173802 0.249975673513822660432026623312  | 1.111397855136772472306461168046 0.693382299616698394295610796689 1.210857438447070943965400147135 
0.156437944252360128238876768592 0.245039343018955135811154377734 0.940619689516311585641972214944 0.576102827656463589711677286687 0.782534073203933977502799734793 0.145890059259729532037397348176 0.962390767822652204444011658779 0.660248616904334340027560301678 0.916127977591833730919290701422 0.249470638501704589096163999784 0.161502885443627897110729918495 0.849779879730781284585816592880  | 1.724674159127014050341131223831 1.115321022860287891731445597543 0.515115754046871598959000948525 
0.355188246923201167426498159330 0.620620517379242953026619034063 0.411027094165648088086584266421 0.948243013416128932568938125769 0.965193906933540790582526369690 0.362801699291277368608632514224 0.779742370187482380927690428507 0.714784190822382092811437814817 0.606765403364198707691912204609 0.849441268796152115783115732484 0.317816834150290050686749054876 0.475917864194149053957971773343  | 0.954337148525645107000059397251 1.121402569922864023155284485256 0.918949163694131820889765549509 
0.727259699282274185705432500981 0.804851400305823916347947033501 0.825891622072833841983197089576 0.634091829121250505352236359613 0.226996860441139980402169840090 0.179286146596863371627250671736 0.783652477168321537348560923419 0.370173062541339525921557651600 0.959987178629188475653677414812 0.826076189666564930647041364864 0.542319651918109824073610525375 0.917572915732879024197643502703  | 0.417396077756622740917435976371 0.666486419687075892781535912945 1.721880705694514679393591904955 
0.213135153352749906474628005526 0.540529632510478585949442731362 0.215752321164497162797601959028 0.334677799522390961861617597606 0.231075054220315601050117493287 0.285303426318486264001705876581 0.695243674859868820981034787110 0.455470214057323685707956428814 0.414507771295566485036943049636 0.736102617258486691120822342782 0.999914612894200471870931323792 0.635873683907423270511571899988  | 1.041541441713576654493067508156 1.092394261028327040463636876666 0.525084078924283881306678267720 
0.459063544309380233698902884498 0.918727201364655465809505585639 0.960555711993926530922749407182 0.681088473876098943193824197806 0.463615703583729721337647333712 0.070689526916959288804775951576 0.372785467084038590890315845172 0.874866280477615609889596726134 0.980632510887123109988294800132 0.750026637989898659064635921823 0.240214421285824153429189209419 0.228317143526850507839753845474  | 0.664619400114315639349626962940 1.365594682386321423450681322720 1.334983128507191363354422719567 
0.749255614469902297969383653253 0.119718984393855754078117570316 0.700375656427336568121688742394 0.914792838979313627234546402178 0.930427831223312296060612425208 0.564476453412295020584110716300 0.899718032865877481718541730515 0.206112746083676467989675984427 0.674924476907161396965761923639 0.948328400521928460698006801977 0.329320223026117520070954469702 0.903738154981897134909729629726  | 0.706443880477406138673757141078 0.364570490270245350927780236816 1.912893827599859042365437744593 
0.861015168822826915118184842868 0.754228478828455561888688407635 0.925676929488099764498088006803 0.385825565212422394445468398771 0.247127307233330761881973103300 0.103132397110110463067655928171 0.852393418804658575815835774847 0.824218889418700806359652233368 0.075864984082935182918561167753 0.393877407835426351923047150194 0.998679716914289472562415994616 0.430030532126961073657867018483  | 0.246960107570670078791508217364 0.379290623934667170402690317133 2.040111106214044234263838006882 
0.663933492774465783270443353103 0.669797406114002957799868909206 0.045194339649874848419131012633 0.895648358443252634586428939656 0.977843198505814803489499809075 0.299793144815856171803147844912 0.313417120486872424756086275011 0.334416886426802117959766746935 0.540827844257335765831840035389 0.386349399000462501163610795629 0.901754831194198080979163023585 0.381565271336589129091976246855  | 0.582046229585849284049459129164 0.749576144983937431298670617252 1.627576435286702372096101498755 
0.834228506037041905862849944242 0.701241735228868123819268021180 0.488830841807466720538855042832 0.350277052046064296675353944011 0.752787305660869709988958220492 0.532741286797312807443915971817 0.606670125504721657883067109651 0.094508311945954659449853352271 0.884690727910991348004188239429 0.287211066040672591270777047612 0.464935986669440248775231339096 0.640658994789998215146908933093  | 0.240159653268243206136745016011 0.295034073127464491204108298916 1.427786091585135475057199982984 
0.708851974309572807619872492069 0.205068874363612652089727816929 0.935438171237248261569163787499 0.854378279546646024478206982167 0.262371222780009349939689400344 0.928523998710994336036606000562 0.435838493983029873213297378243 0.785302097967053636118350823381 0.159547812170000802289848707005 0.528443439978851126070935606549 0.028673000029114215081449401623 0.182911182075705891492134469445  | 0.785547038257579433029320625792 0.476050030498718301785743278742 1.866437766309049894886129550287 
0.198476297637009357899273709336 0.717281904276209747450820941594 0.324647424861097100290407979628 0.195541094861058750709048581484 0.796578936228804712627038497885 0.297068029477175477026662520075 0.766506856876872255668331490597 0.869537750917464213884500168206 0.638465863447427173227310959192 0.920889578542982145670237059676 0.606468312443332546735064170207 0.394280422800537655447783436102  | 0.963778279258109438210055941454 1.274729177858675788215236934775 0.515016544775567464142795870430 
0.647324544441045923726107957918 0.888780718181452544790488445869 0.221486704536289158440354185586 0.131506185055417001983357749850 0.070155718203295136525809994055 0.994192038143931200444569640240 0.878631394807412147152092529723 0.510249593944002155510020202200 0.516750899671023722348195406084 0.866975358414138419504979538033 0.794932016430108911997365339630 0.516241879935875225271502131363  | 0.486715227712480824617813368604 0.937565628779271076354007163900 1.707690862883966875784835792729 
0.114940822849863066856812565675 0.617134982150592370508945805341 0.216180419396238665541432055761 0.190808304139403750454562214145 0.105175894965393368352124525700 0.084497241859413652065313726780 0.067721649160169650194518453645 0.831703984311403909934767852974 0.850364978360039547311544083641 0.429387473503082151005116884335 0.146318993217537163253894050285 0.138460863996775151996132535714  | 1.361002523560951971148824668489 1.663864050787101200867823536100 0.392379820755484887140340788392 
0.959345581063675734156959151733 0.205727593764502114659364906402 0.663204023374702189563834053843 0.155704880985255589287419297762 0.394780268466145112249421345041 0.646466956646067014702339292853 0.830220579502160660467779962346 0.694819280419610496579707614728 0.418687271566224539220968381414 0.987402921132507604973227444134 0.467439206349900437942324060714 0.412282118775119110765103869198  | 0.082164390389198066477760562520 0.058182204173292458027066942350 1.574410878722053652722934202757 
0.320897671133166806356484812568 0.168167115816461265609405018040 0.943367392773762136748416651244 0.337635135839447375616373392404 0.923497105063720846729324875923 0.098413940216292239426820742665 0.366772313325605447964505856362 0.866916925916170200139276857954 0.895259951358014949285291095293 0.049222101643521587455154531199 0.658118072232029560630905962171 0.337722448413499742869703368342  | 1.625903236710328103598044435785 0.907863374846679782592673291219 1.027173460996311682436044065980 
0.560779263112370141008966584195 0.206333727542762024320666114363 0.482760982462171583939891661430 0.526109310076837033420815714635 0.960001355797265532032724877354 0.564059843298376994980003473756 0.952505264021435427146400343190 0.470093446615228005569520064455 0.234083783403781553467126741452 0.664066978705516564041033689136 0.657873599428176025760706124856 0.673294367010764394088084827672  | 0.817578996707259864074046618043 0.579988171712642608390808618424 1.214727430530554430632150797464 
0.710464278990950881542687511683 0.566882201170240018761603550956 0.179115763831576346731822013680 0.943478253350417572775654662109 0.696518076213816672570544596965 0.800412264216063928934374871460 0.748168509524257618892306709313 0.750218056234422170369668947387 0.320920468038223716256140960468 0.141586202495882162999407682946 0.447057822733363807721218563529 0.746774793445913909195610358438  | 0.526025376281413881152104750072 0.576715370137477867373831941222 1.596305264913160382178602958447 
0.506942386047799509185551869450 0.625370256768641885614101738611 0.367603995897867963371652422211 0.903278163426245117584301169700 0.186317637420271631221169172932 0.574401020698398157016129061958 0.006840317042240307010558808543 0.735634147149274109089844841947 0.429120239970920636096707312390 0.491637902279739025246385608625 0.736906669037969086488715220185 0.973172589635302620614254465181  | 0.835455919374622935080765273597 1.004269474612375256938889833691 1.335154409343193737669253096101 
0.119756300511209778925092450663 0.127937079249370477818104063772 0.239571507734648192489146367734 0.043924667782090032197572782025 0.770921130136083765371779463749 0.611869854559055181830728997738 0.572729161608909187464178103255 0.417949059582039095239736070653 0.622446924735538420492275690776 0.196048933343565212616965709458 0.476439282330357039008106312394 0.351639146770378330231210384227  | 1.227757550273659958861571794841 0.821386473675381090231439884519 0.281201384620486327658994696321 
0.741402056556963562350404117751 0.499312930018302236767624435743 0.991981787931769831700989925594 0.862904464223249956233985358267 0.083717051533631403614776900213 0.330882131371259435859144559799 0.825145115963096031919121742249 0.777213487571841388223958801973 0.991123080182432558693506052805 0.789202641038867946932100494450 0.986828766161962911418470412173 0.444303542787167216054911023093  | 0.649477601829149042700350946689 0.648679644047454262434371230484 2.134107646989861439834612610866 
0.824568184772064949328296279418 0.230521938880579813080373696721 0.190159115621691521269553959428 0.893145848569432798669254225388 0.046003744869120843929977127118 0.100565205401855206623906724417 0.292515219408911786302951441030 0.944435276434701598269327860180 0.983066830488011134114856304222 0.467038971020060533767548349715 0.344878929443438342339334212738 0.591525034544052141782799481007  | 0.489138661596268842224333184276 0.307636954062217915506494136935 2.043553351337421108979697237373 
0.006766452967294056541902591562 0.250905126216119933602044511645 0.328938680106453884555151034874 0.278681738272632206765422324679 0.363340771199732404106441663316 0.415892662074654473336465798639 0.681797270084703477266430127202 0.848156769196800497390142936638 0.376480915715435404678146369406 0.114075522387377170652200675249 0.199488871258308719802698760759 0.130097477911230940961218038865  | 1.331553853116168362191729102051 0.973546217806847802300751482107 0.017532660983487775852029955104 
0.182272132270175357682262529124 0.505112208268694296009471145226 0.238961124349229114827153352962 0.598492053710306226577131383237 0.690902924168848242558738093066 0.872607384233447413990347740764 0.827241081102297992622141009633 0.183501802814668879548776203592 0.256504677246637058374290063512 0.576885696762029498430024432309 0.426042200692645423032445251010 0.020344820015003040047929516732  | 1.190453108045462782271783908072 1.198744864873191762200121956994 0.497369702408927194525745107967 
0.565962708641615130922275511693 0.167043933365919161637691559008 0.293508244629084535937124655902 0.917367195070933005851543384779 0.113098511130624634901664649078 0.935746484695723856894744585588 0.893245287360163064960261181113 0.122832014302866832089478066337 0.877906265544392661048789250344 0.663415592964941236431286597508 0.953619573622400462653558861348 0.148609999101084078176882030675  | 1.311455168503157908688194766000 0.690699648227274698442101907858 1.826258358961597938474596958258 
0.320032907694401735909650597023 0.538252363222612273396805449011 0.392631026472126332116374669567 0.098299716870019704373362401384 0.114221381928515497428122671408 0.617062461684869223432770013460 0.641066381957396069779520075826 0.974017261633942754706083633209 0.613273418859662022839529527118 0.467103647876787375636808974377 0.025658924854117803882047610387 0.534602496760240075701631212723  | 1.096848934170872702509313967312 1.157909703405439749701599794207 0.876932853588663907551392640016 
0.125471286042992624665259882022 0.650927031805617062332203204278 0.065699635417078128263312919444 0.353940459889435898865883700637 0.409132444747714485444589627150 0.064435074956743831897654217755 0.113521165607130991581641410448 0.128073111913253101512566445308 0.451032414562061223506361784530 0.615266145307690970334135727171 0.409721197577331941452882801968 0.267282662973570395159583767963  | 1.096334326666976943798204047198 1.350232876144048965727506583789 0.347302039399174311551377059004 
0.361764362390301741356779530179 0.309904405974188223993337487627 0.983849889243309072561771699839 0.015775805517357466278838273865 0.085267489329793222374576089351 0.513035016226361717528448025405 0.541205750312779287902742453298 0.531094946634751541303387512016 0.625687705489567091987623825844 0.131388405833518850940322408860 0.665243999314730438676690482680 0.338004887473207338288716528041  | 1.241965792184400951825296033348 0.940862696433081402425102623965 0.994873672044404022685171185003 
0.701769795059305367956881127611 0.532574771009051817216572999314 0.190805041829558930110977144068 0.222945236872593599564140731673 0.016909755944930937587855623860 0.955909745058259208150275298976 0.452441543034484139340634101245 0.038970821452666060125125113700 0.842475830067023312430762871372 0.302101049763242035517407657608 0.703377313553292693448781847110 0.668463821722153461735160817625  | 0.638512412084180969173985431553 0.672964989966920668074124023406 1.833244920014784895556658739224 
0.583340881385974840966923693486 0.138982125059557759527706366498 0.862130460027035194769950976479 0.578148103635148014056710508157 0.440584557396038745125110835943 0.607404248788304790274139577377 0.788937961059650194606263085007 0.912564657733045181409181623167 0.261242620638607481176052260707 0.433055717555289265696671918704 0.776216494455308159139406143368 0.915292666625563855475888885849  | 0.891387272760411852878803529165 0.544961076187973625373217601009 1.361610119066653190600391098997 
0.108491610948344252562947076513 0.783212219804383824595106489141 0.390328181987068423275388795446 0.450193891931856438048953350517 0.069749179795858595731772311410 0.082160953725755936360997111478 0.086500464590326564540134768322 0.808451201738593749901440332906 0.763598585653836092745905261836 0.650563146336143205417101853527 0.740668623025561023709428809525 0.899109477759737263369288484682  | 1.034779819483555574066713234060 1.619021228440344462029543137760 0.330658630290803279283551319168 
0.530180284221156150614717716962 0.989090986853695341984860078810 0.588901954535026028736410808051 0.037118041672542956277425219014 0.969136640181293196327771966025 0.659878414185265604885444190586 0.572826401330651546750516445172 0.397339748241143042584155864461 0.722607268604701591385719439131 0.582720087962068200582166355161 0.309050994874485063235169945983 0.597742349600797862052559139556  | 0.513020998097187597153379101655 0.935700915961896084738214085519 1.173407505297649588982267232495 
0.432714139364435035339795376785 0.747882726830367716708281022875 0.235359523502498668712235030398 0.681194513901662412891369058343 0.595494819518871842944918171270 0.255843933747451401927719416562 0.615269330468978803416746359289 0.724123569270458067315132666408 0.427206456175722837365071882232 0.572382090536450394147038878145 0.276241132919369913878426814335 0.056800267298521944780986814294  | 0.708761839782268254772645832418 0.918958926293958811015727405902 0.937910826263787300582919215231 
0.922261258813327988725916384283 0.049879834598970718140265034890 0.253573875531997283694352063321 0.264983008090699079239982438594 0.734240673371999497121009881084 0.008585407536887856849716627039 0.186001133144831798382767829025 0.416374856454856168141986927367 0.279410372064966994187784621317 0.269097108760662950821540562174 0.842842207795240883072551696387 0.174690109423869754934344200592  | 0.200990926987249213242492373865 0.100066505311902823049940991496 1.829521986060983262945001115440 
0.041055234229282477897982062132 0.677205134230546512696946592769 0.580048106736945068284683202364 0.837560898036417422751753747434 0.520372560707856757211686726805 0.300023336156585052059142526559 0.384368041677886185247814410104 0.356005763628660987230034606910 0.817946091450618029128349917301 0.173952759012486524170526536182 0.012948912497336650950785497116 0.159899694912427947635080727196  | 1.081657767685491045028811640805 1.377596399449742659015782919596 0.113110108388081276320491497245 
0.036620629991355846399869733432 0.554877326206596466207088269584 0.498615577563137013505922823242 0.916322472964143708296091972443 0.732083215488673166859712182486 0.306610281893382241591439196782 0.344179151076324352231949887937 0.572716130398839173842873151443 0.309491582470059034548626186734 0.768020932911880005455884656840 0.126294432386052313255220269639 0.485188304761395849951099989994  | 1.055181617813174543840659680427 1.121155198008725761837922618724 0.088661616327722736485839050147 
0.531771167101369068852534383041 0.720134614010596529887209271692 0.142559161867756523101036236767 0.745159189925650777830412607727 0.788678434166628306023483219178 0.297719013444212809993416612997 0.048346097686548850091980966681 0.391876963201706729478246415965 0.417413432051880639583885113097 0.507241754889175888720842522162 0.582545907021535191994132674154 0.095944238835023454292638689367  | 0.685319867847749453204642122728 0.915766010591765100556926881836 1.264072875516961014241701377614 
0.578648700477622957016876625858 0.169246243063861601108044396824 0.928590878612585823859149058990 0.656059617572306685850946905703 0.544157917430696747018714631849 0.750189985405139703189547617512 0.578082107737003636493966496346 0.477163704200131544297391883447 0.944082293061938249145725876588 0.496962075178819073784097781754 0.607946240985947183865789611446 0.523397102775492006898616637045  | 0.747325731525880887495816295996 0.527747290058827811520814066171 1.174306101228895338195457043184 
0.465866519134235268495558557333 0.273815694587099645040950690600 0.534251182139316216357372013590 0.480418674594034644798057342996 0.545123194351028073079135083390 0.126344011737320904842363233911 0.649178271027575748419735646166 0.259791702178665873113061479671 0.072806351847769179563840680203 0.255014991014882230757621073280 0.424428321872833302919048037438 0.721374635678962095042265900702  | 0.890965620805084457245470730413 0.696910869138962274504933702701 1.015922276511298072421141114319 
0.215121798614024584139770013280 0.427414885016075163370885547920 0.161886473878311343277403011598 0.629794841581789777151811904332 0.262758927092196947761237879604 0.581817587175424311141114230850 0.559456925791224302102477849985 0.610795033144658217061362392997 0.001653502384317939721825041488 0.308376231978196524430302360997 0.208686112713181159961095545441 0.245882253128396288666124291922  | 1.144961521783110391936588712269 1.046955006311785396633240452502 0.545170093092969598735919589672 
0.878312631942089083736391330604 0.298900435811739528801922460843 0.775240400330742818191254173144 0.287602258317845360657827313844 0.581171238035024240176085186249 0.358844293024074945108736756083 0.882592896073793320432798736874 0.460342911831930656774147792021 0.069752810019987343537195556564 0.490144198910768547072791534447 0.364250112293795003104435181740 0.576344377765250714951150712295  | 0.222401176931661115343530354949 0.179638011813968628826998497061 1.477393362170128954247161345847 
0.833224299072524265952210953401 0.964462078185631566107360868045 0.255526958173569296306482101500 0.877446913307386111569030617829 0.319786979929338244232894794550 0.514126651659599143151524458517 0.019191774686398654914398775873 0.558451209919203384046682003827 0.926937376228267884137324017502 0.347683385594110161420644544705 0.335471804717515587057619086409 0.504307732276743414523423325591  | 0.205299594652727096510957949249 0.390082677098661956271996587020 1.643994600719685950096504711837 
0.699769475794914552757575165742 0.178263268388392015495469422603 0.168841892731195430954471703444 0.209359816860973713126270467910 0.026775002950922943689704425196 0.164552809751417061789879880962 0.005523607302304611721410765313 0.204062884567112301503755134036 0.044106983228547669284580479143 0.116168562300239641693622161256 0.968778816585777358127984371094 0.293119712664796638890152280510  | 0.997572059354557616472902736859 0.524130311618768995884920514072 2.209651670602585049607569089858 
0.684716192841944182312374778121 0.004264744005096576806579378172 0.195359438540383067994810062373 0.935228011085543986524726278731 0.910301670213234159767523578921 0.702182860992563440127867124829 0.656670588694821200093088009453 0.500477508787807279233561530418 0.814203088284201181856758466893 0.294323036864274190094192817924 0.758451194815453533237814554013 0.882048111380509758383539065107  | 0.810232183431072949808537941863 0.364906223224741976807194987487 1.645133116574793330499915100518 
0.381193657402832286607008427382 0.441953140413462786106890689553 0.792293685523344226595554573578 0.281601229027273580740597935801 0.044133302961764098171215664479 0.067747120437203656173608123936 0.872789024639784472014980565291 0.094837551244627227298167326808 0.731133417102195148906673694000 0.171433696017605718964205152588 0.612392421449246882048100815155 0.065724580359278306218584475573  | 1.343172503589028288217832596274 1.216097510418504556994889753696 1.236343174115791088141236286901 
0.197876703231849138120423958753 0.456078167826834079967568413849 0.874393371479604275542385494191 0.554916187825224560548065255716 0.453948442080560843336911602819 0.874161516772687274823283587466 0.176553710377703065859122943948 0.463984569397824286873799337627 0.441323869889368114449723634607 0.583123876443111921474837799906 0.561335785113884710995080240536 0.632078540279089384767985393410  | 0.977281625228637373936635412974 0.938010690194868157476548731211 0.435146953016880444486957912886 
0.637998117283566368307390348491 0.116498069505740597939791314275 0.134643690704923657541769443924 0.066082156566836580680046608904 0.291338501755751488886403421930 0.436560611839539758349815201655 0.826980451155130080742594600451 0.083425717143764788197302095796 0.437708475629000282047798009444 0.037926120843367994162065315322 0.414382581501676061641603610042 0.098828229392138755571295405389  | 0.972716933711328723966005327384 0.505111001504779832949054707569 1.715145889694897896049496921478 
0.549445439475470531753842351463 0.329669513087508025961369639845 0.489190795403323108736515223427 0.662220120219678798356710558437 0.094617299813090083304700783629 0.116566002287093573031029336562 0.220731623444119895438575440494 0.562940874115728462356855743565 0.612235562097271146519972262467 0.373892225971659275529646038194 0.278223129934144774999538185511 0.064184743708997071820476776338  | 0.855447002690566726812448905548 0.686698813654243123139053750492 1.282124481841546259630604254198 
0.540172519189080602153296695178 0.365833818082883621691792086494 0.748120931717364601176711857988 0.002984535108522701207789395994 0.321890582975913774887999352359 0.055067660225379677640944464656 0.297767940259067498409706331586 0.004244664784462504059092680109 0.754367564679976232433489258256 0.867218647525597519098994325759 0.945305073569625342599920259090 0.087488690977860161801515914703  | 1.247130562135495779330085497350 0.973351612464889326403749691963 1.795415958932592870311850674625 
0.323343585164313940261138213828 0.765168038157119201336797686963 0.241942621698872040170158470573 0.509213575797926920607494594151 0.517775121636156798743400031526 0.949158578072184733187555139011 0.977145079787729242681848518259 0.893137293711105617610712670285 0.262157809382333129022413231723 0.181023961853565285018419217522 0.175725312146416068337373417307 0.809976773063690203002806811128  | 0.956906193269917215715736347192 1.473223613608877657910056768742 0.977813613941678094754195171845 
0.636381191188622463705826248770 0.098150751314940665182007251133 0.693202938172003513273011776619 0.580139341334589220267048403912 0.239445202137970936107080888178 0.577010880053709707127040928754 0.340230177024498869897684016905 0.112253404721278093880698634166 0.380276126024947425108280185668 0.198863509041239061581052283145 0.346033428186126146286483162839 0.349071920861679596548299286951  | 0.648654394331788064498311996431 0.435273081380421644759337596042 1.215586600700340191849591064965 
0.503636865990816140481456386624 0.318257678986645586860504408833 0.195765853930128241877639538870 0.528712545045441073554570721171 0.896607459865519262898203578516 0.149669651319954022383740266378 0.656308145764364914143129681179 0.067511703705174896938956408121 0.308166833549757823718096005905 0.486494808073262730019337141130 0.284640526749399880301893972501 0.480184811098471109325203087792  | 0.918809365873789585243969213479 0.729431820614726666995863979537 1.186631266103254311872206017142 
0.122580872129179230256568189361 0.869737935943724949083843966946 0.032096220762681926252923858556 0.134447023833688339422565150016 0.701212249880435067872497256758 0.723954566684498201922792759433 0.427919114467802508272598061012 0.985557692057936196583511900826 0.549257422676125539595659574843 0.656951106922396554921306233155 0.972818662114234178339700065408 0.551430794234563537159488078032  | 0.918996639446061136524690482474 1.664818954130288686243943629961 0.370750331914539543731734738685 
0.979510261272421911549201922753 0.808478810854334262181453141238 0.225655019634535158878918537084 0.970611187660078256200790747243 0.795635422249671320216179992713 0.084375341306245910111272223730 0.667035439399949026118008532649 0.697656334451944304397841278842 0.933775788149114216452062464668 0.022718767724664190588157453021 0.233134594886756918441506059025 0.468973766973713623862352051219  | 0.034373603582897697961140437428 0.058629731807671815746463295227 2.110897864755816311088665315765 
0.854564207658550012425280328898 0.023399357767380668526868703339 0.230061588619651202769489373168 0.046576938019876945595854067506 0.474513062265981000464876160549 0.086022206379192001080014051695 0.208462076720819955433228187758 0.112593059257004468598495350307 0.143945515495877973677352201776 0.923188234412192665345742170757 0.266626540023736757767380822770 0.025580085819146169967552850721  | 0.480160898861058005326896136467 0.184258521714272843761150966202 2.211962532547791848713814033545 
0.360719915752076958348482094152 0.303774593866943831699245492928 0.154621106390412266229361648584 0.228252321381160805380261535902 0.550398005936454826070303170127 0.264696579555433686437027063221 0.836601426590867114363447853975 0.620601344534701282462663129991 0.261990065781014025425577074202 0.505993777320776882966413268150 0.663472864978762344456697519490 0.680695884346240398521388215158  | 0.978103929605788513512720783183 0.796388275366645359554240712896 0.802458599599353505915644291235 
0.632908787996984245616260977840 0.837450115085523694169467034953 0.261589895529880878122241938399 0.011981745807281729554460980580 0.198618320370207879221879920806 0.271722734377651153891974900034 0.009987812872174761658072839055 0.725792420447846975406491765170 0.108907986350489260907181687799 0.867820483809951581655184327246 0.675632164061288897904944406037 0.363234650932421243574310665281  | 0.551859308681164173471245248948 0.982448691351995861964496725705 1.732640994489374142162319003546 
0.124144520600858676573352568084 0.830936585667523930354150252242 0.321005101294964734215398038941 0.106553100985941728851003063028 0.708122082558800491902673002187 0.714829367643696422796040224057 0.358908916737720629086538792762 0.546488745073320236755876067036 0.719661242313758275912505268934 0.307138322681315911744093227753 0.114939537903430921694791777554 0.935826199293181670846308861655  | 0.908003315460324422758731088834 1.424638974508217970083023828920 0.333682813164608293998725230267 
0.034126651402964780501747554808 0.860206219366420610228374243889 0.672185892619233338329820526269 0.010737021917382461033696472441 0.034516274516549039219626138220 0.197251032596062469970377151185 0.844576394786375250767207489844 0.297606937319533693120376938168 0.121153602269161941862307685369 0.178756454209925363940669740259 0.798880898204692102559931754513 0.722787555446770757505703386414  | 0.990345089079652907138040518475 1.874114856549210950120709640032 0.113737160867816808340613476958 
0.084317556119961278859875619673 0.281656473589480538244345098065 0.822940414200913239461954162834 0.816635133426250936494739107729 0.558504457464936265864707820583 0.310750718175449747171512626664 0.001810999014356329261943301390 0.757285848793623594943369425891 0.434959864076653990316856379650 0.921113998699844893636168308149 0.435458468033023904375511392573 0.328870380262252015590718201565  | 1.414161959227520748427764374355 1.043803245698297077481697670009 0.234165759709318105352693351051 
0.802474775187902333861700299167 0.760395125168280672234288886102 0.589804173161780687095756547933 0.495256755403394421932716795709 0.628956590462213305237071381271 0.483444851750177928551011063973 0.335301850677450552495884039672 0.716296512816361752307159349584 0.082833441319955514181572198140 0.213100847602589626994529226067 0.475830764923437121716176534392 0.187405178257689875032099280361  | 0.271313906076380340071096952670 0.351197030237152596487959499427 1.384133904254423619306635373505 
0.728331339282694223413727740990 0.902852006246933735944537602336 0.292272852924238324412442580069 0.309316026345015315790476506663 0.364881445885839150733431779372 0.361423651918064914312367363891 0.366858671807235081629983142193 0.395976721590869940037293872592 0.399891102595119840579229730793 0.671094632952917824475491670455 0.379251702296548476311954800622 0.912354592455794088934339924890  | 0.326881511057539764220081224266 0.463057035718864529183491640651 1.246622008037338913410962959460 
0.598513791569439956852249906660 0.956684571911539549660119519103 0.224404486910363853979788473225 0.678181732219102606507021846483 0.631494686153252993143780713581 0.631853452066492682348552989424 0.698824800725514228005863515136 0.143909706550058857921214894304 0.589352451299277824148248328129 0.797636174314792834039167246374 0.558685509593111917503449603828 0.009845854338372594938277870824  | 0.468791580629996651463642365343 0.851885711752133456542424028157 1.331782944776807919851080441731 
0.116245055503681027353479748854 0.394754931072599957175839335832 0.828880749344923617449865105300 0.869440427864910048150193233596 0.433999452318852951826499975141 0.361363903528705843193336022523 0.717458884312726197229892477480 0.885679751998610598207051225472 0.423049311605793398882724432042 0.145540500473333112019247437274 0.179252755168387789552753019962 0.398396125719655658237172701774  | 1.267022402535041170068552673911 1.104138457284071339614683893160 0.310332514287764260618729394992 
0.403297207444916372409693394729 0.800601276882084045283249906788 0.210555377166290136337067906425 0.242932266480742287129146461666 0.803963781879770911231730678992 0.697016928195759333242165212141 0.103649974462388105855836784031 0.616485418618221814313073991798 0.000451721862502862947508219804 0.697620581088601587893549549335 0.070271080869101387733621777443 0.473598997411805333612733193149  | 0.822338325894154897888199684530 1.316279128537048981328894114995 1.139951819161196366891886100348 
0.940546919604850595320044703840 0.887415763471438134857294244284 0.213393013455045466031378964544 0.779101395283736675168029250926 0.114466861394731278522840511869 0.469946293944963677802206802880 0.842651587284083625206676515518 0.479802694641140337061813170294 0.146732352450905212393195142795 0.130063271176627526237723486702 0.966485320166183492496259077598 0.958126444473148541902673969162  | 0.088395423713921866815113048688 0.176472495884510194308347763581 2.107314899657514395414636965143 
1.000000000000000000000000000000 0.999999991464798454465778831945 0.499998118467051111402099650149 0.500003230499900697125781334762 0.500001646070844518732201322564 0.500011898578501923218198044196 0.500003863345810484197784262506 0.500000881247472439561363444227 0.500004168786331026907987507002 0.500004091631466640599512629706 0.499999078368175864373057493140 0.499999715325481153271880430111  | 0.000000000000000043297802813717 0.000000000000000043297802827932 1.000000000209014805463425545895 
1.000000000000000000000000000000 0.000000005339773497853691237854 0.499998118467051111402099650149 0.500003230499900697125781334762 0.500001646070844518732201322564 0.500011898578501923218198044196 0.500003863345810484197784262506 0.500000881247472439561363444227 0.500004168786331026907987507002 0.500004091631466640599512629706 0.499999078368175864373057493140 0.499999715325481153271880430111  | 0.000000000000000043297802827932 0.000000000000000043297802813717 1.000000000209014805463425545895 
0.000000000000000000000000000000 0.000000005339773497853691237854 0.499998118467051111402099650149 0.500003230499900697125781334762 0.500001646070844518732201322564 0.500009726030596457491128603579 0.500003863345810484197784262506 0.500000881247472439561363444227 0.500004168786331026907987507002 0.500004091631466640599512629706 0.499999078368175864373057493140 0.499999715325481153271880430111  | 0.707106781391110383871989597537 0.707106781211135571041381808755 0.000000000000000000000000000000 
0.010858994201668586629394575027 0.998686009956836651113576408534 0.499156148955834266800479781523 0.510664396160175781957946128387 0.500001646070844518732201322564 0.500190551361146984454819630628 0.486430482052864265885006034296 0.499137724502446922247855809474 0.497571999794568120556448320713 0.500004091631466640599512629706 0.492154053659738521808719724504 0.495019098342662278167125577966  | 0.707063873162432798835652647540 0.707497643541771359387837492250 0.017063120664575246593352986224 
0.017155206397617837194014001057 0.022041589394742700652729539001 0.494118310664310278479405269536 0.482418565285850697854641566664 0.474670940928892226562396672307 0.495325940160849853555191657506 0.498210999587445746428215898050 0.496540544697824215436554595726 0.506012674953490559914826008026 0.503389978876749966119064083614 0.488677252610472734328794786052 0.497110255366380593411435029338  | 0.708342829349754898871083241829 0.707062309650354103851555009896 0.026976581377301578346106225581 
0.911076369830804200233842493617 0.595857721079009472475718212081 0.497636846924412457049413660570 0.506385013435642128420965946134 0.496159396428915933086045697564 0.499036410378227324180500090733 0.513605903110577299841565945826 0.500476122975222703637143695232 0.498204954692302415253379876958 0.509826202382540727420234816236 0.486008759894294539716241843053 0.518275624010133828534208078054  | 0.098521786058615778980396271436 0.098547784074589958591694482948 0.991128840305986580361263804662 
0.922724677046516061906800132419 0.615673628093864389043687879166 0.501869622012294791524311676767 0.504809315010735226714189138875 0.494993407036833421575039437812 0.509399634012966062712735038076 0.512457484825001974293456896703 0.499205456197775454540987993823 0.495126885510146774738160502238 0.504362780507785601891157512000 0.494767063540774654217813122159 0.509795295920288160651523412525  | 0.085653052645102215056915895275 0.085667426827593692872930830617 0.993100606032185861948846650193 
0.488977374564691924518911037012 0.465664078094924660522480053260 0.501542937910906094778340502671 0.478960486474541202728261168886 0.492973995666902309320533959180 0.503807893662350680941131031432 0.559864618943021419283923023613 0.498381213717711379906916135951 0.520380717443192475357705006900 0.516848083567221117107237660093 0.499541315856989354138306680397 0.510266311255893278975293014810  | 0.511208288349661255089984024380 0.510939464529136078141391408280 0.698162759224376983091531201353 
0.468904716090480122581141131377 0.000000000520322190337377662187 0.510402304321164623779338853637 0.486428262054294735516890568761 0.500250356274044571947001713852 0.510527181224297299522163484653 0.508747954609504282608156700007 0.496491126859339604315835003945 0.501025606919584975962322914711 0.495155508258141141553210218262 0.501652846326572920965247703862 0.497643441285219811920370602820  | 0.524307024971911839195115589973 0.523875108650225129736099916045 0.672091622021125267849583906354 
0.657017257341591109920386770682 0.611324466771119401364842360636 0.503538418760086980974222115037 0.512904515818218831313402006344 0.494355458193640184827444272742 0.500660462127895944384192716825 0.503803532365056372377409843466 0.506876913171235399246938868600 0.505517527869698390929897868773 0.499219949745209945479729185536 0.495377915667632340301906879176 0.495635850344809503198462152795  | 0.362897454700765287327612895751 0.362941173746371803510157860728 0.858643341670134563337057898025 
0.329526282464052688858657802484 0.124518942596361301133889298853 0.503291608132747647630367282545 0.513938071000911267383060021530 0.526948927498727681673074130231 0.504119089253448504628352111467 0.503048239680181419331006509310 0.495910694044490452103701727538 0.499669989864078623043042171048 0.504427490234006459246529630036 0.505016408567301233745183708379 0.500283364899358651278760135028  | 0.615471384734695536877779886709 0.614732564279951376740029900247 0.495316526027744230553651050286 
0.892545041010249340374116400199 0.932468584924533328006646115682 0.486762824347194478225020475293 0.495626933125304647287379111731 0.479532985954081336643639588146 0.495141733781796100632988100188 0.507933202824718876833287595218 0.495719732121577771888354391194 0.512407801188525247049199151661 0.494050069840074546068109384578 0.492249592110618527929233323448 0.497345017161678171202510156945  | 0.118823630253489756491980244846 0.118980915469560286079619970678 0.986749507755291688226861879230 
0.364602904497423996321714412261 0.568116053751889671374897261558 0.506706736926193723746791874873 0.496370143762313420499054927859 0.487513123491316369140236020030 0.510844113645797848199947566172 0.500552056521527788390812929720 0.499267807305027178088607797690 0.504572776292780189599795903632 0.494040088818003486625940468002 0.492695257839587563708505513205 0.493062239062098450759208390082  | 0.594535252469077013515175167413 0.594597621590188807338961396454 0.542183193751614611599620729976 
0.941017297638650607183308238746 0.999645814864531190302443519613 0.496549252151268549759777215513 0.500630223919030115098394162487 0.495103997984230437268138302898 0.498354977702780199688703532956 0.488607061516461160799451590719 0.505040323834730409124915695429 0.494924282462315512365336189760 0.495739964272358779595606392832 0.491959643940882929147306867890 0.495348387487841157472701070219  | 0.065424186868330028166163003789 0.065457496973575488019569945664 0.996034065550974401226369536744 
0.509747295229396546467626194499 0.347200115071929327204003357110 0.497544310966014147190605854121 0.500006043330465610452506552974 0.499372147853052561483622184824 0.508527275398301004116774493014 0.512790877843414816261713440326 0.494764841819679945800203313411 0.497717858597681861443362549835 0.504360791331838420603617123561 0.495849723455146329520459858031 0.492510023050871603711442503482  | 0.492510644887566462202244110813 0.492423751602217352196788624497 0.718113954876774873703482171550 
0.806543916611813571648781362455 0.347200115071929327204003357110 0.497804210158423798837645790627 0.498373924057674611010071430428 0.484179931574896527113338606796 0.503197059139147473416642242228 0.512790877843414816261713440326 0.494505731817950267004135866955 0.512872989236406229274223278480 0.493374140770084401719230982053 0.499283240267444083926307030197 0.504671073127497482602166201104  | 0.211765872680012540163474454857 0.211695414843808632499033706154 0.954844570913388257515919121943 
0.834766759373534839028252463322 0.000000001487147822861578168485 0.496976990401965301735742741585 0.503969933983034579227933136281 0.498193031869984315207489089516 0.498892287983179305577152717888 0.494129261891080917568075392410 0.492442211484543646005107575547 0.495485622017663329685888129461 0.498314882750611198858337047568 0.503643575551643851717642519361 0.503906571346788956233808676188  | 0.181530318486751163220560556510 0.181481079340164969115889448403 0.966673087037334566318236284133 
0.797560016635762480952109854115 0.999645814718263303610967795976 0.493897365777439423251138350679 0.503110400043862315833109732921 0.489811324403151504558451279081 0.498867567450611615331723669442 0.494709864543857458230036172608 0.503632463213554704140051399008 0.491314546058849443976868087702 0.496799835430874248132226966845 0.483137230931464822791809865521 0.496232095232826631026057384588  | 0.221111341305230579834528725769 0.221311723280746303066379709890 0.950413627287401974186309416837 
0.373687891396796256771040134481 0.530739775995395235419493928930 0.502919576300373982746805268107 0.516471194302638547668493629317 0.493837600833161471935994768501 0.506061207052416417440099394298 0.497523610993958698145434027538 0.503129929431606282008715425036 0.504016723112857611965864634840 0.509009798128148616136456894310 0.494146187409978510096664194862 0.502162562004049406461092530662  | 0.589030156952705552519944376400 0.589058967232956809390032049123 0.554135999354326891364053153666 
0.198363570532304606119922141261 0.316951323558838982119567617701 0.497950222056128766201510416067 0.507716334956838544201218610397 0.493318669111321661535640714646 0.502175577959902308400330639415 0.504681690985796627124670976627 0.498977440688162743320788194978 0.518939109867849079904544851161 0.498807908167548608169283852476 0.506656573086464612210022551153 0.506367970379457688068214338273  | 0.673561485224420386508370484080 0.673336587863533564402018782857 0.306749421895407992089133131230 
0.349245358605953404307342680113 0.141253490616890436948338560796 0.503931066499573310224491251574 0.521274774594590706300323290634 0.499187981673108294167207077408 0.505494224866213537339376671298 0.495310895899469805225834306839 0.501022512708533707126434819656 0.504262338001546517318729456747 0.506226068253592065282475687127 0.496660425295180452121002190324 0.506155347547066591928910384013  | 0.603937480292022099703785897873 0.603510499479976814107828886335 0.521814941415298827465107933676 
0.288933102497613281123278738960 0.144019013097241327381325959323 0.503931066499573310224491251574 0.521037978216221664418128511898 0.499187981673108294167207077408 0.505494224866213537339376671298 0.495310895899469805225834306839 0.501022512708533707126434819656 0.504262338001546517318729456747 0.506226068253592065282475687127 0.496660425295180452121002190324 0.506155347547066591928910384013  | 0.636134069288124104346593412629 0.635694905676949639783401835302 0.438704476224977046872055552740 
0.674183150321523427805914252531 0.305908143864871528982973813982 0.496500537349018666866129478876 0.490794559134022312374412422287 0.506190827613294258568998884584 0.493516236199575408782891372539 0.489022685867677386895024937985 0.502429591401951647355872410117 0.513339782881664485891803906270 0.496306660379884578837561548426 0.485985711269368625409015294281 0.490199159537599293834375657752  | 0.346654698207097655693331716975 0.346488346976257965970091845520 0.872555197926989101198103071511 
0.618471693226264052078988697758 0.907482535003709012144668122346 0.502611737772877154029060875473 0.494193529227949901461158788152 0.510664567168272465202960574970 0.487550278938826742169965200446 0.500285240670161113207825565041 0.487598120053496786319158218248 0.495834695452059381892695455463 0.508662930054608164454066354665 0.506679747190169615933541535924 0.489898548099340802597367883209  | 0.398956577084610963801480920665 0.399315119144765251490980517701 0.826308654734043024348011385882 
0.706325729676475444485106436332 0.999999995506120176180786529585 0.500904852794033406127027774346 0.501132533436929761272438099695 0.491201374331317885957304270050 0.496779084827544625824202739750 0.492494300085616176776426300421 0.499358039611197901397332543638 0.500503495015275023938272624946 0.498522575350970331697908477508 0.491331468667401405348016396601 0.484561337940089764675377637104  | 0.314774921977639787762370815472 0.315003616338347114389506486987 0.895887730952387162375316620455 
0.855197418066520831381183143094 0.999887625009307612344855442643 0.495134152075420830296792473746 0.489441880950390928450843830433 0.487647707268629049259800467553 0.491536819435612171158567207385 0.484866333963850537625006609233 0.500506303258752671681008905580 0.514197525694840118504203019256 0.496675211653515413789961030488 0.496812988766797969386601607766 0.495220443399894239000502693671  | 0.159480522888976850026665488258 0.159689431239395163153460543981 0.975056138326442223274170828518 
0.386486369509759675189286554087 0.502993206681369486865662565833 0.497387157937429602583279120154 0.518701755994672608629514343193 0.505825574260952981475725209748 0.498750750437202239329081976393 0.514590884648767454834228374239 0.507273318331340483666735963197 0.496664535179244137630405475647 0.495340212466514162592545744701 0.512554546522390186424900093698 0.506765566654886256969803071115  | 0.581271255375060968972888986173 0.581276138155663701923003827687 0.570991056436216282143902844837 
0.264013673648331836929514793155 0.012923517040111303852412127924 0.482862110720311044076424877858 0.486440074382013087905818338186 0.478984388585108056268779819220 0.498744656741257064158645562202 0.537191820659335794729827284755 0.491605730963040554737375487093 0.497200898671037505582859239439 0.498798794150690283366600397130 0.495937981897027646560616176430 0.510264648629402683965849973902  | 0.650028167041338034159991821070 0.647546845399414872090915196168 0.403935684114342774542194547394 
0.342425924621702737482564771199 0.910752286477826134003521474369 0.496113555280000839697862602407 0.508581137018038975661227141245 0.507531203135615505139810466062 0.486305247032618070956999645205 0.498980083768809423716561468609 0.502364684773077940782570749434 0.502237645655277953338213592360 0.503460601443141642086231968278 0.493534221696706354443051623093 0.494335591688304543112053579534  | 0.607353214679969610756415931974 0.607690572188210653692408413917 0.512538243363227841165041809290 
0.738121426378165912396411840746 0.000000005339773497853691237854 0.497665482188412833242097121911 0.500003230499900697125781334762 0.500001646070844518732201322564 0.500009726030596457491128603579 0.500003863345810484197784262506 0.500000881247472439561363444227 0.505829738972724984868989395181 0.504061793290154103175382260815 0.503900107596963131584288930753 0.499999715325481153271880430111  | 0.282775614799320729186860035043 0.282744017439888306597595146741 0.916643915189141011978790629655 
0.099370728116238926652670215844 0.000249992316369044501999513441 0.503530793625139971858573062491 0.496585008760303814323577853429 0.508909298848821745053783160984 0.503656768522009135047312611277 0.513740643353984172136961205979 0.498473173009171488523350035393 0.501345138865573303199596466584 0.491559068186656622501118363289 0.502026493729119560605056449276 0.495267019646760231488258341415  | 0.699018273390318078952532232506 0.698571294089901817514487447625 0.155521461862573401324638666665 
0.425646014220462665100797039486 0.576540403229689357722520526295 0.492982387104765995555766266989 0.525816402901654544876919317176 0.491738459210102507590534060000 0.510527181224297299522163484653 0.513894340453116993394644396176 0.510837505365951849434225096047 0.501025606919584975962322914711 0.495155508258141141553210218262 0.519322667914652646992124118697 0.509948491887766586216912401142  | 0.555689315994605914639237198571 0.555916420663817523184491165011 0.620945695986266477106596539670 
0.416270355307813033629571464189 0.000000001852262696152910361264 0.512254019114655734234986539377 0.491602759518743159805609366231 0.479528287807285680255375837078 0.498156345047076898335802752626 0.514831750645933783339103229082 0.502700581967839843500200913695 0.503706789063375959258905822935 0.500722752359813783051833979698 0.486353194085516638001109868128 0.497037621411115904113131591657  | 0.562335125246597899995038005727 0.561383235042557160454634868074 0.608924183086225756511566942208 
0.393482983774449679437168470031 0.144019013097241327381325959323 0.520069164707554265625333300704 0.499210934605321010604228604279 0.494653542891392794533800270074 0.502703443943736227872420840868 0.504192126876204405050430068513 0.498465100613497413828412163639 0.503740214944285336073903636134 0.503139759576524125961327627010 0.485561980003763549174067293279 0.501484874092110621823792371288  | 0.576909377939405332291755712504 0.576462280136311400191573284246 0.579874763830667161457199654251 
0.533751469360576713540922355605 0.020637900841569769422312319307 0.506195316297015418527394103876 0.509530004288043070204139439738 0.510862903525871048238116145512 0.497756295922356761796123691965 0.505436122490378281213452282827 0.498777554415957224964728311534 0.499673238434259314733054679891 0.506147048012422939855525783059 0.518316508328662606253089961683 0.493565009383085950833702781892  | 0.473380060145278891425846268248 0.472883011407454034724651137367 0.744103237340835499402658115287 
0.520639167944753067374108468357 0.993558074365572752029152070463 0.509162092058096149571611022111 0.516450226407421331131786246260 0.488345428722308405600216474340 0.505183689403264191142284289526 0.506177202473305221097632511373 0.502933700531379757059369239869 0.499480997348819566461486374465 0.493591442741427688378763605215 0.497805682726869758170096247341 0.493456551950373689674478328016  | 0.483601026266069933257085722289 0.484090599107990238181287168118 0.730132003830740949901212388795 
0.641141231804352118572865038004 0.502993206681369486865662565833 0.499004059963640722585864750727 0.516129176238580011926160295843 0.501493544683542569195822125039 0.498750750437202239329081976393 0.514590884648767454834228374239 0.507273318331340483666735963197 0.524489064471101773534655876574 0.495340212466514162592545744701 0.512554546522390186424900093698 0.506765566654886256969803071115  | 0.378325629416930819814979258808 0.378330445356923172894880735839 0.846432939930872096923053504725 
0.746060958684830799469978046545 0.447866632678119214183709573263 0.497636846924412457049413660570 0.506385013435642128420965946134 0.496159396428915933086045697564 0.499036410378227324180500090733 0.494167733153875909923868903206 0.500476122975222703637143695232 0.498204954692302415253379876958 0.496043461242403616040519409580 0.493212982066693006455437853219 0.495863859893035607839806289121  | 0.274687962681318453839196536137 0.274679941750793354948712021724 0.921658357084197410458159538393 
0.315918122537273748928754457665 0.045669227156445599269396495856 0.495282002454145775516280991724 0.493823752984979102986784482709 0.512164235228764752605457033496 0.511561966788899424862790965562 0.477402382078345344229575175632 0.491807569413197531726922306916 0.498898925118447023052681288391 0.496698082933467899291457570143 0.501052183223468450279369790223 0.492325417417536825848145554119  | 0.622870668050853559805091208545 0.621990290417469560146912499476 0.476597397257638943912638751499 
0.076284867112785176290756794515 0.870436857296029709019080655708 0.494880347313034929523922755834 0.506965518989252017512114889541 0.485739674272925858744542892964 0.496745854358422778140891296061 0.504418773369042505727577463404 0.497686684542767820982334114888 0.506761691391324986533106766728 0.499770175372668712387991263313 0.503096548913138486014418049308 0.508095135666891906112141441554  | 0.702163771588326879324881701905 0.702518715046943520441402597498 0.119593365831620113137745420318 
0.250232248567540171979572960481 0.191166768483987614679620037350 0.502336913878108082265327993809 0.505523650111534217366227039747 0.504260062641307738040552521852 0.501045606265873022522328028572 0.499534510906253170769986127198 0.502364684773077940782570749434 0.502237645655277953338213592360 0.507929306871750863017211941042 0.490929612342609400510440309517 0.515003986148462988836627118872  | 0.653605933646178138829441195412 0.653329438165187070808315183967 0.383187561793101316709453385556 
0.725408559223445603691970973159 0.000000000555841861245247650349 0.505713576395884323311236130394 0.498442422580258281961107513780 0.501314902455637922962239372282 0.499516549925858588387939107633 0.509846474975764074599737796234 0.502119184773679116950972911582 0.498254356462514980119493657185 0.498987948504716061215447098220 0.479262892326175415913525057476 0.503906571346788956233808676188  | 0.295935201826483695874969725992 0.295662229419905664418166679752 0.908945666304246557842816400807 
0.445651121953382634011120444484 0.603932874412629661087237309403 0.489598300572457956203464846112 0.511805244390990399239171892987 0.495306296933960721329270882052 0.505466348165582890494818002480 0.510818911094216732138306724664 0.501550186637580663884250498086 0.498759007642884388822324126522 0.508451885539355719068055350363 0.487947815771899884307316597187 0.525792979797566450983481445292  | 0.541402096320968140297225090762 0.541632083799100882970378734171 0.645077524592310269646588949399 
0.187630598492125488796489207743 0.270512016816945977115693722226 0.502824523062880057722168203327 0.498985364044527146543117623878 0.506219358960348086995395533449 0.501354747861527894059463505982 0.547952353312743722923983114015 0.496106314468267528550171618917 0.519434801764514619826229591126 0.502835318889643390072308193339 0.495854673798326095468524954413 0.489873825051541200714666501881  | 0.679258036721223312781603453914 0.677858218005704560304991446174 0.291314541477676325342827112763 
0.988864520014976489115099411720 0.247131892534860453380929357081 0.499555188976255337696130709446 0.499351329085366280047253439989 0.497348388285271392206254859047 0.508397410590373355354643081228 0.501159201511278018514872201195 0.499139133502704779310477078980 0.494315380929503611628916814880 0.499631401902076055510093510748 0.499561858391440627435997612338 0.499812426164789769256202589531  | 0.012369729256607881959229011670 0.012368619722088046442021180837 0.999959938026063421823153021251 
0.769419995581134830153757775406 0.778439691366521024917801696574 0.497891631596249162328149395762 0.495389712173978313813904605922 0.496725816369343375900058390471 0.494373290365314133065766100117 0.476794896346563079614355729063 0.499550285044810193912923068638 0.510427401815361725390118863288 0.500910500631733812682000461791 0.499744471929695011080951871918 0.488385315736569625144625206303  | 0.250666973530413783599612997932 0.250853544996839539216182402015 0.935917657820551363023753310699 
0.606338880319261086526694271015 0.708325755292266157070457666123 0.497942903248756452150303175586 0.514393294884616048001646504417 0.493369401041496846715972424136 0.498145740889178512134094489738 0.495962351253294075892341652434 0.507912092859973851588506477128 0.499920046226440706327309726476 0.509199544101126777562171810132 0.491485126303842445594227683614 0.498038769805116854350046651234  | 0.410047882168792787727085169536 0.410181669511654689586066524498 0.815235773917270312161065248802 
0.299827480381423761013337525583 0.893970441154116279847130499547 0.494744982890967910371671223402 0.511202640927055695918568289926 0.494613274173251793452976698973 0.498616447780201754724771490146 0.502432712484090937543612653826 0.500383808100838267662879843556 0.496187251953981500740553656215 0.506842218147574463671389821684 0.505058103971763094897085011326 0.511240450403316448735324684094  | 0.630220591693451015480320620554 0.630535200488441360811009417375 0.453932066892045960049273389814 
0.817626023586317973723680552212 0.000000002207647412672796917663 0.498621266624053816052253296220 0.500003230499900697125781334762 0.496725482826657016577343028985 0.500167159477010847545841443207 0.500003863345810484197784262506 0.500000881247472439561363444227 0.497616398392368652903172687729 0.500329466549655932361417853826 0.481421766481045398933247270179 0.502934925011177758058522613283  | 0.199940022255501725911841504058 0.199823202990358023134476184168 0.959603681505471151069741608808 
0.847646835942355236781509120192 0.973545527754726913727267856302 0.492447940864152944318021809522 0.486440074382013087905818338186 0.500373210598138662419387401314 0.491044927531847308355139603009 0.499786129742069984427388362747 0.505471637598312706352032819268 0.507201683125071189905952451227 0.489810702560804722693887924834 0.495937981897027646560616176430 0.489244393231795082765955839932  | 0.167638577763116441987634175348 0.167797937102270533493708626338 0.972121263455845707746050265996 
0.974011113661764960092170895223 0.327494551608301875944562198129 0.499517732108269607582684557201 0.498641804755218909228631218866 0.503956627325924944038604280649 0.503980315031600345498929982568 0.496195739215795073029369177675 0.495464438946867813395869006854 0.502862095956288834841529933328 0.507160371759213468578764150152 0.496883778090769001600790488737 0.503505780723623730388283092907  | 0.028863882501436961824925475639 0.028861535274390667099586593736 0.999316804571511951849061006214 
0.276276070649042970739373004108 0.871368393268630470060998050030 0.498191231393535105542724750194 0.501697720927162249537900606811 0.497659959460597933755821031809 0.522508941229327228406020822149 0.505505197792972427173197047523 0.499428449405813990047420247720 0.502776106406485512323456532613 0.507113143368648211506410916627 0.503792832618157992996543725894 0.504120348242250604364755872666  | 0.641730170791518395034813693201 0.642208149677162887236647748068 0.420747730850964396509539255931 
0.179173555464944067594501575513 0.000005722821881713138785939196 0.491547575713926265805753246241 0.490036265316243613288094138625 0.497472434207844427245248652980 0.486542782833596476610438230637 0.538844303604702479226773448318 0.501271968605086049031172024115 0.502829642208402094460950593202 0.495430944209474144468430267807 0.508558004656627704598292893934 0.512456578657066175175316402601  | 0.681863138896209419748117852578 0.679594691506830494986957091896 0.278334722954534374839141719349 
0.729604357385847723804772613221 0.653256263059043940089054558484 0.499517732108269607582684557201 0.520362884723756802252125908126 0.487675396803742833284900370927 0.500117549811168626838764339482 0.489298085316808406552979704429 0.514312098691560248830967339018 0.499009202170230925510452379967 0.503066671999113146362958559621 0.507778314428785515488584678678 0.500313461023246808245801275916  | 0.291596801381785342144326023117 0.291731081656890878228693964047 0.912019453550214076464897061669 
0.525742745711862080604248603777 0.028636000728287664546245494535 0.491261041790474195511961852390 0.514393294884616048001646504417 0.488792415076876318735799031856 0.496826285292938374382742949820 0.503167198386257674691535157763 0.486433259345121160599489940068 0.499920046226440706327309726476 0.496901710523520501183725173178 0.501890195737990540969519770442 0.506039338897180335230530090485  | 0.479931540885656982009521698274 0.479460919991240575033231152702 0.735601317949340582913464459125 
0.752911058367815577696546824882 0.717931256933811656750776819536 0.495307823840181793428882883745 0.504300490461041084344628870895 0.496929873824876910948233899035 0.496031793282890876017887649141 0.495860421212164559356949666835 0.502226414733265458245625723066 0.501326448379833644608538634202 0.493805594722342922064939330085 0.483840633559069477342973186751 0.491012779940472043893606723941  | 0.267690665526156224007792161501 0.267776741677812291086979712418 0.926054613875368914932550978847 
0.403904249149516669792348011470 0.787696743341347871414370729326 0.497112968747730143981300443556 0.502126441162453085453876155952 0.488340307500908232807290687560 0.518215130196035711485080810235 0.519250399202428769562800425774 0.497515335848375817029420886684 0.502231038189195677645670912170 0.497639244408539849207073757498 0.496135991388849562078178223601 0.508201776108996527980821156234  | 0.569798220060317328616861232149 0.570287264364369050895220425446 0.593298848000445744332864705939 
0.452491418159295444301193356296 0.043302416217377286133949354507 0.489884940588833917018973806989 0.515169000261129772511026203574 0.489119817090536701531533481102 0.500575186199350263827057005983 0.503241188108268344691964557569 0.489016784350917166346306430569 0.499608171940576994973781665976 0.499122780500675933268439621315 0.495171351465159170768259855322 0.510523416622920223062465083785  | 0.536546923630511374270213309501 0.535995461049734056580007290904 0.652886864906335739888731950487 
0.499690160167208075048250748296 0.767263160718481329602980167692 0.488967620842487571408696567232 0.511177140531458462646696716547 0.492899869769318321743867272744 0.491355866074274783006359257342 0.499948153600857092548892524064 0.507046986416474054770731072495 0.508099087068801469335710407904 0.488017664219098257216700176286 0.482169839889637019680890261952 0.503703505616483471207800448610  | 0.500522521476071902135629443364 0.500926681600876388955612128484 0.707442626850267930471716226748 
0.984481035736917364786791040387 0.000000002207647412672796917663 0.498621266624053816052253296220 0.500003230499900697125781334762 0.496725482826657016577343028985 0.500167159477010847545841443207 0.500003863345810484197784262506 0.500000881247472439561363444227 0.497616398392368652903172687729 0.500329466549655932361417853826 0.499216571441005507736576873867 0.498471587023950390982207636625  | 0.017236186502450796809160493694 0.017235607366398911222127310339 0.999724277322310284077389042068 
0.559755748530657348815964269306 0.530739775995395235419493928930 0.502919576300373982746805268107 0.516471194302638547668493629317 0.493837600833161471935994768501 0.508312709446546606706363036210 0.497523610993958698145434027538 0.503129929431606282008715425036 0.504016723112857611965864634840 0.509009798128148616136456894310 0.494146187409978510096664194862 0.500523439805950043357540835132  | 0.451165293618097706929148671406 0.451188577753782404933247107692 0.770680474099991519310037801915 
0.873000306579933771367052486312 0.800700433435275193971847329522 0.494500665232979585983486003897 0.486209807521649495232196613870 0.486694096407370324630647928643 0.497878512709972964600524392154 0.515925600573004738969018490025 0.517853921287165008813246913633 0.519583938265033795644853853446 0.498445650472592316493347652795 0.505353635362197128877426166582 0.519683142858457292057039467181  | 0.140258724608645052311928225208 0.140493873653969841841515631131 0.981908794010550534103742847947 
0.434124920442491402106099940283 0.479875685040882793419569907201 0.513711608459146207295020758465 0.493460868611620639967441093177 0.485213770261131327465875529015 0.498073286755988664520344855191 0.508392181308063184630441355694 0.503169120155205762401351421431 0.503699705357433802355160423758 0.499762836737149107602107278581 0.499158318370329812108110445479 0.502233763300251490058201397915  | 0.549284629139042301915196730988 0.549265435052895045764387305098 0.630634790390590116437863343890 
0.167868504948119529052164011773 0.999489136602163763534178997361 0.515158465752320604558178729349 0.516301881383360306010388285358 0.488631047538894469628445449416 0.511629944135628234036516914784 0.510900612599644587952241181483 0.504511428542718687317858439201 0.506676021608068682944292504544 0.499012384597735669800044888689 0.498528987973521020560241368003 0.522139430749817723409478276153  | 0.682876873759051594703350929194 0.684416320055087568086094051978 0.261016662393711795786543916620 
0.235773163126488771723643367295 0.999999999777768988629134128132 0.501689261546813591863269721216 0.509362373660048328716243304370 0.493233445675374415628766655573 0.502973486351190546272960091301 0.498471472094283996057129115798 0.492310973130446360990220000531 0.493534037132328740060671634637 0.497960309322735161785544732993 0.486622960331722809179666455748 0.488676423510735924438108668255  | 0.659244153225854168098862828629 0.659823706163896739340657404682 0.362145823955162926566231362813 
0.228897090457284485554012576358 0.000027482386228089155397278504 0.489928815796954075789670923768 0.487516528150971517607814575967 0.503487259112618712464382042526 0.494083842900358227723245363450 0.529015950701557047253231758077 0.494759138595317060627110095083 0.498352208324212231360661462531 0.495397699465942198404633245445 0.510599138470562374791938964336 0.503801528231904938159857465507  | 0.663455668607664583724670137599 0.662078657739492371092637768015 0.352319741194274838047562070642 
0.697611208831338425184753759822 0.800700433435275193971847329522 0.501925946885529605800968511176 0.514586318794035935120234626083 0.512865653469107174444729935203 0.492072107558636229196480371684 0.506301759669906314975662553479 0.502686106615599426206131283834 0.503308772693273231979560478067 0.502396528550308585359118751512 0.511874729300407560472763179860 0.495407805190388461635819794537  | 0.323495990937426369793428193589 0.323700842148067602366268147307 0.889893074195865607656230622524 
0.541731860684848243181477300823 0.075327580043191372238808867223 0.512194184437817501276413167943 0.505372161236236405734700838366 0.510276304947078873652799302363 0.493036883527115332714885198584 0.501575337078315364180980395759 0.491758165370407507310801520362 0.491876968083282295474134571123 0.506257584206045496699744035141 0.529363426447710949673819413874 0.494098164335327050267210324819  | 0.467264545672355369188011309234 0.466391187597909762097003749659 0.752963182209923531651440953283 
0.407510297045684977135238113988 0.347655688245482763498728218110 0.510704998731396964117834613717 0.494413796466693367115396995359 0.504023100569618409672045800107 0.492744362864020846171086986942 0.506784714550277515243692505464 0.496491126859339604315835003945 0.503680307616582556562434547232 0.503911380845379675008643971523 0.509725109977103518765773060295 0.495486325319393294819292350439  | 0.567411414318895968023070963682 0.567298292118905145287044433644 0.597537154635436329463971105724 
0.496993326698565607291158130465 0.018338371401435512447752884668 0.487586554485752166065992696531 0.500003230499900697125781334762 0.486613558451873262633569083846 0.494032849085589309545696323767 0.510234017425422736735640683037 0.483814135462579342217281919147 0.502371655514941561904151967610 0.493434052665100375545392807908 0.494770191947106419139146282760 0.497409590776268062395359947914  | 0.503077949394419632334063408052 0.502455827547560351931110744772 0.704335298270478360471713585866 
0.243976993851306944716128555228 0.583370487634942147536776246852 0.497457283664784088994537114559 0.513103891254027333346243722190 0.495505277872140048600613226881 0.490198350883784939036047489935 0.505436122490378281213452282827 0.498777554415957224964728311534 0.498295498679015180787388317185 0.514498681413053771116494772286 0.506147775909855157649985812895 0.513116270520565076473928911582  | 0.656238870557826592389005782024 0.656367429628375798067452251416 0.374205552995961199247432205084 
0.141895952522707730070194998007 0.999557156822981518473625328625 0.503875952601855581214351786912 0.494932425442862033992952319750 0.480189336099152874748341446320 0.504838720807607277407669243985 0.516535918843506025588396823878 0.501118559696971388461861351971 0.498204954692302415253379876958 0.494834531982871639321786005894 0.498485047124623381620267537073 0.521086478506932126997241994104  | 0.689793979355653896767819333036 0.691101493970132541022621808224 0.221315751518603082148572980259 
0.576696220721028773859018201620 0.667385714367878413177948004886 0.502364251448972565228245912294 0.514063804839909210819826057559 0.500689490462846387153206251241 0.520191832778294394046270099352 0.503673626300108256970133879804 0.492221554255600490801469959479 0.498609727303581384827424471951 0.491378045052575040951836626846 0.492807121019222360569500551719 0.510570326556724407573994994891  | 0.436581959060266755479062794620 0.436794245990905993792807748832 0.787691848080658507669227219594 
0.763285493998295150319677304651 0.548780524386265455838440630032 0.505535665177264781355859213363 0.498851028282057185059272796934 0.493834124867006951653536361846 0.495325940160849853555191657506 0.505040258838184930034742592397 0.506581884378403124458145612152 0.506012674953490559914826008026 0.488926536263567579343458646690 0.488677252610472734328794786052 0.492784145378717231000820220288  | 0.257025430061718962448935599241 0.257045099657732645237473434463 0.932129388374339562517434387701 
0.865390993954344156513514008111 0.711421161242491884024730097735 0.516118756113320253930965009204 0.513309330980444844527710301918 0.499323840222895942719816275712 0.506062597206192288368242770957 0.490641002779311385939564615910 0.508108924254302096734647875564 0.507329557632531513711171555769 0.503979575458052941883124731248 0.486738831946514682869064927218 0.503993741702684072691909022979  | 0.148489520321990281503943265307 0.148577135370998841823464431400 0.978598101354375971006049894640 
0.648885332890710930797695255023 0.000000000960740764635963943066 0.502856224278046215481197123154 0.513577596053742313486623061181 0.494613274173251793452976698973 0.502828951550058134145615440502 0.510630443008317391750949809648 0.485384170427213101906005476849 0.489071241259525057998303054774 0.484702416851100936767693383445 0.503848932289841955345366386609 0.498932182989914485560234425066  | 0.371129534973308250478396530525 0.370590848836411801414669753285 0.852512334090216317150634495192 
0.878643247166034591089101013495 0.000000002620771165349156201244 0.502364251448972565228245912294 0.501651518796874862360368751979 0.503122164553534423347969095630 0.504101134736237965761063151149 0.505387614787820460549028211972 0.493293940681208353815634382045 0.498609727303581384827424471951 0.491378045052575040951836626846 0.501805425978820607291197575250 0.499062976043790851310433254184  | 0.134023854844546042031083743495 0.133984018062955262395874456161 0.982071538246912290048840077361 
0.148674383256394510022246890912 0.096004406776364847875271379962 0.503888301536114191492288227892 0.513943367833545439182785230514 0.508485839449623999719563016697 0.512584792199464067685710233491 0.516911293911850311388889167574 0.503188809956895410913091382099 0.503567615034533400120153601165 0.506810192964541550431079031114 0.504535813780621400503889617539 0.505431614048010180439973737521  | 0.688861962292373175564819121064 0.688123968945964281651583860366 0.231615730236981648415550694153 
0.212850937214067004177309172519 0.191085612353273065489034365783 0.495343827219626886559922240849 0.502709823371798703028900945355 0.499399407851069510044794697023 0.502093757484326608242497513857 0.498231045142646877810221894833 0.504267314546388067952875644551 0.499245536521314148270533905816 0.501273299131400174033501571103 0.502383088008927058965014111891 0.509851882532919575830021585716  | 0.668109717496230048894290121098 0.668005976536140355648285549250 0.328203470891935689124352393264 
0.787209911445950205610699867975 0.384030957521702409618313822648 0.497746845986318409149617991716 0.496787630369939114949318081926 0.485142853165272502913296648330 0.502549791254400357587428516126 0.500003863345810484197784262506 0.500000881247472439561363444227 0.515022601145209146800141297717 0.493132354065208111659757150846 0.499999078368175864373057493140 0.499999715325481153271880430111  | 0.232115279492813991746302804131 0.232071714359819131212603338099 0.945143604389426905676430124004 
0.758564725822496010998463589203 0.558485148301026468331542673695 0.501542937910906094778340502671 0.504316537446766521846086561709 0.494560941478974558371817238367 0.503392997255159735381369046081 0.523974184726955782842594544491 0.497556615719933925667817220528 0.502543911328036552177422890963 0.516848083567221117107237660093 0.491080238154720127852215227904 0.530210110724942174087459534348  | 0.262242671221098344602751240018 0.262335281086348792722873213279 0.930732751482304943024814747332 
0.682415385288024367582693230361 0.999817927945210516149643353856 0.496562483817855560008780457792 0.513041905156732314097212110937 0.508224618219035195743060739915 0.494855304815220164993405660425 0.490913421779416547785501734324 0.505260192394250351455298186920 0.501487811791591298060666304082 0.498550940024946931394822513539 0.487439512992865031648648255214 0.490035058804940415466688818924  | 0.338344908655503262551178522699 0.338688934552778930786587352486 0.878696885995437826366583067283 
0.272942603651758819438555292436 0.043302416217377286133949354507 0.489884940588833917018973806989 0.530887810463839593388968296495 0.489119817090536701531533481102 0.500575186199350263827057005983 0.503241188108268344691964557569 0.489016784350917166346306430569 0.499608171940576994973781665976 0.499122780500675933268439621315 0.504013291525028050976686699869 0.510523416622920223062465083785  | 0.644691001910762229165641201689 0.643367855688822598558829213289 0.416318805676432368567674302540 
0.691476126048116146449729058077 0.357606648395588533340117010084 0.506948732247452182875235848769 0.500304118931922503499265530991 0.497366241932202968190068759213 0.495895200465980068305071881696 0.496357228392521665494285798559 0.496116768592013757110947835827 0.499094909506161921175504403436 0.503717592480729114967630266619 0.501434496357407333277933503268 0.500466952237695994476496252901  | 0.329473802811588056815850222847 0.329456497855463159574185283418 0.884952145307844717514456078788 
0.624270707613562070292800854077 0.656324675532547696654717128695 0.498191231393535105542724750194 0.501207318449383265601682069246 0.484871148349970970681255266754 0.505295905030631153920239739818 0.514415648416391313446638378082 0.508863299449503703186792336055 0.499237302456865095212634741983 0.511167321258426898822335715522 0.503792832618157992996543725894 0.504120348242250604364755872666  | 0.393729951856892912420704533361 0.393866139398095282952994011794 0.831418094043657296410287926847 
0.437663152408997779829746832547 0.000005722821881713138785939196 0.494769543186248328403564755718 0.481320241476240584521661958206 0.505215559864516938759493314137 0.504320537504892252300692234712 0.552007105560945565692065883923 0.499605306686750794131768316220 0.519108958113316920623958594661 0.495655068433268675143210657552 0.497255249452074443716753648914 0.509670549026521535473932544846  | 0.550008087734208839236771382275 0.546907401875328158524780519656 0.636883601981156677318551828648 
0.715267195734083371938538675749 0.106291661789433486418054997102 0.503649858740693012748579349136 0.517561564685866115631540651520 0.491201374331317885957304270050 0.499522187344354051674599759281 0.507933202824718876833287595218 0.487882377723200477692699905674 0.500876795035386401799826217029 0.509084589142692389707178790559 0.500628738332209000105876839370 0.513769880332228368047253752593  | 0.306256299650910612797360954573 0.305922504605377842956670519925 0.902432368073226243154749681707 
0.566899182279737789968976358068 0.782194868343998539472750053392 0.501614311498894793750480403105 0.525818913998510661933494247933 0.496749084322340495045722263967 0.505431823149697256880585882755 0.504815917886065279596152777231 0.506765547832900620228713250981 0.502347181904664985552244615974 0.506678243421250340539074841217 0.500422885376824000402962155931 0.505544929332901404883671148127  | 0.445008736411320715564698957678 0.445347581999726793711147365684 0.778043753919953062769820917310 
0.575078532867969838271449134481 0.000000002137321109013903929770 0.505929299646573293891549383261 0.493257696581762494769662907856 0.502066936477208902722679795261 0.494168788923665169843246758319 0.495437980535938182757860204219 0.502906953147041813068085502891 0.498907156243196425737806976031 0.499465430941466725922595060183 0.506843022775322560313782105368 0.495268021135019109735253550753  | 0.437868042753776554043554369855 0.437717575116833346182687591863 0.785565180345382030324685729283 
0.458844996603537280677187482070 0.149398225288356556461621948984 0.506255917981396241778213607176 0.503314515674418538893064578588 0.503327653140153041810833656200 0.490369096415044669612370853429 0.499323795281693461056704563816 0.495007053599881008398853055041 0.503125833678479295052454745019 0.501603912820944852768434429890 0.510064235757801909265651829628 0.502233763300251490058201397915  | 0.531501599167914950960778242006 0.531327248292371212556872706045 0.660146507714642449826669690083 
0.030034112510143262664286112340 0.042436770450128662168776116914 0.492391007750529352549051509413 0.500144271036176535361050810025 0.473456101593630052093431004323 0.501939830959635902019044806366 0.509448401269536277347071973054 0.496360205586665714783123348752 0.490327279167547758209622088543 0.499997210245171075371217739303 0.495364635785127405132044486891 0.500958400498727529637221778103  | 0.707515303223820612998906653957 0.706515471878883416501082592731 0.047206415565396404876441494025 
0.975366444220394090969250555645 0.310183419811102478735875820348 0.501411006751952381677028824924 0.503242129794465586911655918811 0.488026450662251587431228472269 0.501825955303481507918661463918 0.503040631901447876650479429372 0.509534314811882271811782629811 0.497254948125116336132833794181 0.498052262971422077253436100364 0.500675046863603756541749589815 0.498529607676839459085016414974  | 0.027363878736020842696863297761 0.027359420700154405553528036421 0.999524562119601278631364493776 
0.715267195734083371938538675749 0.000249992316369044501999513441 0.503530793625139971858573062491 0.496585008760303814323577853429 0.508909298848821745053783160984 0.503656768522009135047312611277 0.513740643353984172136961205979 0.478241803979289170634103811608 0.509680514363264558497235157120 0.503431771489199375579914885748 0.502026493729119560605056449276 0.495267019646760231488258341415  | 0.306316857788573593257552829527 0.305879403250837178518395376159 0.902458197922453297934453075868 
0.305285000729990096957067180483 0.999887625009307612344855442643 0.495134152075420830296792473746 0.489441880950390928450843830433 0.487647707268629049259800467553 0.491536819435612171158567207385 0.500175319614570845772050233791 0.500506303258752671681008905580 0.504027176430649537230976875435 0.496675211653515413789961030488 0.496812988766797969386601607766 0.495220443399894239000502693671  | 0.627406624800919021645029260981 0.627820333049181944495842344622 0.461565341012057817060565412248 
0.462829434220537738742251576696 0.597342128740215971838267705607 0.513398515559554180498480491224 0.518837511086436276031008674181 0.494655706481689938502910308671 0.508560759403588580340738189989 0.491491398351343034001104115305 0.504615468180468207393118973414 0.499838008338390260565375911028 0.507469512872744998865925936116 0.503512790629091377958559405670 0.501576568499153996327777349507  | 0.528683361808159002492857325706 0.528812706332353221760911310412 0.665171251381646233546973689954 
0.884168494522256320777842120151 0.999919809836903428212906419503 0.501411006751952381677028824924 0.505379385141251136204232352611 0.501183145145795760910800709098 0.488940912051124276782587685375 0.492654467379921356950944755226 0.518084018835777482259175030777 0.513632376108484334231718548835 0.495265631926675664598036519237 0.492718048110872386402547817852 0.505127188085279232865332232905  | 0.127970357248768762392643338899 0.128135775608818697213209247820 0.984302733441047905671439366415 
0.685170453863648609704739556037 0.514235695736973252856216731743 0.518319777683337479246006296307 0.524043356413834149343244916963 0.501407350475119750754515735025 0.504405057580627480540158558142 0.491414901067138698564917831391 0.498617283160957602827778600840 0.499555189962860968222457813681 0.507691475577320749934528976155 0.510133404194428097255809007038 0.498350953104447158548140350831  | 0.335993213660438050371936924421 0.336010856487778841739100244013 0.881225037467110894340294180438 
0.545355050882762482089560762688 0.050298738932016570646332809247 0.504071504661437685967939614784 0.512746618153638977766206608067 0.483706900464287326002477129805 0.492926647168621945294120223480 0.492226137080733261441878312326 0.482763793159582232927817813106 0.502498291713404432456968606857 0.494763100271264189000675060015 0.499893123582937082272081852352 0.516853862632919991426660999423  | 0.464064310933194945629765015838 0.463298893590148030963149494710 0.756531176849156050678857354796 
0.062544830691651953635812333232 0.000000001697631916408254116594 0.502252023389130441977101781958 0.502053841643615550438539685274 0.508475189238602354180329712108 0.505709571897082210689688963612 0.482233589938553974807433633032 0.498004269867943605287763375600 0.494747043421504273386091199427 0.503225559432707969520492952142 0.492891333400766851191576733981 0.497815040470492520263690039428  | 0.704358599758886816388780971465 0.703776458207570621006254896201 0.098138878629846021395266575382 
0.777110459826661825744054112874 0.999645814718263303610967795976 0.499199665790584501401383477059 0.503110400043862315833109732921 0.495221453260792643380483468718 0.498867567450611615331723669442 0.494709864543857458230036172608 0.503632463213554704140051399008 0.497749586465121740541661665702 0.496799835430874248132226966845 0.486665386122578258465409817290 0.496232095232826631026057384588  | 0.242555891952300206604320464976 0.242663605820462646711632714869 0.939599354697828292870553923422 
