0.072575581750791706703296313208 0.198304062201979491852910086891 0.689386361923952417640748535632 0.654099914645218438735696508957 0.465066917501743115614942780667 0.403031406933476832321616711852 0.493091074138475415900018106186  | 2.847278984547428226647980409325 11.510868563874332437535485951230 183.479020298532930155488429591060 
0.904085414051729374662613736291 0.607439837744709665301456880115 0.969936018081157258485802685755 0.410006472070766236903693879867 0.567105078653604710581248582457 0.748644266783546119548020669754 0.583218930297868642931291560672  | 159.119258000030981747840996831656 102.831388159110872493329225108027 27.790391676198922255025536287576 
0.921819586921861833239688621688 0.143854950910212942005728109507 0.819297832116623325759974250104 0.707120534794084876217823421030 0.627669127726006359502264331240 0.998811664651587993724035641208 0.700145469656795471635746253014  | 15.764021497467251009538813377731 93.818731113573321067633514758199 9.293819514052893637767738255206 
0.799538303651514126180188668513 0.260350141941627533093139845732 0.450546435574999404316542950255 0.225908714782469877135895330866 0.249146491294027105922737064247 0.276534095190118955898128660920 0.284534166258682774675037308043  | 69.127840624401613922600517980754 196.390895447194594680695445276797 66.571339987255001346966309938580 
0.023857748073723428205994423479 0.492421482666307919195958220371 0.074014004515129294681230476272 0.724854707664217334794898306427 0.836914833672304125933294471906 0.951883568840704574753885935934 0.997259532380114110949875794176  | 3.846443040204395202863452141173 3.964838911543753674493473226903 319.599416141395863633078988641500 
0.134210157307209421162497164914 0.958476268010538756669802751276 0.356584916910051230587441750686 0.843639173843723666479377243377 0.071582519194070437507093629392 0.288946562880357582514534442453 0.414241069588169752435646842059  | 38.848074087624524963757721707225 1.683001520809191520200442937494 261.466004356664370789076201617718 
0.282221585158993759634427078709 0.545423533770781010510120268009 0.343936831491020722495477457414 0.545154877310462082640185599303 0.380357437043876145388310305862 0.543730924233258194888662728772 0.475606988684268539024913025060  | 57.651034211392442330179619602859 48.048538032625899063532415311784 268.827316563834187945758458226919 
0.213293668094966415438307194563 0.887539576530008922361503209686 0.776831752837416011914228874957 0.831910767312786236793442640192 0.821958266510844248742273521202 0.347720874086574371908398006781 0.361389228529675365919615614985  | 68.180881732708598974568303674459 8.639221320355998656737028795760 283.341095069616585533367469906807 
0.737502793083247842886862599698 0.656840382265104327785820714780 0.330856760194533694452445615752 0.444555138922938075651813960576 0.136506157228424185312576355500 0.060446240208005708183236492914 0.535857318550639227794363250723  | 212.041240332867005236039403825998 110.778802493437197540515626315027 114.900391392939383194971014745533 
0.680989455200799675971268243302 0.995765402482596484468047037808 0.284883493494610950946821503749 0.203220733012765109037900401745 0.239282098806847920435814103257 0.376664709611399750599503022386 0.763497513866336796617417803645  | 172.043588154370212350841029547155 0.731633524791419853627871816570 80.936815063340247888845624402165 
0.275566907883365130871311521332 0.231513546109816337192910395970 0.414375459631039944063957136677 0.111272088121579071362532431522 0.923313716819379459721517378057 0.967627536338727889386746028322 0.438391875430783284350866324530  | 16.836836456591676380867284024134 55.888223219204910208190995035693 191.185655273248670482644229196012 
0.704779014320128460724390606629 0.878187840695895505227497324086 0.887757262764351740003121449263 0.539031302106871113011266061221 0.627693783993578446889216593263 0.693000987879189733753548807726 0.047866343743369843544144259795  | 177.254982518065588692479650489986 24.586781059080745848177684820257 84.548380675169184428341395687312 
0.937507847286705109368654120772 0.664408467456211626611661813513 0.301057515121664898138931221183 0.270894113639904898782617692632 0.001494129897517626481828756368 0.849326663812598470215675661166 0.755255534997773647631902349531  | 178.911432661753053707798244431615 90.367845711598434377265220973641 17.949547660145714900181701523252 
0.117302818103203310151627647429 0.466974464232323915879874220991 0.308085005327733640889675825747 0.013379654996992451643222921120 0.182727523478353415242736446089 0.867846125527953815570469942031 0.434151445649201939147587836487  | 12.310995584033170402449286484625 14.052320886111848707855642715003 198.382490122076063698841608129442 
0.420623114671641262773960079357 0.577527340971734193253439570981 0.941965561613092861037443981331 0.838951909913129734164272122143 0.597419147988373033797415700974 0.325536405330614675435185745300 0.348508274423137809350237148465  | 85.865074525003677763379528187215 62.811998287738106228061951696873 204.791549397443446878241957165301 
0.149137968843837565025012281694 0.138909779433596503039893832465 0.774091922767474405198129261407 0.683312406630362745296736193268 0.060331713408010467780684393801 0.466608679443342944104244907066 0.655346252367586701303991958412  | 7.395147254061962271975971816573 45.841905487765252757981215836480 303.728065896550901925365906208754 
0.481530096381935224236769954587 0.689299603925164428019911611045 0.019203339125220875160948708071 0.593471775975681792303362271923 0.227772313222905586904687424976 0.667609800203807224328045322181 0.813037879004243069225310591719  | 68.294952217388257054153655190021 30.783810962639442720956139964983 106.679431218358146793434571009129 
0.417037367966657135376351561717 0.769069287363563169890312565258 0.818658984135206657661854023900 0.799137368639665557346063451405 0.821531952253243935579973822314 0.436614997970235396707039399189 0.634094398121443303395494694996  | 79.080509458607849637701292522252 23.745738784515676655928473337553 143.737384038731534019461832940578 
0.088839054300425268628771391377 0.762763813698441262012295283057 0.774175747975541894696505096363 0.828717756905131386346852195857 0.664299952663308879152737063123 0.896519440351962626500892383774 0.194875434065532759930761130818  | 15.083382847340164545357765746303 4.691261120370896264830662403256 202.814893071253123935093753971159 
0.827425549356341272222437055461 0.072422622663528168907021154155 0.972347531625991745585224634851 0.211470891497254509516778853140 0.358566739818205415524232648750 0.918304508161484234207705412700 0.070936691480529834308299541590  | 17.416282143050796804573110421188 223.064958421323126458446495234966 50.156679368658792839141824515536 
0.073285201898759311234243796207 0.603284313436097674454572370450 0.188456250893274557256518164650 0.432289295845941334839324099448 0.986186247634210477741589784273 0.298643833967996652489773623529 0.667837095592658358533810769586  | 8.627601817526121763535229547415 5.673452636196206100294148200192 180.841403821533361906404024921358 
0.486553053074489705309702003433 0.576764657026757054936183521932 0.548633125356910111847241751093 0.779007071227528546941698550654 0.671387631950760677135292553430 0.646447366696099368077454982995 0.748809584066602806906587375124  | 114.321007980467740594576753210276 83.889833456656234034198860172182 209.166812828213721786596579477191 
0.277665608949783981884706918208 0.942432469561167107663379738369 0.402543713922840273866654570156 0.498110855974273403212748689839 0.276085651759609640443215994310 0.176790437217845819439787646843 0.927438887936341993523114979325  | 43.816006958042493124594329856336 2.676456293403963737631556796259 120.948018222997333737112057860941 
0.415525182949268989673896612658 0.612375715149832910988436651678 0.987046511509251156546440597594 0.863324366007245269649672536616 0.466890001474312144047473793762 0.049240800535993889397445855138 0.703113356290953950278321826772  | 77.779551643649810444003378506750 49.233244127683342128420918015763 178.655310478775902538473019376397 
0.720559505157224222671175084542 0.925634680383023433769551502337 0.741219260148415881594985421543 0.090845143177050169391861800250 0.264404753647332957378068840626 0.638030296739128588434653011063 0.097681655412802492755020011828  | 194.858460219809074942531879059970 15.654892779429811611180412000977 81.639274913573700587221537716687 
0.172211617439107289584399040905 0.050327784573062750439476076281 0.543866343303459953695266904106 0.494182528409068289043659660820 0.231550684198603029528840124840 0.590728198326151865416022701538 0.486678161938831621569079288747  | 1.724952972038998000314791170240 32.549414291928648879093088908121 164.750342994542080532482941634953 
0.597385310757696075256717449520 0.901278868968789392823737216531 0.248774769714039889478840450465 0.006564374545281026485099573620 0.582499718915699848942324479140 0.840379037847090115675996457867 0.209098256656282899257348617539  | 138.171931566990934925343026407063 15.134593554453717345609220501501 103.322692840071184150474437046796 
0.505457530151679601537750841089 0.162230090961260620119332998001 0.655453383527251465245910821977 0.197745003004260011536530328158 0.145302011097506400538748039253 0.332065941750343429639258374664 0.512439170259047505062710570201  | 24.223128432967058643043856136501 125.090283705545317616270040161908 146.089076164918083122756797820330 
0.924051497245941599878449324024 0.794258999106812746404671088385 0.888504592221407984986569772445 0.126432216528889362905374582624 0.617509311019595608094334693305 0.942686709771029751614435099327 0.082582128617688765892523861112  | 183.788324479910414765981840901077 47.607636644345447507475910242647 19.018611888084056005254751653410 
0.317082441158307082318401626253 0.188278872901376681525675849116 0.184709470011929055566213264683 0.049062055938403292820737533475 0.847530715097813414082850158593 0.028890839235744092405866467743 0.935868095015886081178280164750  | 24.273527053738753522793558659032 104.649738099083748466000542975962 277.668991049898181699973065406084 
0.820043995007140424924330091017 0.657731818127183287536752231972 0.066987395103326741185867376771 0.671332907066166217902036805754 0.765208796975081373403781981324 0.760071799422017524427985790680 0.467073704052326510449688612425  | 214.073017067808308411258622072637 111.398567501958936531991639640182 71.423687575885423939325846731663 
0.654980569758907726907182222931 0.350885195748197764586961966415 0.542838504228370544169024469738 0.254981801429181142992774766753 0.814608764069545965291752054327 0.594127288628334859765800501918 0.308125369363427825675216809032  | 53.499623698491795664722303627059 98.970826314122007261175895109773 80.315768468243987854293663986027 
0.798532550377386129980550322216 0.008263014559361403499337939138 0.947322312489025875059667214373 0.449751423837751906908977161947 0.912972185400873437188806747145 0.123149561500703996763661507430 0.202797069475249336356625917688  | 1.917742725492620925464848369302 230.169797689156155229284195229411 58.555014237587137415630422765389 
0.514975504067715861289400436362 0.558314433393182207865379496070 0.411506689191462604604510033823 0.932996380198968577879270469566 0.419690766835504880383211911976 0.926052403691529857354680643766 0.136070071993708019419955235207  | 81.035636012116455617615429218858 64.107729742586613497223879676312 136.701818352573781112369033508003 
0.488702970292022365050854659785 0.314354311742859438005837091623 0.115426014863373338492635866714 0.185398468088182388768814234936 0.858213060908085134670386651123 0.962619025923309057368726371351 0.907248289532079477126558231248  | 40.440344445435947307032620301470 88.205399973415822501010552514344 134.593384948379338084123446606100 
0.840844619457705499954158767650 0.603617714375925151770729826239 0.837176641734078574863531230221 0.533533391372957299658708052448 0.504176155699686101563372631063 0.976729184756915724818782109651 0.344507575269060839495693926438  | 163.597070604640265401030774228275 107.430546226952870370041637215763 51.300207548599416895740432664752 
0.975532406820534547797763025301 0.003282655028185366141713075194 0.414712241544346271737708775618 0.427711205703313890325034662965 0.524267695224506558027144365042 0.905575751966844477713891592430 0.255282492702408103646405379550  | 0.764533305643675276108695015864 232.136365229011403243930544704199 5.841450675176022677703713270603 
0.765018703176424175183001352707 0.123009652246873435466056889709 0.711460643104105394662894923385 0.540187868943721727355011807958 0.621513783273026643172443073126 0.704617980143767086431694224302 0.472333350039000898767937997036  | 19.616852879669043119292837218381 139.857241399527254088752670213580 48.983677559643702181801927508786 
0.208774334195241606515480725648 0.708713881142857160533310434403 0.857960507443001896277223750076 0.919227179964312024473827023030 0.629897062318247935586157382204 0.121447178385950427248474170483 0.846709040048511663023589335353  | 53.096859387184018430616561090574 21.823162359195684700807760236785 283.936453764235466223908588290215 
0.566109319471454819350242360088 0.910474226160120303497080840316 0.839076357249011417493989029026 0.590844633600149493624087426724 0.893413127819081553937508033414 0.370821344674072239655515659251 0.483995319334854845472193574096  | 104.318571367765187574150331784040 10.257512578865092933710911893286 87.816068956988530658236413728446 
0.041746560522181397345775621943 0.194468931135343803262571782398 0.147953482224449262005805394438 0.000139909253830561297604617721 0.491336426371143941693730994302 0.974787635123994133934388628404 0.936800650120155564692936422944  | 2.283348686222821388724923963309 9.458108794374364691748269251548 269.514227628084768184635322540998 
0.706888709047695518172815809521 0.460663030159967679111332472530 0.210916432640263273867731186328 0.217338522548672696821370209364 0.278109564550706123142731485132 0.569475790327710340577027636755 0.225761963316363001297304435866  | 69.356975971728303420604788698256 81.202047502857283234334317967296 62.429275174879755638812639517710 
0.485528952545125402906478484510 0.063951289702231961520340064453 0.011504020859573471646797315771 0.396509706451854238018484011263 0.996774063371959173629477390932 0.001768262208694082460169738624 0.012773080775775658146642399515  | 2.480167637043919182104900755803 36.301968713794352083823469001800 41.093916658037301203876268118620 
0.943763513914997020926023196807 0.162712046698885060003192393197 0.020180836364831256091179056966 0.934982624234734327473006487708 0.150038644133717036233122144040 0.827578924596085285791957630863 0.003142745774354804844108457473  | 48.952052896410251037195848766714 251.898768475168509439754416234791 17.926941209605129046167348860763 
0.923375815173202330043977781315 0.452923570579319756390646034561 0.587467045104350993334207942098 0.198687042919148959541075782909 0.794619462542440424535072907020 0.554102270536160901315270166378 0.905671129698200738644686680345  | 57.439836459286425451864488422871 69.380316410693396278475120197982 10.523874108018857143065361015033 
0.433351078553399271520163438254 0.970712078616011386777984171204 0.395751819956663641875138637261 0.219089027598641683525215739792 0.408382060336768937247597932583 0.197270313335668134868683409877 0.312204174691002922514826423139  | 28.134398129707275160171775496565 0.848859367015927679389619697758 37.898444040686882772206445224583 
0.861186444071042722647746359144 0.917458917755617942013657284406 0.686133548403250914660134185397 0.958735131687065367245281777286 0.826528203683680406932410278387 0.631126695236720491877235872380 0.760435582026403267263958696276  | 273.375785740466596962505718693137 24.594815939689794959122082218528 48.029505185872729100537981139496 
0.011497432652926131702031398163 0.587701887825794688779978969251 0.970037312645879223893530252099 0.917897774094752483264869624691 0.896528274230503852137985631998 0.843059517603032437804699839035 0.399849468592903378727498875378  | 1.518949709775051726268202401116 1.065608450135599127861496526748 222.209814456211887545578065328300 
0.593851211688288360690535228059 0.094468779555629822652917937376 0.057985347817744670173567556049 0.004075556507982747156404457201 0.541048830163491922817797785683 0.487799681449053834647600069729 0.052280969823198741863734539947  | 18.732996941502971566251289914362 179.565287736470196477966965176165 135.620853272796324517912580631673 
0.013646119304595138999047776451 0.905134347857669774306543786224 0.416923120479663400494985125988 0.652016872572092398563370352349 0.149942695665642222735414179624 0.799395404141874488246344299114 0.105216158015166594275058287167  | 3.068121753084291913893366654520 0.321564828080283193756372384087 245.009620614042631814299966208637 
0.184975817175893064714387037384 0.765383011215133746141248138883 0.236338481345555906365518694656 0.990270829555767950758138340461 0.425071192949980969366663430264 0.973726201269117797032492944709 0.244814272604132576738322768506  | 45.882429178634680511095211841166 14.064588858506013480109686497599 264.133280416884872465743683278561 
0.123652562134327403953193424968 0.091923106631701889668306648673 0.750189175540813657505623268662 0.233727712907796925101422402804 0.908673966218724982191190520098 0.865390467355457659870410225267 0.448848014071337009234241577360  | 4.363545885109278543723121401854 43.105975598669701298604195471853 336.424840787594291668938240036368 
0.046418214940859070516410156415 0.710887361470095124893475713179 0.742338492719241682671338367072 0.540456151231565762316222389927 0.000536781840530964338142894121 0.016427958073735871025178312266 0.318695206043918988214613818855  | 8.909820551542290800739465339575 3.623558200777952542637194710551 257.476546624794764284160919487476 
0.245809124291021419139724457636 0.419693623456767195278871440678 0.303165902321602342972539645416 0.012294496159775070154296372493 0.546821163475869176373578284256 0.624847962725486816282227664487 0.927188088199849991255518943944  | 25.265129359764074479244300164282 34.933853773861365255015698494390 184.702353654645719416294014081359 
0.712407347134133117627641240688 0.713920859082932790506959008781 0.702875641549353002979216853419 0.539203588605018602208929223707 0.010246406485589609758335427614 0.777769719745129206600608995359 0.679027921607069706588788449153  | 101.041126439195579678198555484414 40.488743648909121475298888981342 57.134378192671725571472052251920 
0.104646845290421564023120026832 0.469049760023415474030628047331 0.850110059289644781621575475583 0.132172156132937312911224125855 0.657510975873661696056160508306 0.053395060456722598374312838132 0.093931997715098858314775043254  | 19.713301353925039904879668029025 22.314865024288074835112638538703 359.590881588061279217072296887636 
0.041557389744008799148389243783 0.685380350464063758941790638346 0.295239705872470503678073328047 0.068106057992286639368728629051 0.749115067501596398891194894532 0.001351623144820068844751403958 0.358313184381800597932965501968  | 8.405358465604102491397497942671 3.858428291505178187037472525844 282.841050978213445432629669085145 
0.792075157754176584212757461501 0.724828784372242407307851408405 0.499194620964902413540187353647 0.086988057007741370618703058426 0.391295298932233803768099278386 0.482100175626540061735170183965 0.226179422610115143932318915176  | 68.131323225668879217664652969688 25.865113856608221709620920591988 24.674671539272722498026269022375 
0.226092074859966296607183267042 0.212501109810638744157529345102 0.746043271342911262777874981111 0.869079355978696233009372917877 0.775764512580717102707694721175 0.273542502844682622331617949385 0.959750950498764576757082522818  | 18.592729245159581807911308715120 68.902010249272692021804687101394 299.492462726713768006447935476899 
0.092678199667151961449462760356 0.180332652451074326727109564672 0.814741968503626123876415476843 0.823833077611448860722020981484 0.763467663607273250292450939014 0.751178509068388566838336828368 0.642781303477808485524747084128  | 6.059874091946982233025664754678 27.543990818713464108213884173892 328.982644444793777438462711870670 
0.993223425217645283780143472541 0.539104528086745693471470985969 0.642223597458730366405177392153 0.224352800319559286812420850765 0.593866421671676580906762410450 0.746614503326119005599537103990 0.332705566449025824660168382252  | 175.693013564673833570850547403097 150.204849300992179905733792111278 2.223539218917259141505837760633 
0.911870603389368539204440367030 0.530194320533235008419126188528 0.320641740865754032441259369079 0.398755887865520519675044397445 0.714686978389211247097989598842 0.843327991155436884618268322811 0.938156346502215687799264287605  | 125.374917333793192142366024199873 111.094830602584622170070360880345 22.854049823341483715921640396118 
0.429333138704670380647598904034 0.579452638106254025451846700889 0.917568206818437648308872667258 0.597437067294054879873499430687 0.864285953103443582712372972310 0.280813767678972703301099045348 0.705582096416142223738177108316  | 41.132682934334667379516758956015 29.852726794341350569084170274436 94.353352480186345019319560378790 
0.098931550221256214783238647215 0.489390852655128827386477041728 0.664287550656016412276017035765 0.514290532369976904902841852163 0.451708400256368491909597651102 0.817204589424449512335968393018 0.091513928792387178035028227896  | 12.030844875675692051686382910702 12.552460697781286924623600498307 223.904719919699232377752196043730 
0.548625202546351498078536224057 0.735400491543260814708560246800 0.837244464112227859686754527502 0.471157302611585060425625215430 0.037671443516046565491706132889 0.393319269888656064537713064055 0.010141805983031160209861809562  | 111.398569703702037259063217788935 40.081570688818878522852173773572 124.628466520634660241739766206592 
0.594489817607073867122835508781 0.243660065852304486000434735615 0.453138952430018115968834990781 0.052767036921869681087571279932 0.646726784503861118480472214287 0.308523868041528648298310599785 0.615064042516583864284029914415  | 49.131434141850036212417762726545 152.507820817685484371395432390273 137.541079148067893811457906849682 
0.881757318239467680065502008802 0.588265588299723529708273872529 0.070182416164574878969517612859 0.174610952623426407548379302170 0.470360097843635749370605481090 0.428390649011135549173445724591 0.666042120081097421824267712509  | 173.486410876243553502717986702919 121.425299627977835825731744989753 39.547334409686833112118620192632 
0.363033568247257631966817825742 0.006628488186999348386052588467 0.671953734814886072257422711118 0.202553306522037068759800604312 0.907380811934547670816186837328 0.155978961105417424093388945039 0.067947225475160633045845770539  | 0.633686667136303838354649542453 94.966795563362708776367071550339 167.737375731403602685531950555742 
0.604552153942683800913471259264 0.831033530430903222274707786710 0.583724615688645420696900600888 0.152124685719045138476701595209 0.089045500596721338659733646637 0.458731650959350423235605376249 0.477427283611365327331554908596  | 143.387782550300954653721419163048 29.153730276446555791380887967534 112.862338109007794173521688207984 
0.673914956361892913960787154792 0.090232019823991871376733797661 0.099622935872627382813959684427 0.255062402855713354909994450281 0.867973930337640808829746674746 0.254722186081243973099219601863 0.109092540262618276081241219799  | 18.458961288911869047524305642582 186.113221899697208527868497185409 98.985678611914067914767656475306 
0.489177557807302099135426942667 0.931394947212957458049231718178 0.501252384856185950745555146568 0.274185279491973354915046456881 0.033628361601256151480754397198 0.896378243699219146023438042903 0.582010040720581156570290204399  | 82.284467080760194335198320914060 6.060941413222520779413571290206 92.254472027895047858692123554647 
0.508308589550598988182628090726 0.446343306894816271856996081624 0.847156246313684690996126391838 0.986171058993546290061260606308 0.507789313103741757338127627008 0.396500516827306359601834628847 0.646354990946539476048826600163  | 55.050663270292382378556794719771 68.286378912050523126708867494017 119.305015649861928750397055409849 
0.378512813152877436451149151253 0.993730019000219733094070306834 0.363756487154153651530918978096 0.303087250064664193160979266395 0.910518870110403777395902125136 0.571542332488713000770985672716 0.988597662996591131090440285334  | 71.834479975212119029492896515876 0.453242647360919126420242264430 118.690548417823080740163277368993 
0.585165022092377307139088316035 0.798044850840625707988351678068 0.537634244241242842399230994488 0.819346310234226549162883657118 0.683669095303626406234798196238 0.380504933383281729319946862233 0.314080308807750174793227415648  | 95.043744844837036112039641011506 24.051998639657714562645196565427 84.429311821517117664370744023472 
0.036554054563318727488763215661 0.278232708924207261524941259268 0.888350057123054592800315276691 0.920082059460536560990817633865 0.219698813186281149967271630885 0.515877321933572940970691433904 0.020457429193453058324791982159  | 1.753030610355936325106540607521 4.547560779973643718676612479612 166.063089344887657716753892600536 
0.164164421711144314919295084110 0.806052789694730709157965975464 0.261025820988008194767360237165 0.777466147952539987642239793786 0.074217206474940899951775463705 0.240795666788530149382552281168 0.527946280366239029113728520315  | 46.837217458627549149241531267762 11.269668414648563725677377078682 295.848528263400510240899166092277 
0.673205745578241643300998475752 0.580582353230332137705715922493 0.100447837600130207569293361303 0.873566628866973116096517060214 0.679382432770739619343203230528 0.136280712120650071561556160304 0.270885709589765322213850140542  | 102.621073431891147720307344570756 74.134339234223233461307245306671 85.802377173145728761483042035252 
0.415953840569000976579161488189 0.940982094047963180116767034633 0.831419875774322081340983459086 0.976489477157036711574278342596 0.220742483139563683280925943109 0.569095498346765538144609308802 0.711696134026676308081960087293  | 100.392160018826373857336875516921 6.296543893651310064285553380614 149.802987008163057680576457642019 
0.985375062922613009774863712664 0.253727850298520296590254474722 0.869463939890111836561459313089 0.090325454004488436865472067439 0.320984219732572961802929967234 0.730842441598059000540388296940 0.372126100419875371905220617919  | 65.315347541516501905789482407272 192.107507161546465113133308477700 3.820670112299462406468819608563 
0.606360579525154541613574110670 0.458224778627307260947532085993 0.834583567525500114037129151257 0.815918163596974221896118706354 0.545907153346409268479533238860 0.504946184285904320354632091039 0.314347586229480113750867076305  | 65.005386256872370154269447084516 76.858147294515688940919062588364 92.095497331659188944286142941564 
0.227475775033503579969362817792 0.032201540474898870947129125852 0.494565029541402800816740636947 0.929099780753633863739082698885 0.047615568948627950973673250701 0.753745146318055225798104856949 0.821555373683588996414073335472  | 2.426644015937485576728249725420 72.931366195687544973225158173591 255.921266452125166779296705499291 
0.316891761101679159118305051379 0.250250811887461011018274348316 0.971972961276950098152838108945 0.395129870460668719545083149569 0.060352458509229878202972940926 0.167090114673206890927303902572 0.187907254919718824659469191829  | 21.524264537246185824415078968741 64.486503519425497188422014005482 185.409251692828604518581414595246 
0.567365837390481630997385309456 0.189239617862477560450429336925 0.847572712766405778062051012967 0.909516742408418399357117323234 0.562232650566145797377259896166 0.329580854185644200882165932853 0.990134626097756487261847269110  | 31.793586187474272009012565831654 136.213443981964189788413932546973 128.110605221093464933801442384720 
0.715118667641598926287826998305 0.272519963666635667287607702747 0.759869620245460786200908387400 0.013319891755026569413189463376 0.495744739891340158166599394463 0.178640716036838842484257838805 0.651482572476698273966633223608  | 52.512544442268122679706721100956 140.179923792847745289691374637187 76.762766195554746673224144615233 
0.052832268651502256595620110602 0.119821482548917890298412203265 0.857827059087150622929129895056 0.819388951018970912443251108925 0.020634897702304311195575792226 0.443980879292050878426323379244 0.880629635538733301913794093707  | 2.046680242969650453943586398964 15.034399037902041129655117401853 306.226621047950004594895290210843 
0.664329761101115190413679556514 0.788582222237317886914809150767 0.653376645749082052283540633653 0.379855880484287977694179971877 0.864123421260270530019909074326 0.075858320514194610417746389430 0.691495199732374499212994578556  | 151.695210409297573050935170613229 40.669271228288778274873038753867 97.197258481877085500855173449963 
0.539883085704467635679293380235 0.100190827906731949603624798328 0.605865552090974035515102968930 0.458322477931423333252780594194 0.612256480174414585704312230519 0.593040687770127972200384647294 0.962480038735967102780932691530  | 11.564297550868992914274713257328 103.858419203545338405092479661107 98.369342694539781746243534144014 
0.655942851488661271552871312451 0.164435591120275947929485482746 0.493074884694907011883913128258 0.385124701736986430056219887774 0.456520527142329490821737181250 0.408086824014532667526111708867 0.011566642772594559751553333626  | 16.542888543643307741604075999931 84.061174305153571140181156806648 52.769150412809857186857698252425 
0.050584150249351922390417257702 0.681787099479223446252262874623 0.166985933409894649059879156994 0.089415385216940035384425300435 0.032973151446271109499264184706 0.663515115352597106834764417727 0.870394931403173033324094376439  | 11.714346117603582797528360970318 5.467478130099951094678090157686 322.486316128414841841731686145067 
0.107849540016679568132929034618 0.319271549946474109127336760139 0.368857258776855378989978362370 0.627207028968739255248010522337 0.087716427012986875055844393501 0.961500285299507595482282340527 0.730917139931054227197648742731  | 11.003262261177827241453996975906 23.460385574097582406238871044479 285.089387160936894360929727554321 
0.235316232591991192357738782448 0.316476054638290427156732675940 0.599752611830178694596327204636 0.673638002696982929329294620402 0.825699034977480539332361786364 0.222043782946691914403913870046 0.887395261929649237231387814973  | 13.501391243665615604641061509028 29.160260548906002497915324056521 138.633328679691715024091536179185 
0.303349093103131295379171206150 0.605233067740493901887077754509 0.484178097118745598415046060836 0.128056565787486920093840581103 0.969695472997474827714370348986 0.885846335241607607535740953608 0.030406097331977854913986902829  | 49.705322931732247582203854108229 32.420597777286950247344066156074 188.604806945071374002509401179850 
0.824853907640879513429865710350 0.155873835666373805608486691199 0.150239966299131277871481415787 0.336131339275371310293394344626 0.511772376761877922923815731338 0.037122732132375935165669034177 0.700865795224331011858964757266  | 38.639548936685208957442227983847 209.250347218739960908351349644363 52.635922852211933786747977137566 
0.691876360449574456801258293126 0.648938740553233750496531229146 0.628807188668279337662170291878 0.759382265875904183261013713491 0.091742587902195804616667373921 0.866245083007484706349998759833 0.274491792929251410271263011964  | 139.184908149511414876542403362691 75.295904062213523388891189824790 95.517945474341132694462430663407 
0.383821769144282121111189098883 0.570927216001774096021392779221 0.308907387071283290325141024368 0.987807620029634070313306892785 0.478301941617221504365886630694 0.527886285701174351459030731348 0.194740118122801120215115133760  | 31.109665930999334193529648473486 23.380057205447997148439753800631 87.476490134702871159788628574461 
0.607228549453299404348172174650 0.354718604405008575142232984945 0.631666619501449977391871470900 0.252212988348158861917625017668 0.861326676473463281880071917840 0.714452810973980612097022913076 0.753745968151287137892779810500  | 84.447880519410503552535374183208 153.622182541026234048331389203668 153.989999456018068713092361576855 
0.655213556648016726136063425656 0.052292653084564100218756266258 0.332107356221940097640299427439 0.971638754903022650033506124601 0.221456190849939282827563147293 0.479042351348400230470758742740 0.559889284070569925866323046648  | 10.835173264153182159930111083668 196.367418783170961660289322026074 109.034137099954747895935724955052 
0.277114670874659574373310988449 0.760961945961254548898011762503 0.813224634083735464784581381537 0.577678516155225474371093241643 0.159989923929280131176255963510 0.926408845520707902032597758080 0.328668434608656356843425783154  | 60.367757993107375114050228148699 18.963092009976858065556371002458 206.943600038451080536106019280851 
0.121450670212957190230440573941 0.145751716995808577870263889054 0.630958916854679419117246652604 0.614815233493392510055741695396 0.532676657524640662089154830028 0.671682473601681317987299735250 0.353020079392335039969452736841  | 5.765342793948642352575006952975 33.790574026670618934531375998631 286.139418999760323458758648484945 
0.622851420645282316534974142996 0.413603754813506307996817668027 0.215949504846187689821590538486 0.230632778593590881399677527952 0.978113444247413754695230636571 0.492746551418939415789566282911 0.184235080763351155574980566598  | 47.131958393920527328191383276135 66.822419063731672395078931003809 69.001579100324264004484575707465 
0.000000000000000000000000000000 1.000000000000000000000000000000 0.499999991352099049102264416433 0.500000003277382476518653220410 0.499999987442853954799915072726 0.500000007926702738636492995283 0.400050601058848209756746427956  | 0.000000000000000000000000000000 0.000000000000000000000000000000 0.999746825231417446389059477951 
1.000000000000000000000000000000 1.000000000000000000000000000000 0.499999991352099049102264416433 0.500000003277382476518653220410 0.499999987442853954799915072726 0.500000007926702738636492995283 0.400050601058848209756746427956  | 0.999746825231417446389059477951 0.000000000000000000000000000000 0.000000000000000000000000000000 
1.000000000000000000000000000000 1.000000000000000000000000000000 0.499999991352099049102264416433 0.500000003277382476518653220410 0.499999987442853954799915072726 0.500000007926702738636492995283 0.400050601058848209756746427956  | 0.999746825231417446389059477951 0.000000000000000000000000000000 0.000000000000000000000000000000 
1.000000000000000000000000000000 0.000000000000000000146830077229 0.499999991352099049102264416433 0.500000003277382476518653220410 0.499999987442853954799915072726 0.500000007926702738636492995283 0.400050601058848209756746427956  | 0.000000000000000000146792903558 0.999746825231417446389059477951 0.000000000000000000000000000000 
0.788745328629883224458296808734 0.887198312964997959362278834305 0.500075541671160750389901750168 0.500266942576557349653398887313 0.500037938602362563855763255560 0.500320224700641635884323932260 0.399586966519201836067765043481  | 0.726954502139126601534258043102 0.092427694057414910844272526447 0.219460338211715566547610478665 
0.161794298843190409442627242242 0.938779263144398079532493284205 0.500270912319687344194107936346 0.499849451723090310029107286027 0.499978410722204669180968039655 0.499530041944593383718142831640 0.400328534889727860601738029800  | 0.157768939604113644925575954403 0.010288606826634962357336355865 0.870653629626378600114833261614 
0.311176849426239410245642602604 0.831724633727191187126948079822 0.500198114568861096351781725389 0.499928869879595894065715810939 0.500164007945934185883629652380 0.500102747346484188817328231380 0.400274011501516313593640461477  | 0.262112708007102346297045869505 0.053030907293194630425237079407 0.697604009985361761536637459358 
0.672569435726818598553222727787 0.007025584837351517633607933533 0.500213319456283445063604631287 0.500128721737127190927196807024 0.500261658062845504524318585027 0.500198909837442307058097412664 0.399638277132204344788135585986  | 0.004882702362627817579965316952 0.690106038883358419155911178677 0.338345074310083426816220253386 
0.942523276754527961074359154736 0.780886333321550218933282394573 0.500153509403896023854940722231 0.500181569908464962459504477010 0.500116653746418893256020510307 0.500226222123951513864881235349 0.400050082807330786849320247711  | 0.744634155602500791282238878921 0.208941446668769015282407508494 0.058150713448803736937975372712 
0.587107046696064283075600087614 0.562194363147757725229780589871 0.499864769383431883920110294639 0.499593057022407860401358448144 0.500308119375880600010475518502 0.500290993460336452791636929760 0.400456956396700647360376024153  | 0.347212453031487677801436575464 0.270389706989160150119033687588 0.434339157148332377644806001626 
0.901797902410522711491580594156 0.842745114455481836301942166756 0.499784679901285611158812116628 0.500339416876225628882934870489 0.500109869117021488271745965903 0.500253035666065049014150645235 0.399805827880267639073963437113  | 0.782126063619582923003292762587 0.145943467967003193130892668705 0.101062970391782705470440362205 
0.530533600785866421567504858103 0.425464490701130015892772462394 0.500355747637666103955211838183 0.499802055961830971053672101334 0.500162807985465862614660181862 0.499838712698291942615469451994 0.400147424361809778137200055426  | 0.230739546924801308680486044977 0.311584317857807879814657781026 0.479899541952191643900960116298 
0.849690157566626469431980694935 0.951814967264743128083637202508 0.500208231597941144208618879929 0.500231463545820820293386077537 0.500144970033617242144430292683 0.500082361939773401005027153587 0.400110090655619643484897096641  | 0.818786682970147561277940440050 0.041450559698054424695445874249 0.152175617487528946902841653355 
0.532686145719588610702999176283 0.192122823830737504691157369052 0.500118468755941902870176818396 0.500221190568397422460122925258 0.500050147297874669760631149984 0.499899063498188300780356030373 0.399987898841262068394541984162  | 0.103119656360825304175499184112 0.433618531766551740247450652532 0.470868622074744280769920123930 
0.864956266637446291589697011659 0.019227652219531456839751726307 0.500039383015148386490977827634 0.499982489561210108330868706616 0.500302740134319412490526701731 0.500075803651786277015389714506 0.399879668231792273491720379752  | 0.016837868001952156077338784712 0.858873207365233981569474508433 0.136722858167453276134750694837 
0.915120060263056367411138580792 0.065952458543873826446457542261 0.500138612059005116527998779929 0.500005247100080429945023752225 0.499843400499530299274653089014 0.500204241798710036448483151617 0.399573296231580665782701089483  | 0.062206446060444786638754521846 0.880994875525814791217271704227 0.087484555100927341442229590029 
0.919549057388191037887281709118 0.088625356324801118912404263028 0.500111904149395214425055655738 0.500046338411074153817992282711 0.499906162791719788085487152784 0.499916631964136437549228730859 0.400328171431611146147133695194  | 0.082339401671446113550878465048 0.846733327465825302837743038253 0.081284164464610592082394191493 
0.104738028650450093470780643656 0.476515266329599063155342264508 0.500124657966838692679800715268 0.500153572552077041457607720076 0.500228888970388418933055163507 0.500132891103260868170821140666 0.399754031807466603254397341516  | 0.050868233453536818022833188024 0.055882246641999006042667019756 0.912463662761802352108020386368 
0.075807786541195812390903085998 0.735686551107739172827848506131 0.500044337812835193446403536655 0.500260236259906343470049705502 0.500216355151037683768322494871 0.499978576225190984860802245748 0.399454903701429275830747656073  | 0.058355038937520350983412242840 0.020965479902539871370770185877 0.967016835924354389852908298053 
0.742593424768291265891662078502 0.492165836745001417096290197151 0.499855556451194060763043580664 0.500391894085779553869031133218 0.499921880529195172826462112425 0.499696626592287196366726220731 0.399434454481312095630585190520  | 0.388924846243529465095178920819 0.401306448183022301812172827340 0.273919380854642346978522482459 
0.997447525509318921876911190338 0.317386131669797344478922695998 0.500209824170162242751302983379 0.499773223839765246001576315393 0.500486349085911941259041668673 0.500012290277910942393191362498 0.400196140829371771463485174536  | 0.327539982286527364685468910466 0.704452123239034500024047247280 0.002640874288191957797167219724 
0.912961444300305569043985087774 0.949223944997123147970796708250 0.500157149723335137103674696846 0.499510220579790997774694005784 0.500150539970583341009557898360 0.499643492307538517049891879651 0.399848311077431350923916397733  | 0.905342943511527109556880077434 0.048428764717210172341399498919 0.090929263738056695376421600940 
0.794218038564950434832212522451 0.735686551107739172827848506131 0.499837853064109327583253161720 0.499934764186033664401520582032 0.500240549155141378534494833730 0.500255723105799021688255834306 0.399511374897881910150942985638  | 0.609798790742601570791237008962 0.219085181411591445321818127923 0.214763907780490231891334929060 
0.083688461700075114646502072446 0.699058951265483230486097454559 0.500173825376512670715101194219 0.499891803998704364886407347512 0.500048501660209532282408417814 0.500030635757173658184626674483 0.399937156273418137342190448180  | 0.058823938136273498655803848578 0.025323383101494040259282769512 0.921335627407374180286581122346 
0.714429281444109665066832803859 0.905298016226372959103230186884 0.500166495844552860816634165531 0.499788115925411335904726684021 0.500009870484008134283726576541 0.500294328413940392330516715447 0.399331467196057332547098894793  | 0.689811532598042953523531650717 0.072160238281827340789398306242 0.304574338959945845051180413066 
0.242745906028452695935015981377 0.471811820856161634463177279031 0.499939038347769260095532217747 0.500259439851370446561418248166 0.500164007945934185883629652380 0.500020568523220965140296812024 0.399613188240974359644042124273  | 0.117777703798733465734294156846 0.131850852741056207007019906996 0.778724755876240348761996301619 
0.452198536753171231872272528562 0.491890497966970596799285431189 0.500006221109100756905263551744 0.500059648309503335106285248912 0.500159409369007934564876904915 0.500101561883993683821358899877 0.399487255928285323047788324402  | 0.230210419635426488671470224290 0.237801100381544117112753156107 0.566957596374555339302503398358 
1.000000000000000000000000000000 0.390490422155612748600361783247 0.499979961496042457635979872066 0.500042963529185202631310858123 0.500259531723577066664176982158 0.500101712948361809552011436608 0.400063230993349616682053238037  | 0.393480427714844205322464176788 0.614176624518923408579951228603 0.000000000000000000000000000000 
0.384638515802281311106725070204 0.030251672882651237106443886660 0.499898724511396053138412298722 0.500133696124174575992071822839 0.500177488497963840252680256526 0.500388487525287417589936467266 0.400090760065377915033479894191  | 0.011876783376908407394156874659 0.380722443217251904634679249284 0.628097376748524838241394263605 
0.931009658866054135017975568189 0.036612444010387823478680502376 0.500111339920465414188299746456 0.499853488561982139959383175665 0.500106821939039214441891090246 0.499898374260174804817324911710 0.400456952745420147188326609466  | 0.034820699853590438010986218842 0.916241180738455618381976819364 0.070476265156532977296244268928 
0.953218424606490311035145168717 0.947796589742963435654132808850 0.500488403995495212406297014240 0.499328228630069759219622937962 0.500257326858748019304812260089 0.499747734396986109661753516775 0.400154460665350264481077147138  | 0.977307326138003751303529043071 0.053828823447682604130815064991 0.050605582390761974509452159054 
0.178256664033677958425272436216 0.506759476823962606850670908898 0.499618739499416208982296438990 0.499990121811970111842526875989 0.499748727040077667105322234420 0.500142520513836341677915697801 0.399640133301210787042379024570  | 0.093855257043603368405371156769 0.091351456073686138070755191620 0.853782286936579315472783946461 
0.781669379696055321993242159806 0.968085949085744190689695187757 0.499840369602713607832811248954 0.500266078192233787369502806541 0.500391564554274692611102182127 0.500286574240998427320903374493 0.399578615203267706323941865776  | 0.797966256652219874112574871106 0.026305862373797853082102449207 0.230230130181349301743409796472 
0.928377684731629848613465583185 0.990067291851341013675380509085 0.500043840335752443060357563809 0.500088693967897013337164935365 0.500130997986204528515941092337 0.500350288819555677477524113783 0.399814118494415282611953443848  | 0.937583276892335226726515884366 0.009406169793793373729018370000 0.073058172144648159118673902412 
0.489654953251160984795120612034 0.629824322601637454077661004703 0.499996388563100302437902655583 0.499848485963977240409406022081 0.499530607683184135758835964225 0.500189610366579606726133988559 0.400075902656968629411693427755  | 0.316841467815623889503484633678 0.186221777672952504278924834580 0.524319898801884565209263655561 
0.636996614779829828378865386185 0.029170402636503962173764037402 0.499966994969245459579099133407 0.500063506490771692014618565736 0.499849969712047426106948933011 0.499621908881263232515834715741 0.400265503670554523285574077818  | 0.018974435700753980449384528129 0.631494326667623284699004670983 0.370680718297550504392035009005 
0.902983618164216683688039211120 0.301062767841683953662368367077 0.500143408022354241104778793670 0.499698946540133637217451223478 0.500119190642604904972756685311 0.500047681785958375577649803745 0.400252419931907299499584951263  | 0.276306331933160342906319328904 0.641463520227562700171120013692 0.098605011900008268654893583971 
0.958829455797731045052501031023 0.008932503262031477736515583388 0.499933077638705369860616656297 0.500103430044949837096623923571 0.499922484045916992734248651686 0.499610295810423488127582913876 0.400197261847905605414155161270  | 0.008727113011105814069368058483 0.968279304462180245849367565825 0.041951032744419303188720959952 
0.355553340542190454698356916197 0.673953511552850548227411309199 0.499969690242406561431209865987 0.499755545262413614082674939709 0.500154886438244017377030559146 0.500300176740169022515658525663 0.400013235618362328338548650208  | 0.243734255535894173139155327590 0.117914213324084249379097855126 0.655494186327829408966749724641 
0.765865386804284509203455399984 0.266546064520485848081676749644 0.499789342568679573197698573495 0.500156652305373206068850322481 0.499871504411372846732319885632 0.499391192980010500956922214755 0.400131792091371452091408400520  | 0.213412027914588714461174845383 0.587245180431425262135292086896 0.244770907535949017175269659674 
0.678273483310460223449922523287 0.528614893723155732097040981898 0.500173825376512670715101194219 0.500121735856247306983846101502 0.499945040863425060884139838890 0.500041360624163933046304464369 0.399827096417941563188946929586  | 0.361985799031982136142460149131 0.322795888601586589139458283171 0.324813563372476521440290753162 
0.455720780716429907375442098783 0.752905594048366655357540366822 0.499829341871901144944700945416 0.500058163719482418052564298705 0.500251120267636295579904981423 0.500169452447524198746009460592 0.399728594051840802059416546399  | 0.350752417380014724912484780361 0.115112652759817954417620455843 0.556394808831354836797800089698 
0.839792883142760571146823167510 0.161803093005429582396104137842 0.499563796041040064643823370716 0.499258285534956935958206258874 0.500374659265169441368925618008 0.500431797866842775768247975066 0.400040418682773624148296676140  | 0.150166185476383717833925857121 0.777913634798403141878964106581 0.177049597828436044988364983510 
0.268273392769925178580336933010 0.132851637091145835523064988593 0.499854710351599840212344361134 0.499928374099303240996050590184 0.500194749454257125975686903985 0.500075801801239228083773014077 0.399107954965958577897566783577  | 0.039004316459341673017924279065 0.254588726978895285579795881858 0.800786985855336030937223767978 
0.814613034609090957971488933254 0.954244438115782522835672807560 0.499771732249081779286825621966 0.499356860476633912515609381444 0.499559882256530418676021554347 0.499766737327219934261535172482 0.399668376463510222063035826068  | 0.843148186176171154926350936876 0.040428550033077166603323604477 0.201081498646091372251021311968 
0.989093315044608401009895715106 0.172823209402335697948416282088 0.500368290297638185215589601285 0.499883851737166429174408222025 0.499974469956033340523049446347 0.500238944480061342723331563320 0.399939816187347196851931130368  | 0.174594108270012371431079145623 0.835652772769871599045643506543 0.011139944321807548205383042728 
0.966885527719523629741615877720 0.534033062949877290748190716840 0.500040159492232239024644968595 0.499849472568783259607272384528 0.499775071491223465969255812524 0.499969439573189566861088906080 0.399784757614285057858438676703  | 0.523687110611830042294911891076 0.456939646314232617019257531865 0.033585090094699773799469255664 
0.280961073008935247052875183726 0.463865786398714896598960422125 0.499861607817393471808742333451 0.500010011501698103941748740908 0.500321265617856836271926113113 0.500085978684609799849170030939 0.399328706994000692809265729011  | 0.138672774542504595451930526906 0.160277436075763946021766059857 0.765076942384386726736522632564 
0.763388905933152672744768096891 0.000000000000000002230757296748 0.499809931732480394739326357012 0.500058163719482418052564298705 0.499931671787061882028524451016 0.500179839983488250254595186561 0.399782315106187891018407754018  | 0.000000000000000001727478092203 0.774390873772727750257161005720 0.240021135301633187220105014603 
0.889050381502538122902024042560 0.222432703166284745366354513862 0.500036216069799199779311038583 0.500671383757228971589370303263 0.499790013277926714607701796922 0.499884119099346713177567380626 0.399876604070260599499420095526  | 0.208244900870544147331031581416 0.727970403382022679394935948949 0.116835595596683231023327209641 
0.698834724023645437185336959374 0.651374023997606910185709239158 0.500227492611013402346031853085 0.500170173580844479310769656877 0.500032409508316844082287389028 0.500280991041498368510076488747 0.400430351031418552132379318209  | 0.468792100423342406045890129462 0.250905159756416806793311025103 0.310156059122971783370559251125 
0.235338490712737352650307798285 0.898483051433170643029768598353 0.500222864360199803712703214842 0.499832901430211862248143006582 0.499979432379488109017273700374 0.499778619269147739156977650055 0.399529453413714485954244537425  | 0.219717461201993535802046153549 0.024825227557156825941575561956 0.794567777270174024906168597226 
0.291456527645338414611586586034 0.385848806760172191587798806722 0.500320922498802334033030092542 0.499978260091648973872935357576 0.500095157999335571119559062936 0.499890016708937567901926968261 0.400234685001254197889153374490  | 0.114189626924988463230192792253 0.181754341086202142463434938691 0.719452634707252403067911927792 
0.651627267217840810964446518483 0.491890497966970596799285431189 0.500006221109100756905263551744 0.500059648309503335106285248912 0.500210729120546426784699178825 0.500101561883993683821358899877 0.399487255928285323047788324402  | 0.332339096015448753895782374457 0.343297244570590853740554848628 0.361208454860760641569328299738 
0.894560059480652758345797792572 0.435504402576691984627643705608 0.499859508289484055776341620003 0.499888317824546402068364159277 0.499959943549294849596265066793 0.500145764993292107902789211948 0.399497720077930940085764177638  | 0.403364495139854728478212564369 0.522836233838591235567605508550 0.109169360667812742615723209383 
0.384638515802281311106725070204 0.796987712872155307231025744841 0.499898724511396053138412298722 0.500133696124174575992071822839 0.500177488497963840252680256526 0.499916962367997486094139958368 0.400090760065377915033479894191  | 0.308537162016322641377996660594 0.078591970632947011354829669472 0.619346081726475872208936834795 
1.000000000000000000000000000000 0.584651343830373759757890184119 0.500122437399433739102505569463 0.500010775431630416498762770061 0.500027844249926634034864036948 0.500117031853447802092205165536 0.399868109076302435944683111302  | 0.588134335584688860976143587322 0.417823047035003947158315895649 0.000000000000000000000000000000 
0.955494824712907808716977342556 0.007025584837351517633607933533 0.499621162953047537325090843296 0.499838088172307515311132419811 0.500005482194734507395139644359 0.500535141702602937030519569817 0.400322328313988895498454212429  | 0.007062479849194110842480753831 0.998189041938208010407151959953 0.046822749875392526142103832854 
0.840814733684015158665658873360 0.764956899411481150430347497604 0.500183939139427491404887859971 0.499874690578776537108751654159 0.500028750129823951198204667890 0.500393344026068831453812890686 0.399754031807466603254397341516  | 0.661636184113294723019293996913 0.203296447545199848727648372915 0.163751330465726624430189417581 
0.178356882309223752081095426547 0.687187216842285453211047752120 0.499705307822081723490015292555 0.500319527729979673935645223537 0.499695345344330077441696857932 0.499848424883795106055117685173 0.399939816187347196851931130368  | 0.126370150177383816503251523500 0.057524641635058611222053315259 0.847154806226714796046906030824 
0.604529884735796607664326529630 0.406810220016789292341030659372 0.499900528093080220859434348313 0.500319193099223125109631382657 0.500011066721543162572061191895 0.500057620421006654432005689159 0.399620035002914653077255024982  | 0.253167263393817731920165670090 0.369155507610729238798796814081 0.407109828967787856779381172601 
0.300103557665145792565652982375 0.773898818735023863446542691236 0.500253668519568650552287181199 0.499670261405729565495903443662 0.500090179454579231155264551489 0.499662438626340077441057019314 0.399855937797961857871342772341  | 0.239829132648805953831327997250 0.070068139246270214059997272216 0.722737177046905876487414843723 
0.844200031414060969581214521895 0.719641492175051578072952906950 0.499872142742782021862524288736 0.500336253211850601196886145772 0.499632953711173999344907770137 0.499775472835099432433736410530 0.399787469613108847887872343563  | 0.630391451721601936419858702720 0.245588405715884833258044750437 0.161665042871499964327597353986 
0.051528771872114353946869869105 0.010744609842994523596360068041 0.500044343454484230271361866471 0.499848898930852714173056483560 0.499542280286882967033079694374 0.500144700414287490808362690586 0.399978819313627886877782202646  | 0.000567752051716814568407820651 0.052272887116487920522445165261 0.972618288891369808801812268939 
0.997532068083997192076139981509 0.351613512551402163097691300209 0.500479636623178736343220407434 0.499875282208125437666268453540 0.500453491082627599517707039922 0.500073567466061019715084512427 0.400004955122137018097561167451  | 0.366544865823815013694542130906 0.675920377232593572180974206276 0.002579098283631216324135460027 
0.959531463604617051998957322212 0.633852178680789801745731892879 0.499994650251974703802915200868 0.499928869879595894065715810939 0.500164007945934185883629652380 0.500102747346484188817328231380 0.400274011501516313593640461477  | 0.613598759849335539939829686773 0.354448334547962484730732057869 0.040827685759144985433444219325 
0.931009658866054135017975568189 0.601721818936357122353797421965 0.499742648703149106026444314921 0.500036377476044791023923608009 0.499797319268995177132808294118 0.499898374260174804817324911710 0.399894089378328432271558767752  | 0.568003234159341729991865577176 0.375959933344508168140407633473 0.069950231261070333621532313373 
0.276306762830497820715436319006 0.046942642358388450563033700291 0.500006221109100756905263551744 0.500059648309503335106285248912 0.499924013682281065396040276028 0.499675597624401668372939866458 0.400246909660401828379150401815  | 0.013163408775706137918137805798 0.267251329602434861687498823812 0.734452706434142621461091948731 
0.717499220509014268287728555151 0.014438161226099572795322778518 0.499786390532488355997742246473 0.499738683275167516750769891587 0.500275499750898577921986998263 0.500447262571452444746000765008 0.399578557436231829314010610688  | 0.010983494795155116993679023096 0.749743208775689895517757577181 0.299520725034253532115258167323 
0.192850263294338686304030261454 0.195954504772586357574937210302 0.499737387214495898390964612190 0.500212959244744403974891611142 0.500058332606423294741659901774 0.500360117865226716737936385471 0.400060526478177358455923240399  | 0.038703862035755015602589423906 0.158810668598141441210103153026 0.826671422031560299004127045919 
0.576775849404224771888038958423 0.825054182209642772427571344451 0.499865666261419816507327595900 0.499494298418094839764336256849 0.499867584052741009692510942841 0.500185771749892760240641109704 0.400065539110320333993087160707  | 0.491070887214433648981781743714 0.104127461940355089953236245037 0.436742134777736046302720751555 
0.798702993398228255905735295528 0.296345855374633870837897120509 0.499825638694153473462478132205 0.499766434817690452518945676275 0.500229766563891953268239376484 0.500230106758320358650848902471 0.399839396547383318925028561353  | 0.242132273068822817529976987316 0.574927485579478703137112916011 0.205923459646613127294045852977 
0.742593424768291265891662078502 0.385848806760172191587798806722 0.500320922498802334033030092542 0.499839321346811860102832270059 0.500095157999335571119559062936 0.499890016708937567901926968261 0.400115082248422571087331789386  | 0.290816565451254394059077412749 0.462889446738162735339727760220 0.261258552605367122545487745811 
0.529665977278029553865223988396 0.020316362530740636471726645595 0.499783538318246345344419978574 0.499807658540364352361962119176 0.500247609891710798279973460012 0.500443068110752231625326658104 0.399681035902138881432676953409  | 0.011266141373182417609322136798 0.543269216820768341413838697918 0.492417593256179619842782813066 
0.839792883142760571146823167510 0.851334217657454095373736890906 0.499563796041040064643823370716 0.499258285534956935958206258874 0.500374659265169441368925618008 0.500431797866842775768247975066 0.400040418682773624148296676140  | 0.790106107717306271887025559408 0.137973712557480587825864404294 0.177049597828436044988364983510 
0.532686145719588610702999176283 0.689006614550207951985782983684 0.499727949274353600017661847232 0.500221190568397422460122925258 0.500050147297874669760631149984 0.499738824311935669886253208460 0.399987898841262068394541984162  | 0.374092671442422031180541353024 0.168852292426516087386900721867 0.476313690090404417976088780051 
0.889050381502538122902024042560 0.289430316935251341625701115845 0.500036216069799199779311038583 0.500177240829452252057762962067 0.500533718470224431307258328161 0.500432127940814153177484513435 0.400015624508337108711231167035  | 0.270097391154869248541814386044 0.663106130904960178185092445347 0.116459738286193228984366498935 
0.435259029449081902285456635582 0.454788434082689985160641299444 0.500575504784728786411562850844 0.499825114821133897891058950336 0.500203837016608865440048248274 0.499917749009080203403954101304 0.400404901383223710276126894314  | 0.208369253470395476846022120299 0.249798188475829630039726225732 0.594464234704202953984975010826 
0.742593424768291265891662078502 0.540412401862931712770432568504 0.499338930847632089804477573125 0.499650323764746384647139620938 0.500234371614628359203891250218 0.499696626592287196366726220731 0.399880178025777854866618099550  | 0.430340597719589323943978342868 0.365978280670509859007211161952 0.276029531695233421029200826524 
0.495493774309460455196330030958 0.541272881424828655738679117349 0.500173825376512670715101194219 0.500044658032025468585857197468 0.499698961590625434503465385205 0.499643367277909533630264604653 0.399347640821716143300079693290  | 0.287837176332381816656891260209 0.243941130341118722624216275108 0.541450731198080403849814956629 
0.596944637886235307533411287295 0.199621906460424103357809144654 0.499468453647254118088483210158 0.499981301301555491889416771301 0.500077287298728356823573903966 0.500191197676759458090600674041 0.399600578885127066808280460464  | 0.125345231243273291799056323725 0.502567974605822809230915027001 0.423965253219603599443843222616 
0.985995058283676284460739225324 0.514999211179127613924322304229 0.499705307822081723490015292555 0.499913611645774247360662911888 0.499695345344330077441696857932 0.499848424883795106055117685173 0.399939816187347196851931130368  | 0.518808238153151357607839599950 0.488587942057110868887548349448 0.014308920385108829520515172362 
0.981958248899204466653145573218 0.180336498784185533805768386628 0.499804544257323402067783035818 0.500039958634201919807082958869 0.500264389086205296663933950185 0.500275462950219074187430123857 0.399954301500462183760475909367  | 0.180445399104879555807201541029 0.820158473774034169068158917071 0.018384331559117512988610343427 
0.974486662560981486969069464976 0.046942642358388450563033700291 0.500006221109100756905263551744 0.500059648309503335106285248912 0.499924013682281065396040276028 0.500020620717005703781410375086 0.400246909660401828379150401815  | 0.045951657667415234109764554660 0.932937798886661173725087792263 0.025628608353578909845316147198 
0.796893323731989955405197179061 0.409451156924551584737059783947 0.500438547047303727843825527088 0.499820384121297978108344750581 0.500063568428851357161590840406 0.499898749365766836838531617104 0.400040280841797768474066288036  | 0.333905922087210205173590793493 0.481590423301644310338787136061 0.207848086171625090479153641354 
0.974098874723201668679450904165 0.532465337560307117037439184060 0.499823690206596449314702113043 0.499928221283936324859098476736 0.499757534961175697851842869568 0.499938132315421224216578366395 0.400672811180063259683947762824  | 0.543428327961742896334840224881 0.477160787663448549000833054379 0.027137292964696687475045777660 
0.938026799820878887103958732041 0.898483051433170643029768598353 0.500222864360199803712703214842 0.500102150173472703720278786932 0.499970023137285224379411374684 0.499976684526330927837989293039 0.399529453413714485954244537425  | 0.870314359524983260918418181973 0.098334251193654687028811167693 0.063996310411127702022504593060 
0.817056934573738069538251238555 0.994982447074445719437107982230 0.499888917087918827064640936442 0.500349799755361757114258125512 0.500275418402292393338370857236 0.500466109570768535874663029972 0.400379096843984483289347053869  | 0.855753163990596754651107858081 0.004315439738819919213153042392 0.192573589654717519659143931676 
0.496732464353446756533116968058 0.805285179740041989759902207879 0.500003588208405957971081079450 0.499936311223225460231844863301 0.500070381487370485551480214781 0.500351642150333897340885869198 0.400004517755349287000399272074  | 0.405234423573560265108284283997 0.097984105425540340972290209720 0.509838931728971878065692635573 
0.760000036239889542599712513038 0.585236346337346335921836271154 0.499904682863701266271050371870 0.499681789319221747458499294225 0.500027064516398001003949502774 0.500293150144005771551292127697 0.400806549576258774880699320420  | 0.478409846347157219348389389779 0.339054498342378884956360707292 0.258146583875615065473141385155 
0.498428368426277246250322150445 0.842745114455481836301942166756 0.500219185411065248025863638759 0.500657654250636574566613035131 0.499993239520781174167751714776 0.500276406902675940813196575618 0.399729721283650640817342036826  | 0.447313840164786924447071214672 0.083468044526181950359955408203 0.534129180397167280247572307417 
0.714429281444109665066832803859 0.756544990774079550988062692340 0.500422891072953013313906467374 0.500200689610916571226084670343 0.500009870484008134283726576541 0.500294328413940392330516715447 0.399882227267673306947415312607  | 0.558197312480722573901914529415 0.179627032783381074265705024118 0.294922162231647966290637441489 
0.997447525509318921876911190338 0.117896259891697163801893566415 0.500209824170162242751302983379 0.499773223839765246001576315393 0.500194394056925784042277882691 0.500151690438394247451014962280 0.400196140829371771463485174536  | 0.119625797609085607331458334102 0.895044198868981122352295187738 0.002596546902201450623959289032 
0.948033572163754056916218360129 0.676611531759358397764003711927 0.499988184692398751618469532332 0.500489433621115864525563665666 0.499422051944708456083787950774 0.499719037676667587888346133695 0.400306198566218851553344393324  | 0.686760391422428062568883433414 0.328239145515229646665744667189 0.055637164905150658655852424772 
0.963098455196697456059951036877 0.173067689526273937872247188352 0.499761602071657540236060413008 0.500333854690959256572568847332 0.499896728401937162633572597770 0.499603930853046274140893956428 0.400086705109690465853589103062  | 0.172187656142020723004648630194 0.822727435249896110747158672893 0.038120613341636432058745498352 
0.433789049414490590628190602729 0.943698221882860233122869431099 0.500328018184815315194668983168 0.500000003277382476518653220410 0.499999987442853954799915072726 0.500000007926702738636492995283 0.399747214720901189455304347575  | 0.417333005414091406937160400048 0.024898415326991954477087176656 0.577230507442645368598732602550 
0.636736057425323909164660562965 0.690562671906552627554276568844 0.499902756290483196721652348060 0.500003945144036787695540624554 0.500073212965793656437085701327 0.500176200445522023407818323903 0.400250788225968989753056348491  | 0.443326207453030363137003178053 0.198652030711892552128361444375 0.366254656263572397900674104676 
0.932299312060353990716521366267 0.317386131669797344478922695998 0.500219186228670564808851395355 0.499773223839765246001576315393 0.500486349085911941259041668673 0.500012290277910942393191362498 0.400003940093675125488914545713  | 0.305709186435920987623404698752 0.657499838569541972255194650643 0.069945255540770009949902430435 
0.485136280012838316810785954658 0.283788885555839087704299572579 0.499737387214495898390964612190 0.500212959244744403974891611142 0.500265795582700234511719372676 0.500387866503367417791992011189 0.399484658800680625390100431105  | 0.146555652583676754296959643398 0.369869267640480725578555620814 0.548069617703393907603981460852 
0.874004237979128073554591082939 0.180336498784185533805768386628 0.499679644049516258341725460923 0.500097378730543051794654729747 0.500264389086205296663933950185 0.500442565775434666797139016126 0.399954301500462183760475909367  | 0.163600331588607095234522148530 0.743594455332441284234334943903 0.130780485394179135649750378434 
