0.112590438995241126640678430704 0.773833258612247498753333729837 0.770120853509955072269121956197 0.878465768182492334759103869146 0.454368976909721999923874591332 0.727133780495923476294706233602 0.525104525691433177136957510811 0.565669304754067736595857240900 0.367636112087583066809770571126 0.750875035334845564172212561971 0.676731329204467102478304241231 0.471827036271720956506214861292  | 0.475026526284819672341086516099 1.280384470349418268853014524211 0.244076613598539493565908742312 
0.977346024476223207422265204514 0.821756903519788139966806284065 0.273262451248416637916704985400 0.897855997063179867012649992830 0.984355739082147795926402977784 0.477714000004303973589969700697 0.563780130023082137746825992508 0.188080768709033674390695978218 0.528116451295760347406371693069 0.974968634010182522153797890496 0.850375214248927480120698874089 0.860489020283955796664088211401  | 0.019911168916697807862448144078 0.069247431176869503333115574151 2.023976698948414476575408116332 
0.023842670756797135211968452495 0.045751263297252320327856978111 0.074697866225112319327195109508 0.237238012334951009485450867942 0.290720510610415594499045255361 0.682165548760191309263234415994 0.946722510580287779369257350481 0.185307146498652874910817445198 0.411043911447460774688522633369 0.522387415913571073744492423430 0.329099122095597218518037152535 0.943654072543441913012429722585  | 1.853849082198998798887146222114 0.133458400159028406362082819214 0.069642562908535668442233657061 
0.500367975528080766167704496183 0.181311534517057726390021343832 0.546524902496833275833409970801 0.031216781110110725094841654936 0.991506774334590001984679474845 0.955428000008607947179939401394 0.064122065920126702920356365212 0.356859206810439144597069116571 0.118885243419326602776209256263 0.410091792744795013980763087602 0.322696010514602060759159485315 0.452555178465575247415131343587  | 1.402860570076387425331176928012 0.410704603556296843347439562422 1.463434977393745395346513760160 
0.839724219491164602935384664306 0.762566410736456701258134671662 0.669995389550685160884313518181 0.647058207147605646269994394970 0.349250428624424347212595876044 0.223460790400642261843699998280 0.927283292496588251729860985506 0.362789347164786724064811096468 0.247733437596383998524629532767 0.549366646086895116241066716611 0.510714904366280086911444868747 0.226765804967842710127001737419  | 0.135424296179723430144647977613 0.346112780803359054715429010685 1.444935096456677170451143865648 
0.343792991174375450746936166979 0.019144402257234460762447270099 0.336419330977472341714928916190 0.759368261000255562187533087126 0.721303329195859155298364839837 0.407704970351594253585858496081 0.620486817665784062825196087942 0.702871660100461537190597027802 0.863170658503621623935941897798 0.575159986548577806253490507515 0.531800560616572548511271634197 0.637989780513139370654585036391  | 1.170044902663917252283454217832 0.035196149899262785254450136563 0.701722597678196002846107148798 
0.801213719286625436488691320847 0.518085379158348513506382460037 0.881058244148154701136377298099 0.625718205385758174941202014452 0.626914423848285218276998875808 0.551407138977825894698980846442 0.096559378260208883482107466989 0.682961916132465596263045881642 0.826964428628728320802565576741 0.687871366248055893244384151330 0.780005606244135507587600386614 0.455399743792348599136232678575  | 0.337251496597658073639536269184 0.356978808731653884933621156961 1.521291825649365270223256629833 
0.602929519405912328622321183502 0.166162744241418414148370175099 0.074624580469988432973593717179 0.763019154913315511556959336303 0.607795792899738063219672312698 0.535949102191847659426571226504 0.879881157862296703342508408241 0.478439874416596189199424316030 0.683354243993211651897468073003 0.456056794561532918841351147421 0.459706213718017453473407840647 0.317438219495468576525354365003  | 0.834173866618829418229097427684 0.222808658305585327585873756107 1.199965637616963620715182514687 
0.262908346633501266431665044365 0.838773827652090631090686656535 0.237826999271171901639831958164 0.784373587359036839039561073150 0.695781586666316842482160609507 0.901148039487749352716150497145 0.743164841230955719453277197317 0.079604494603991104995088790020 0.843030960921956840081747941440 0.959186840899549753025610243640 0.569244822380288839624995489430 0.768061046608293662707467319706  | 0.456661642172447812537683375922 1.764463900532711626567561324919 0.798614962527388394519789471815 
0.761120548255169837581490810408 0.288164766694798291091217379289 0.484714282683068486967670196464 0.941570853187157053021394403913 0.974765802174432427484873642243 0.346884647105546006784493329178 0.865353116757779261547511850949 0.335790158264022808864979197097 0.880362536415939422873577768769 0.299662047282238108714125246479 0.403865109700390578773010474833 0.144796623718092987154193451715  | 0.634352861127565503807090863120 0.308501871140801908754980331651 1.790818116314560892732288266416 
0.781712990013693431734509431408 0.465044660829289635550765069638 0.078797071144584784896380824648 0.879378399882260963771329898009 0.630652521128823195795121137053 0.894824939282183651201307839074 0.721609224682634331493602530827 0.675054418236391673424634518597 0.921871403248604948110767054459 0.056473383005469335316206525022 0.858853377239991555569531556102 0.845254777077608321356194664986  | 0.550105488446331558627377944504 0.492785128346372502949890304080 2.068845720993841563739579214598 
0.335438830005039045900616656581 0.394797149437667305171828502353 0.342250145945659833834895380278 0.746300513060898840222989747417 0.805239804069703080102726744371 0.108515096686802592351739349397 0.737576402648133067074809332553 0.830372585977395605283390978002 0.194262044054049010100015948410 0.463357107631077402842834089824 0.203930683199347484446661837865 0.391152478473754672272377774789  | 1.190104970019028707284292067925 0.849888838990568551423621102003 0.850787573427931986813632647682 
0.098168167848603271607998976833 0.013395213587306553648659246392 0.604557172848626867001087248354 0.576678394679271955070021249412 0.829053692589194257678286703594 0.422613280213284925324046525930 0.541299121950866934938062513538 0.163719409415698957666052137938 0.315955596022566953529064903705 0.727900204353567503723354548129 0.836928209426325286912629053404 0.055893262410141031359955832158  | 1.622581637663272235982958591194 0.034146026663124502686930128448 0.252263696668653447652275190194 
0.407726011225916673552660540736 0.684807345166323799823260287667 0.500780814976297006246852561162 0.212886327838650912802620496223 0.764005018310585759522268745059 0.659545949921491070355727970309 0.930747962277774232298099832406 0.093902722640749280991201430879 0.021357175051991084124836106639 0.737640169987809568574732566049 0.583613323700677755212495867454 0.248716479256942735176494352345  | 0.717644000276964177942318201531 1.329065098272102174448150435637 1.125655726302444037401073728688 
0.851957903170472707898852604558 0.731232985415395941863891948742 0.303684141736667467803556519357 0.470608354693043851035838542884 0.981251829487105653448963948904 0.603497501767226052216130938177 0.617993580597994474068457293470 0.149089064806722682021700165933 0.350896866791017281173026276520 0.042450190455935676858700844605 0.574759258718682164435165304894 0.487098928056266977648647298338  | 0.156384094084163510762763849016 0.348148630192752661649535639299 1.611541473027930271300078857166 
0.036801879516310531670342243160 0.174273603260094667177781957434 0.708985075409954035308146558236 0.292468364694883575793937779963 0.199307427318500485213803585793 0.876678817825523815088217816083 0.404690867727264813602516824176 0.300894426796918024180627071473 0.320892970893668749710059273639 0.008660343073089271648257181369 0.221626480369025324890230876917 0.859798617429859857175244997052  | 1.776422927418267905252946547989 0.498815623855872636305264222756 0.106782579264253704720566418018 
0.885618499477660359175956727995 0.099139600561999663419499029260 0.890577902317381542296459429053 0.992748752938033551806995546940 0.222678853712241830997697888961 0.787654976706528620056246836612 0.480174587250608797539541683363 0.864306148780583871626959080459 0.253660306057609585828060971835 0.534228204223336278211320404807 0.254294433870512093243121398700 0.935514352157017947675399227592  | 0.353087566306479194722101055959 0.055434507868120312668036575587 1.967820814603062018477430683561 
0.504497242434556403267720270378 0.989445806155604290488270180504 0.606970520612612918220918345469 0.435431839658683927929416768166 0.637620782107824801698825467611 0.179214444584617216271738016076 0.003035143498651859950143716560 0.383912918369405775642633216194 0.179887844082628256536793287523 0.204225984765561641154363314854 0.542378537941560434632037868141 0.799747332491631213180482973257  | 0.019547948253820727343432750445 1.179007171160348255156691266166 1.195947917391570358702779230953 
0.831608361715774568878600803146 0.203324820323367738694742001826 0.028608422113957532317840559699 0.514961316275567737577034677088 0.795958346994149135156249030842 0.768541892006333937636952668981 0.987651754389888836271893524099 0.477572679357786356035830976907 0.769455937513331189592236114549 0.216313920822531757792717144184 0.045737477330087705773564721312 0.099000259332669648948410667799  | 0.531349422545780769588930070313 0.175719137858419083286776185560 2.066235732592448304245635881671 
0.628547774442390183580187112966 0.542118544194109763800781820464 0.915465027132333353243609508354 0.404829408348110875159875376994 0.395544814134064948163427288819 0.484063784557615117698503581778 0.652888961146904756027709026966 0.994385759177466410640988669911 0.504759090644392394153783243382 0.750089826753323141161899911822 0.399560094826869272033320612536 0.793721358051099667996197695174  | 0.587829940647714654922140198323 0.671252126488191214193079758843 1.351603110731363743823862932913 
0.573082506011490244723916021030 0.097569606473550285485885069647 0.292284548779711217392218713940 0.493699026797521534071222504281 0.425668133374876189733981846075 0.091256725423525919538292328070 0.897966745087771522904063203896 0.621566921204213307383668052353 0.121121964804050352704223314504 0.776434832115501794014278402756 0.176941376382154125224133167649 0.688654717373858971107836168812  | 1.074100871223856001890339939564 0.165919975625329452206813130033 1.370142037987957417399798032420 
0.851626812808218613959354570397 0.322187604586474107826177259994 0.338195278925276232584451463481 0.129398795875225403051445027813 0.858749619736447145079694109882 0.451450567599402829976895645814 0.851608281287651647240011243412 0.995060046978137879847281510592 0.102211429968220524067135102086 0.685342012905360786767516856344 0.238060687280955529665504855075 0.385493086533517548275540320901  | 0.391412633607630289223067165949 0.216935742882240489848300057929 1.885222071666999621442073475919 
0.429952637487161615226227695530 0.286343311895855490156748146546 0.887603295302917039144574573584 0.710526957968040107083140810573 0.116710404566684244898056022066 0.708490607068105293642190645187 0.210041440511561261494932750793 0.082202855519317385990518687322 0.252173589998455738303562156943 0.338019939893413612352901509439 0.107303629620290164048412862030 0.916915079198115323677598098584  | 1.447346002665957698241072648671 0.698767677078213744756851610873 1.287412419673789720775403111475 
0.665464149803414728445716264105 0.139377400432510123451379513426 0.640057141638105786540791086736 0.357564301086084612713023034303 0.594286909730684875796669075498 0.247391978045018001708399424388 0.633487727464252303732905602374 0.439907114225889239733646718378 0.230123014226972566476092652010 0.166768721067155345494370521919 0.010051727600547399887886967917 0.054111147070453502472275886248  | 0.860225091700187904919516768132 0.191399967756457289880245298264 1.519752246202617396164669116843 
0.366545649251049265870960880420 0.106782463874549371496414096327 0.794232132676352287070642432809 0.633379422186638896263843889756 0.691069487758763978391129967349 0.608730643364447043808240778162 0.363041065499928983228983270237 0.015366750954232899495366382325 0.040110958781255479088656556996 0.155679086904107921718320994842 0.318364503754586025685568984045 0.174341646225410595860694229486  | 1.550976382674505771319672930986 0.262618211878886564925039692753 1.021127545616152154650535521796 
0.232502595284356794458346939791 0.482189520771703183932288538927 0.481064823165944566163432227768 0.418870531029417181301255368453 0.582654466651469249427464092150 0.441262739328840969399436744425 0.218139085343966310226448968024 0.882280490360584868092530541617 0.108072264698303666108358811471 0.962630074808070057557074505894 0.848697892135899745191807141964 0.397339420528949327504619759566  | 1.182661211963007330538744099613 1.118272041522752280329200402775 0.622357701856624423442099214299 
0.485062632036602381369050362991 0.888277583103588508350867414265 0.307979297291868236996492669277 0.051962590718721890503672966588 0.546991199522191551274374887726 0.776762443169070504467299542739 0.066911571987232631997244425293 0.270976560941622590661381764221 0.847492336521661560055918016587 0.554847871063932185364819815732 0.798345900812098219212487038021 0.534148960842694697781496415701  | 0.223630947908038030247368510572 1.261191225961610040684490741114 1.222124766648726268414293372189 
0.727851919739858077562644211866 0.601138032353372819827086459554 0.833303058969038557002306788490 0.755365473241944362925437417289 0.666040890291449194648976117605 0.698775993854149013451149130560 0.783183659442829860353185722488 0.031305135734206457343020701956 0.677427066830035728983716580842 0.508866408950184867521215892339 0.196947489201735548292049315933 0.762329346008415620339349061396  | 0.421872048699558188644687106716 0.582845266584285481847871324135 1.579292722609694443747230252484 
0.745210144360663795382038188109 0.131927816934021002737154049100 0.178160423508250675972419685422 0.619777521544963794219995634194 0.233289284431476895420587425178 0.987199575083220870475031460956 0.095569088309426675209579116199 0.259290127352887811440496079740 0.239384261612420101705822617078 0.835033521374540677051356851734 0.156920526916069280609633551649 0.656242523962151214078630800941  | 0.751217891192044628922985793906 0.157943645869850657348365530197 1.814516406860411379398101416882 
0.635189145760070905666339058371 0.414228718600860079668279922771 0.206807899812216922086349768506 0.400313613662163558792883577553 0.652323613463136831036592866440 0.475565652371261582409545098926 0.449318935841526934105161217303 0.450884385037496726589267836971 0.803637756335908837179715646926 0.910004122079232313780039476114 0.385706977449733701135414776218 0.678933393320425349060087683029  | 0.616942499421866075159925912885 0.469653942716873051832493501934 1.201613550139869701638417609502 
0.472928940983302514844410779915 0.750352673426563865355376492516 0.929911841190052990135939126048 0.342852553263106263337078871700 0.615408607704422849771219716786 0.410139845445728457029588298610 0.389493543727175706159471246792 0.628987455750700696910371334525 0.068595035679448135290670052200 0.216929069344181213452316114854 0.390070672606122270664741336077 0.120519919206919290388668741798  | 0.473474628587883639152522619042 1.144862328035487930577573933988 1.137780860226186741002152302826 
0.431722426227161726330905366922 0.856747842340762510993101841450 0.640684436709444637969568248081 0.154534257401768626571936238179 0.146022287348961388175894171582 0.058583308471433115371951316774 0.276967534702361350973376374895 0.797500276017463982647370812629 0.923298936889806243222267312376 0.369658495792210661790022641071 0.987107496971023845588888434577 0.225847052870846498606738350645  | 0.365954989703233479758637258783 1.598780160420553819733413547510 1.321292118598275333596347991261 
0.032830986016265994997809229972 0.101393294544153467207081575907 0.334574513566929465646637709142 0.893457801245762017749996175553 0.786807643756007091262461017322 0.372835802281239914179877814604 0.116222688609963098471666853584 0.063332781254572867446483996900 0.961231354164069462520103570569 0.229706848938841523555254298117 0.112769365224557605031918683380 0.555477148856059144144126094034  | 2.028645592549784826275072191493 0.325858715987548452908129092975 0.106053966204212840596099454160 
0.238821245968664164216477274749 0.618605690643443173470927831659 0.084850004210651475133886378899 0.689011234025579288875462680153 0.098337218444636165237682234874 0.153073340401382318454182041023 0.358221611057709554692962683475 0.616728442583396097020909110142 0.283508962922410678864082456130 0.030655117869952897002860936482 0.665216116492112985447704431863 0.249718599500415083802806748281  | 0.986701007006530961263024437358 1.445068293835279238379598609754 0.689049924892060738912391570921 
0.416487949825260939107351987332 0.349491090493343259382186261064 0.469063242768979371533077937784 0.016546320833470296030043300561 0.598899333693726609872953758895 0.306097591039185434880209868425 0.356706252373339416372743926331 0.687019892171990997908892495616 0.968680487025983527615835555480 0.113145704324264739781824573583 0.502639242479865244739301033405 0.854662696589669312885462204576  | 1.240583503161624356891934439773 0.758867088914405574229249396012 1.115258839720822514607334596803 
0.150672297758511541942993972043 0.010381765107257523439443502866 0.983745031468796660156783673301 0.527917835318601924576853434701 0.291733454161486105427059101203 0.967446578805536971934486700775 0.073500815169452171637942683446 0.240019399757366413972192731308 0.357175473787033959105485791952 0.123879139531815729569075301697 0.480806170856848402728189739719 0.808864708971018031569144568493  | 1.947673898180129592461184984131 0.031764777721639499141748075317 0.469833535314766903567829103849 
0.927476444209018091591190113832 0.328437033248484611114292874845 0.906752616056335947192224011815 0.770759162098484051917068882176 0.681009905931838410708678566152 0.869140800497507082233994424314 0.345811093844274997088916734356 0.132712807518169939591246020427 0.221428809242664725864813135559 0.390818558765896773010695142148 0.932144947166337778376998812746 0.222163504522728372236883842561  | 0.189839189072280256631586325966 0.107665514715731658323960573398 1.907482045883725385593265855277 
0.105840923502705575032223350718 0.079587749785776207289700323599 0.433313518845467537943250135868 0.937973394777355418128195196914 0.145322786419020633097431982605 0.481976333686606972506183410587 0.998801846211297750244284543442 0.261430216856409214365442039707 0.960970864678835745564811077202 0.208205063168730886147272940434 0.289472509473618133668537666381 0.066392106665874361937085268437  | 2.111716545397614108736661364674 0.265382663011753339166176601793 0.357140573077401879409364937601 
0.430745166848691463101772569644 0.288291409334911485906616235297 0.376756346866074731671858444315 0.259895955771468845085792054306 0.984206210560274574739025865711 0.380577799002908001568812323967 0.070676855980985942018435252976 0.216778282975173319790940240637 0.247634433526314645668264802225 0.625727762067573523019348158414 0.666754386527388831495954946149 0.083934086516457062643326025864  | 1.308620882358648263021905222558 0.636737420700858369748686982348 1.168721470873959722425183826999 
0.250865328870633841340520575613 0.607432142386214790619192172016 0.535366968180515989672585419612 0.175172309546909321653629376669 0.357316456060844611641869050800 0.372686362903062340379278793989 0.151870451547213791698709428601 0.748951548250848309074001463159 0.022774166789960914591972596099 0.319712772149871038429580494267 0.002260944687867971758521434822 0.901054472139662609997401432338  | 1.065468816031530208121580471925 1.503084543666767247671600671310 0.766088232735164798015148335253 
0.642755648320760708536170113803 0.951727990422454928065576496010 0.980419126920959227433627347637 0.863983183760346884483283247391 0.496599960296573827989163874008 0.428286909968110030000332244526 0.710698161233844771800249873195 0.080802599722169965446028072620 0.281024853988762424172875853401 0.104004775571095220421113936027 0.597075819415381348065352540289 0.618275471626873240893473848701  | 0.073238393423960143624462659773 0.964029021547205711151207196963 1.538120162175292682249505560321 
0.738378951458060206469724562339 0.597345839337653949918660600815 0.046256499695755404211183758889 0.033502102705052161368826091348 0.559458584263275437997720018757 0.070293052975514580538174413959 0.356889375251857265958221887558 0.056813582995815292697727727500 0.113600746695596499513669641601 0.935712450089487446369673762092 0.244268314279358023100030550268 0.839220685365846263970013296785  | 0.554541455944034034075684758136 0.756607164536423959511068915162 2.152690470963507074486642522970 
0.047073855788842822178708047431 0.281011089935449986931814692070 0.096987680918488861081527829811 0.711605102872157058158109066426 0.861185599505508103668205421855 0.050387728911352347438423748827 0.720047005614846691301522696449 0.207488809612741520460588162678 0.095731492877312307498982590914 0.155891180200373624664678118279 0.387130391144893226673673325422 0.762302327376034760675338475266  | 1.836874663912895444539685740892 0.867933620323533605578347760456 0.150498222939502240835807356234 
0.332297904522925735548710690637 0.619432443637519369872279639821 0.201377933830559241457081043336 0.592225659362521361650522067066 0.107295802264113393498234927392 0.013641033540942482105151611904 0.893975953618776575382298688055 0.550618559390399497921464444516 0.421766221484919490158915778011 0.239459859457421875283955614577 0.113048141781486588541838500532 0.533465677537216076409265497205  | 0.912848688689893772441052988142 1.340643546204178138125939767633 0.932900776984768920208068720967 
0.104796595758370969520001381170 0.467940458315398322142186771089 0.925786485871472053510444766289 0.608107669277713980271471427841 0.141075345182359868090316012967 0.850666743228310262558977683511 0.922708642705914017234647417354 0.744239180809713407604988333333 0.884687634043646919934644756722 0.708092003559973259818605129112 0.109469569151680601315490548586 0.665984582592075269324993769260  | 1.503407527200851134807635389734 1.359130939167339402473544396344 0.336668212607018790816226783136 
0.091265717596325401927970233373 0.879424665891610723988947029284 0.688799194626241062522353786335 0.996708973306981826922879008634 0.583434785874438865960200928384 0.724299518008096665511175160646 0.187760392067660708548260117823 0.175579617852734459759744822804 0.806796640238333528927228144312 0.920453960923565572826987590815 0.025992906726059361588454521552 0.965496457217143611018173032789  | 0.420126878252342572661603981032 2.191619667891360201394945761422 0.322120860480490101007688963364 
0.888948916936458943816035116470 0.131027097124343239187282961211 0.505493077417882519242198213760 0.794637104907127578279357749125 0.393601571051047760541052866756 0.916512042659932246735365879431 0.302834674979129414573719714099 0.396323455891803066997169935348 0.388895677358515601262922700698 0.602135533720476456842618517840 0.195201016913432834343211652595 0.366681255679756068488472919853  | 0.247145630936125459964358697107 0.051597374267067327990865521770 1.432642600091672546724907988391 
0.628781288018521289373552463076 0.328064143721130796471641133394 0.406932298251071244976628804579 0.159182206893391797741799109644 0.803695605270454360713472397038 0.038002809367938095164163314621 0.144537512455265027000450572814 0.443852825784784910112534817017 0.394581293592225712529852899024 0.671771698438955788823534476251 0.081302895538054031909780405840 0.048144576323798871086978579115  | 0.948693417722756504595338356012 0.537308397916716917741553061205 1.652894730001441159217279164295 
0.005027036682317631566263571585 0.419591462266056258734181483305 0.916273144067036970916717564251 0.444822754550294297004597865453 0.719446570730438828000785633776 0.616953634877283829673899617774 0.801961920779241554946281667071 0.071617002423595255145016835741 0.536890808512956452247522065591 0.005972135557237523428852910001 0.945874328268927033747104360373 0.483985487548554194070504763658  | 1.547323824911936762660502608924 1.198637770578403483057172707049 0.015455883406851894310007899946 
0.293927354687392727861094954278 0.416175037088582611133347199939 0.477755335792575674958015952143 0.548909796666581462076806019468 0.305773963881226240602018151549 0.627981773224137174160830454639 0.647412891811540491815435416356 0.484843372299385011459094130259 0.017027496187285273698819310084 0.915406077768927795013098602794 0.535290209550639994873222349270 0.719272481325779033944911589060  | 1.090296415986985900659078652097 0.835276924723070801626079173730 0.683397067476979702682626793830 
0.768168929801604449814078634518 0.259306473785697488843027258554 0.361973885688039231922630278859 0.201007390193126744826201957039 0.409039271848775531914554903778 0.163534536437902056071891365718 0.817331914512863688671018280729 0.594136288611386786939760895621 0.499520941860644995813345303759 0.848762776638200544532253388752 0.909616083502493566470548103098 0.622584687972539518874270925153  | 0.537609441862170189807557107997 0.231949368469775263346122073926 1.536136033132136979872939264169 
0.886659637890546803440372514160 0.918568120099227392039153983205 0.839985880691934139186116681230 0.296361569839250216240600366291 0.567219243689295660182381197956 0.827512294903424816538972663693 0.981368396206980797558117046719 0.843220771421745785012547003134 0.389904802063785971277809494495 0.243776129124464002728700506850 0.268405395719814365840250047768 0.318730328042159061219251725561  | 0.040271421931037970631805933408 0.313115770387892455861589269261 1.754447373152616895808364461118 
0.376368582653660577186371938296 0.184546351999087421269507558463 0.032607407904186480607222620165 0.470764308245829043997332519211 0.672263623689278499995225502062 0.884610039885896815015087213396 0.187695122169453942895245290856 0.825455173654669471794420587685 0.416752202206391975103372260492 0.596059977912093752472344476701 0.809830487227945261530237530678 0.994368946904744310799628692621  | 1.556986739082787174481836700579 0.464429305266269853991190075249 1.090701300810423157727768739278 
0.915302282888694751505909152911 0.153048882324367863105862852535 0.696904927821022313061405384360 0.709610565717987307188252543710 0.378655084579631373564723162417 0.656473192645129377531532099965 0.312558958480411930302977907559 0.572954265666836826120800196804 0.087850533728789703680206457648 0.305133667542117459348105512618 0.037368568161411874761768103781 0.309251445181978112941578729078  | 0.208794630313278994915293651502 0.051185970022412478896978171861 1.606304257210380947995531641936 
0.462866539812453070545927857893 0.452235964395198530851871510094 0.546263187941456229701486790873 0.243142454079649295017873100733 0.650680169664743179858135135873 0.531577359156325091049666298204 0.942713756146934978019658046833 0.842554271579305513739654998062 0.765913907775945479450285802159 0.391176902965181483295964426361 0.414670324944031221114926211158 0.248232253549207304565982212807  | 0.882682393878470472614594655170 0.759259784841169516056424981798 1.035826549489778702906050966703 
0.664283032188495825565155428194 0.897231360790364473878355511260 0.789910376142657688625092760049 0.470107692058569170967530226335 0.253142890857364188939016003133 0.310025729492127588571293017594 0.313705372223709977319572317356 0.830717586370437688358947525558 0.534852213149816679838011168613 0.258993001677838341478832262510 0.257967798507317547240802468878 0.664711916780754141775844345830  | 0.118986300389079785455592741528 0.730669393698670344150514210924 1.271211304176775858110204353579 
0.518501856394527727012189188827 0.390984807026547254160675493040 0.843641614122329741576322703622 0.000633675044814707710827406117 0.617725226055071185982114911894 0.787152968885833970169585427357 0.433654826506725599166713891464 0.341992080419781907529852560401 0.266693500128241001156936818006 0.079587405280647560701368092850 0.257593298745247278880299290904 0.636377786336689510449105000589  | 1.010476919331570355709004616074 0.712512858719499986293044457852 1.310461534030624486391047867073 
0.523412089980958117330089862662 0.928223812864304997916065076424 0.626841826063734286478279500443 0.125952285853524581504814250366 0.556687596370581072591221527546 0.684343217412616722228335675027 0.601596910664984774186336835555 0.322331295953930174746915326978 0.162052714671205633223394215747 0.450617564040148965709420281200 0.120687286072313826323920693540 0.991761275864375235755687754136  | 0.133045606513690461980559121002 1.175045286943522393485750399122 1.272894779260683284505262236053 
0.794057102085884203290788718732 0.181969458640289571960124703764 0.244208919606459962103883754025 0.304499992497302751637278106500 0.419643342106340688779653191887 0.522098476296144142771993301722 0.120874459392671163016075297492 0.185542464266957529694934692088 0.466675782660808669000118698023 0.985549155334402016137573809829 0.014302383328053669409030135284 0.008165269175366973719576435542  | 0.630672059517358829516808782500 0.185344820597224929636936963107 1.960626233663354200942308125377 
0.014489943282629980103592970408 0.215712445515571227261375497619 0.639961621922420897945471551793 0.834489306594600410704742898815 0.730327107531414498886590536131 0.646635342884222530379645377252 0.341951736234565650818240101216 0.735178646119158840654961295513 0.339292812102508722915672478848 0.349420405986255344643609532795 0.261381614992988953183328248997 0.515968627406243385280504298862  | 1.312519303409803717030968073232 0.462574615170149139320443509860 0.031680406637485974963297508111 
0.131735913583420405359447613591 0.586508666763977726255063771532 0.230352220652513928200733062113 0.839349659571497652699179070623 0.735869322211173404468809167156 0.935566365164809066179429919430 0.397627397001856563996113891335 0.205442342759589724465740800952 0.376965831461521072576204005600 0.015084519710412691573253596289 0.603422842727017516573084776610 0.778987699710466996450008991815  | 1.106413423689352582002243252646 1.456894894333652379359023143479 0.384055129118713256541894907059 
0.419164883224095619063120921055 0.126279634904210680268477062782 0.626731878205820103211465266213 0.245098098686047149996625194035 0.527266191213832779993708754773 0.989742443452466980069459623337 0.181460353746392466511849761446 0.193045166745146157261103780911 0.287549013961225563562607021595 0.776531879867269236861204717570 0.295305981377592119407893278549 0.168374590006373336947831376165  | 1.388670334994826394137135139317 0.279126599963850974273071869902 1.095734466956786778979449081817 
0.469860997081564368826889221964 0.735822629189952448491851555445 0.931700494018691705022661153635 0.611267904468651313010241210577 0.384817963861140421855111526384 0.056194910699566169576257834706 0.396429705084027639294674827397 0.976527115880699847494383902813 0.867243088144938889527679748426 0.289415472786890060064024510211 0.816220499379323172206568415277 0.743110776585677146321984309907  | 0.592053667205022837727312889911 1.343892013497358206564058491495 1.335671278743528089805181480187 
0.994594824488460482747598234710 0.558810586061137426483469425875 0.221577683974761519003493503988 0.458282964120569236143865055055 0.024559939875586689339570511947 0.826704915428974507207726674096 0.821444776537483822842489189497 0.928163431554345663698768476024 0.863429742055151661084266834223 0.539183325217008291296849620267 0.561952517525041161938759159966 0.176774345802658161552756155288  | 0.010526210416255850355060630363 0.012675709102293807387096258310 1.940548819848602057902553497115 
0.606129107044613202326388545771 0.803478152100467135632300141879 0.728024907633857409905431268271 0.964602442125114922788498006412 0.205186704293422783607070414291 0.119538922322215745985829471465 0.155208797702720557865063710778 0.719265578619038836727384023106 0.940936747865623868136708551901 0.023129160192174480492610655347 0.992758545625496258146824857249 0.625585696772959609646136414085  | 0.413531451687117301840856953277 1.296783690135358657613551258692 1.911865347305834461621998343617 
0.403032572513396081248515656625 0.646631756698452297982271375076 0.155388147486759553572710501612 0.556801555589843455429388541233 0.578862902851430827233514264663 0.952282784281492489242282317718 0.597720106686611796220631731558 0.198116203349865016569708586758 0.763302136150668442127198431990 0.705914773469038858699775573768 0.965313673688791618054949594807 0.812968097649808818516703468049  | 0.790111995109209264143146356218 1.274164176759561506457885116106 1.100223577656813223057952200179 
0.575331246701779264185461215675 0.389567014644679021628803639032 0.559524106327368153657175753324 0.811929437742154314072706711158 0.090119277084169335800822864257 0.048835667684157590962001904700 0.314652199378843810961825511185 0.016557050570913611764467532339 0.990763746153067836885952601733 0.588138744276476832517630555230 0.392059418235644163708286669134 0.430609213926606559930121420621  | 1.015648214109986291475706821075 0.712778034295887485960463436641 1.575637564896488207466518360889 
0.993397132570631558046159170772 0.329895359182247549512112527736 0.711854940658179335954969246814 0.732613917197046604634635968978 0.237357596527892344973054150614 0.790827992304184657079701992188 0.796478621138595466177889647952 0.795508449910468984356270993885 0.515662910505722660303717930219 0.492969290431777618088915460248 0.211591842225777870822867043898 0.251373668727195243022265458421  | 0.014173213996225765554104469857 0.008081171244229285940963158907 1.572982986681341399659572743985 
0.431877761892804801213685550465 0.368639325226977510041592722700 0.051500304312997347011560123065 0.449064048132838955496026756009 0.513116849840883570976757255266 0.862122146423814350590930644103 0.589572056473699590561921013432 0.812714405947399298746347540146 0.139886163357380577387800713041 0.572543023889470759080211337277 0.774577490366816223676948993671 0.126141789751584187939670300693  | 1.167099888581693667433114569576 0.763075498394470752572260607849 1.123909695227037985887363902293 
0.825313438520473008352951183042 0.007410637960859500772414776293 0.208322830668577263502072582924 0.785771563664282135519556504732 0.201930553321311601067122865061 0.913325135067721949333474640298 0.606553951374800615070626008674 0.851123306787983313626000381191 0.639725236981036893268992571393 0.063832265158065837340473080985 0.367271060625652956410647220764 0.700909115554297246220016859297  | 0.495513371334395824607810254747 0.005768334927264687737868964490 1.760394092551742506458367643063 
0.165842344793806995006946181093 0.829476878122887506528115864057 0.711801831837671095115638308926 0.256850725336199903203748817759 0.452196823847908047078192339541 0.950845951225994467925772823946 0.985759190228079673623540202243 0.576852608697279722882456098887 0.419637942969987576269375040283 0.239386413852683554992495373881 0.315541786717353112123873870587 0.922693877932573403022331604006  | 0.470162443821818487599273339583 1.713092492060927174435391862062 0.473531126032096072453470014807 
0.489338760858370802608874328143 0.009146412610054110992052756046 0.782440915484490573383880018810 0.802367180612194696998074050498 0.190128864914332562641163804074 0.517284078858884610596646780323 0.386843181195830942975533162098 0.478772052394264235886112146545 0.072129703677142442685976675421 0.668781652038980767294162887993 0.870086535902239388562406929850 0.089918876749887410859685132891  | 1.291971041540832532135141264007 0.018563220729585657581273139272 1.249536481902832729673491485300 
0.967001743015707959649773783894 0.083706618072797889240632684960 0.258812185169522757099969112460 0.040772466583869571010723120708 0.260745890999783402897094219952 0.265614478499115569398725256178 0.855025153195525078331229451578 0.949001382256989933772217682417 0.812113890460313792019064749184 0.133522261415485843372152885422 0.590422971908310167954425651260 0.372783385565443547982056315959  | 0.100926830295423639038965291093 0.013347478528267229733184073837 1.962328022569993057899750965589 
0.580425643863645479569868257386 0.030273490462908725362467521336 0.337518982745185880389726662543 0.382414158975138196439047533204 0.257293411507931613080302213348 0.739298608555753244964137138595 0.346541386126208772466839036497 0.935280934283717058086438100872 0.539541178629596496207909694931 0.915685027762042746957149574882 0.112011676571424190207437732170 0.366906918156291284027759047603  | 1.047220564764672179336457702448 0.049836561531474893316229213269 1.353464122384059109549525601324 
0.639552208359092655420852224779 0.767416688715185424385367696232 0.380913051811514136169023458933 0.023059798574196266329749960278 0.106525169625869553513553000812 0.435294637055181676821291603119 0.310817191598281916675716729515 0.880475495865897572755898181640 0.899687941377357303096573559742 0.123328463920714059831595932337 0.861773851939597879123766688281 0.578062565660550919943716507987  | 0.387090139041165848254877346335 1.011966197539261091975504314178 1.704629256597845810006219835486 
0.405333546364434194053671944857 0.546579118234370997519988577551 0.082118960224801695879648377741 0.856972254877545358553447840677 0.058248375209421499043571657239 0.183395269376820158058194465411 0.142797374732162030142035291647 0.073865478326337052905614655174 0.242899736854894077175970323879 0.886682152850151950040924475616 0.078117188342908372433726071904 0.150377160702593326568887732719  | 1.272947379799203471151258781902 1.474313790052284911524793642457 1.440258813050562469726401104708 
0.747290972836738287554680937319 0.711355363679078811500744450314 0.691216651865628306516953216487 0.645721853464784500964412927715 0.763561366276369835048853929038 0.654624239694705734038393529772 0.086526247149810386893875602254 0.184018676695440586144059125218 0.135483721248808697268373180123 0.178998614644271691886956432427 0.682683325339232482953377711965 0.860280932134681375345053311321  | 0.308390163324620714124790765709 0.632909730476507448315715009812 1.679465071205044290891805758292 
0.308446034961154080811240874027 0.866882422032188237892569304677 0.955141635582768433465616908506 0.075273886206064344328581228183 0.407027702531490009896231185849 0.229986010833281517840021024313 0.506560165537308426664253602212 0.787373753608014648186497197457 0.450836829895033930348802186927 0.304296970632229824005321461300 0.106916250805338286511414480628 0.992007635719014957409456201276  | 0.365361998528253850704317073905 1.721762121967025604973855479329 0.926431615056152235609943090822 
0.635186022447129960966094586183 0.244064282418088751569484884385 0.893819325164811995243496767216 0.152123661485672911908295645844 0.457387436876718456169044202397 0.131305892843142535397760184424 0.553025961209282268526976622525 0.583398012019744838241308571014 0.245429330562705438900650278811 0.844061183929924574442793527851 0.423841844286637070560175288847 0.575013704920500301476238291798  | 0.813710921922392471650198331190 0.328195456594126855343063198234 1.359730446414658233678096621588 
0.002371156637127835864475855487 0.013593073833709334863328876963 0.944546305794588869630956651235 0.048054577714649715503014704154 0.454746149408107869227535502432 0.348076554827269402103695483675 0.898773380827125767389418342646 0.759205364626356349333491380094 0.631282130329767765530846190813 0.552675284245315534548126379377 0.951332124404083212532157176611 0.191387633657805200648738264135  | 1.971701099758079056556425712188 0.042106063173785304720730948702 0.007345514398083122925564580896 
0.507611352285032069175940705463 0.829801195908248301336129770789 0.349080411690082081932473556662 0.734558491364479038132628829771 0.620729751466189916264681869507 0.019071267859450791171127548296 0.194265011627456019027704314794 0.127957351659333973259435879299 0.445787321302922867616302937677 0.801660669534859926521619399864 0.339719521989732764488678640191 0.079610534774205432562155237974  | 0.341774619867373119497244715603 1.247786512659085023102534250938 1.325058538543523178887539870630 
0.072933173316101052030546725291 0.239472370900851716513102473982 0.087429143534158981765358475968 0.724252465236163822659420929995 0.334606770511963080849682228290 0.961507551307555607955634968675 0.549240670334797731477749493934 0.235600291702420472361723113863 0.402466351337452898917490529129 0.123941761801981131796424051572 0.215640068873684809247492921713 0.722374658548249448664080318849  | 1.676499069197304958578342848341 0.662166172981200173985882884153 0.207411696633128000977208671429 
0.676758969629060125328123831423 0.438293341917932566254023640795 0.716278338530554892216173357156 0.683567219166039907740639591793 0.087844982945887495340286932333 0.797742624091558938381751886482 0.507228670787795987706658706884 0.798276961115165883953181946708 0.092158655629952068721877367352 0.812404139495940147419617005653 0.377776902102513023606888964423 0.898076024167121622632237176731  | 0.700364169805955616432413535222 0.576236123376972941834139874118 1.630023393149107491240101808216 
0.480092787893181216496429897234 0.343925641118893121728206097032 0.158000187028546457135291802842 0.119808718693760751783372597856 0.089235073774673989710493060556 0.613506153612944693520603323122 0.453130486302330104386726361554 0.777992782131288862501605763100 0.542079954457135970713466122106 0.924112815912668583706590652582 0.239106080534423059980042580719 0.625701896279019953439615164825  | 1.117688612049096530398628601688 0.670335990153228644672367408930 1.224233098631875016337744455086 
0.222014411198065642061294511223 0.320912022708423783079467739299 0.915003791799212873314672833658 0.869108065079275626807486787584 0.863487141458195717191870244278 0.393645009566246262266986377654 0.000382681497236081469281998579 0.031524234793082417382947824080 0.256921756060130013210596189310 0.922154351868538890713011824118 0.242952849363676892657792905084 0.120995243692329168538890371565  | 1.948652086740720434931972704362 1.074918779471987662077481218148 0.809180493681520118798289331608 
0.714172223734274802531274417561 0.784031710540440851531229782267 0.287787134274376410481011134834 0.681851950841099174738246802008 0.250484448215058774778185579635 0.466104381161260739041551914852 0.294940391184812189528940962191 0.697392416443715745799636351876 0.163316327621490398058767823386 0.485146384701740762679378349276 0.708904874232943127410067063465 0.739493140109489965894340457453  | 0.207571827330602198813380709908 0.588214671096846108966360588965 1.294670551939058000812110549305 
0.228328647626373948398281754635 0.320596499903207599047050280205 0.533358286258177272110003741545 0.260454620343785414604553807294 0.821995059307438546980506544060 0.721991977051013367194798320270 0.645234734835977707945176007343 0.181371585857802553043427451485 0.794123986662016001503161533037 0.440614369802363015082846686710 0.966849739253558326801396560768 0.083570400357284135850477468921  | 1.488909960497002860080328900949 0.820352827806784201669643152854 0.637262584845828206070450505649 
0.723196960247355136175428924616 0.510489826840789473472170811874 0.410306704788852893983630565344 0.561919691280881372641431426018 0.911672520941252284565337049571 0.117976641793430814253440530592 0.185152396708369026967488935043 0.646533224675177375928569745156 0.994683859407056059076523979456 0.634662333992019989103994248580 0.380330199541730862300425997091 0.874013013503454727626262865670  | 0.546255761732770905858558307955 0.564560766062583097024685230281 1.691422318356635923208841632004 
0.224801838675956155988444606919 0.457396282228081263454555482895 0.008721668198958698603462380561 0.663658195568883169102036845288 0.417111021226984512999536036659 0.903709919228006586244816844555 0.576779676362087934116118503880 0.139540436850621230036040287814 0.120879805137196871811511300621 0.428493695276912611724640100874 0.896637402204637390390473683510 0.310074609208962126416508908733  | 1.353425448027345767698648160149 1.183402551936910906960065403837 0.662619756685823180220040740096 
0.277185721249880945293853073963 0.521034407952292943910777012206 0.846615051271277119226965623966 0.360234660587657518071580398100 0.331280328422424608092455855513 0.003018601898898354285449840972 0.529019827025905775563785482518 0.137498485865263475602660037111 0.293103274867320351404487155378 0.047189616849079185634252553427 0.870154248673327912477759582544 0.592091367657806011415289049182  | 1.202479345532117216421852390340 1.284687161292579649085610071779 0.818548082243580332750809702702 
0.837544108956730926074385479296 0.688670748244757047196173971315 0.499658132052607228956730978098 0.068035363474756249679842312617 0.805194955004936541165250218910 0.162713463747402031778221953573 0.088788210775752718362241466821 0.199716694766010727235538979585 0.104864590981264660385363640671 0.363817218139148024214080123784 0.511920450098476420563997635327 0.444806255801132421900945246307  | 0.217080822161459796593163673606 0.407932375912132438866564143609 1.771349030563208470923086679250 
0.124200326883684764034398995136 0.334756534586525433816461827519 0.433889326074358483431581134937 0.109334041379938406990390831197 0.963831137354659972515946719795 0.554550573331378360286691986403 0.585698474382091660572768887505 0.217386551973469122067683656496 0.363117087939773708349378011917 0.691765442607553460163671843475 0.319581153283446273150048000389 0.562679098095696161863088491373  | 1.318829283595609025425687832467 0.765362623650687745602283484914 0.301315852055640431839123039026 
0.347608287751638100893103455746 0.957862476430420328732395773841 0.495025727354448830119793001359 0.566626970517263739424151935964 0.575135244536794321135175778181 0.711299549756052695848040912097 0.136013627900203437626203140098 0.257679587462070536219016503310 0.903857077217694038218098739890 0.299840977429735144887956721504 0.905190571128508092435538401332 0.458903663426874164343871598248  | 0.091286001102180269750618890612 1.377147400781546515702302713180 0.838653060277816830847541496041 
0.452579349478403170081719508744 0.804783902264095796219578460295 0.686990479062838388379930165684 0.319159653896974204734249269677 0.932806264849977417874526963715 0.755524035877583766129816922330 0.691487246867789284721084186458 0.303647855978823821843093355710 0.483497963331503410877587612049 0.668469217980104057907908554625 0.011699175138978334942407855124 0.440339503803202192422361349600  | 0.381118311776027396398092150775 1.203663625962796857038483722135 1.087205620726583887858396337833 
0.181411539274267674670682026772 0.179636009434843146870264263271 0.798077547512871521284694154019 0.480562646331815446210100617463 0.295019004136533591342583804362 0.880791817901753315567248137086 0.579864521494660389855368975986 0.784813671027063008978075231425 0.199817154622872084068774256593 0.162844792346248157244303911284 0.346291291578062376821378620662 0.710134114268998861696502444829  | 1.507299750848194452856887437520 0.436976666152051163027891789170 0.459717982575421235669210773267 
0.284004308511656922142663006525 0.512726215703172338855608813901 0.785704937084290455651114370994 0.431010953289170606339553160069 0.756396414220892654434180712997 0.753319008933343137179861059849 0.820552470904860942191305639426 0.851258571255022022938874215470 0.765420108094254425523672580312 0.097634866240960072047982976073 0.523491633551457780093585370196 0.373139034057110685616009959631  | 1.057181453013957606046346882067 1.100316209039878145858892821707 0.729785440878871982661735273723 
0.406062464947248513702504624234 0.419309004460597600782989502477 0.882554441607958262139277394454 0.396746438471019868821088039113 0.438789335381692957582799863303 0.143395182298164947098939592252 0.767743766256977711037734479760 0.173048805403357319754320542415 0.295208572731576746051018744765 0.403782178171015582179848024680 0.228843952958731944313797157520 0.001165435487053834151538467268  | 1.169051073424109077336652262602 0.904778298150396897980840549280 1.095690417806413075041405136290 
0.852009319388546515483540133573 0.744953371758898197363407689409 0.118152140133403582566984368896 0.868830024140564538548403561435 0.148794156907615438001357688336 0.705584654493531027164010538399 0.632026878573542227890413869318 0.953525331009073773280704244826 0.921570370968583962856257585372 0.221524787656014132686266293604 0.409314631298519637780941593519 0.382385001820473080513806962699  | 0.175009233865594637791218701750 0.413214037449235682686321524670 1.895502665009819676100732976920 
0.285424781920540771018579562224 0.884338851518226221060103853233 0.600943521723545148738310217595 0.271722779509084189086820515513 0.572909839757285377359607991821 0.296944321505037245323421757348 0.413667773017289963632947547012 0.006587204031485827115943720855 0.502868974781294775233675409254 0.076780468160799864030252592784 0.066175051177801647028786646842 0.879626382414699481415709669818  | 0.304677705275305910070926529443 1.658508888012107052034593834833 0.811116617999609101907765307260 
0.834911149735762192491961286578 0.666661530893659426411090862530 0.330987130482307545520370695158 0.014050635438632719242946222948 0.640706637084531349657368082262 0.078107235695456633806088575511 0.330478977502583148861958761699 0.591155844734588375999351228529 0.564180149428276322964848077390 0.021696321990650968558611566550 0.374011412400419573920373750298 0.467894227012802366161281497625  | 0.224290801538131884251825454157 0.388475826392618517335364458631 1.690857527642086743924210168188 
1.000000000000000000000000000000 1.000000000000000000000000000000 0.500003060001980803583876422636 0.500000056785013025084651872021 0.499998391016465038028115941415 0.500016174556917158966484748817 0.499996761958225621746976230497 0.499999906735610954999771138318 0.500031163450917026658260056138 0.500034788208674751963656035514 0.499998558573670925930798603076 0.500008213368216547500821889116  | 0.000000000000000000000000000000 0.000000000000000061232340112591 1.000000002534982890267656330252 
0.000000000000000000000000000000 1.000000000000000000000000000000 0.500003060001980803583876422636 0.500000056785013025084651872021 0.499998391016465038028115941415 0.500016174556917158966484748817 0.499996761958225621746976230497 0.499999906735610954999771138318 0.500031163450917026658260056138 0.500034788208674751963656035514 0.499998558573670925930798603076 0.500008213368216547500821889116  | 0.000000000000000061232340112591 1.000000002534982890267656330252 0.000000000000000000000000000000 
1.000000000000000000000000000000 0.000000000000000000000000000000 0.500003060001980803583876422636 0.500000056785013025084651872021 0.499998391016465038028115941415 0.500016174556917158966484748817 0.499996761958225621746976230497 0.499999906735610954999771138318 0.500031163450917026658260056138 0.500034788208674751963656035514 0.499998558573670925930798603076 0.500008213368216547500821889116  | 0.000000000000000061232340112591 0.000000000000000000000000000000 1.000000002534982890267656330252 
0.000000000000000000000000000000 0.000000000000000000000000000000 0.500003060001980803583876422636 0.500000056785013025084651872021 0.499998391016465038028115941415 0.500016174556917158966484748817 0.499996761958225621746976230497 0.499999906735610954999771138318 0.500031163450917026658260056138 0.500034788208674751963656035514 0.499998558573670925930798603076 0.500008213368216547500821889116  | 1.000000002534982890267656330252 0.000000000000000000000000000000 0.000000000000000000000000000000 
0.000000000000000000000000000000 0.000000000000000000000000000000 0.500003060001980803583876422636 0.500000056785013025084651872021 0.499998391016465038028115941415 0.500016174556917158966484748817 0.499996761958225621746976230497 0.499999906735610954999771138318 0.500031163450917026658260056138 0.500034788208674751963656035514 0.499998558573670925930798603076 0.500008213368216547500821889116  | 1.000000002534982890267656330252 0.000000000000000000000000000000 0.000000000000000000000000000000 
1.000000000000000000000000000000 0.759201836309110311695746986516 0.511688865334531062245559951407 0.533580362133433960813988505834 0.591495231439839952436443581973 0.430166901840513093979723180382 0.375713039272685900282766624514 0.435392826386492459711519131815 0.529070142671405063694578529976 0.572504195440919461113082888915 0.499998558573670925930798603076 0.546046405749736174506381303217  | 0.000000000000000023570260302079 0.000000000000000059314304858764 1.042355847793780654342299385462 
0.107118932101704145143372670645 0.569525166118849401897250572802 0.473686144375172812903684871344 0.452091859589859923485022363820 0.525330590508701567031835111266 0.521128819563241529877473112720 0.469698376071475132143007158447 0.471880651166670050944418335348 0.522567197584909548524478850595 0.491150260319563602973147453667 0.526519477212938014076826220844 0.493369565425815503889594992870  | 0.621378828731004473340249205648 0.774423112015890202641799078265 0.168661453265754518460184385731 
0.256744080581176592481540410517 0.125666087907156720504531222105 0.524115613375423006203845943674 0.535813830866454177126456670521 0.466222961260874035893664313335 0.499467785070003333913746246253 0.499257482980021927154723471176 0.441119614993931041801999981544 0.542378695998931736887982424378 0.524543000903232026210787353193 0.550926467817309584162899227522 0.587807690466010890339987327025  | 0.919206358634757969561235313449 0.183841529302246731170100702002 0.399974105349065800485419686083 
0.199537079978162196214341861378 0.678514980048758875597059159190 0.508338414936006732780526817805 0.440133916672016900495378877167 0.544796153673045568943678063079 0.466315179788942768546178285760 0.619623355753046056726418555627 0.525045083806268020332197465905 0.462965430257802845748216213906 0.576819482430917074289311585744 0.515320610487203900618169427617 0.517092677186154481283608674858  | 0.473817576669446516302031113810 0.857128823468629508219862600527 0.317430664057424039015131711494 
0.468727356307008402591662843406 0.847774194054488616778542109387 0.489607674469778930692598351015 0.480173798451203059922676175120 0.509764166816328079256948058173 0.473988488515962147484827937660 0.508583006507284940411750540079 0.476994031314905031493367459916 0.460256523585546195587170359431 0.529136182438530666694020965224 0.498682853676714166191175081622 0.587462359160525360302074204810  | 0.177593389336582418991383747198 0.728499538413147185167417774210 0.679561322133236056508565070544 
0.074434714079729125124629263155 0.090468907661799297104110451073 0.540734701553298724441276590369 0.494169136504259642883596370666 0.517237568686830684328015195206 0.531208944313532049896764419827 0.484725032508978137535393670987 0.530762795072575954691274091601 0.477971218533639941039581344739 0.476358775028111025573451797754 0.496990741827285198439767555101 0.442427409362166845774311241257  | 0.991529485062678128670654587040 0.141860733390570564749211257549 0.117648523853838962716089611149 
0.144835926975313555864488535008 0.052566431948806821572439673673 0.424613000312098531896509712169 0.470382965823491983048398878964 0.507228850310863177419662406464 0.486131598381761065308381830619 0.492340508268434506877753165099 0.431484802534421452158142074040 0.554620682078505566892090428155 0.489688079597956404942493691124 0.460834548441603986113079827192 0.500767092132298641260490512650  | 0.986623811156859042981182028598 0.081652323624266165413843054921 0.229200095974364331796735427815 
0.662562787340068792829583799175 0.693836751399653950400647772767 0.478021522662447628793103149292 0.525766775675386655031218197109 0.507755209266368301435079501971 0.467324989372793764275115790952 0.545295123511068791088973739534 0.461749455955264676010330049394 0.405009953606628170241776842886 0.554899684451421459918663003918 0.513676467245464341004890229669 0.513235958981840156845066758251  | 0.238129188313168899115979115777 0.456377746963367969534886015026 0.878477308539033829859477009450 
0.229386590312752935982842927842 0.568015868915289545704183638009 0.503537268502084689458797583939 0.538305106085238183055707850144 0.513423669706476903940028932993 0.579945456150541271966858403175 0.504182933248506159884527733084 0.481136902629233365047412007698 0.468999287318399515900324558970 0.564126320426581728817438943224 0.552901707346144410948340919276 0.507827630260943574391774291144  | 0.596973420221081130243589996098 0.740403706404544337260631436948 0.358340618609474415023896654020 
0.318416487832974659522022875535 0.047725791296784787764995172665 0.458711769761822485413915728714 0.549467731820017180055515382264 0.533727661859195290361412844504 0.570097373764637427306922745629 0.522112986363521658361719346431 0.497761708862730634095328241528 0.586748636760165531711663788883 0.522316910385958732554456673824 0.503160318896456182358178921277 0.520567346056738489146198389790  | 0.891797480012910259716818472953 0.066981353747365537931734991162 0.488757897128563323363437120861 
0.364305537447008109808166409493 0.023593594252338048744555010217 0.435260827856714216377298498628 0.543373116989803284226923096867 0.584045165730311621743453542877 0.495302255060708906952982033545 0.595954056258649611521605038433 0.467336174186918418271829978039 0.503324787340509671729193996725 0.485078611233635936805796973204 0.551924307743843267637373628531 0.492227237259917849154788882515  | 0.862305168369765007163607606344 0.031972299347930728530275956700 0.555833177315166793164280534256 
0.520235295986303469817357836291 0.395951787831205770373799168738 0.486969037687731642893851358167 0.605875117300845422718680310936 0.535474302699899928903448653728 0.477607906963475159489718180339 0.547875348608581558274011058529 0.568048008243018487384290438058 0.489120248188793127486206913090 0.504541545389731505011354784074 0.482542160047560175772929369487 0.502970176265474688825918292423  | 0.567547455114545185139718341816 0.406858605456434263558662678406 0.744181095705197637180106084998 
0.387364223919371475357564804654 0.847703177285763387338590746367 0.520759684795434663051594270655 0.464929355458217286045652372195 0.545563938346594889949869866541 0.456894542984870311030931588903 0.630947920268669859567012281332 0.490582656329964672536902980937 0.543083050277231804692235073162 0.526606299518536435932958283956 0.506257323982004736606654660136 0.459703515163341347449232898725  | 0.199685413339575734692488140354 0.818725523965510681989599106601 0.587079745512103401416936776513 
0.309362066448714390087815218067 0.837311002751386590503557272314 0.468304760556104038293767644063 0.471073194215654911243262858989 0.452120909326597986144236074324 0.453806882342023265586306024488 0.501154162598001495787514159019 0.406325453846419659686972636337 0.544208659244095338536340022983 0.499998366522318549165504464327 0.514795571091602122137942387781 0.542344509136871155696724144946  | 0.227764724178709188073810310016 0.871781326834586312024555354583 0.475922582393423110325159086642 
0.795652122591319899136408366758 0.885524816834124983699894073652 0.457448263270310906403182116264 0.534273210749220073267906627734 0.474751772680579720020688228033 0.494568481483879385240953752145 0.480929763001129717547854625082 0.487654498937503178002117465439 0.532145850588963686966792465682 0.495643988152138170732996513834 0.485107513709488957776017059587 0.502190173623235702748957010044  | 0.056735378234174724254579302851 0.312108956886456512247463024323 0.954092931425592927219270222849 
0.327882159299945019625965869636 0.079884503655512237307867451364 0.420278118598079897250130443354 0.531018593163555263636510517244 0.477643132523531466215871432723 0.487434946868126883767757817623 0.512035501017421568192844461009 0.443887336663975062833742413204 0.494881571386108054522168231415 0.518006267171630230272683093062 0.542429205877032361016176764679 0.465451305071947818436939314779  | 0.876049850945789909673067086260 0.110509366365724795433500560193 0.499764227924113069168043921309 
0.605327332982289023632915814233 0.819536069307697734309670067887 0.516890535685283536437850671064 0.542328988334842887475417683163 0.469774906084139853845726975123 0.484790664405815918680531240170 0.504370247887779954432119211560 0.509389399361218297990205883252 0.484968090719259947718455805443 0.492879810887547231690319904374 0.462180156346968351588344603442 0.526117273165489507391612278298  | 0.163428128445780029842637759430 0.560997038525375857354049458081 0.818561440112287042047967133840 
0.494092588167674484633806741840 0.703000332063319466335826746217 0.468147124705361017404925405572 0.424870889818915242752694894079 0.490952686348440692221117842564 0.488154330474424469343830423895 0.487494909372228613086974746693 0.462078024825008593090558406402 0.401587786153863923743756458862 0.463228995149582212231820221859 0.436699558441865587354868694092 0.453231413135174676654060021974  | 0.329235955683439329710893161973 0.653760691299936302911532948201 0.718523038719336981650087636808 
0.615146045466620550179470683361 0.214377368869362178172011113020 0.445881222041837610436942895831 0.567550290609507346317741394159 0.537083788517461080402881634654 0.601858090797268485694360151683 0.466240243593710745884095558722 0.534187973353165590495450487651 0.586809504429256167945538891217 0.516533093238566110017018218059 0.530398957797815429060506176029 0.521307789236266971855116025836  | 0.552940332484178620475745447038 0.193571549358791145101221786717 0.848061304706831609045991626772 
0.364305537447008109808166409493 0.125828194901889567347552656429 0.414216797871573616518503513362 0.516480942080189797671607720986 0.584045165730311621743453542877 0.495302255060708906952982033545 0.524501319955575362463662258961 0.494218975977195051907386869061 0.503324787340509671729193996725 0.485078611233635936805796973204 0.483999719693529006914189949384 0.491003619448569517125235961430  | 0.837440672125851603979640458419 0.167710153590369143161709075684 0.550146091699794781426646750333 
0.032231454224180111634012746435 0.229348549164413328949052583994 0.513009073696641171302701422974 0.443693094780207242244784993090 0.552008297481965670705505999649 0.463925243387546037965307732520 0.538660177023720043720800276787 0.462985006849922164917643385706 0.461622147453652154069914104184 0.481002964844775171560087301259 0.532568599254342300852727021265 0.518627099529469504091139242519  | 0.947178549647054501825493844080 0.356801738901057485797707613528 0.051288199365660550044232479650 
0.290187131909658946327112971630 0.807450418827078131300822860794 0.409845411120613123401312805072 0.534829073643120045389309780148 0.501615974258035501875951922557 0.513015661054992411216346681613 0.589941960406600962585343950195 0.496756324027572970791766238108 0.428387663709053401195347987596 0.555548943127540550968035404367 0.558455591612236679210923284700 0.496840671002927170007978929789  | 0.275277249702999382563461949758 0.882215448922124667596733615937 0.453080851163340125875578223713 
0.155393054124601248666692754341 0.443703926970707374088931373990 0.492449100483004054140678817930 0.487884166460492596506526297162 0.481272860965767212970689570284 0.466767899668945107638506897274 0.531830105420843968211386254552 0.451784106350370029403507032839 0.470659066711680451611243825027 0.512181272064311854386176037224 0.543275749711221056514887095545 0.492246354415433184925632303930  | 0.749969062506824268865557314712 0.627813624699915417970430553396 0.243592864629533223386204099370 
0.244449107472063359436376117628 0.444883953848978719314288809983 0.499040323431530874476180770216 0.513161455315714665204041011748 0.500853213371844963042178733303 0.450546270887358213386164607073 0.524941408071584847405688378785 0.488872188501151994088900210045 0.429176420456728713315186496402 0.500086017695683837658293668937 0.471317287672614881888222271300 0.510326794431867458712304141955  | 0.716460280965671048036824686278 0.602024938803103148998729921004 0.378101699780051148103154901037 
0.041198014418299233607712039884 0.892812362691301375505759096995 0.449560724410055234656624634226 0.476972887007745038889794386705 0.567848342090200963738766404276 0.552549115415969738229762242554 0.515414810541579448965876508737 0.480520487335346857538098674922 0.528041592996790654090943917254 0.526315036631972765768239241879 0.484781759053127314640363465514 0.518930806544547151837321052881  | 0.169419630162054080102507214178 0.996707975854111971614202047931 0.065517306637963956816861355037 
0.610899039873994964544579033827 0.047725791296784787764995172665 0.422231127187135679701412982467 0.549467731820017180055515382264 0.533727661859195290361412844504 0.570097373764637427306922745629 0.522112986363521658361719346431 0.497761708862730634095328241528 0.586748636760165531711663788883 0.522316910385958732554456673824 0.495131854529920312213420174885 0.520567346056738489146198389790  | 0.585690975771448574249689045246 0.043990227954242670793671976526 0.838214970499366662792795068526 
0.820819147619019306993948248419 0.778489655392672230682649114897 0.488250815229688051033463125350 0.535505291637543234806173586549 0.506420085592105051475186883181 0.494673804998317201420121591582 0.410428812316736446597076337639 0.470461265685369778299929066634 0.439689334081637961393340674476 0.604508363527039072060631497152 0.501578986445710528485619761341 0.517951157846308296583970331994  | 0.097097099664323407997024162341 0.267703120820151074799042589802 0.984906315930890952081711020583 
0.541247584762457933926782516210 0.149045102430238440849308290126 0.481440043475684420481996994567 0.646622985179315268311484032893 0.445500284573149718525542084535 0.501205743136220016609172489552 0.496063460591435634317036829088 0.478938303094586736996518538945 0.519468180444307536802739377890 0.480990944949612253545012663380 0.493451806528152125963515572948 0.578270506079296087165175777045  | 0.662495826075654159481587157643 0.158000567727692720065846287980 0.775588119757021798861273964576 
0.000000000000000000000000000000 0.413743928203902378015754948137 0.459610185711534724450899602743 0.472178581477970871205229741463 0.502110348233886671920345179387 0.442755279042568006264701807595 0.549610347455594561161262845417 0.499999906735610954999771138318 0.517772982980433060795633082307 0.549696133076272630546554864850 0.450787191178801283086841067416 0.452833667564014330508825878496  | 0.808543759122122396298948387994 0.614540445311881011747345837648 0.000000000000000000000000000000 
0.726840052924194512939948253916 0.568015868915289545704183638009 0.503537268502084689458797583939 0.487353793146292568749800011574 0.513423669706476903940028932993 0.579945456150541271966858403175 0.504182933248506159884527733084 0.531293946731284383311333385791 0.468999287318399515900324558970 0.477374514476085087810730556157 0.552901707346144410948340919276 0.507827630260943574391774291144  | 0.264285127290726618021210470033 0.327782914892901178216533253362 0.920328515454776785453816501104 
0.191301685265288456960774965410 0.654495190604530763245350044599 0.521611322906245677977210561949 0.494566000694044882735056489764 0.478623415301276444733247217300 0.544300150626469525505513047392 0.499794140931422381513016262033 0.549929571127870775448798212892 0.511924008715042289097141292586 0.431826052460392462162275251103 0.491497422589801336023640487838 0.460499712967408880714970109693  | 0.499158899502180397611539319769 0.827614313662687117734151343029 0.299496049349419812823924758050 
0.061987505075147136812674375506 0.249963357050552476001925583660 0.529976892310443425948562889971 0.527474108672600916492001488223 0.498077111958992846396654385899 0.472370083936204721020146735100 0.467847107462054656590311196851 0.590638833931377171815313431580 0.494881571386108054522168231415 0.439795825958842201419685125074 0.542429205877032361016176764679 0.446371593358902640780172532686  | 0.937912833122916067551955165982 0.388432969997052179866869892066 0.099159962354923289473696002005 
0.750225376249546771489917773579 0.414879231807367798712249395976 0.545761532307430075050547202409 0.513567734115302210184950126859 0.468700388083848895615091123545 0.455871271565438052064678231545 0.522407450984523902270950657112 0.513603221676137589035704422713 0.500441008559724953563829785708 0.436391927839540949563001959177 0.514259728735161458779145959852 0.494241775359272939027732718387  | 0.307089179102556897316134154607 0.234270880052020596950868025488 0.933416833494943420923561916425 
0.173842116528082846205194300637 0.341754506210665331966680469122 0.472215394146355327276154412175 0.559194172160771829638292729214 0.498039798420093604569558465300 0.587041814986391297104262321227 0.429195765324014100183802611355 0.518302548913712080036475526867 0.519014630219741479599804279133 0.514089094152218817335153744352 0.465565143192705643837570050891 0.544761190481507173721809067501  | 0.844834228905069428705587597506 0.502781389500096764777481439523 0.275340470868903564038987497042 
0.224565881972342173966694645060 0.976280307388543544533376916661 0.468304760556104038293767644063 0.537986114275895599412535830197 0.534445820913372893201653823780 0.469300676688071682907121839889 0.432292786625090852403729968501 0.477341068995618345027764917177 0.526809435754386434780371928355 0.539388810053812783884552572999 0.497247091004975161343537592984 0.542344509136871155696724144946  | 0.035437065549615037740593948001 0.950665619152000540559299679444 0.350225815294865128191048597728 
0.124344618519242861021112389608 0.518554638110283350194151807955 0.498096359273249522647830644928 0.500599773273618153801578500861 0.516282350475748441631651530770 0.433434765440722624685321306970 0.533312829751258488109044719749 0.475977844606218614131876165629 0.503078787073598099333082700468 0.491537468747964279014439625826 0.493982583416467058157195424428 0.500710457506981621023101070023  | 0.677531299322140512231271713972 0.718222854770483198905139943236 0.195342953920007250667723042170 
0.570016381791865089923021514551 0.924745483542576240942878484930 0.482057921266618949474036526226 0.566016175161943690952170982200 0.500757609314823493029678047606 0.495757809833046236835940590026 0.522112986363521658361719346431 0.519160658942849795316476502194 0.498223125384964160566880764236 0.583593826221059375214395004150 0.559743616152001077779232218745 0.480654130818499891741879537221  | 0.074951104693382827881542596060 0.631096977463469266389495260228 0.793315579738496978734474396333 
0.472949356476857762920928962558 0.629595314373495140713998807769 0.410587969387405327115203590438 0.525766775675386655031218197109 0.507755209266368301435079501971 0.467324989372793764275115790952 0.545295123511068791088973739534 0.454016512986616715963350543461 0.405009953606628170241776842886 0.554899684451421459918663003918 0.457752638469348105410006155580 0.513235958981840156845066758251  | 0.416061928884387866034444414254 0.632517165983749629631915922801 0.695337789923756277588040575210 
0.118594194928265006527823288707 0.277818160218476883915883490772 0.478276716858196060400132409995 0.493558058210971761781138411607 0.514858833622373945893002655794 0.520976387215234981731271091121 0.489356058819715833418939610056 0.493540987252504448346002163817 0.499836567018362987191437696310 0.530252724983349632559281872091 0.493227286261689712443256894403 0.502746145921195375372292346583  | 0.892647567579369582979609276663 0.416317334035521458002193639913 0.185637332573103774890910244721 
0.735377579715683182826069241855 0.641960947739531717637362362439 0.476416743214139126738615459544 0.559266547922308676632496826642 0.513154953258665669224569683138 0.491301029293150948173973802113 0.440543547040689931204582308055 0.497402834125912851614970122682 0.503078787073598099333082700468 0.533473838646120190887245371414 0.566863763603060899498586877598 0.470283485578813498229067135981  | 0.218404516830819794837026392997 0.346505028121179281530572779957 0.927968504094995427777803342906 
0.133310678791937475828888182150 0.313731680447297045510879343055 0.507676722069945407511681878532 0.520867924960547346024952730659 0.486899679628459591818057106138 0.620891135859367726546054200298 0.493958561416002195354479908929 0.456717264700484959494275472025 0.522859333477295962211428559385 0.447312888865841029595316058476 0.503752165230644477489363453060 0.565690430907504260282792074577  | 0.883149513184209311589256685693 0.474252336556051423688273871448 0.213036048845821029962266379698 
0.516886979609733065998966594634 0.416476810949367615144467436039 0.477083705080358577710342160572 0.538324273416234788669498811942 0.487919151548496965453693974268 0.515821076664741307027384209505 0.491506892959035823764679662418 0.446840614997086882365096016656 0.545003584242430894057918067119 0.475290829973480821735165591235 0.443980942799591493663768915212 0.478688477908270626492992505518  | 0.552322458882068434427026204503 0.423550289096906729113811707066 0.733968984432460058719982498587 
0.605327332982289023632915814233 0.275373901685136424077882111305 0.516890535685283536437850671064 0.542328988334842887475417683163 0.469774906084139853845726975123 0.484790664405815918680531240170 0.504370247887779954432119211560 0.499844709512486662372765522377 0.484968090719259947718455805443 0.537251048111777596005822488223 0.462180156346968351588344603442 0.526117273165489507391612278298  | 0.531158508840681720108989338769 0.245245791098453458367600887868 0.819577853059141103742035738833 
0.348790038408787306245528725412 0.785449560256598733332111805794 0.548438884066738685518771490024 0.543201903210769998509022116195 0.478833829050386461378963076641 0.486190616878130088540643782835 0.527368766168193392473995118053 0.513841155496720936035615068249 0.493095319181716951195681986064 0.493651951569895053317793554015 0.535939042528211895266565534257 0.489266256490491879826976173717  | 0.284328569379419471285785903092 0.811481791589337864145647927216 0.524672651393105149431050904241 
0.792490567315021210426095876755 0.742133203851767397907224221854 0.476918115524248786840644243057 0.559401724848186177041498012841 0.508976780102044168430097670353 0.500839520480728550566595913551 0.509515684240673838445445653633 0.498202031471803863382774579804 0.423963695630725001528560369479 0.501586314041004066588413934369 0.450732799601016587143220704093 0.477599193788144027461584073535  | 0.127820803977647889926316793208 0.298113148043620102001227678556 0.959612981346611104704891204165 
0.464712109187028821200016182047 0.991718670455202455649157400330 0.490203758709658876657755399719 0.506762766374438178296202295314 0.489636993468560377529286142817 0.495302255060708906952982033545 0.546936352390952618129915663303 0.524966697892458422636252635129 0.482735049047192554816376741655 0.516260442507538996892435534392 0.503231244534540489432572485384 0.521423354728318688700028360472  | 0.009733470457286860430534680688 0.748209595316582154467255350028 0.669599518107525160104387396132 
0.050936142743423562517790514903 0.735121943760834284375960123725 0.514974029090062068725330846064 0.524275156768674310825417705928 0.480050308787339341520805646724 0.444223748729162593029684558132 0.498452134125759060978566594713 0.463006302567442795670160649024 0.524378311113360862094623371377 0.552126123318715023025049504213 0.531412058084860805529103799927 0.503423958421232775606313225580  | 0.406905493823356612104191754042 0.920878995343323514255473583034 0.080724479578526214806899474752 
0.008138201687522564342636144374 0.454467906112828556874916330344 0.474156524916083788045995106586 0.514139986165958906561002095259 0.501385791635714173075655253342 0.498643062362581490631896485866 0.507363932580294552110444783466 0.484252096952988986267030213639 0.496736885512022607880311397821 0.582494870520561369708900656406 0.560530558597953199040375693585 0.494193887041313839603162705316  | 0.764600631981774414569485998072 0.662367167125756828305327417183 0.012932512006502021317810857681 
0.225851750168986231681600429511 0.893718483820202691525480531709 0.485311668356332381879525428303 0.534098032044113768534998598625 0.460492814231557578974474154165 0.513176043231450607073895753274 0.478496273098133140244669903041 0.528918337434169938404693311895 0.483057603823166148426793142789 0.513903811735225146684058472601 0.477320638361070914701400624836 0.480860433984949264818453684711  | 0.156723729459954358445017419399 0.930027793340979958003345018369 0.349377205352220721046307971847 
0.099382209207883709378705816562 0.109295810779525701117442793020 0.508257254911087752446974263876 0.539771734667716995836883597804 0.505666859479344976691095325805 0.510870364658284059622417316859 0.524099818398136463315495348070 0.498223807793474304794756335468 0.497461472478697597221497517239 0.506400195662684127206887296779 0.505051629679880154100146683049 0.500952149773553623290922587330  | 0.975709806499070242402638086787 0.169176691603631468296953244135 0.155858081497226630407482161900 
0.772993448313539777139169473230 0.583546905583740782574864169874 0.483707506481841020828937871556 0.490603083458842903485930264651 0.505529939619327906008550144179 0.475116594755349674894517875146 0.492681044925830313729875342688 0.533712072609002996514959704655 0.517835001663894178847158400458 0.543802943305416008890063039871 0.486721199279281646621342360959 0.453588112606154836292660093022  | 0.213844941412840411354423508783 0.278881822168301818365421240742 0.943431233797333179680322245986 
0.191301685265288456960774965410 0.906009297403650659674667622312 0.521611322906245677977210561949 0.494566000694044882735056489764 0.478623415301276444733247217300 0.565032773854045378136845556583 0.499794140931422381513016262033 0.549929571127870775448798212892 0.511924008715042289097141292586 0.431826052460392462162275251103 0.491497422589801336023640487838 0.460499712967408880714970109693  | 0.142493666824392378744690290659 0.958118241692696770428483432624 0.300166996219894566255703693969 
0.206334928945675510902901805821 0.490296991389232106328677218698 0.494308840227261736544051018427 0.532613564063812994220370455878 0.453923011226045114430149851614 0.383369650361697789087145338272 0.492340508268434506877753165099 0.512029837753239736031218853896 0.543113539061757855108680814737 0.499720884501945128430833165112 0.514609309496820377383130562521 0.489013088660936234841614123070  | 0.693505442331459276417149339977 0.672681164552323185290561013971 0.324585705272820324029936500665 
0.386652687101162018112887608368 0.373432386607864652550148321097 0.505123613140708305202508654475 0.507769665992637619922334124567 0.484719482114046362752901586646 0.606936377117853975704520053114 0.365231096855055392680355907942 0.446175915707068160287462887936 0.587021499891117404246188016259 0.620765038267871660515595522156 0.522373529254943180788473000575 0.511535040469591417711114900158  | 0.721920696115732507536222328781 0.479804889232635811691096705545 0.602429494484003735799149126251 
0.686634001559871309794402804982 0.573862266821473010480758603080 0.424570765634964597534661834288 0.460117974771314053317183834224 0.468727510350915255177284279853 0.453989786430792796600997007772 0.447315918895555275636155556640 0.509649817121515247286822614114 0.530929614255112647391854352463 0.570764098208460080030590688693 0.476195204934941052066221800487 0.453139463930362917931660149407  | 0.299686862342847915030574768025 0.378756750627849081425324584416 0.900641403443892096802869673411 
0.373761088982648037593037315673 0.666037418812476467167016380699 0.479206680200316981199648580514 0.501559700413373277250173032371 0.515433900033456349198957013868 0.418518223543877687653491648234 0.442880195401806953103829300744 0.411700356281505530642306212030 0.575401067076073635675470541173 0.544571973624979110972788021172 0.511103452320812778886249816424 0.447206361423133025301268617113  | 0.429060599450841795299282921405 0.741461287748923392193489689816 0.569990297293110348419986621593 
0.217863147294813486176678907213 0.382979670114950043746659957833 0.451073852251123674772514959841 0.558181613007073584853401371220 0.487919151548496965453693974268 0.478066183231995123215085641277 0.595694894834079224921197237563 0.466794524627534290761587953966 0.517821195718089377635351411300 0.507656569515090416722102872882 0.539644625975236214010521962336 0.488065623038795637356201950752  | 0.791200252362121214666501600732 0.543129959149991736744311765506 0.341872117202070779917733034381 
0.070178293285765025455447130298 0.382979670114950043746659957833 0.477083705080358577710342160572 0.430024246979028912374332094259 0.487919151548496965453693974268 0.427479355786269443751024255107 0.491506892959035823764679662418 0.446840614997086882365096016656 0.391824053306306208099840659997 0.475290829973480821735165591235 0.443980942799591493663768915212 0.478688477908270626492992505518  | 0.843716337828510187790698182653 0.579180326005818701951000093686 0.113272342631865405304658622754 
0.032231454224180111634012746435 0.537824623766323117735055348021 0.513009073696641171302701422974 0.443693094780207242244784993090 0.508888021215368580030258272018 0.463925243387546037965307732520 0.538660177023720043720800276787 0.462985006849922164917643385706 0.419894669966115408055173929824 0.481002964844775171560087301259 0.532568599254342300852727021265 0.509295807377208142874280838441  | 0.673303753755665757019244210824 0.758472677880603241007406722929 0.051392328260441863529983663739 
0.179125684864350348535211310264 0.975465405195351964451333515171 0.472618084243731972904356553045 0.489412444746885944013570224342 0.549543767808925665008246141952 0.478790113961552465937643319194 0.598604162393306826750460913900 0.499999906735610954999771138318 0.500031163450917026658260056138 0.511740941739705079704947365826 0.529506769755880402072989454609 0.500008213368216547500821889116  | 0.037550799611586464787915673469 0.973879753035493789248278062587 0.281697578953867266982058481517 
0.015509116885855257078619118261 0.573862266821473010480758603080 0.424570765634964597534661834288 0.460117974771314053317183834224 0.468727510350915255177284279853 0.453989786430792796600997007772 0.447315918895555275636155556640 0.509649817121515247286822614114 0.530929614255112647391854352463 0.570764098208460080030590688693 0.582909155823602809221029019682 0.453139463930362917931660149407  | 0.637853397520007359133842328447 0.806145716008152213305493205553 0.025048080816190258085507380770 
0.058547609980632846216064280043 0.692044137710299711585548720905 0.558611674794254886577959950955 0.528921499373629977469590812689 0.467751471967301712950870751229 0.495210403601004101048488337256 0.449097241865453300491139998485 0.457468265468901180703653608361 0.503078787073598099333082700468 0.533473838646120190887245371414 0.492537681082656553233078966514 0.533232489875529958034405808576  | 0.468693239632106517511545007437 0.892122622574756940494467016833 0.092941104513827130229053352650 
0.236516585062811007800220863828 0.201549552123884839760492582172 0.397557234148708749099654369275 0.503159401017915342002595480153 0.492311017104799464316755575055 0.545697068685282338229569631949 0.437329069963291128253501938161 0.487149183156982412690183537052 0.494538005567785654559287422671 0.501060835858934350284243919305 0.515289434328485951297693645756 0.437774760723174671817048420053  | 0.903958744280786374858394083276 0.296148482151900538372757409888 0.370612161997748545960718047354 
0.690682994727368160248204276286 0.837311002751386590503557272314 0.468304760556104038293767644063 0.501277973392539211161533785344 0.452120909326597986144236074324 0.480052939118799704143469853079 0.499382310740434820495181611477 0.406325453846419659686972636337 0.544208659244095338536340022983 0.499998366522318549165504464327 0.514795571091602122137942387781 0.542344509136871155696724144946  | 0.119983422110027299067880335315 0.459242787935689844580622320791 0.898802887331715760765860068204 
0.087858137342179926099205999890 0.737531066703522752980859422678 0.540441163861646312049913376541 0.518088459361527475799391595501 0.502330035591768031544290806778 0.522389521444367010971632225846 0.587596952866439092844075275934 0.508908820146101170678321068408 0.503161763972479025852635459160 0.408987934459257074237825690943 0.517582921441500976023064595211 0.498357742217510168991623231705  | 0.404366615902426396189639490331 0.924581779511907564383932367491 0.140159603652676240104213434279 
0.361482221730536346093742849916 0.424945631737185469667394954740 0.514974029090062068725330846064 0.516825322470468528912590500113 0.501100293556524856164458014973 0.450049606967414195235477336610 0.521366533943476317958243271278 0.473665648688094798046677169623 0.492173627382792189255411585691 0.519895145036276651318019048631 0.508196933991179156109296854993 0.506593467121868257230232757138  | 0.665254191792239657488039483724 0.524352001920912247356909574592 0.540330249663668937820659721183 
0.122760287782958277258416046607 0.663939241728192186542401032057 0.455847788895454519852989960782 0.466048674253738970385541051655 0.505807093820102693371154600754 0.503683481630012530594342479162 0.493482230842102298495888135221 0.533019894421795425998311657168 0.489586052040120678352508321041 0.582866990020618924717155096005 0.558455591612236679210923284700 0.498964924435419898696153495621  | 0.501624978156696932352076601092 0.860306910471005381602083161852 0.194451022606505513623531555822 
0.575864876029815397906475027412 0.622161550705370824942974650185 0.520462204056097443860551265971 0.533555566152846938443587987422 0.498057237034175648293654603549 0.507819348150734928282190594473 0.483946911442014404691747131437 0.507116201646295117200224922271 0.501800948867298868272257550416 0.572483442259724806255860585225 0.445983102747623205708293880889 0.520201223824884428914572254143  | 0.349274453281689989392333473006 0.517714236139079742038404674531 0.794412665658898786702479810629 
0.804094931567976844988265838765 0.919574105067117786305175286543 0.477032554223307314611446372510 0.559110435832450569648699456593 0.465016711014621220154907632605 0.509412499485261349718712153845 0.415398261432208426580103832748 0.508109225189846247516811672540 0.505745795700906275449426630075 0.587502402532546152968961905572 0.478434003763609005943635565927 0.493500715743450502070999164062  | 0.038955661840737197676443059891 0.306715501271129675764370858815 0.972803784317690878324924597109 
0.276258561489340137562464860821 0.644182285983277869156893302716 0.552191596721692601335007566377 0.423939374152820069863167873336 0.477128437819128503605270452681 0.526912622262834084985172466986 0.503385532024147819285531113565 0.489489410243575118197867368508 0.513602583539051082972548556427 0.546843539841205705798188319022 0.454147595129867243102239626751 0.495022961199062361270506471556  | 0.488040785833922408087914845964 0.780313309844423819150449617155 0.426502532356962005266609594401 
0.339893069495976252181179688705 0.338635764093556945741880781497 0.492158914604100827805410744986 0.499612874470693857364977930047 0.470936053885129657370356426327 0.466402023862289849542861475129 0.540696180811666704535412009136 0.475769136491487998341654019896 0.527564856595064357591695625160 0.517246948215016377758956878097 0.529271247243154441264323395444 0.485923227706999472097493253386  | 0.746628946944946525476893839368 0.439398284116337523030892953102 0.512149051989417403163429298729 
0.291164485068441947213102594105 0.482334188016619425098951978725 0.503512076207490277823808355606 0.479760672485548933519083902866 0.481082730099615829555403934137 0.551855999293709209574387841712 0.326422870557414146475139204995 0.521655712008421312830819260853 0.551170978196877103805206843390 0.484940140531451679972718693534 0.500471618594890199638314243202 0.477902125306628955403454028783  | 0.676167253496019915459669391566 0.639644890845100122511723839125 0.458096504919775548980709345415 
0.452418889884578179216845228439 0.011409356806068146963917264713 0.508420266032417078605476490338 0.519147477603523421763043188548 0.524521221336952891967086998193 0.498305683709143354409576431863 0.523158180220869573062714152911 0.460670871337943266254910668067 0.512166084761703999106430273969 0.465494834825195158423127850256 0.461182122088527879366637307612 0.498063530938735898878633179265  | 0.762338272388906279530829124269 0.013663918508792631881232360058 0.656229592577192599733848510368 
0.605327332982289023632915814233 0.908162990704390660212652619521 0.516890535685283536437850671064 0.542328988334842887475417683163 0.469774906084139853845726975123 0.484790664405815918680531240170 0.504370247887779954432119211560 0.409177460262022396619840947096 0.484968090719259947718455805443 0.469498496509086316041958752976 0.462180156346968351588344603442 0.526117273165489507391612278298  | 0.084754974151947548577368252154 0.583445499577840531735262175062 0.825919339052532563982822466642 
0.691598554393752729119171362981 0.289057373192645739035100405090 0.404243233896282305739333651218 0.538839287543220302190150050592 0.460511242713771529189159537054 0.449697107188161804280923661281 0.462059467270664492311027515825 0.516756698475940745574064294487 0.548173961024792877338995822356 0.551611687468325007088765232766 0.476965429386235151287820599464 0.440022816308692332754048948118  | 0.429236882284835641332421118932 0.209493456740196398735420757475 0.907592412883438726112217409536 
1.000000000000000000000000000000 0.665004687446850706322720725439 0.416280451151666675002616102574 0.504237964849570508008014257939 0.588963368977271972681819534046 0.509456446536980189776500083099 0.525142249626330603895496551559 0.484697870649529405362443412741 0.470659066711680451611243825027 0.483587530299819101653469033408 0.512841351624665153785542770493 0.495785438991694638044549492406  | 0.000000000000000031283790221763 0.000000000000000053859902192197 1.017210038849188924459099325759 
0.479770407617494287766390925754 0.214259926192080091267300190339 0.483476117890544454525070250384 0.655279900703984008458746757242 0.491488066604755580168983897238 0.512998903674333872615420659713 0.542064054490858926449448063067 0.513841155496720936035615068249 0.498614501144727162440517531650 0.486533945822296198802092703772 0.500396125429646954074769382714 0.558285952431779586291327177605  | 0.709068783036270411379575762112 0.248081658961318979317312027888 0.704927605222334219270408084412 
0.207438089724619689757645346617 0.373422132977232423822755436049 0.454939730698785127493977142876 0.532479003505326176082235178910 0.486332255882185537920747719909 0.401051323802835590903725915268 0.528636946137594376793344963517 0.520060687583407954548420093488 0.547470657974572727511031189351 0.486116938501228168512113825273 0.505154675140081499407074261399 0.482921630875127794180201590279  | 0.802473535905327550743493247865 0.533323501910041741780332813505 0.325565336823391782150594053746 
0.021913754449045516614624773410 0.483374337530966924347808344464 0.514054295106122549618987704889 0.438836608274926154305006775758 0.555931778205547733051616887678 0.488154330474424469343830423895 0.556996969725952917329436786531 0.462078024825008593090558406402 0.567495451274543927233651174902 0.463228995149582212231820221859 0.548842164127811282803293124744 0.430213220413598440572400249948  | 0.743064474930398732865910460532 0.705232823017677756816112832894 0.035277604119066136023619151274 
0.419494415290137923069124781250 0.082399752005341997396214992477 0.516350773206853963515072791779 0.513590757110347739811118117359 0.481223976124070695892243065828 0.507554902651801698176825539122 0.539972644397367917967756056896 0.503954301266639537182356889389 0.488381150354842197280902382772 0.499650482510086924037295830203 0.493444242271857180792693498006 0.538882941248050140181646838755  | 0.787293519956058451825242627820 0.102474833926763389535530279773 0.614829548342567866470176340954 
0.758053931480853426805310846248 0.160753057512036168219538012636 0.516165672096387528888783435832 0.478401782165545741420942249533 0.468905504251894533762623495932 0.521076955774955052902441821061 0.519457711718596337746589597373 0.506510088666551672176296960970 0.498704107640021709890731926862 0.513018273757583131988724289840 0.475798807886686048185254094278 0.483278542135969768622771880473  | 0.360492928814270141568698591072 0.093013529427431879126331182306 0.931986581293567817319001278520 
0.575830827737971229218771895830 0.747203116240546139081857290876 0.469404056707407035808898854157 0.496574853925126069587037136444 0.492081835186940208526351625551 0.516434443934447262591902472195 0.486231399367697325608617120452 0.405558345093415595350450075784 0.488030780263956465159225217576 0.505582471358643092962381615507 0.555458691950110550195063296997 0.576205916108844418133116960234  | 0.243679387479539238947623402964 0.581060482498196306799798094289 0.801411870109511870197138705407 
0.392785839013964466204242853564 0.627752949664002746210655914183 0.444547501744577244764400347776 0.466803996432225809520843995415 0.560274270413679387203842452436 0.588074754423225432020672087674 0.530526665723361823268078296678 0.511772446863656638171846680052 0.467904607189662868904633796774 0.464065139505118795515414831243 0.498721084616021936852803264628 0.544613148738528840553385634848  | 0.459632639295872669205067495568 0.694370327959225042135926742048 0.590701757254379899997331904160 
0.261708512341901455844350721236 0.985149691028820773119889508962 0.540441163861646312049913376541 0.356613891505975721951671175702 0.562037864948255805330745715764 0.433014316817144306881459669967 0.508253265276545684869802244066 0.508908820146101170678321068408 0.430678630759210201439657339506 0.595462415610636841556413401122 0.563663188799486292168694490101 0.531197668400399836130532094103  | 0.022442422516391610093355879485 0.961912537870191486355508914130 0.419439337281659052614202209952 
0.209274543913184757348844300395 0.318485770567310644274527930975 0.613079137484789260525985810091 0.496574853925126069587037136444 0.483513677018293397402715072531 0.459839770622368471109098209126 0.546798378402529094977069235028 0.573262695413868206273377836624 0.552399490393121750386740131944 0.436071008317043928848022460443 0.412065344624070906132118352616 0.420020721602055890908644641968  | 0.866344291889530659922513677884 0.473596876829323609747746104404 0.336786587107537394025769117434 
0.492200053891553968021810305800 0.787881566480542971930844942108 0.502049259653525647983940416452 0.421304148846811776785159509018 0.460054677260536726279838148912 0.471727482221383220828414550851 0.442704268331330252905786437623 0.473286266511780684407284525150 0.482735049047192554816376741655 0.498409447949628769958252405559 0.503231244534540489432572485384 0.479094457421899766469408632474  | 0.237207094343403812608528369310 0.685374567348458807458655428491 0.707704597126000978235538241279 
0.324466030237729796681378502399 0.719325692813137962389191670809 0.449167218474042451159533584359 0.564743519657459280836064863252 0.495171486339868294201949083799 0.537265058964412123287957001594 0.467487679313191184515829945667 0.509793538746080687751316418144 0.493036652738267799911398014956 0.534329321206357121809560339898 0.470988928467649725639887492434 0.507075114414303751431134514860  | 0.376770101721176087217202166357 0.798480836252585146617377631628 0.493480149995874806112539090464 
0.348790038408787306245528725412 0.144623737731651630378237882724 0.548438884066738685518771490024 0.504890811025780927856487778627 0.532970494693029039900977750222 0.508850676834308957019459285220 0.454768726089519459421239844232 0.459973828573714493828106242290 0.508242252858250864733236085158 0.524364567598559871974828183738 0.497657028391566280678404154969 0.517129108290834027528148908459  | 0.838472453659664496150583090639 0.193825362958157360049327166962 0.525119145005646270618626658688 
0.757896367482919997016210800211 0.537824623766323117735055348021 0.486783153481856856181764214853 0.529452676930954435619014475378 0.522769196566789440261402432952 0.573754809790597453122984461515 0.470920418060937540083443764161 0.529449163011547541124457438855 0.471164111829663723174377309988 0.501127341262713965619468581281 0.532568599254342300852727021265 0.486713205621936872979915733595  | 0.249082849339536310795395479545 0.280590349747621869980207520712 0.938567839782494584000005488633 
0.017490597264141576755447360370 0.665004687446850706322720725439 0.477341975017770037137410099604 0.352028500984933101491947127215 0.587090946927515067166325479775 0.463933360750203083178178076196 0.561852484550663944240511682437 0.484697870649529405362443412741 0.427603900846978246530483147581 0.514434189767002947313301319809 0.560692907717760036234722065274 0.495785438991694638044549492406  | 0.524414429096144107944610368577 0.902860863695675530671280739625 0.028693304704320004433482083073 
0.016097966367680245636240243812 0.562249234931451624674991762731 0.515421816798804499626385222655 0.430782021667764525307831036116 0.542576193957451713423267847247 0.501813872973329355708926868829 0.581707629420006089304706620169 0.479808326103108195859192619537 0.525007713837976619508651765500 0.459449235062678595920004909203 0.548311409617521117176863754139 0.507612522017082290481937434379  | 0.646290404702383081136929376953 0.786874886309046894794505533355 0.025753973116806407744894258371 
0.167268398725008621275023301678 0.605779897699849856351761445694 0.514828731697687502766314082692 0.494409941784948236964680745587 0.515212153582540355323260428122 0.536617982955362116115338722011 0.495156968481016979133357835963 0.528937736482796627690561308555 0.550276589211652344957315108331 0.506695131210134652732790527807 0.547476892672362658309737071249 0.491498274279655367191566028851  | 0.564746931700629062333973706700 0.792336458658199238591635094053 0.261701511989385793288676040902 
0.041959694585021183044215575819 0.310560705333471187561400483901 0.521140510673892332071943656047 0.518672360814963373520924960758 0.521495398505679275125146432401 0.481666225302002648511745519500 0.397580355732266632617921686688 0.478938303094586736996518538945 0.487686626333912409680948485402 0.628039246941847650873569364194 0.552843609002524383200238844438 0.555634925407865076785185465269  | 0.912250553374783557103455677861 0.484040998611269313034455308298 0.068165006974013508944665318268 
0.369715289893985721292324342357 0.894995077714053621775747160427 0.515815597806607017972169160203 0.448169489408792975915218903538 0.484719482114046362752901586646 0.437806765981083756411607055270 0.658333617764863987531498423778 0.481703789470243060044651883800 0.462014134932106801390006012298 0.632429944730024340415752703848 0.557367968711161121397879014694 0.557545589368709904043441838439  | 0.145240717663894763900245266086 0.872559872203420905378834504518 0.580484607476862368713454998215 
0.594595915068354741173095590057 0.595110989491191233469180588145 0.419374264667799367956035894167 0.559194172160771829638292729214 0.490655991094841759103672984565 0.587041814986391297104262321227 0.490440293656916603826090295115 0.382984761011210483871991527849 0.476719328501510941631380546823 0.514089094152218817335153744352 0.465565143192705643837570050891 0.616046851088555613706887470471  | 0.369745394057406806531673737481 0.500777922858022472851757811441 0.841661767331347454579315581213 
