0.006188374917679095865707949997 0.153980689581858620762488953915 0.226719140492960935517885445734 0.609324164157449610357275560091 0.103519987970614457672979824565 0.862196122510416218531759113830 0.730395315130388023128205077228 0.138682573456164304204207837756 0.774172122795162787056710840261 0.045781943387746992790710010013 0.629028295988421803919266039884  | 1.976417595257986548062945075799 0.019212721399781598763389922624 
0.403670970533134720881207613274 0.029184482655234433856605846813 0.824224680189376557315483751154 0.668436559650366191043246999470 0.619993791345819555971274894546 0.381318319395556049045126201236 0.756473126687162822356924607448 0.878768615963688604075798593840 0.000655888006841576221006562264 0.989640953209157236969417681394 0.845388389690539976406569167011  | 1.773377322800076649755851576629 1.304123747849047054714333171432 
0.578419991533683730544623813330 0.579286057280385180412451973098 0.562713563827112794868412493088 0.093073503469675911148328850686 0.933202148767597661205286385666 0.035237591788780719959106590977 0.968587542212886454251474788180 0.844509693723959453670602215425 0.673275655402746697753002536047 0.286227112881364709195963769162 0.140650206027521096352472795843  | 1.305111013885127846378964022733 1.673943878590817169182969337271 
0.622654616262619198252536989457 0.117085783907898255407076248957 0.807341941066269441762415226549 0.727288644031928388500318760634 0.041709034147100698675103558344 0.336873119300732382086493998941 0.306351527175714233308667644451 0.904463177566330767120916789281 0.512946253374325644713849214895 0.805374172580234359841711011541 0.213686502650761167565462983475  | 1.064675613992287050990626084968 1.580761403836321354887672896439 
0.723871622798123670605718871229 0.767971180555940491352373555856 0.875240898598962924204158753128 0.422050686012538145419625834620 0.868384497428095314397467063827 0.344015092022712520858362950094 0.608272699255120841144162113778 0.320200652264988949724511257955 0.572664497850093101583013321942 0.049754743131243950315933943784 0.719961262036314386669744180836  | 0.705699879416749498162175768812 1.523672419505491371083394369634 
0.013330483554337524410016158072 0.604064524230341737265348456276 0.492238380249551354950199311133 0.296178046904345015910564598016 0.134907478478487830031440353196 0.688686280983287324453101518884 0.801809454155431922117713838816 0.467820595619448553748043195810 0.141318765821416225669793220732 0.116082042614096159205416824989 0.598296797952900361039496601734  | 1.598809493009253568374106180272 0.033483124602732311503316964263 
0.815497980004473266291142863338 0.100353057391252886709764879924 0.900465379094425699690873443615 0.744752892746856631767116141418 0.959267633383017903625500366616 0.888088629259067507959457543620 0.534753523940976083217435643746 0.392383188751720735076844448486 0.669440300944168287244906423439 0.272723891840446874823555845069 0.528665248402439780228689869546  | 0.524542664809707126494231488323 1.758962323413241879421775593073 
0.884276135595285950330435298383 0.842752301790798408198668312252 0.079743019915338386738312692614 0.329137624537255923939937929390 0.542999211539229365008907279844 0.672409495308541438340910190163 0.709602215245471623639161862229 0.984589374419459373299901017162 0.484417658725932787078249930346 0.672829610408072542604429600033 0.481335850441202972582743768726  | 0.300831762885799547380116791828 1.636666240051757092999196174787 
0.001003741293802096201659423969 0.209045143113369080722918624815 0.911790664027455122209175897297 0.941355976755847811965338678419 0.436407740206306682395620555326 0.561598634428857601541551503033 0.945195544183312863495416422666 0.624857624115258136754391671275 0.270620648639258276624275367794 0.821303313899040432488618534990 0.054431321853955383360812447791  | 2.025027880362575416484105517156 0.003192809707033083567451203777 
0.495247288715493616528817710787 0.346575650196523143975468883582 0.537774550417252195089190536237 0.025632195637296906198798751575 0.264272072107374134120050257479 0.279135074717864917204224184388 0.777201440725759584715603978111 0.900255002541551663242103131779 0.340152527885772326676772081555 0.235543603310381599591494250490 0.340500873146264981805586558039  | 1.219793362519607127225640397228 1.201715154507383420678934271564 
0.122728673789138764682604687550 0.491234638955749258748539887165 0.087132903790975935187645973201 0.223116814451032707822264455899 0.747330304227439512487762840465 0.365401713949125239722093283490 0.906221961190590952206491692777 0.196123221638103362174376798066 0.491224418498838022451025153714 0.327676149313642084415221233940 0.994194666105432833802524328348  | 1.823431131768388890890264519840 0.355944747496374502837568343239 
0.045921735537297503348952432134 0.405218090378932083162055732828 0.398177242550333487791647257836 0.421493082965765708536309830379 0.862456433621770601760658792045 0.270481451833601949097385386267 0.113248114033855817872620264097 0.892238860218408702529302445328 0.372468889298895211581452713290 0.188512720516667453551917787991 0.173855588329646093548319640831  | 1.728149499922404297436173692404 0.124874466698302419298549637006 
0.607208698480416808607174061763 0.739242146769073404932726134575 0.206408950748117159257333241840 0.051764572583480106260367392679 0.585276591517565503153264216962 0.486485400794438915816897406330 0.237259070192019860812138176698 0.119015944776807547356156646856 0.766607649217481590397937907255 0.285212628803099610408366970660 0.509779322794964073750634270255  | 0.973931229522633667983200211893 1.372928460159798191853042226285 
0.881368993799726996307697390876 0.917595997922022288406651568948 0.895434241218550308616386246285 0.031189649827374599233564822498 0.163421391878524113749904245196 0.523702461217547154959106592287 0.762401190493487534993732879229 0.000139196805656327526889981527 0.708055199865184614615998270892 0.162192461635546680831510002463 0.122778399416598404947364997497  | 0.422930519792176828897112272898 2.243277058790516420572203060146 
0.158062929679855690423551095591 0.363918962087606101540870895406 0.418423497156880097591624689812 0.525029925338300729187324122904 0.072726123969747757946890942549 0.725436868142279478455236585432 0.314978411023986160088838914817 0.853667127091333410859874675225 0.116527658533574052235337603634 0.573893223928783391407648650784 0.837516044986039154274237716891  | 1.633258153748756713596890222107 0.414056339173480947302152799239 
0.981455316160785184997905616910 0.205763909991248938879948582326 0.305520816529010419415612886951 0.851896063008889203871376594179 0.334212064121750640488528460992 0.742800569312066838456587447581 0.672420760420556207215270205779 0.728823228005350487457292274485 0.327536952507985756888331252412 0.286139466240248219186526057456 0.883729273901750822517442429671  | 0.047751245113647061701911411546 1.638787055178044793635194764647 
0.282439690962333678214690735331 0.240114312870477797368096162245 0.057574120878159606995438934973 0.444032936464890504169034102233 0.745451526495301219910061263363 0.040521990064108059925729321549 0.166801992076129224074065859895 0.057490478274909051492613798473 0.334845593425334042692043112766 0.700694111256026097578342159977 0.490681039946842756371836458129  | 1.727128557779592066268037342525 0.820824060900764651549366135441 
0.165348922840290013525077483791 0.368892905762078004983095524949 0.070309256422694921262461775768 0.379512681526316564273315634637 0.180964584265428496401284519379 0.385363007183130656940761582518 0.784803880655056906867628185864 0.023807079905414751941350459674 0.612791868382543403193096764880 0.780956094789613586293341995770 0.553832041291741239419366138463  | 1.675545793494226387565504410304 0.445245965954853550883285606687 
0.631456531681774069220125511492 0.011704967316799486098943816614 0.748749958865040921018874087167 0.923307079008046316381808082951 0.466128340339387547963667657314 0.318368254028597030824698776996 0.254687670310355107616828718164 0.667533209801076554690268949344 0.995390469559417456757444142568 0.065287921141689353454751199024 0.823217336254521647731507982826  | 1.171216266881785372788726817816 1.791927334413433658966141592828 
0.663224850831580003962528735428 0.927742457210037341219788231683 0.359681002498010715662246639113 0.703833218207669752963795417600 0.655127611719584557192774809664 0.935465729497669595815523280180 0.672702542825904914458590155846 0.331723777878517145367709417769 0.550086144023368639466298191110 0.224724176603495751081140952010 0.200499221371171598704563621141  | 0.849884964689776700730305947218 1.453835028922274119622670696117 
0.651931868699507699460582443862 0.674064284847236350195487375458 0.840191095692089717772432777565 0.585462105256709719469654373825 0.819493490304020522074779364630 0.206292420081168659251602548466 0.410454973976753456632593497488 0.072849282197630649271502534248 0.618606256439171664496257108112 0.888338804342333365759998287103 0.217151769820644324759939536307  | 0.923891393049585341046281428135 1.517974341560783591020822314022 
0.416896976615956149636588179419 0.394349270046579603032910199545 0.516290479254853162949245870550 0.385770523997290504247814624250 0.336688771856438306961933903949 0.511674380356544666881291050231 0.122024748777239455677090518293 0.662143050599429128233452956920 0.612895641365536758549126261642 0.158957262068325611004127040360 0.615262778816921374058779292682  | 1.080865407486369278444726660382 0.829998626483970713962889931281 
0.144168729158582253901954572939 0.869810035051523322557898154628 0.727580812826808864812733190774 0.506900299418192146205797143921 0.545171911491040939168328804953 0.199341775398347187397973812040 0.204313589601394229866571095044 0.406499448301374743941494216415 0.370501120812860129660748498281 0.480982759094110590147863604216 0.012850275242602404723868403380  | 1.589994844084651637317051608989 0.366353987828338889531920585796 
0.123366162974466120338945529511 0.531598189044396596258934550860 0.506410102392090166745219903532 0.071779070292807944930757457769 0.802077774773743867875452906446 0.868917146313064603369014093914 0.330844437944638247728335045394 0.483716089202872789876153092337 0.943263172364449897777660680731 0.161074285655092519498055025906 0.050329209466043245413402473787  | 1.917621750477454645178454484267 0.376325126507388196817061043475 
0.768785195141711730215661191323 0.744418223681089341603467346431 0.559664489049087499061840844661 0.785317576668061234634876655036 0.207884916670860731002790089406 0.165802243407712768252793011925 0.132382002480169957969735605730 0.345772554421974409599727096065 0.818224728302121007139646735595 0.829998100558311469043815122859 0.170949109605397109312718839647  | 0.646250245969982151095223343873 1.700431390702270784132110748033 
0.661214009604633945471618972078 0.716824932717623597433487248054 0.053863916212313123210719822964 0.313083387911930355329559461097 0.134513349788360714320845090697 0.608377199203009588757140591042 0.203932135884566045902488440333 0.287761818494533416767922062718 0.404622715139460575883845194767 0.273888597456194426982278855576 0.255822690960863630138533153513  | 0.851852725772278773774814908393 1.446693612141438656237824034179 
0.344020060580536357619507725758 0.747505284113141432733584679227 0.641352300316201162644347277819 0.777024282807350807900093059288 0.726356803688483432246414395195 0.914139832106378724674300428887 0.496340807191716359980659944995 0.070269082966088358688239168259 0.026575259588155653034391434630 0.269490224394946964459052196617 0.325944000856461246762307837344  | 1.606095006939298963644091600145 0.963582624591914349565513475682 
0.039811934493211853514083031769 0.556631703221411755500014351128 0.845686289813558200734178171842 0.828346978773417341734841556899 0.145477859186034064187253989076 0.891230201689463874537011633947 0.271986098513014029620649125718 0.762123921609850540903607907239 0.277050623209544544245375163882 0.725088456748068987955946340662 0.718743447835005544455100334744  | 1.774708207862119246911447589810 0.111128839759024031219603045884 
0.257709591588202169276655695285 0.250587411431226536606686750019 0.727759009712271587311249732011 0.054572490660602435141868227220 0.227564845996863440724666816095 0.553820155137287439828241986106 0.757359285514389357629738697142 0.029123340258071173103360251844 0.664733478463376159517395080911 0.980060126499954886725163305528 0.742209935553556077181269756693  | 1.832677407669752955854391984758 0.785254200517583766938400913205 
0.474927999286142377144415149814 0.233720488192626252299533007317 0.745505642174849381120793623268 0.651253213449448975502775738278 0.320115953594154567518614840083 0.986904143294135893782481616654 0.454542352732510535062715462118 0.546238629789106977518997609877 0.067874178948460928140207215620 0.893898486395852565067343675764 0.936125552856564957515672631416  | 1.439266813127945132677609763050 1.330142715543604525763043966435 
0.998081484882618052978386913310 0.796154324624110953934064127679 0.062495976480703818722872711078 0.406754340076089127009595358686 0.553804708542407153615272363822 0.976367289887702605177821624238 0.733941663357245976939680076612 0.647263429625071218254106497625 0.244765257198123253878918603732 0.591089212497487470621138072602 0.363959934080581470894344420230  | 0.005080906324143071375876168361 1.685989130974725691558546714077 
0.005295348559585355552314922534 0.166424301030058785499932128005 0.543303794614724555600560051971 0.980851161513634051125620771927 0.262886618656929749171524690610 0.176224853597561792462045104912 0.355989503340057300562193631777 0.039671116294019759251909817976 0.814947871662436429396336734499 0.779705371067354269243310227466 0.971937755544750925373875816149  | 2.138139143448453793894259433728 0.017785267833198090819957215558 
0.662733216825559190432670675364 0.909560736956993243218505540426 0.830265493890799288756454643590 0.349323534561923110253189861396 0.828734225208760055814138922869 0.865231758436924902611053767032 0.208319213067443387288335543417 0.300683333321841939067553539644 0.991146793390823011016266264051 0.071480018209934326200993837119 0.012944334390078915397737091553  | 1.176364632893680983727335842559 2.008757416697413589190546190366 
0.659498198933739065985548677418 0.363799075631690116416905311780 0.049277142101017079589553304686 0.061140544966804655224734688090 0.010516360522562884227681934135 0.776508124000755306504117925215 0.766236721601141423931835561234 0.488508624865814367055349975999 0.624070623159897586162969673751 0.702538819259536317929359938717 0.659980127623705947748078415316  | 0.959992640370330718724289909005 1.620342587872331208131981838960 
0.454015117125271983056222779851 0.773567886630098455746917807119 0.988519996623889785070105062914 0.410555216637161324300109299656 0.637580608732212783529291755258 0.625808127523750479248576539248 0.681006871352182074907943842845 0.859554965881017540851871672203 0.593215153074010625999790136120 0.944978759465741946499406367366 0.926601466672683726777393076190  | 1.442235277080486044454232796852 1.247601950262113623679738338978 
0.783209990234032038536327036127 0.402997777546964752737324033660 0.042955264444399010592690046906 0.504527566441390074025719059136 0.915226744920897949953086936148 0.723425302834683092711998142477 0.870755305624315911749988572410 0.478528535596981829947083042498 0.102580587631673103565788096603 0.739889310920683884731374746480 0.302756529300049037622954983817  | 0.612191545356184585457981484069 1.727711710052895588418664374331 
0.506444173406352837751853712689 0.089288677489452572544337272120 0.207283274883535595378702964808 0.274366622033039964101419627696 0.765669636960400468161935805256 0.471975417604825531192602738884 0.402090507561806975722618062719 0.189139744138685950147760195250 0.098698499715172194335366384621 0.112382789663733384522004143946 0.069518063751548564432880539243  | 1.385455446970164539166603390186 1.413791749523386487297216262959 
0.964581977491251296719099173060 0.903664027218115561979061567399 0.566113544327891071716862825269 0.425736447661795303076814889209 0.822276493992525892018363720126 0.703791646626053313262616484280 0.385456588400943989114466603496 0.267721490556139918304268121574 0.200724712585618414451005264709 0.534415798793097085450654049055 0.556917611302065962419760580815  | 0.082256951810076556208528586467 1.476998402509896335388361876539 
0.623909764711006231685530565301 0.746520612800968041966598320869 0.554696371560451817472880975401 0.921227683033110311683344662015 0.569224849117219711125414960406 0.491870099568101459830415933538 0.722838987905413898893414170743 0.152095205555072054970366934867 0.300448311697729342206741875998 0.470840383485019997600318220066 0.355316617410099788720856395230  | 0.823433579709704654980839677592 1.227798435595576664880468342744 
0.661185096966365071224913663173 0.919001932872341220637224523671 0.445973239145910027581010126596 0.071467064404321711812428929989 0.200071679861955176171761650039 0.858730377359656182889580122719 0.155763319254964227589255187922 0.207758564673066636885323532624 0.677257268909602028195138245792 0.725876754087065312326387811481 0.248794191440934953085672987072  | 0.979464984341083533259109117353 1.663243563455903739622954162769 
0.846080166244898790317563452845 0.419045499733392778907159481605 0.758006953640422032059120738268 0.360530373360446132480205960746 0.802197619801572781028653480462 0.301530456507096200624573612004 0.986658436028880370116667108960 0.379741599726259204672373925860 0.587794105365611829761007811612 0.002308217602319695416213107819 0.035603789921332840151535492623  | 0.465844074359341664415268269295 1.889062761925325739653658274619 
0.733972060079352783823480876890 0.546098177917170524153789301636 0.355364689160698743464195104025 0.319696397814490440580925678660 0.491625359087709323802073413390 0.330623443157485263910189132730 0.989068064276730773975998545211 0.239968122355516011445786261902 0.956619470408769156932748956024 0.861759499078481927547557006619 0.287324708581649268523960927268  | 0.720621874852694022095533910033 1.622923449151684627267400173878 
0.177787273131050249652673755918 0.317319352886956118631189838197 0.579656281416896512759251436364 0.403230994259133113111204238521 0.945784692985631281203495746013 0.024926215040497856634260642750 0.465523870754567137275614641112 0.899194256078522213826431652706 0.547757362764216715333986940095 0.177176011575806757747386654955 0.036115659345394401924522753689  | 1.879960400188088742723380164534 0.539100315942097951804612421256 
0.744212395198648346550385213050 0.519092581639118977321345482778 0.187255622953757527859863785125 0.023126671200049186971625658771 0.136505410407402716366220829514 0.403142590090923458312488492084 0.660469846467362731168293521478 0.969824868540244078296552743268 0.481772319208289223624319674855 0.115348495054583777275070133328 0.704565626557595914292164707149  | 0.744478828320823349251611489308 1.752106288133149725183557166019 
0.057242433793859293089667517052 0.158648530564260759057049199328 0.754147711517365593181239091791 0.620415398445058663412510213675 0.455499383100523069778375884198 0.209978626269332946385759441910 0.182832349632568780251062889874 0.211733398155034890919523604680 0.826682498008543098499956158776 0.701036828676718237751686046977 0.668904154669092032570176797890  | 1.634433814409844920589875982841 0.147359429630339072714306780654 
0.382929840387998376982636727917 0.013794558441773685508735525218 0.841437791721327155158860477968 0.614941996847815253168789695337 0.278403785307047013652947953233 0.850153025621477653750446279446 0.976599009635335746359885433776 0.927324258898249098592714290135 0.032483349062075617119660364551 0.553831470713043616527215817769 0.618623565024769006548410743562  | 1.800009926619470235209519159980 1.235433534265004906771423520695 
0.841532551359574609861624594487 0.298122255366839450374527586973 0.161047867250229681523876479332 0.689062573701643366064217843814 0.576475731640119670728950040939 0.368652665831672110563488331536 0.784468739254992941667410377704 0.746640844139436210546989514114 0.678927149445913147296494116745 0.075591310426614377604437322589 0.351104775122507151152717597142  | 0.391843905523182767236534118638 1.541527812218985049597108627495 
0.616282524210237880879503791220 0.910752126747804480189074638474 0.020301153871134736128567510605 0.931990134543857595694760220795 0.183488423319170701475400164782 0.850581873906751884106824945775 0.620790470771475200173483699473 0.697604337142739061583540660649 0.200577001940471011387501221179 0.108791400447145303331808463554 0.711729046136572729430724848498  | 1.218670182251005984497282952361 1.770885982318554319192571711028 
0.965261110926075360794129665010 0.568632057928988521311453041562 0.181594119840474577110001064284 0.838383155040563265991693242540 0.242094722840693776788612012751 0.971407272765719365104075677664 0.393349136900124407567602702329 0.113119653376617113060831343319 0.330879755799590835607659755624 0.957924782418159703745175193035 0.378315284347946145793173400307  | 0.104908409329261723130777284041 1.920627498118959053385879087728 
0.083057220137646381452611876739 0.137865187307127712301735300571 0.709663271697254183223435575201 0.435198229229388333649808373593 0.277988491725475350690999221115 0.999343926313398078775662725093 0.361151524248283006812698658905 0.205892027237067898326472459303 0.003432491533979176168145386328 0.468327152728621021182675576711 0.274138439940853073650828264363  | 1.866310333418299549634866707493 0.244880982284221476730223798768 
0.302065512305200956078010676720 0.876176680795251794364730812958 0.046309938918826731857336653775 0.096809665466572436542946888949 0.011769870580914387758753036906 0.734504286794641969571273421025 0.955916986132529733488638612471 0.639134212161951209552057662222 0.440711817336426503466384474450 0.287743809225178170940750987938 0.883607768941414906116449401452  | 1.980276506599927932583682377299 1.017107747660392247368577045563 
0.919806971018893304581354186666 0.077990647112583300071264602593 0.237604563438084559479079871380 0.438610544332991958427214740368 0.658989394134417927340052756335 0.349270510025604608017602004111 0.468652352413960859855990292999 0.679583223132515068520831391652 0.714439786178331370791738663684 0.145212747885439252826245137840 0.612850032676258704711358404893  | 0.190528464059032842659036077748 1.504519251466731377675500880287 
0.442424974019183459006399061764 0.746162713930281662477739246242 0.629924622238656639616749544075 0.307311742523918907110669351823 0.804271934987925152249488292000 0.523980805304902763630536810524 0.685834466561824673824787623744 0.466072715145829041816227800155 0.152874414314615569843169851083 0.072594833974621519878667186276 0.524549293589648857327745190560  | 1.188389126316383492820705214399 0.990769871947027813696706743940 
0.280888248703810350370702053624 0.297986350899059670993551662832 0.918576184021669961410339055874 0.164104075728110476717347410158 0.733802709327634805624995806284 0.954738592567132449140387961961 0.454130259242199185720778586983 0.981609245773986227590057751513 0.489272430004198843889184900036 0.698732061215431077272342008655 0.368617433959315010660873213055  | 1.701054893300666615019167693390 0.803356535710685437656763951964 
0.525015154630869007590376895678 0.267238297678070724217036513437 0.689035515299106671172069127351 0.648063869486818711074249677040 0.692032183789479171664993373270 0.556879589260357854563210366905 0.681911221932165134695935648779 0.317598024972154502343357762584 0.002254437582791979366447776556 0.121264025626237503807658413280 0.229470678330579436199343490443  | 1.142179682744185242881940212101 1.235662029642663473083530334407 
0.351627387205602937036985622399 0.765421690215016381486634600151 0.798823314567512765549395226117 0.093193686559244426348413981032 0.570400211066531492853926010866 0.222114276804894927863642806187 0.684395619594818760411669700261 0.986581558094227317745605887467 0.306134563451191943350693236425 0.394335338937216062227264501416 0.221074909803462227309012178011  | 1.536364202590834171502365279594 0.946895915752038686008518197923 
0.709373213153268289410391389538 0.931359301059965005720187036786 0.913595389702122950836837844690 0.391751096456347203123016242898 0.660234994726497936845532876760 0.820588482927142148781740615959 0.987551039343035896855838018382 0.157560196917973516228528296779 0.463301525953274118130309489061 0.295252007704104202368000642309 0.440170536436391479639951285208  | 0.837176504882123695416851205664 1.704639756142799500437945425801 
0.624898688304044158670080832962 0.400453943908077203417406053632 0.955684355318315970073683729424 0.038850244772908770762853691849 0.725157490737389998081141584407 0.592640780002580247476373642712 0.895672504079297548962301789288 0.930760137509720641979527044896 0.388199214379802759466997486015 0.537967735495421539582139303093 0.974753685252618407020008817199  | 1.150825523999770005900700198254 1.721738902232365031608196659363 
0.903651011961843608766287161416 0.697501274218207734101326877862 0.454730862574842187306956020620 0.802443408267669799904808769497 0.041143202865009498303550117271 0.062379162785851982597762344085 0.321374251047488290744524874754 0.668683947077056695107444284076 0.711181021872395180416503990273 0.211057237041341494432344916277 0.229763146926764805222376253369  | 0.270788194739787768661187783437 1.775533980871994099715038828435 
0.827067761241679244577085228229 0.064136826995062512501988294389 0.247609925578741507656843623408 0.736347828471163201591309643845 0.518029344487449083800356675056 0.956753731194775136614794064371 0.724957244969574254866984119872 0.106581933503494430404145987268 0.190503888116516861828131368384 0.841271463950776676732346004428 0.813659651710181397454846319306  | 0.545884483993539171287068256788 1.959905059497077495223038567929 
0.790668004962397974466625782952 0.895172302605669156783108064701 0.395692412341036692247087103169 0.115669348491689305546969990246 0.419670868537225127958834036690 0.643252416729809262108119582990 0.924202395308375335147843543382 0.984760312403703652606168361672 0.725651391860159367119820217340 0.509893887931067046892508187739 0.498315976111926794978046473261  | 0.583745734813391314865782533161 1.710837592236978066395636233210 
0.088415564635119570091603691253 0.683832242775358145614461591322 0.564683335214667958545931014669 0.596098167731435424343544582371 0.572978557348400641124896992551 0.251203210871872695264528374537 0.639530852430524432428171621723 0.506547794758498981515515424690 0.570294762734529947501016522438 0.333588602932897049235805297940 0.434394800187527296841949464579  | 1.159614507342654254884450892860 0.162094084424269174737887055926 
0.559182479957300526685060049203 0.142024703608134572618837410118 0.248182239810510796296227908897 0.829985188131720841298033519706 0.196948367661543555229286539543 0.780003155587608243415331799042 0.511089268972495514020693008206 0.744946797649993497358877903025 0.613765340187046204434295759711 0.989993372848914754413840455527 0.177999620101684241646466944076  | 1.205025455019331337425114725193 1.452822919951525904025402269326 
0.187607386287140687208818690124 0.956414886462915392328909547359 0.714027843632550229813205078244 0.357310960089651352689088525949 0.497695827571184024051831329416 0.725276083316052866400980292383 0.095705389728656053982547291525 0.459977811000522485151975615736 0.571526384610817062004173294554 0.659468384192234857721359730931 0.493479158308782195341279930290  | 1.455318715013470098895709270437 0.441734194994207796103324881187 
0.629742026807535215660038829810 0.688427445621440980971783574205 0.594323124863028628972472233727 0.269847104676938287504128766159 0.126768543063054295316760544665 0.528008877308030699637697580329 0.326578777915886186988814188226 0.679414619144021347807438360178 0.096324666300783179373468101403 0.199894311523135193020550559595 0.800674632113483220052785327425  | 0.902680696183772779406240260869 1.372987251742872505388959325501 
0.717172682503984915136641120625 0.208085026053896005038268413045 0.159254462028773913218060442887 0.705643024904674898145628958446 0.285941456640157909419031057041 0.426506567737191311096012213966 0.259484229087650786205188069289 0.629946002131503313137272925815 0.049916076930544561740532572003 0.926789591501109732973873178707 0.752019622968773115978535770410  | 0.781281218820018996673582023504 1.641346332651727024654064734932 
0.024363858583123287893101860391 0.071204176905885763204651084379 0.966356140923900208683505752560 0.884551111726959660153113418346 0.656880086008844066292056140810 0.369683747753586144924042855564 0.379779251695444686198754880024 0.042285885426499247863318942109 0.007009825017010862246991109714 0.754980181043505949034511104401 0.462857813656517347311591947800  | 2.122660719261961315140752049047 0.081275309423588945612060285839 
0.942130392084999379598286850523 0.447507607697027576243442581472 0.112812505627735926161392399081 0.988863341607647550191018126498 0.620748693558834330197271356155 0.805446244067820615875064049760 0.459005341009835587939846845984 0.187258772449854893338283545745 0.730509143761263968208652386238 0.548053617970180928509194018261 0.137691309356596125468286118121  | 0.162102155751923049376017615941 1.778360737880460229476398126280 
0.029625294961805659355036368652 0.962008220663777113834669307835 0.332947101506528064795986665558 0.426491650665298260847180245037 0.758919942392152657717474539822 0.211154278001696393829433873179 0.803097724991678418859919474926 0.201842636857230917080130438990 0.617182498765735609858040788822 0.486469333291771333094288820575 0.874761845764029266625527725409  | 1.730485029327911483676416537492 0.080586827369806393606133099183 
0.225569631964923633660191626404 0.652192732778029249374185383203 0.822339496979910711260686184687 0.013956037435318369155368145584 0.539145535700383149446679453831 0.705830084357051856791542832070 0.873968375076200731932374310418 0.637319325290947591433621255419 0.012635539073280299682267013850 0.070165488352219251844132941187 0.169119064533803986627447102364  | 1.967370520256504828893184821936 0.727801907245091750375820538466 
0.070393716697299879569982294925 0.129629167066968253863024074235 0.743634804240897784310959650611 0.952994355133629844623044391483 0.000014917071893050248831968929 0.500564286695498128487713529466 0.418791724129806919307839052635 0.246818351938866142880613097077 0.724946954643878815893742739718 0.795402932997871348064222729590 0.407181359817387678035061071569  | 1.857483276128663707282839823165 0.206230902083806483249261987112 
0.584734843614114430110362263804 0.091594295159870942057978027151 0.658981479762036026492921791942 0.004687353230814816917870757607 0.547344250773675433663356670877 0.365823214260126317043386734440 0.503140349726116098416639488278 0.301179740659959005455448277644 0.881011805967305217102136793983 0.825538488365569755877970692381 0.929494853011719079916019836674  | 1.173235693780481536663273800514 1.535980178435210508069985735347 
0.377342119344808324399309640285 0.943693441093931939533945296716 0.918469624910347670621035831573 0.491119526491866076334247281920 0.061811439826922831564104399149 0.506010985876205743316802454501 0.187243855377961843089451576816 0.229944857065765839720938856772 0.129261893840374009201354965626 0.890872957417729982587673021044 0.304678340317926843461293628934  | 1.711284377830864400493737775832 1.152572790483621156809590502235 
0.166605287665905765770446578244 0.925765741689140386760925593990 0.841756807051183830736817981233 0.667325647232281715659496512671 0.552172798239660367336512081238 0.798410371760863601942048717319 0.654498386083555483416773768113 0.114042149039619511441401300544 0.185289592631812327638840542932 0.993750039796724049523390931427 0.400031143599353877782220934023  | 1.877326813683532824583721776435 0.502834213005073138447187375277 
0.722697879766310169458165546530 0.444997377635102386861376544402 0.070262596341386429621422848868 0.620675910790035478825643622258 0.214710557865185780457295550150 0.812156935249277900368269911269 0.131308339414741848116818800918 0.825391683695318456592815437034 0.840220631286453412123194084415 0.039857170693429977426092136739 0.179520759279569896982309273881  | 0.866285329909232681977471202117 1.861384622582060055506758544652 
0.824950826749041410401730445301 0.577029516574992018540513072367 0.027228613444489457862118797493 0.158258110020709219512013987696 0.833238639463216412828217016795 0.866618925890146551971326971398 0.448407980178002540938564379758 0.070448568560323332476968971605 0.204609457287095897193296423211 0.293139210777768166593659771024 0.399445250982302102471521720872  | 0.521043850184166656980266907340 1.846936057278931508918162762711 
0.097844255363146892534587095724 0.258950336162682148710700857919 0.281989473464504647459705211077 0.102346873138573046801980126475 0.295560617918739887421963885572 0.882464438936080619590995866020 0.086469182794773224998152727494 0.068854870718027316733866882714 0.694230148950827907761151891464 0.104103169316400623323204399640 0.537121488058354912276115555869  | 1.980938523994533184691135829780 0.306877301709918115513175962406 
0.903836270400501962107853159978 0.738948865630777773638726557692 0.666168699742824665932516836619 0.484781923251930813023591326782 0.478782372431716285454683657008 0.028985745357252623577437589120 0.396706217602549426892721839977 0.262642967950227457230027994228 0.442464977239727441649108641286 0.234229771757603510984324657329 0.961995830378809868577150155033  | 0.250042890229640379917697146084 1.642716075213878745842066564364 
0.632626530911372220167265822965 0.442311556068881728265296260361 0.569481391869134823124909416947 0.293222462076978218625811223319 0.516420898296358954482343506243 0.552151512944982436614793641638 0.231577710103538891850405434525 0.098820409837039102640687815438 0.924895169078696732789524048712 0.705800994648525970021069042559 0.618594710449909546134961146890  | 0.831367805927424874390396780655 1.277087795487496180157904746011 
0.907875889576747474585260988533 0.166426325940884467513569688890 0.881727045159257705186917064566 0.548541858122361114524778713530 0.327375011997347087344678584486 0.652525966983025562662135143910 0.796405938338065833015377847914 0.443514413683903985230472244439 0.777214202743202520196064142510 0.737055782039842455333200632595 0.590721054991437899417405787972  | 0.222755402258871054721467430682 1.528581919151273948997982188303 
0.615033686196182149963362917333 0.394602082533117237694852974528 0.715946553951827491246717727336 0.263757247594081589703307599848 0.573396463813168333345515748078 0.931987081881643586456220873515 0.518297055615340895862175329967 0.909376599495060333744334002404 0.061561500674229274743254336499 0.300624841145262999830833905435 0.172949086284450159745063047012  | 1.030392386957738715125287853880 1.491022354733499533097074163379 
0.553149341514156178689631815359 0.663394763014595101324744064186 0.194470983561825572216719137941 0.129134291977855419908394196682 0.000737393776822914404078801454 0.537927324672412110473374013964 0.741479858720680229389188298228 0.041704181967802345099016747554 0.307697230978334790307826551725 0.093607074374450927045643311430 0.126622067657299441911789017468  | 1.367665065362634546630715703941 1.617464601357568199091474525630 
0.001893083590935318305525925098 0.075447644751386766515111048648 0.869748237055748663060228409449 0.084180289898599047759830682480 0.313039191405425132330719861784 0.132948970008467837189414240129 0.689246504137059123884512246150 0.510477895358083855192887767771 0.715932716142262615122149327362 0.052619230883749534832816152630 0.571065030237142945424011486466  | 1.947287440086515664106059375627 0.005790565931838176187695932384 
0.141686714923618728434462354926 0.396532305584684663379846369935 0.740073120562822039936179407960 0.853026135281763853157599442056 0.357680529383156864398074503697 0.230840316326715977446326633071 0.560893085164626992167313801474 0.183415310358016503400335750484 0.664096812680723624922052295005 0.310897479471574755827134595165 0.814268815202296547539617677103  | 1.512799909307937840097224579949 0.342361751461197127976987530928 
0.039804258283585025601780671423 0.879833961568322386881391139468 0.473094213370974348009667664883 0.457626774941598424284450175037 0.568345677084426514902304461430 0.483366746932640700684657986130 0.310565443675436148041058004310 0.087967698606143396311551896360 0.226577886681758600140312864823 0.874788338849175284295256460609 0.562414455312432615130546764703  | 1.573438093195576481519992739777 0.098506642919463663354839866315 
0.823537052295974292270841488062 0.574259839028208762812255372410 0.867224942009396926323461229913 0.833323343250346293409336340119 0.078960946599879733298621431459 0.160616526232184031464100826270 0.743278033680880190203765778278 0.830721184347513297296927703428 0.739731755980636007663520103961 0.989533775926433656344727296528 0.889052528833432553767579520354  | 0.591351298190267993248880884494 2.078479000287969391536080365768 
0.352497283543020345497609469021 0.380202168359529024677101460838 0.089330033694270394306613525259 0.120903432208500527522687661985 0.064833111301437762463706349081 0.283853083779081805104738123191 0.473358504883375830196712286124 0.824330484045694089623168565595 0.783041630699014779004585307121 0.038654369051156045600237121107 0.775315196909176718165213060274  | 1.733027547634401033249673673708 1.071374304817754863350387495302 
0.200659305902211482219854588038 0.307333781743316047929681644746 0.260643237602624755488989194419 0.738779352377216369518464489374 0.265724027999070910865953010216 0.855923160886712830475175906031 0.431516948758204121894266336312 0.555316189910078583658048501093 0.309341197202869344629050374351 0.740343845889629648127083783038 0.401954958942982720770942250965  | 1.373312088797404184603578869428 0.447789078015076114080983415988 
0.406998529658251007035119073407 0.851020591729389486168599887606 0.500528851738743507659989973035 0.977478361023627839720973042859 0.109936884118215449923638971086 0.496059973863189229703607452393 0.899562226578934698295597627293 0.190738307797347794725340008881 0.486566995425880666203966029570 0.031227184503281768535032369982 0.001149889232428980001543550316  | 1.787534151747292909817588224541 1.328986349569641900458805139351 
0.104518764659145668716178079194 0.272434907468762865789813076844 0.150292993198282376354768530291 0.307702439481801759413315267011 0.744587394555424331166193496756 0.044841415676365237175104994094 0.232044537719430565836375990330 0.795060937923554478246046528511 0.319472148939096700637207959517 0.253073258109563270501496390352 0.083193206406344644143757705024  | 1.878597995919659036090365589189 0.311225207530068215255880659242 
0.172304880085226042041313121445 0.460226412351145919288342156506 0.982302751520956807240736452513 0.578432094861136225638631458423 0.183138165208556191743127783411 0.666509501560970440969811079412 0.720784300229297847373288732342 0.243671782117446777959912651568 0.089971549347498958049129669234 0.698314221036084759042239511473 0.865930288117139679293643439451  | 1.757871351343726296079239546089 0.487746673216282455864956091318 
0.348974983856247256142069090856 0.088180144461841414305069974944 0.016384667549354858806509582791 0.792398203832674896673893272236 0.133560090580799428749969592900 0.165656065401574070783397019113 0.079743089490269758456975068839 0.738200215022649541829480313027 0.806609831331725479763861130778 0.980254258985622239919166531763 0.881187156963114781582646628522  | 2.081086125601025571540958480909 1.270686732070724467291711334838 
0.054260523633752777428185254394 0.177450031196280111345231489395 0.566474472291990327477151367930 0.805497615647924991577610853710 0.873620409365756023234439453518 0.853084853897067896255634877889 0.372178024701522391914920717682 0.642831695641898903659239294939 0.019559545660331800753795050696 0.158283176825535942811029599397 0.317026980310752048985989404173  | 1.877020612044238534465989687305 0.160371183601255434814092382112 
0.152706370693304727126360376133 0.634598563621603828366346533585 0.628503377167380583578903952002 0.093552216568860591117129388294 0.703661770030514333029714180157 0.766002135998135269545628034393 0.025082242395773723941942989768 0.406823905935610907746990960732 0.293026969480632226705552056956 0.194540057900703500237682419538 0.124264505673523428797011547431  | 1.771401972483849895922958239680 0.433248722640609318368376534636 
0.391247750505648084207166448323 0.096032469564529598926583275897 0.130252408285521648068083777616 0.178112922263434003689042128826 0.239343800028440245597494140384 0.358424128353674542601936536812 0.941976084026486581990411650622 0.947294124237574308722287241835 0.610241562467664366842257095414 0.063633660746012843389962654328 0.014021703259690099230283522047  | 1.900112039345499770348624224425 1.340992458346178972661277839507 
0.143199432040393870302352752333 0.829596380827652080114376076381 0.943833531239532397272284924838 0.554634788041175608164223831409 0.677921113902902106040926355490 0.627232083660437256256159344048 0.540010012086932444930198471411 0.323969413349363688503501634841 0.673231978640311035100296521705 0.459106382181528771546652478719 0.055948014375615029436517033901  | 1.577144221191163264705892288475 0.360865139472812013199387592977 
0.893640086561137914067387555406 0.892120161875831430009498035361 0.401150453327026812466726823914 0.037527621016269829823386317003 0.035403657116052422715313241497 0.901630167226835754767932940013 0.498856414994209296231986172643 0.448185702978050937161924593966 0.038278174959135657928754881141 0.933893032725540472860359386686 0.444018961166088410585928158980  | 0.359499688921269655583756730266 2.131736010573541229007332731271 
0.113816370450267267955268835067 0.552452769032300228246867845883 0.662298183607531121275258101377 0.044024028538103943120063377137 0.909251322657535498983349953050 0.817543236660346783750696886273 0.964910581738996797618312939449 0.392327461999894544497635706648 0.618273164738603497880831127986 0.993057566961388360482487769332 0.479474392052993692026063854428  | 1.958849374643688134867147709883 0.353987242166835525125634376309 
0.175492181440075056819694054866 0.572555362791765554142386918102 0.201432054693029161107631352934 0.302511316703487520562987356243 0.728474514981865439722241717391 0.989678585279721301226629748271 0.505193738708775152979058020719 0.794170554486422930473565884313 0.746354354922652563075757825573 0.085986330714387770868256666290 0.457354717780107611346807061636  | 1.679958975711111524020680008107 0.475199850767706544196755658049 
0.652013508398441188340655116917 0.016436037835254380112814942549 0.625660153231133775442174282944 0.577045616420909124322236039006 0.314400099815570599481873159675 0.032724761368951083007061697572 0.129750887577227524971590355563 0.645330980728667569223944155965 0.671306198746118298892326947680 0.395748538521086601349452394061 0.150141865079005509819864983001  | 0.950803456302414695677782674466 1.562642646268488810790131537942 
0.000000000000000000000000000000 0.500000485206264055904057386215 0.499999654850289743102109696338 0.500002362472129924242381093791 0.499997809542077065181331363419 0.499991664095613019824781986244 0.499998988632041729829325049650 0.500000416525545499091265355673 0.500003301227232910264319798443 0.499999707174369201201358237086 0.499998111376840304043156493208  | 1.000000000095968344382413306448 0.000000000000000000000000000000 
1.000000000000000000000000000000 0.500000485206264055904057386215 0.499999654850289743102109696338 0.500002362472129924242381093791 0.499997809542077065181331363419 0.499991664095613019824781986244 0.499998988632041729829325049650 0.500000416525545499091265355673 0.500003301227232910264319798443 0.499999707174369201201358237086 0.499998111376840304043156493208  | 0.000000000000000061232339963244 1.000000000095968344382413306448 
0.000000000000000000000000000000 0.500000485206264055904057386215 0.499999654850289743102109696338 0.500002362472129924242381093791 0.499997809542077065181331363419 0.499991664095613019824781986244 0.499998988632041729829325049650 0.500000416525545499091265355673 0.500003301227232910264319798443 0.499999707174369201201358237086 0.499998111376840304043156493208  | 1.000000000095968344382413306448 0.000000000000000000000000000000 
0.068507137862416342399818347531 0.499929405276517968559346627444 0.501557112938666227464068469999 0.500888855863143800384307269269 0.497395179376820484318244552924 0.500613196392952097824036172824 0.504627801452720459174372535927 0.493797322796589610582884688483 0.497371552970002961391315920991 0.499632944790272814916676225039 0.497457401304757740323481129963  | 0.994298841534905886163642207975 0.107412188714223116869916907490 
0.567296966531957269630481732747 0.501412605216671525276694865170 0.495375546907262320761589080576 0.495755694732616714048845096841 0.506990827561649370913698930963 0.503552338114656938827806698100 0.501604589606128858925160329818 0.498944468861317880215011655309 0.491550947302516916259662593802 0.503001271814597750164921308169 0.499742091779040054078109278635  | 0.628668212954847871465346997866 0.777914123690806036393041722476 
0.582143641307622972114188542037 0.498752676674589612293431173384 0.506419766956083039488589747634 0.506103721743869083837807920645 0.501196158820441661774225394765 0.496773698519751449875769822029 0.498563115563482317504906404793 0.499837186499627550428925815140 0.498103924271855014183074672474 0.496914836422644279334548400584 0.500228553572427458995264260011  | 0.610308325162382758755086342717 0.792299187220431910816387244267 
0.186881896096377841942626218952 0.493377832816887074152134573524 0.501629991178259904138769798010 0.498726263160107152749844772188 0.499866998184908262192749361930 0.491955665046028334241867696619 0.497275475538420663745853289583 0.508628094992103929605775647360 0.501177641013704877614998167701 0.502999053598357837024934724468 0.497671195794596121775299479850  | 0.957423253192251744181362482777 0.289416351374140456975680990581 
0.770137239470203072144727229897 0.508514893779342558310929689469 0.513834298268708966617168698576 0.495613867550334596945305065674 0.499540944379431084421128161921 0.503883940126592100305913390912 0.502093288878939780772725498537 0.508452991842289092616624657239 0.495603347010493133772968121775 0.495865650020184511870269261635 0.500451093473564201374870208383  | 0.353418332311487504160396611042 0.935904602547308783755397598725 
0.652937452032528065082317425549 0.501738753581002616677153582714 0.502069801276610827578394946613 0.502479758255745978523520989256 0.503680716772514469603549969179 0.499359653583223594974782599820 0.502040731059673506209151128132 0.498440949763226948121541681758 0.508911179244646794117556964920 0.502464379625993440292575087369 0.503896959534887778353606790915  | 0.518628654992569826376325181627 0.855157115667308453943462609459 
0.728690144619921431612397100253 0.497201299553200359859772561322 0.501174682793828263349666940485 0.510061088506179705071019725438 0.502136863759373164306509806920 0.501428002451923093829577737779 0.499027539053334356911051372663 0.496748440764575582839768230770 0.502297551713451140287247653760 0.507208456021034370664324342215 0.500748338645144008829390713800  | 0.413465753187913565014355299354 0.910724343838383298965766243782 
0.251996509304388272010299942849 0.496193456921697195749487718786 0.495375546907262320761589080576 0.498831759481590419902374833327 0.501007098893694213792571190424 0.506271343983890509399259372003 0.499272897089330258690864638993 0.491271053294160653379663017404 0.502331937010980333901954963949 0.509516358832895477348756685387 0.500346833155753456523484601348  | 0.922905916428478412250058227073 0.385675492328990288104506589661 
0.888961597219866894725726069737 0.504166086536267155082668978139 0.502649148779408472265117779898 0.506974556019515354421400843421 0.499561596790319195626750570227 0.500230281606348192724453838309 0.504627801452720459174372535927 0.501427471249175527034935839765 0.498285884785597599222484177517 0.497967609828321278175877750982 0.507421251376039661451500251133  | 0.173563269876069348196523378647 0.984984030542303101718459856784 
0.135778278105076616322222093913 0.499018205888937749215017447568 0.505823702918814954720971854840 0.507134943422332007401109876810 0.498293439409408067675144593522 0.497988806447634879681629627157 0.501086657776357746740814036457 0.493269601606989682718307221876 0.498373620489248603249166080786 0.497878475281039456490361772012 0.501801225600521205727488904813  | 0.977488125740215374470665210538 0.211698402407157232341106123386 
0.332959404363077748900678898281 0.505003462508662237517853554891 0.509787418996136554305564914102 0.497644389548290377867090228392 0.501215308302341733259765987896 0.498513820315813427352935605086 0.504182073991130463852528009738 0.499292119640339926434080553008 0.496112218786831371541978796813 0.493313447338586452683983907264 0.500005323950384439335437036789  | 0.866499026592936871793426689692 0.499595073176586079721772648554 
0.154260453497433391856219486726 0.500338876564575207872564988065 0.503968614225329680778031615773 0.502516292238634920686024543102 0.500674260366316903336780796963 0.502838813556128361170749485609 0.497273912673970974740456085783 0.499147217668635623244455246095 0.504572832857200892497928634839 0.500833088661020275900170872774 0.493835075244386745296765184321  | 0.970881472768609254941907238390 0.239971113440172606479094952192 
0.042584596693013385126924674751 0.501594942403465804403595029726 0.506276897225171551575328976469 0.493422114045956206052068182544 0.502900807503116720198477196391 0.503522048776218755783418146166 0.500553236806307144668437558721 0.503162107261564739424386516475 0.503181907298598796174360359146 0.503239842628866229645723251451 0.492663301142539922228280602212  | 0.997953940408808581885580224480 0.066854607078583386248205044922 
0.015577582298814502195782871752 0.496608602676438304346362428987 0.500831130955682879424273323821 0.504091951623171219409869081574 0.499506317670710020539814877338 0.512764072029879836023269490397 0.498317510314233325097177385032 0.497057283290856910529242895791 0.493193199416632477305455495298 0.502566681240706691902175862197 0.501446903236222207844718923297  | 0.999959172374202953648136826814 0.024473094588686024331014579047 
0.314918490309773535518189646609 0.501590620767157324699780929222 0.503787754901808715324307286210 0.491952233449760578665177490620 0.505917352066540981780917718424 0.507072858546437355009572911513 0.498153132993285396867833014767 0.503402847377725226607481090468 0.496930529668508036422736040549 0.497673984453491258239665739893 0.493492216181786291784305831243  | 0.880334313724131733991384862748 0.474857103121895218755810219591 
0.599171237411628809788055605168 0.504986205726991266296010962833 0.502953302511496835869309052214 0.474137134975055718477676691691 0.485672487766175386969536020842 0.506971176248064758773637095146 0.505875732770848962616128119407 0.498116811327446951107589256935 0.504170774828937351408342237846 0.509589864585633822713361951173 0.495351910136917983340509863410  | 0.589500614507118214646652631927 0.809160712302776752302690965735 
0.435921470524026688497798431854 0.505358261009695275411957027245 0.494694249404524555302486987785 0.511823465342088335106041085965 0.504451157045319509286684933613 0.493913575544051408616752496528 0.505742279266220395861353154032 0.488052884999981562152981950931 0.518360200892953981721689160622 0.505851285748509793549487767450 0.494703582882653702945674467628  | 0.775222907965243734906835015863 0.632998692426793740928303577675 
0.507563580621018139993338991189 0.499478267739343007036723065539 0.506754095492592981919699468563 0.505173299670590103538359016966 0.499927762128427710663913785538 0.499453753137630407366032159189 0.496402796834921333779533370034 0.501961230327072072121552537283 0.496203977405204554873563438377 0.496634429108860908641531750618 0.501461248025437789088698536943  | 0.698738220406856735955614112754 0.715541852902597974583898121637 
0.742979482599064988690429345297 0.501629008398679299141065257572 0.500875313424486212632302795100 0.504307043777708519094460370980 0.508069449514512605503568920540 0.499226250750670785816254237943 0.496433355329565451086182292784 0.503383694407984916274756415078 0.507980624735061669916547089088 0.498876106262296059590255481453 0.497633127957815946107444915469  | 0.392919977890156257860354571676 0.919771029364745529299796089617 
0.305559606388666027410039305323 0.493633087172712092804971462101 0.503582104932089547055795719643 0.502402755221001084962040295068 0.509025394239811856955668645242 0.497974716728708854951435114344 0.503956865101837347964419677737 0.502025877125885422458395623835 0.501663925053251968932954696356 0.501583466072851869022031223722 0.502048582934228604379711669026  | 0.887162177167906129682251048507 0.461834572746500804374392146201 
0.407943922382561219297514298887 0.500188364610822389089150874497 0.506053153409127709494441660354 0.499870626998111744487829355421 0.499192350825488684318287369024 0.500997710334818435740089626051 0.493826191970231975769678456345 0.511533158008392163651478767861 0.501973257940578121427677160682 0.499644361371018919104614042226 0.502771164254095181966874861246  | 0.801796943204449719111437389074 0.597966596418619933395177667990 
0.751926460186608358604587465379 0.504621113101379470400331683777 0.505223629146531960643073944084 0.518508577052432140241933211655 0.504925864635291876680867062532 0.504976795250190679809065841255 0.502607372635676563632500801759 0.492210240091780826254819203314 0.483511570152410141698595680282 0.495045617239924906627379641577 0.507741903568525887457951739634  | 0.380214202742523099676219544563 0.925832624637107803877711376117 
0.670332912293861160613062111224 0.495364651104669928560753078273 0.499921925908258624193791774815 0.511419832130300844319492625800 0.517847107265694939215450176562 0.500173762778425734509823996632 0.500142001995459994923010071943 0.503480833794222482069358193257 0.503123291525612748031903720403 0.494401334634940403667258124187 0.500806466357181512272234158445  | 0.495263912031374320399379485025 0.869346084708455202338939216133 
0.348257492282632918900731056056 0.505430277680079975688443028048 0.501052327910388228815463662613 0.494897229570191055092465148846 0.504031791634661940904038601730 0.505188670886972723828023390524 0.496924188413316758605731138232 0.501470709367482392337933561066 0.506711512875053782245515776594 0.495246062607962223012236790964 0.498764158127814272170041931531  | 0.854221362419051666314828707982 0.520256772684105972537338402617 
0.028493470146427779532416479924 0.505896011077929474986092373001 0.501141505869205472478711271833 0.502568815030341675686997859884 0.493876597322066512862903664427 0.494355955085356346678793215688 0.501136301954002161274104309996 0.502295767815244209586467150075 0.499922796225380383638992043416 0.489747784556936682776040470344 0.506920000494607614349718005542  | 0.999269859200886623185056123475 0.044754647595609341192979258039 
0.416357641873866313186880461217 0.499137676506504812667941450854 0.505262606898993604787051481253 0.491600704161201496056321502692 0.494599681810822866534493869040 0.500500873714727401164736875216 0.497806821318255710018263471284 0.502349712198443376642842395086 0.499103743411156708376097412838 0.506607229594316033072232130507 0.495935267103785382136749149140  | 0.793807250804073327721255282086 0.608497752395752433685061077995 
0.450533973609254900782872255149 0.500095609008608277257224017376 0.506992727046359226150684662571 0.498725531047295778108718877775 0.511310877648948336471335096576 0.497871062356889160227524371294 0.501474474978392814605854255205 0.498699064660501123480429441770 0.504399972560466758331187975273 0.491617131996618494937933974143 0.504917929849545865650384257606  | 0.760089443283493926273308716191 0.650281091621599749430515657878 
0.204676063667325214279202327816 0.499004849012157802867761802190 0.505413769766744569444938406377 0.499338198382258069418782042703 0.499991280248236968919428591107 0.497931749429321779398804892480 0.501465602246825570276200778608 0.492223105140178029959230343593 0.504176612800371182210312781535 0.504745956990257926833010060363 0.489070429050608768140051552109  | 0.949005002259724617097447207925 0.316075474018672364362458893083 
0.518571087678660891384652131819 0.498797433843358339888851560318 0.502508838057631912477063451661 0.500755089226690985881873530161 0.505061022854771501933157651365 0.502613939270483145449475159694 0.492025660951336596404814827110 0.514872387806041720281768903078 0.494573080143073107173279367998 0.497673984453491258239665739893 0.503818177432870162313349737815  | 0.686438873615121569748964702740 0.727703074352922696377277134161 
0.170987406875721115184774134832 0.498442211375673294160293380628 0.500381921875935775645416470070 0.496546025673413937706612841794 0.498823271339988050243618999957 0.504368630598564071654266172118 0.499250578411410295132100145565 0.502407597221329771386422180512 0.514135231786146285060112859355 0.506498447546300245569739217899 0.498419890718961366982142635607  | 0.964422599978030481437940579781 0.265444633838600008157726506397 
0.637469075514563221496189271420 0.498341079224871863484480627449 0.501174682793828263349666940485 0.510061088506179705071019725438 0.510972458711014487775514680834 0.501404653474717632022361613053 0.501093183423891974648256564251 0.496748440764575582839768230770 0.498472829073252909903857243989 0.495893050138797530923540080039 0.500748338645144008829390713800  | 0.539319017326474137163927480287 0.842409383457413007967318208102 
0.326601444563067222492946939383 0.507271602868029525268411816796 0.499871566559005220398148594541 0.504963312077983839110117969540 0.504118065001768700383877330751 0.498015482167440848293438193650 0.506940094090703285978349867946 0.488792890056391371444988180883 0.521221364538193232540663757391 0.512253289910373554860711919900 0.489544849268858273116933332858  | 0.872119670636661514784293558478 0.491296468453520485120122884837 
0.235719843510016735521617192717 0.491416112385933079309552340419 0.500958732487771452035474339937 0.506041198300211436666984354815 0.498135041236717923673893437808 0.503365995731216098185711871338 0.496519440454094129755446829222 0.500550424835574658821713001089 0.503262340641041694411228490935 0.504028160271534297898199383781 0.497899749072584829612253543019  | 0.932388557946901674888806610397 0.361926529879458502847455747542 
0.934627776326750092650286205753 0.504200716264389003917756326700 0.501890364262396526662257656426 0.505844039219595975609422566777 0.500829583060796279525561658374 0.500213769239400751764890173945 0.502372670783914787584478744975 0.499175270144703364660898614602 0.499642658009790241457892534527 0.502830729501472784015447814454 0.508659070537467061789982381015  | 0.102520999290588873953389281724 0.994877147297999586683658890252 
0.557637019071594131069957711588 0.500095609008608277257224017376 0.502257967045226405566893390642 0.512796981749272351436275130254 0.511310877648948336471335096576 0.517501815062402448219813777541 0.495433920786188974894059811049 0.498699064660501123480429441770 0.484981160018939705391716188387 0.491617131996618494937933974143 0.504917929849545865650384257606  | 0.640885056827064425455375840102 0.768868395093192824596428636141 
0.947040926107830527413966592576 0.501632952082011973615749411692 0.495302402527937946086211695729 0.499089493213112522784768998463 0.499147175235979068119718249363 0.497033349229094201238154937528 0.499181450881025445820426966748 0.503496551119916868621828598407 0.496931885068205347888437017900 0.510089706172603407630106175930 0.489453169515451869120425953952  | 0.083114476610507206921774070452 0.996811383148155427669223627163 
0.110450291685136203767569895717 0.496339776393684206645673384628 0.497605074027574201256385322267 0.503783256928155842579997170105 0.498884395086267862229334468793 0.493891933338539090847518764349 0.500863694553469573911286261136 0.491182175579280233534973376663 0.498296406024808569146244963122 0.507219199836055345542717986973 0.499267799809901158258895748077  | 0.985190432237914248680965556559 0.172661411595814634489798322647 
0.274625856304086091164151639532 0.502914985862468633115440752590 0.495302402527937946086211695729 0.510190631928998161725985482917 0.515113110412648511626798608631 0.505206187043403143199782334705 0.501770175358106529373003468208 0.501256850222255856408537511015 0.508304110832292765920215060760 0.497954020247705075874478097830 0.492198305427557047941888868081  | 0.908869282809191214589361607068 0.418346987731960329170988188707 
0.871176836128630061040212240187 0.496611309357692543020590392189 0.508343649160084565252759603027 0.496872936305246148958048024724 0.501625311756779934668770692952 0.509878527041044304901618033909 0.506473847708979629800296606845 0.494905863136574364347097798600 0.495638826887366545914659354821 0.500975099781007071619853832090 0.506257872131052111264182258310  | 0.201040718379603328136440154594 0.979907611039093517923959097971 
0.968351061638214938298574452347 0.499760524090520963369499440887 0.502284715905861323115288996632 0.494674700563023317378963383817 0.501799539606296196581070034881 0.502278459383491915346553469135 0.496621195527945369363465033530 0.497861856597713536842775283731 0.496217657168273429402205465522 0.498791973749512063118771720838 0.496467578906107265268587980245  | 0.049697849153704419522536994691 0.998850702405778001491398754297 
0.709085324076046408237061768887 0.504235537078143947198327623482 0.502454253583389576220952221774 0.494827075820532646943661347905 0.504309544812374777045249629737 0.500048215867367362719164702867 0.497627802980928901632751149009 0.504105773481784646961045837088 0.494654635272154752367868013607 0.496717615029386438951775062378 0.499101169001544331393915854278  | 0.441287188170958522004383439707 0.897512956819472740299659108132 
0.197639288622459413646836878797 0.499172599991598964219718936874 0.496608359859189607554696976877 0.478088125162579535842866107487 0.499405131980580285766535553194 0.507237443778545071815244682512 0.505353075136655616184100381361 0.501014402792495427974017729866 0.503911051458276970649308168504 0.505294360097836015022210176539 0.492825716386683598813078788226  | 0.952833398029517497640483725263 0.305692707844490929591785288721 
0.282773063533636292987694105250 0.497965008986266388646413361130 0.496960943564376089742751219092 0.497644389548290377867090228392 0.500246834899124692697114369366 0.506172805072724107944281968230 0.501231120203072144647649110993 0.499292119640339926434080553008 0.500850363351097449537974171108 0.508267015761092455505831821938 0.500025019542363891034142397984  | 0.903079551443482064776446804899 0.429771670877923395170938647425 
0.907378601110810256713534727169 0.501293682073370439056247960252 0.500855408841218374682568992284 0.492818781067539846141301040916 0.499044422592602177068954460992 0.496220876511808850484186450558 0.497611576007753519945708831074 0.493139210474107414494682188888 0.508062482941896487176336449920 0.492457025629305322755868701279 0.491413228829060799718320140528  | 0.145022671601210267899872974340 0.989749302266912933667697416240 
0.126477248216857074414321004951 0.505430277680079975688443028048 0.501052327910388228815463662613 0.503653907805466594105325839337 0.502338404726614951023577759770 0.508324226417583568959912554419 0.499298461892318301558191251388 0.490112189794334518477825213267 0.502379767535247823140309719747 0.508003607595436279531497802964 0.500125854549554826888879688340  | 0.980611007303904269605254739872 0.197422249632586310763571191274 
0.374915584008392532844311517692 0.503877245704838050421869866113 0.502645217473737693225643852202 0.482639729591683885878694582061 0.484839010715787444016910967548 0.509819847208506815583461957431 0.506298888326686125083142542280 0.488466600790917249153011425733 0.496600713118804437673503571204 0.505741170375248461077433148603 0.495538095327205108109325237820  | 0.832280698227347737194747878675 0.555952564821658334892617858713 
0.862977147172722780510412121657 0.493476054123464402678678197844 0.498389153085248393093564800438 0.504640359638605318082227313425 0.492058338854375554305420337187 0.493321693435137709204951761421 0.499042394101688269181238410965 0.497771603980093457764155573386 0.495267404933383781351352581623 0.502763657158052823525906660507 0.502862480481544915633662640175  | 0.213623666334664119581532304437 0.977139662136916165025013469858 
0.897491157931400884706363285659 0.498230078445963564526266509347 0.502706651751743782696735252102 0.506000385006900921247563474026 0.509025394239811856955668645242 0.502363890442224292343098568381 0.503956865101837347964419677737 0.503087317736840455850710895902 0.501663925053251968932954696356 0.493856994973908336454826439876 0.499702484817640346648204285884  | 0.160357552781059065072355451775 0.987260896016628919369395589456 
0.090301157240660484548655517756 0.501531959493746515299505972507 0.496426707002139810942509257075 0.499293235586961814398421211081 0.503612621421307471436534797249 0.495076912310762007329856260185 0.499680914030883216447875838639 0.498212620193816124736230221970 0.494691897058632590322702071717 0.509657216648889077603712394193 0.500564951425381599037223168125  | 0.990133061608459486002686844586 0.141394711050394999984902710821 
0.499079751078313427203880792149 0.500357987935009185243018237088 0.500864288550157743529211984423 0.504339287601023977813952114957 0.501292117440537809969214322336 0.503876419753983117999496244011 0.504294372984569028162127324322 0.499662009680794716448559711353 0.491030809676761492710284073837 0.502769540656050728522075132787 0.495738244298408792243293419233  | 0.708242357333911942696147434617 0.706197749318198453316597351659 
0.680968324465034413606190355495 0.493633214564189570783270255561 0.505253110168858765582911019010 0.503457388142654171936385409936 0.498627580890976362937294652511 0.500884227733561671058737374551 0.503975961937624061803830954887 0.504646923070449671122617019137 0.499462024438359852851476716751 0.497362444039262829864611603625 0.502520029855883731961796456744  | 0.480484475038832459237170269262 0.877155735834389882477069022571 
0.426985529616707215616600024077 0.504625860642244239429032859334 0.499416639329040568107132003206 0.494491064176441119659699552358 0.501078726872193014330036930915 0.485017203228383930735390094924 0.505875732770848962616128119407 0.500032834733469710997155743826 0.505003589560339416486556274322 0.500241932374297815222519147937 0.500627641232673226134863853076  | 0.783646831943411892318351874565 0.621750154383052811013499194814 
0.366078565058602478643479116727 0.501632952082011973615749411692 0.495302402527937946086211695729 0.506960210527957033654899987596 0.499147175235979068119718249363 0.496447436541699649303893693286 0.499181450881025445820426966748 0.493787949361988165453141164107 0.496931885068205347888437017900 0.499063398909388111768237195065 0.507914686020786931841541900212  | 0.839340100547092404781324148644 0.543972125122497041083136082307 
0.264926932646521229308689271420 0.497201299553200359859772561322 0.501174682793828263349666940485 0.510061088506179705071019725438 0.508841192599348457470398443547 0.504961465216037574954555111617 0.494594210227942476798546067585 0.496748440764575582839768230770 0.498472829073252909903857243989 0.495893050138797530923540080039 0.500748338645144008829390713800  | 0.914903056895780331103651406011 0.404348886170102783665925016976 
0.612330195803456489578309174249 0.498755230090851098267989982560 0.500503150032948984637926059804 0.492784230279772139660110497061 0.499631000567538730017247416981 0.493671117958431160399612736001 0.509482346615275139001255411131 0.502366940613925838654552080698 0.505794465376090518482499192032 0.507092982130453062694641630515 0.496841354444681082558332718691  | 0.572168894176370956827781810716 0.820481395112252154255827463203 
0.225781791579166890571173098579 0.497286467437960233439753210405 0.496959145749852393425527452564 0.504671458630913671861151215126 0.496033634573673276602079340591 0.490035574824398023618954312042 0.501834919758694320002234690037 0.498616469733086709048563989199 0.503619319095864104163240426715 0.512984961406555917129423960432 0.499586299841719039260823365112  | 0.938085001956613262485973336879 0.347387213041218945175359067434 
0.923752756191813961805792132509 0.508187763238985623637233857153 0.499168368442795162831515654034 0.505678446911936974039747383358 0.499968206158965089436208018014 0.504520441303466293803126063722 0.504038443251058398963948548044 0.497511975739609535462903977532 0.497768251513231396732095390689 0.498937900609121520734134946906 0.506381293103458696158725160785  | 0.119505427268906297411099615147 0.993024656906039249193440809904 
0.988204037158619486014288213482 0.499818755174657680662164693786 0.501641480858878607840267704887 0.498913033382400672444134670513 0.503856518690418919703688516165 0.502543390338732964828238891641 0.496593264385612631617306078624 0.494271996864885432287906041893 0.496460578903658800165032971563 0.499873775850235180229219622561 0.491838184072319606343626219314  | 0.018530752297053417615435577659 0.999977141340103514721704414114 
0.294756596671780612961555334550 0.502780937740175959405064531893 0.500210111124269829474542348180 0.505639785308989675449709011446 0.503520242375799509382261476276 0.493780855246748751063989857357 0.497656112406878070597571195322 0.493684983404717447896814519481 0.508748165348776981709022493305 0.497586444009493478191075155337 0.498709034262110717516947033801  | 0.894912353341606681134123846277 0.446734852955552597109090129379 
0.814658628784154181801113736583 0.500000485206264055904057386215 0.499999654850289743102109696338 0.500002362472129924242381093791 0.499997809542077065181331363419 0.499991664095613019824781986244 0.499998988632041729829325049650 0.500375463425386857174714805296 0.501740928707195554814290971990 0.499999707174369201201358237086 0.499998111376840304043156493208  | 0.287039164270918356614004096627 0.957922158614989860403454713378 
0.454498486212916108506476575712 0.500000485206264055904057386215 0.496951743885272634315697359852 0.500002362472129924242381093791 0.507986687961389571377424090315 0.513884239663834008204901238059 0.505585684881939223522806514666 0.503175337346213225053759288130 0.500896355348817490238388927537 0.514568567293950285268522293336 0.499837195454419902507225970112  | 0.756191057697127244630053155561 0.655145608789306721497780472419 
0.789834600734309222325180144253 0.495232531072989923259797251376 0.502585867633603466941849546856 0.511361577776882847423678413179 0.507544977429725263640136745380 0.504914217244851415422601803584 0.492024008139377300174999163573 0.499428531835304556629751004948 0.496688790052763506910338264788 0.495864809675102102826116379219 0.498238775541446410333179528607  | 0.324271701218076024986203265144 0.946317783709456294971573697694 
0.360399143121087839336524893952 0.493377832816887074152134573524 0.491380869657965735353144509645 0.508214731083906801067939795757 0.497562746453701021387416858488 0.491955665046028334241867696619 0.503469669720510992760864610318 0.489075216630380671389843882935 0.501177641013704877614998167701 0.506209930434493360351666524366 0.497671195794596121775299479850  | 0.844357292037530293704605810490 0.536588323015634971469012270973 
0.397153005008660686669941242144 0.497962304715717507530570173913 0.507896311274057321583086377359 0.481146697255058375386482794056 0.505016380036082623838922245341 0.511437316578419953749801152298 0.499405017550545449189769442455 0.506964355867182137060922286764 0.501807548760087596129153553193 0.526799634021789864313234375004 0.506014865018838078114526979334  | 0.812761171684974303985882215784 0.584970164987402951872752510099 
0.803232301131972858954100047413 0.504260814318215455642757660826 0.500481010363719391875747533049 0.493949044016789351463359025729 0.509468779802973448234126863099 0.504134989124165988627623846696 0.503998536565912091944596795656 0.493836731133729001097520949770 0.498413009140080687231488809630 0.493442002912607313724890900630 0.506459584971789666951735853218  | 0.304276407843663110330822973992 0.952901843737866127703739493882 
0.916970698129894179473353688081 0.500275880581583676232071411505 0.506980325095446104910479334649 0.497089229920863795442187438312 0.502329074689549792687159879279 0.505283546550004625252938694757 0.504644102324743770715542723337 0.498347850822457916208918504708 0.490911327513683604095717782911 0.492396563011404442278262649779 0.506147487055226941166097276437  | 0.130090812477053341389421348140 0.991797713649316792228205486026 
0.850499363747215908482246504718 0.500207703237901202264481526072 0.502876771929230526048115734739 0.498444007918654119482226860782 0.501516085418184598410107355448 0.505643593473327657150662162167 0.497169826562911476575123970179 0.503480833794222482069358193257 0.493728932936459863345390886025 0.495240937008963710841413785602 0.499998111376840304043156493208  | 0.232712114685165727401283675135 0.972676239748269000351399427018 
0.829939059690573355254628040711 0.505430277680079975688443028048 0.499719183715566783732242583937 0.493580614092710368012717481179 0.501567880353365302958934535127 0.484204265598199290465686317475 0.503690015587377026839988047868 0.497119112411209596036343327796 0.502729921183266426076841071335 0.503028661467185167488480601605 0.502647564213933861765326582827  | 0.264062596473815469622081764101 0.964887381757908557666780779982 
0.463967497594058198018274197238 0.501534064239336774271293961647 0.497170185390692742632978706752 0.497224166906983955360743721030 0.500791966210511807489069724397 0.513304074536921617344376045367 0.503294063102736166648298876680 0.499837186499627550428925815140 0.490466803234756720808462659988 0.509033648047876319253646215657 0.501907150367996046647078856040  | 0.746260628631547628941689254134 0.666228647820107267030209641234 
0.550370133202440214859052503016 0.499947336081089321879744602484 0.504234939370182377871287826565 0.494941657224603481779467983870 0.506021987329032918445648192574 0.498599550827667825636524412403 0.499449564923183264575357043213 0.508282326085305102836287005630 0.505759785715102494485506667843 0.509665877535906752804351071973 0.493179548915001264575153072656  | 0.649215965974357600565269876824 0.761029749562282420427550277964 
0.685658277893600676122787263012 0.493377832816887074152134573524 0.491380869657965735353144509645 0.508214731083906801067939795757 0.498542146850365630594836829914 0.491955665046028334241867696619 0.503469669720510992760864610318 0.501229265896747766539931490115 0.501871403027289719744885587716 0.506209930434493360351666524366 0.497671195794596121775299479850  | 0.474094714509292469717394169493 0.880829892054687313418526173336 
0.259456974475376189737119148049 0.494088568283986284690456614044 0.501237155277491130966893706500 0.492438054313977802145529949485 0.507159281994019606187862336810 0.497134478263218604343620654618 0.503431398319758471870954963379 0.503799834903410737041440370376 0.504802321740320469878327003244 0.501475789887044887116474001232 0.503591602716938258055279220571  | 0.918292717229214017216065713001 0.396451118359216925224330907440 
0.799880687640468046595287887612 0.505309569443980532987836795655 0.497266793468820023083054593371 0.512156350798952608727176993852 0.509428865055930990557442328281 0.497905513332613458565845121484 0.507813808631155771955434374831 0.493054139520997913859190475705 0.494110516736746607779906526048 0.498884105900690877355430075113 0.500748338645144008829390713800  | 0.309325873080397772962868430113 0.951400401924587302282532164099 
0.486533335398552591044563087053 0.500000485206264055904057386215 0.500905991332383115910431570228 0.500002362472129924242381093791 0.499997809542077065181331363419 0.499991664095613019824781986244 0.503211561760319447955680516316 0.500082350110631845829800568026 0.500003301227232910264319798443 0.499999707174369201201358237086 0.499998111376840304043156493208  | 0.721913215491235105147893591493 0.691999705978335044598281911021 
0.217678493807112599656150564442 0.498417235192463503601345564675 0.496351660052170629011669689135 0.497570771835135206018208009482 0.495088197158442266943012555203 0.503552338114656938827806698100 0.499812115699214909447789523256 0.504471634417163694585894972988 0.505115806918285170645788184629 0.511031106253252542792608892341 0.497635678815173676525773771573  | 0.942328268835113225243560464151 0.335382417492813889037250874026 
0.352638333408015314240913085087 0.493381963304466375497270291817 0.496254567900614840247897063819 0.499662970769443659513342481659 0.502835396060761108394387974840 0.519376596977345283967508748901 0.497618401605448956726007736506 0.496293198581525540902248394559 0.496696559070649745759595816708 0.505307795569240769673058366607 0.497981895937121721296136911405  | 0.850896103785809265751538532641 0.526292770383912422715866341605 
0.700960657009355392332849987724 0.504830900785622427306975623651 0.499861882382876432373564057343 0.492438054313977802145529949485 0.506690714720588020192337808112 0.503943340130553751876618662209 0.502349309112582464997842635057 0.499726810102808838287558046432 0.497556573298663429305577210471 0.496769493254484717503771662450 0.503711280258785754071482188010  | 0.452725408084244496098591525879 0.891848078237304164872512046713 
0.467137766229016593300116255705 0.494569416344192935852674963826 0.496314561146334431995796876436 0.498145961009675342090474714496 0.506148319304108973426536977058 0.501726520722508784189130892628 0.492807483962649173214742859273 0.486835525442477046187406131139 0.494255922202873343440643338909 0.496154560763286234248425898841 0.499572237811963471010301418573  | 0.742917036830369026390030740004 0.669921633406644012609376659384 
0.291233065675471913813510127511 0.499230959111176153530919918921 0.504004698796322814224879493850 0.497002817379280814602537930114 0.498077223488627929270933236694 0.499742734171454983105320479808 0.504945870279283060000352634233 0.493237923141703948903824539229 0.501197822209730414755313177011 0.496843604956169526687403958931 0.491413228829060799718320140528  | 0.897339477476263636113174015918 0.441759303456972118873125054961 
0.077748020750849522464420715551 0.504475796693423461647398653440 0.504004698796322814224879493850 0.497002817379280814602537930114 0.498077223488627929270933236694 0.499742734171454983105320479808 0.504945870279283060000352634233 0.493259940638543281643535465264 0.496260535913271294550241918841 0.496843604956169526687403958931 0.499185142800002701335415622452  | 0.992694096727485653097744489060 0.121840408773761260663448524610 
0.785255242957849208806919705239 0.501190936642945228385315203923 0.505747471794838698855301117874 0.496940268331015455594013019436 0.491890841194247696588348617297 0.501237683855216498152174153802 0.501772820973596322957632764883 0.508828327907809851993192751252 0.499542229343485189030360515972 0.497989555465938482647914042900 0.501312781137895568939200074965  | 0.331025158401723973433661285526 0.943831926804461374125310157979 
0.381826188602160221385872773681 0.496252787481855417439646771527 0.497211914036859603527318540728 0.498494824934665736737571251069 0.504911756193830218997220526944 0.499492865794591789363465750284 0.493947063411768971796789173823 0.503628853713943502867778079235 0.499420760982190237164957125060 0.498504216363405305845191151093 0.495585608007407751873785173302  | 0.825564125625548150821941817412 0.564521521209677912267466126650 
0.693719764566695040741706179688 0.500020241706308987694740153529 0.503078230483923416471725431620 0.502948127368162856143385397445 0.498046763416695126291955375564 0.499148659150197016032279861975 0.499379198832967330368148850539 0.496577178268191810062148761062 0.504321590921746554236904103163 0.498887565429822821272409782978 0.498329563573735423442911951497  | 0.462784634333416877716160797718 0.886535622710796999967897136230 
0.041208467364584777659075598422 0.503633525519298852479721517739 0.499044148151862543283385775794 0.500545841090686782770546869870 0.504309544812374777045249629737 0.503822118423910114692887418641 0.499314185243730390695304777182 0.501665670168139676832197437761 0.511094045259912088674525421084 0.506676076259656715805590465607 0.499396755785193213750261520545  | 0.998124130954460953013551716140 0.064699071969895910472203581776 
0.394691224801232920516014246459 0.493723825888568668140976569703 0.500786164840518743801567325136 0.504837987133231913539077595487 0.499147175235979068119718249363 0.500869780773855022282248228294 0.499849045538438951918891461901 0.497723467187289270174943567326 0.501855062791817574385788702784 0.506216591392233294932623266504 0.497914281405091030396903306610  | 0.813985204319582322796122753061 0.581086209796094710355873758090 
0.160448712970352874718216185101 0.503068880879686375351411697920 0.495013818235586156024652382257 0.498323769027838980871791818572 0.497773307037294998611542951039 0.499944414474110421231500822614 0.501324357115094376702302270132 0.504585236674895298847332014702 0.498219199892342867741490408662 0.493537015118149957615401035582 0.492134754731829882068439019349  | 0.968573845368619790185960027884 0.249415318798684809697974174014 
0.101187425955999818483199703678 0.492552931425377926721864696447 0.495948319130407155874706859322 0.500695127714397614226982113905 0.500864111434692116375799741945 0.503389040614401483964002181892 0.503088661243971113634643188561 0.499340715837417681299825744645 0.496580828152593134472425617787 0.510333771026513560720161422068 0.499956732725266306260891724378  | 0.987605199338993600122194038704 0.158310152324839442661286170733 
0.476897969403661581289100013237 0.508931454898307156220482738718 0.504020344345548654274580258061 0.504849682259289389563150507456 0.509609822602710704764206184336 0.499774017772462386677290169246 0.507210022288337669671420826489 0.492114902744938353951198450886 0.523918773700116635616552684951 0.505358114689594239976599965303 0.492041866782464032414878829513  | 0.733020615255677521204802360444 0.681661265496853241430130765366 
0.492714558954262527024070550397 0.500492346800461063160980756948 0.496230527727482106925549487642 0.492715246744381052401706710953 0.510304701586190123663300255430 0.507301260064862091780923947226 0.503211561760319447955680516316 0.497225289504853229516356805107 0.496618570468925435434925930167 0.501780333700069136604327013629 0.506369602250283601385660858796  | 0.715367083575574880249803300103 0.699178397539454765663435864553 
0.591062934657799798898736298725 0.501561567793947338245175160409 0.503262440476537564748582553875 0.505108297065507860779121074302 0.502611368697618021705864066462 0.519251302956987514924946935935 0.499332044825871679272211167699 0.500836187436582203069690422126 0.496931885068205347888437017900 0.493157287909158525973651876484 0.493173163482424403714077243421  | 0.599396073136988949414671878912 0.801102871041010300423579337803 
0.822039237698891089856090275134 0.498473147209321620909605599081 0.504714700276648442489602075511 0.510621498297624709650222030177 0.495636391970792733463468948685 0.502725722421724308119905799686 0.501842030778971492921414210286 0.507666638382268220475168618577 0.501895058075535360764263259625 0.499705547509622260982098396198 0.502521181709673858684084279957  | 0.275978771003416445406486445791 0.961409317726713119611758884275 
0.082580740848655936892086515400 0.494969919437461436384495527818 0.492338305260851816225198263055 0.497002817379280814602537930114 0.498268412510625369193917322264 0.499742734171454983105320479808 0.504945870279283060000352634233 0.493237923141703948903824539229 0.501197822209730414755313177011 0.496843604956169526687403958931 0.491413228829060799718320140528  | 0.991847729283273582545632507390 0.129386560935328742694139236846 
0.719413207088922312948398030130 0.498473147209321620909605599081 0.498756169548240313460496508924 0.497269451099329795606962534293 0.496716323293524053550385133349 0.513207539305709170562863619125 0.500761878990584996529378258856 0.501180591322509583207533978566 0.500566893020321757035162590910 0.501520500178636252641695136845 0.504153832100887600020655554545  | 0.426706298653568627532450818762 0.904631758210034941924959639437 
0.718076751623980880090414302686 0.501561567793947338245175160409 0.503262440476537564748582553875 0.501471647980622159401775661536 0.502611368697618021705864066462 0.519251302956987514924946935935 0.499332044825871679272211167699 0.491266766972677404456959493473 0.496931885068205347888437017900 0.493157287909158525973651876484 0.496477538463773515609034348017  | 0.428741410995390925808834481359 0.904022770686591647937291327253 
0.629818321805149405889778790879 0.499920497891687354297118872637 0.496426707002139810942509257075 0.499293235586961814398421211081 0.503612621421307471436534797249 0.507344180388085153055044429493 0.499680914030883216447875838639 0.494293515605460975770313325484 0.494691897058632590322702071717 0.509657216648889077603712394193 0.499165889645625360238057055540  | 0.549390428114019613303753430955 0.835847076879643102742534210847 
0.945899872541539288306466914946 0.505896011077929474986092373001 0.501141505869205472478711271833 0.506053703632767803988201649190 0.499997809542077065181331363419 0.502147594964440724396581572364 0.501136301954002161274104309996 0.502295767815244209586467150075 0.499922796225380383638992043416 0.489747784556936682776040470344 0.506920000494607614349718005542  | 0.084898142012630101183034980750 0.996627381019486113800098792126 
0.661180176284875686931741256558 0.504624618831095883564330506488 0.497036434921855507784727024045 0.510637092782716295324973998504 0.508912588233729423770057564980 0.499829440841320582489260004877 0.506072729547877631084418226237 0.494076218825876600782009973045 0.500322309752548988193154855253 0.501740674568756706008798573748 0.499808031693836918307738415024  | 0.507596062515656587521561959875 0.861940930491464252227729048172 
