0.951810381972117536264477166696 0.002971313253827712053123377700 0.923271073289336774436719679215 0.968097182243797704792598324275 0.339829111849498932684809915372 0.302541610518587633649190138385 0.155319080537541842623738830298 0.993993898582708257372075877356 0.298831420382633883292555765365 0.964714532474852615173688263894 0.273761996259289763777644566289 0.078360931803889699587273298675  | 0.164627356408429625922451577935 0.058694292983952144060477706944 2.304526195776450236962773487903 
0.165980891657995899279853802000 0.171205627847632824156676178973 0.885091624290273881747737050318 0.980914866268140062111058341543 0.635047479897249966818151278858 0.814368798996902398812380852178 0.039223286910291199625078206736 0.018899168366498630966532346065 0.843148413256200268683926424274 0.040181482804826806898290669778 0.985746226095234323594240777311 0.133600489160292212886815832462  | 2.280248415247861704102660951321 1.142773162983963697314493401791 0.680482180897979294087463131291 
0.396918812768588646910927764111 0.182811777992346602417228496051 0.691822316776658063908200801961 0.406288423259301922918496074999 0.623623444244664648650200433622 0.743645973703530915877024654037 0.923041851266347856963534468377 0.705466524704468023188042025140 0.939134272949422532761332149676 0.920377091815421266574048786424 0.383755215993812903718662710162 0.156721863607779399174546597351  | 1.269129673392391133290857396787 0.791446375575785787681581950892 1.075658166685427685749232296075 
0.648387907338906499532527050178 0.595114359810935633632311692054 0.770183248580547763495474100637 0.814630915599227067858123518818 0.515146363337623536260423406929 0.628737597993804797624761704355 0.534056615257650357797558626771 0.000751140978603070941232999758 0.297686903041488148957682824403 0.421454053839841580320069169829 0.237793125769258484325519020786 0.966249811997858198964195253211  | 0.613377650906410609721319815435 0.698946617607145825878944833676 1.508907857548025477356645751570 
0.254351992490705169913667305082 0.204685032929420640535056463705 0.083997004508644002029882358329 0.219325971237598449370409525727 0.874559536305840157233149056992 0.842614230204109082578156630916 0.246343857267649513076435141556 0.063837040304405179291791228025 0.002893981473915507862670892791 0.584341966249984801073935614113 0.183107248241719533510263318021 0.654153703179681134116663088207  | 1.694912659776632413155539325089 1.011449744725071209217048817663 0.833414418539117796136395099893 
0.560204720726606208991427138244 0.223810650002160493876601776719 0.484200504783406815434432246548 0.449568169137229078913264856965 0.645024398265484966152882861934 0.544304316546239341789714671904 0.165229750679392828338620802242 0.873518724806144675198993354570 0.463637570450432301427667880489 0.743121740498881577785539320757 0.668797667899391767853956025647 0.560016806506197228898713547096  | 0.685118401079860328550807935244 0.540842977549734094111499871360 1.055807128088587676373322210566 
0.834538253980870559090021743032 0.934902163857854628936649987736 0.623822442018601819313516898546 0.165621946498986649665141612786 0.143131995891125241016084146395 0.910082536090756955005076633825 0.150574955500939133834492622555 0.118974737687941423125437268027 0.688928335302742556045529909170 0.821946457009317121844560460886 0.440516196002945115139937115600 0.089492270523849781760361565830  | 0.220744272376811156988196671591 0.464545173170285319308447924413 1.934122532298896857128056581132 
0.362837130539741647972107330133 0.481655874702307529311440248421 0.454933768166015717326899903128 0.470808922678192187660783929459 0.738730817728327937565779848228 0.612417547061540057384831925447 0.483158156659513671193906247936 0.721595635004790958433318337484 0.306545678130115462067806220148 0.071509175100345490072584198060 0.846348695438231768406467381283 0.068720791487607568726048157259  | 0.992710639091824664781427145499 0.970448330191241659292700205697 0.889714866917076352414994744322 
0.699518361276779798707536883740 0.065848977120748442004583012022 0.673864461022886329644165925856 0.255832107340854930654927557043 0.094661129878133243309434874391 0.056167275907101243959118619387 0.103777036989766036079174682527 0.085710295241479217409619195678 0.395068669205901445984352449159 0.397379514228281327525849064841 0.434043340302895042093211941392 0.753121959680259300817795065086  | 0.758621380732952044212424880243 0.383613647995658391121054364703 1.665294546903018479966362974665 
0.764687982565341983764994893136 0.608903272138389461964891324897 0.532085058795723320201886963332 0.845611148521656863508155765885 0.570689701180179476125431392575 0.170995546520167462922756840271 0.838609085721815250558108800760 0.917264971872045031808795556572 0.412691329683061325361848048487 0.603219473698997310506797475682 0.576303606777877397426834704675 0.844785955269459543082177788165  | 0.395399105515437221392005540110 0.453514220092068098821869170933 1.552978571503179860968657521880 
0.099380773558644386334037790220 0.199654263783258345554827428714 0.207805463109577370772740323446 0.648460610620748334476104446367 0.612630391992290523894837406260 0.456239769516431192819538864569 0.748827958739391341680402547354 0.539833494651953182952297538577 0.226442927790320491787667833705 0.731578606196091607571929671394 0.390010036210865940198289081309 0.049401713560963345095444765320  | 1.227496136734524068145901765092 0.880307080919494944204473085847 0.237737856251337004165335997641 
0.385886972935597150069497729419 0.510071465549551961160545943130 0.156843276507019235843642945838 0.976335308487660258336404695001 0.869826494822765639014505723026 0.918496724003682318837604725559 0.524228044817926397413998529373 0.564390902830262497502644691849 0.042242438482954391965051854640 0.867589448979194877153986453777 0.162427210950450540138945143553 0.767631591792080514302654137282  | 1.262578061795351702656375891820 1.284487079591041913673166163790 1.248537930720768684977883822285 
0.383777383100869284859868457715 0.521941371221532612878490908770 0.098740215020538091295065896702 0.423048564479597155596479751694 0.233718303445941244511629975023 0.612481021971176375906509292690 0.950690402537388457027134336386 0.526015482468795259052285473444 0.447421533232565837856498092151 0.524253501144763323082997885649 0.704651093667267303111145793082 0.006765562346137898863673854066  | 1.000102018767603073712280092877 1.029924361022243939345344188041 0.988135801499610222364822220698 
0.717890064054168886009676953108 0.575638829691927256249073252548 0.238225392698882210140709503321 0.421044205740621069189444369840 0.564216845480129403078706218366 0.834625235676576981980190339527 0.200297079735079486262350201287 0.566660833655435069999839470256 0.664495609816528443047900509555 0.683183937571206323369210622332 0.803058109388098961822777255293 0.787218163419298178062888382556  | 0.441762241177213410558977102482 0.479221393714664711804829266839 1.373254157719886459076974460913 
0.316667714500282637679617891990 0.818524756851506940513729659870 0.989642765203464169765368296794 0.369501170253056065995167500660 0.963822584806701021520325411984 0.894095552732071086055043451779 0.573365291089849127281752316776 0.752232730550692507698329336563 0.683551961964814047689742437797 0.943809516953481031364958653285 0.605864829646152625031163552194 0.738349705462262306809861911461  | 0.895139076328952287830986733752 1.507405565426249705041072957101 0.951888159726533955584670820826 
0.173189129047464085431329294806 0.301608101953070972811588035256 0.805398722049699422598223463865 0.167361760715962204493223453028 0.555384800534288958218098741781 0.712948935849096132599811426189 0.185589893200517663807147528132 0.943410631894116891160706472874 0.492347666690490792795742436283 0.293151370916453934967194072669 0.066768385434666677191728467733 0.131278560584384140774716343003  | 1.482755277144667926947363412182 1.096064152614102615856950251327 0.514372343642868989910255095310 
0.207560330317643759734380637383 0.745866145978755556988915031980 0.052599673279490222199683557847 0.498088278726138811158818953118 0.198604626143749518618619731569 0.873536039060009428247610685503 0.810412092011020157578116140940 0.769708640670840105180161572207 0.415188253055724043605323458905 0.479239047526116124231521098409 0.627853473799788619480466422829 0.874131316508914069096647381230  | 0.968247831383629242729682573554 1.361490135472329665589086289401 0.564856773319739935423910992540 
0.777501273489924371595805041579 0.224407380515724286240697438188 0.642022811182866415258274628286 0.356891740428801118589774432621 0.149266293132978344893047051301 0.293816626497041766263862427877 0.532300170853651222202529424976 0.632228197797810365088366779673 0.745877726008391417344967067038 0.127892834824167134222250297171 0.497448460045462725886977750633 0.703346675092192841205473996524  | 0.399963037917888231120855380141 0.302791582328852282302023013472 1.376412903923547315088171671960 
0.454430933756323929273435169307 0.514061160375944847800155912410 0.166407331090389631889081556437 0.484579311427456804750590890762 0.929522070328089533575166569790 0.976806071408278020484772241616 0.546959073829442532499456319783 0.403336503795782896908406200964 0.510403717677348045533847198385 0.741647696453267446514701077831 0.089691268297786952423678030755 0.116594279242146714459238410200  | 1.009407310367540278051023960870 1.030862997051167129214377382596 1.249711893378825378064789219934 
0.348957910574124841041054878588 0.110209919367826092440054708277 0.326660221536012929099968005175 0.794543223820502686471911601984 0.312048203149110858767301124317 0.206049534608611084607332486485 0.540960931249653720342962515133 0.555730375944679555466620968218 0.677505887225532288375973166694 0.669913300670499478606245702395 0.852038125442096117012624745257 0.584056488454872679838558724441  | 1.010705677673514157888234876737 0.691290142890230163708054078597 0.747622167496455714008618542721 
0.731158959444193734533712358825 0.429349471518172043360550560465 0.325940335600101160906660879846 0.808572059488997130216603181907 0.137246315106577143616561897943 0.154472489176106120289944101387 0.660601256488201227234924317600 0.342529642182972660080508831015 0.542195955602142176665836359462 0.756440582272871364644117875287 0.108913357845962566194941700815 0.756941759817862713788372275303  | 0.519030354984827746456232944183 0.473144819598713017860802665382 1.563055215638362138719230642891 
0.461454181436895316537061262352 0.659498721303014012740106863930 0.088528031519711114505355453730 0.684695823705613437759609496425 0.315805270650677760713165298512 0.668081781900302984489314894745 0.236540342240270651252842526446 0.668677004571044730774076469970 0.964516923957334126882301461592 0.686978439758301639983528730227 0.297228167690882227880422306043 0.709760138042169086425303703436  | 0.802158190405557691704530043353 0.987317297602963495073424837756 1.126686858565867588310993596679 
0.801141211409457487668817066151 0.202878726279638321727816219209 0.419937390408290256438306187192 0.319320775335170004005647115264 0.360202144938885582270415852690 0.548874185916086720915529895137 0.111901291573351269192926338292 0.971865204773802671134319552948 0.409966748817518267244963681151 0.375665953581494238555649189948 0.172580310510226819786794294487 0.515351889971382703947710979264  | 0.392374114528784512234693693244 0.278258668961654187512522184988 1.489523760631260573816803116642 
0.887460352526428519759349455853 0.314808472276071782403050747234 0.825707893971734607774237701960 0.425842425802589685801535779319 0.421609486397483967934363136010 0.880053937001876063206395883753 0.680280906003080110266978408617 0.145692995410491965557753246685 0.639681781777711289116439274949 0.497315056129620458591489295941 0.602288065106941772341997420881 0.404908323199153596938515420334  | 0.197284032914937818015133075278 0.164106829073202259428043703338 1.436488003359758902632847821224 
0.338082204970015398615146295924 0.135792985536389299028314781026 0.358185111890362284370326051430 0.309711155731613896335829849704 0.303163939526009396097094850120 0.115765297548850454312230340292 0.619257667870842465340786020533 0.457484266744369372226231007517 0.915973586782582893661697198695 0.432906105907502891660953991959 0.964666004596350323829767603456 0.639120599204723416342233122123  | 1.224551741397877258066273498116 0.760179127116036967848344829690 0.846543323136673908635430052527 
0.773140903961772707475574861746 0.027721169906900877677458083781 0.716488061630407568891598657501 0.330598156470281678842582095967 0.687303871448478598260578564805 0.876887822815986650581976391550 0.781173275433815206270082853734 0.513805725892522047182353617245 0.448846249741999825388916178781 0.187380767575992979168120200484 0.713517205543735988371167877631 0.263173458701149387550799474411  | 0.462480918679303520946177741280 0.269215922306866195512498052267 1.437595277497534462796124898887 
0.898458137270255252637696230522 0.532884019034655431745761688944 0.606331812066971842511975410162 0.377267284026687743647698880523 0.994064228164872831783327455923 0.593994840493318632113073363143 0.181883543538615022328031045618 0.745394459535268949501585211692 0.503963803625707362776608988497 0.886414669427667112344693123305 0.395536140342535258440648249234 0.909753586711363304573296773015  | 0.194145858747339944416765433743 0.203065645951092194065878970832 1.746410544688242527655575031531 
0.084180121666450391515468254511 0.255377143143395102242720895447 0.079368592347236588402381585183 0.688362082133015640295070625143 0.295692487694240169204817902937 0.734178614537567497677628125530 0.373654626633906472576995838608 0.865962222534071957014134568453 0.638327126395741628606117501477 0.712325220258853697430367901688 0.158436027696334580383563661599 0.981595799731620810568699653231  | 1.524515849812656531625520983653 1.057457852461450187320224358700 0.246774044631210442979352137627 
0.147396886968424678521216719673 0.539361183343520123045777836523 0.262414497751023545468740394426 0.503250827964747626808161840017 0.008293224613623140228924057737 0.223024779660538574610484374716 0.592687745434746449113561084232 0.631829181910681936251705792529 0.471770442462695172025632928126 0.914175015389078637895181600470 0.393410352814646091523798077105 0.420615010604600936261476817890  | 1.069500391471958078426496285829 1.119786393144143632483178407711 0.365064203216552252140303380656 
0.535077546204392073825317766023 0.202107123600974269983510112070 0.836604994435346305259315613512 0.744544023774487251365883366816 0.668973516902110154624949700519 0.904941984667155918664604996593 0.399486277327866234898579023138 0.161758947372828920663323515328 0.078160935234665940285481156025 0.618272936211427981412214194279 0.528867843752144017877014903206 0.895292023084365840013276738318  | 1.031669775712322767446949001169 0.664026637787260787249010718369 1.370136706688295902267782366835 
0.633776388465390527748866134061 0.974444542549001924136575780722 0.186431751990976279920175784355 0.684129939611245352359958360466 0.705223980930112848142243819893 0.040148679040610812940315099695 0.305770391835508803524135146290 0.901054837123973495494055896415 0.134561369604276670486342482036 0.463092268637609105752517280052 0.600653875350226740259529378818 0.173379829888717695851596545253  | 0.430932666954473964082694692479 0.901208242191666619724799147662 1.540577469060741666595504284487 
0.646805997334222948502713279595 0.543287335934294679518075099622 0.667358809190361057517293374985 0.141870645653179860978809756489 0.726562623440425103815698548715 0.004811602044207385908691776422 0.922421174293621470852144739183 0.177216207908729161957239739422 0.461095656135808606990167390904 0.159494238380871622418055721937 0.400400464609874329191541164619 0.100402226072176969928761991468  | 0.727006380155661213748885529640 0.778789877159957288910163697437 1.719135210859318085852009971859 
0.399210084084904548440420057887 0.679530470543095677093958784099 0.954197186784496276246159141010 0.007101239328740849288124081795 0.118287348655723767443248561904 0.675825407896112007044564506941 0.246342049844451183027160823258 0.404799813739243452559435354488 0.799322229113414439716223114374 0.902596952614520886548632461199 0.834913394724905444377327512484 0.576218782326315626107771095121  | 1.000076592412605158699534513289 1.344054489640832183994234583224 1.214004779064624894857615799992 
0.049400409500451769595485984610 0.964470372720320878734412417543 0.329899796809515311046823171637 0.187612391948653534079483051755 0.388598750770438705615106300684 0.124951000988217653109302318626 0.612656371910770602973173026840 0.024890915692245108026270372648 0.375509338299537698269148222607 0.585049785393615628947827644879 0.268573052292235825433408535901 0.804539758594978948735843005124  | 0.789016892578511708222777087940 1.485420723424526023848102340708 0.130780061804281616533174315009 
0.000276193242961686458158965252 0.482228476829733243569364731229 0.123963748450169664039322015014 0.611171696882687132124090112484 0.410580495096420250433766341303 0.219466615188253832968712231377 0.387434338620939344721705310803 0.569644728809758471577140426234 0.387109522877561840203952669981 0.781532986996724465811325899267 0.870310586205207403764916307409 0.463929896714295186832544004574  | 1.062064664554529080930933560012 1.042783105134298837768369594414 0.000645738779737376855476227444 
0.256369982335057033928649161680 0.936584464403652616759643478872 0.804661572794761359439519310399 0.275479876688955571673034228297 0.212055124579788034644423078134 0.048428828900500042742294226628 0.034149625423452345529540252755 0.518396420242049571491804726975 0.291849470890823359248145152378 0.556820860259564232030982111610 0.457989571148189278382290012814 0.200271843449228437172848771297  | 0.763941586318769738639389288437 1.454289529746923159692073568294 0.699779439404972003480054354441 
0.440192697463888227282780007954 0.053252459458559497917917724408 0.849923959253121474866077278421 0.748913743284451371984289380634 0.180933849421620496222828933242 0.712967887451237625207056680665 0.829565355275146076863279631652 0.292420947665533836890006114118 0.172664199787771810434833241743 0.136790653123533445523207774386 0.654357451941428580610704557330 0.419455425561054973115915345261  | 1.195002928646652140542983033811 0.628284289219520619695913410396 1.117589326310405750675158742524 
0.309757585440798566267517344386 0.600138240944482093119916044088 0.523842352424458868043188886077 0.690541828034732851904209383065 0.786484565824405401635033285856 0.542069156902863280578230842366 0.531003989258402198103681257635 0.672620901829497519486267265165 0.773078936549951079015841060027 0.729622820800464255697193038941 0.188326907321210268442257529387 0.829563184614796056415286784613  | 0.879054107722254784995641330170 0.974287094047772361804504726024 0.694155209257457217475462130096 
0.172463674446882375690393018886 0.971638456233685610108352648240 0.525585379046416223403070944187 0.836136042109164256963538264245 0.087639202870615329210579602659 0.091571871143741323528786324459 0.170710837967815609594879333599 0.189807529164199406679358617112 0.951299548662397853604488773271 0.474381043759153686600882338098 0.756223043154991669823061783973 0.800011189627198859852796886116  | 0.777857650695723545908322194009 1.779015864540720359698866559484 0.539257134598200571495851818327 
0.077676753180140778454187966418 0.969506487865276378457224382146 0.863267170453102972160763783904 0.090991158961991613907116516202 0.083826020380802002129883021553 0.921860739811431906254313162208 0.725365993076654835824967904045 0.263963562574155097273376213707 0.031582636244810280423678250372 0.545857055888491315975841189356 0.023728217258577766202165548748 0.218865644285703986327007442014  | 0.821492703269704027668751677993 2.113273593472963174377809991711 0.278027636092775753962058615798 
0.861685950976569969839147233870 0.546757964008363961383452078735 0.766264091844407135845074208191 0.720684818150399975067443847365 0.370350368277573949171710410155 0.108699972305487113644062446838 0.250385168299688820603421390842 0.101952910796161644313428951136 0.375542915493967788265194940323 0.992690700129459702161227596662 0.380922659794421636370032047125 0.635291134271096846752868714248  | 0.265399314057276847211852555120 0.283330286363530803317445361245 1.758649570888741742180627625203 
0.860058867409869698406055249507 0.429153777212430864729242330213 0.081673040825780196527716725541 0.052964632742731443393324752833 0.732496712129996674356391395122 0.694089432484400137290947441215 0.045794022866643468994141130679 0.568555604699671812696237793716 0.977985296535967552067347696720 0.666813610776155085702043834317 0.567618921538701415308025843842 0.680383205926293310739083608496  | 0.320093711265654889963627738325 0.286789168244516001760047174685 1.923545901111145095541132832295 
0.984246025250038236720229178900 0.906356809985090383641193056974 0.052394118399551103948397212662 0.359272452522890306525482628786 0.079626935015723154798195082549 0.704886206209190069316150584200 0.922078506147193555086971628043 0.869685545437523965794923697104 0.150042463552448435137876003864 0.843445341979704554802310667583 0.706716543076193692840547555534 0.456280736872644476775917610212  | 0.022403634875680197152680861450 0.045198094364410794365749524104 2.038108683975069279625813578605 
0.310651970557945911188824084093 0.760653751951768541950116286898 0.869626507836617657076772047731 0.421416411016422243207557585265 0.023726331024994995466670388851 0.105921757142798722561849444901 0.031882730313497309460046835738 0.400950883165604565760986588430 0.885281873917135420093416087184 0.424177548185836528205072681885 0.516207098842100586821857177711 0.241477533885138595515229553712  | 0.960847563615285116256359287945 1.456202897595916256889836404298 0.926026068024826565228124763962 
0.741119967826616599104738725146 0.357606752589064713632183156733 0.979188517845259176475281037710 0.186584603365601009450358560571 0.944101282242854611403970466199 0.513979438076513917010856857814 0.939607444829376414752175605827 0.677072418570839995588528381631 0.616221628291958700707198204327 0.877239476170695420265133179782 0.663633825201380256331162854622 0.652419235432842636868144836626  | 0.603382626118742715348730598635 0.484048119036712187757132141996 1.796222143713243069029772414069 
0.489731416347920278653305103944 0.232326402959543987236656903406 0.954126504477545545057637355058 0.968964369104464706694557207811 0.275000902651622913808182602224 0.603408403957599537292821878509 0.459107984244265132645068661077 0.543871903295295444635826243029 0.657495492639943668322644043656 0.536757533900630856571467575122 0.491019178244858078841161841410 0.952969464657783538186208716070  | 1.014972969235229172113577078562 0.707931077877369752116010204190 1.198181691781769586668815463781 
0.688187270277578755361957973946 0.589367086854412636220956756006 0.791400693170366542616989136150 0.722712328533300474298073368118 0.053639483462187498297168986028 0.740775761096916895986908002669 0.307173606679198241131700797268 0.290135181693131682933994852647 0.175154642228855683683264032879 0.695638627321510050194319774164 0.427207699582880517930050245923 0.890861198361529993405838467879  | 0.553134445951600439705941880675 0.625453111390165461536128077569 1.566154904803864988949158032483 
0.432347089799273276433666524099 0.637359142477979978558266793698 0.195915959074902890080238648807 0.874480972875239848107753459772 0.431715640424570779032364953309 0.852872332915044939483095731703 0.851543986313680778543755423016 0.216781848656473097314290043869 0.212131015196673988754128004075 0.884658877115791386636090010143 0.532707152780136916625508547440 0.152952292485015184375640728831  | 0.940910281689302463448143498681 1.158491042062905318488219563733 1.204740536765046998723960314237 
0.343695460035918554098088861792 0.811583796311191929540029832424 0.093881180746768877476426951034 0.701465219652536053906999313767 0.462567615379913088524688191683 0.500701772788221699528321551043 0.433946361147418357973037927877 0.067471570895933030698188304086 0.804033875616403492792017004831 0.490945976044090959256038786407 0.516893582659974093473920220276 0.623118239714983923605018389935  | 0.751675855644002743893850038148 1.050939106748219886711126491718 0.774296871339367753783733405726 
0.507260355030103138318509081728 0.039713276092860017030261587934 0.420305669217055810626959555520 0.002758503295455572157379720011 0.231918184776809477298797901312 0.799546902517797697385049104923 0.272949567691447181339015060075 0.020195387762869998482528899331 0.069467627361754158421547344915 0.436257216324327790069048660371 0.122048610166607729432541873393 0.259712943921680983194733016717  | 1.338562768298323879534450497886 0.579912476740008453468533389241 1.492442141946079603442854022433 
0.647524187933073203105038828653 0.449990722548526567159399291995 0.956030272987407614415644729888 0.074189918520717768046779383440 0.990317405456636379312840290368 0.519023103510365180213170788193 0.620715699381645724663769669860 0.785333211238009143428939751175 0.300454717126275583360950349743 0.205818745873326380824153147842 0.430521243747203574692150596093 0.233515406066813757668398920941  | 0.743519844047666578212840704509 0.689310805190648356877147762134 1.640164664596980514943425077945 
0.267460330586338224101439209335 0.869829512476075872307035297126 0.172396138933400111525884312869 0.463720442544700572895521872852 0.627660797065082820545001140999 0.928380176827550696039281774574 0.159397522107826095094651464024 0.617163754715109980075737894367 0.126448331713148731658691303892 0.438223756550912058038704799401 0.309667030257963049599823079916 0.593159388993363956288362714986  | 0.790886262946135620843790547951 1.256879639705779316827261027356 0.663387528594129416426028456044 
0.204019798380607575438716594363 0.766791126107946530154890751874 0.256100742209266374338483274187 0.810468958595073618589310626703 0.542389747323500537312668257073 0.633929188974650004162469940638 0.722979760654272829434319191932 0.026250585073182786111090081249 0.793426463620493294115476601291 0.495646473779209673082846165926 0.032046371632709513832537595590 0.267186366721407941859922630101  | 0.966600196595941874022628326202 1.419031934082312984557461277291 0.569886390778884921459734869131 
0.166486030561080133871598718542 0.197642058419857158391153006960 0.631637736683003381266132691962 0.027225533499390386360516913555 0.889232785594891272928919079277 0.694738062887433227565736615361 0.347862832922277043223857617704 0.422549521377750036954523693566 0.293857337503907078968268251629 0.564534746744543514118674920610 0.922251154518846427698974821396 0.206387513524433741096686389938  | 1.431885974745100043037382420152 0.935462472656206744936469021923 0.457773868819189022616455986281 
0.506158441583500651184124308202 0.764094645553603624144045625144 0.258998668766680539832236718212 0.893867469000827252756380403298 0.488119421191957725270071932755 0.536733183267408153760413824784 0.621273602859890416993948747404 0.656564258928033273043922690704 0.460383799208197941332798563963 0.042143546888008254214241787849 0.723131038735228437452917660266 0.352537072949285046341572069650  | 0.643043502462162575028514766018 0.862735742023056140226344723487 1.097041577061243611268537279102 
0.423073640961788566272616662900 0.153695474555005762162807059212 0.273229183626885197000433436187 0.316585960278435107895234068565 0.735783180859770347126413980732 0.885652573144536714444541303237 0.844910809208588187146915515768 0.575972174972168793338767045498 0.607861392188856597407209392259 0.541469288025854145196547051455 0.421273283540649079448314751062 0.169918953674178974111441675632  | 1.006295061469075102777992469782 0.679692665864999434610638218146 0.951361380873038009475806120463 
0.653239080524325443910527155822 0.853069109161506355931692269223 0.867449662946468191826454585680 0.544356287550084805282324396103 0.821547609066005324329751147161 0.056426205725955802527948890202 0.582746195520717158444767846959 0.110226867179913257110968061170 0.795716943001068433005684710224 0.768325411707065364375068838854 0.819258708588272099859750596806 0.281392116025364957820897870988  | 0.492120417294057921342442796231 0.855699268096642318148781214404 1.629382583439885401332958281273 
0.299906119692484263161702529032 0.872555110518177023948283022037 0.520197279993608097115043165104 0.179060513500774565187612097361 0.296263190772939166706123614858 0.381533793576871227415381326864 0.321575221352491946724683202774 0.621669883447688365052385961462 0.023776344494146783858923299704 0.485756245473536241163969862100 0.467959502054242193480604328215 0.524819109213254253454294939729  | 0.730260057985400279356724695390 1.048812208448853366959951927129 0.650936709853550010684841709008 
0.694623752397951599313330461882 0.569480412216243681022831424343 0.426407674557438887141813665949 0.020178459194458708836350524507 0.100703545452841103369223674235 0.149961307798477938568737499736 0.395931574403587394073156247032 0.968377702552535191138360914920 0.490673257059615175457167879358 0.074608760412555152896629806492 0.206727305166592767449174061767 0.236827063574923890598711295752  | 0.640425346321551902661894928315 0.717607367156280262499024047429 1.848917537444657588352470156678 
0.748718492341713393045665725367 0.136366978934425175928879525600 0.281323285707423376145186466601 0.745880356115069087508118172991 0.341597245158357210037536333402 0.030961851596793099616888866876 0.801403757514100201220230701438 0.129919130060858978303883759509 0.787472938153348955836463574087 0.848626458224192914414629740349 0.210964071646516093672119041003 0.191028820746585115131210841355  | 0.661093277372562848626103004790 0.365446741336365399366314932195 1.813310490336357050367155352433 
0.275430396992344506124084091425 0.149564500414729906196953379549 0.587682932994397888570858867752 0.440765742573013041827323377220 0.271311975742171140879577251326 0.994203926041524410628369423648 0.257307506120738049837370908790 0.884691406608971164793331354304 0.376776405886853016369286706322 0.469747527137529652385694589611 0.614820303899412556880577085394 0.819599142151031911929237594450  | 1.258643154423453314194603080978 0.805597770654857381344982059090 0.690143824076242529130809089111 
0.834027703179003765399102121592 0.973859888245488081182088535570 0.514393657293645056860498243623 0.022445055591996276866950665863 0.477661463429914889822214263404 0.250430264428571858204009004112 0.498502362178384061941471827595 0.742635980457318045644399262528 0.732724341840259141278579591017 0.330434055276581650772982357012 0.085299119126423073034004573856 0.190504972830286112284170485509  | 0.201938111863617569818885044697 0.389072137594692502027271530096 1.643134151025855249628193632816 
0.046144824360147440600599111349 0.472105383032958458855432581913 0.436093411499748895288064431952 0.044990502900523199336646484880 0.196647526312071052601027076889 0.530615183171729842825925516081 0.437316246277213549475959553092 0.684789005607272516229500070040 0.049631268670585870772526959627 0.550430932056929056450655934896 0.485883241553428546488646588841 0.330362165647446026639499905286  | 1.129502119307627783229008855415 1.093873560251243048924152390100 0.114171577332909279789419088047 
0.422071686158099312891067711462 0.453984045258890134277862671297 0.468228201467618898590217213496 0.596947296982640263074415543088 0.956297040738020909245165057655 0.738324701396539828657239468157 0.006082511884395347401266462839 0.403642637094166034650299934583 0.950889230430841725372204109590 0.660581236988646014474113599135 0.151092272328071097753365847893 0.984817027236645659016289755527  | 1.222477972666735857032449530379 1.132706097527053978879507667443 1.301437344873933810163180169184 
0.329298374481141742364798119524 0.693825718561110083015819327557 0.742482435252825756499817089207 0.651978931912121861813602663460 0.680348888474786250846193524922 0.753712574469371565655251288263 0.590641391385071989894584021386 0.099933231744144035424426419922 0.037252000937468832120202932856 0.954882501019584495338676788379 0.940949810094725114240077346039 0.652516601587873612544399293256  | 1.022802748240688508474249829305 1.390333732563288071659712841210 0.981986221607848319692379845947 
0.835235819962638736946303197328 0.430707361350081030515468683006 0.908548204419234117779069492826 0.872800230154889389311279046524 0.658523263161391647635412027739 0.081274440754492083271998126293 0.827945191294608417997835658753 0.570217251151322046531788600987 0.563504426862803331488294134033 0.361863818603350262392837066727 0.326569191101843792068848415511 0.265613237191926199187719248584  | 0.326515841815559704208737912268 0.297886962415837619477798625667 1.669444218882431885120354309038 
0.169203987697242319576673708070 0.048810261896207962628579934972 0.990241906587433384778762501810 0.678455123364459788959379693551 0.404950230651636822187811048934 0.436792398360914546628919197246 0.455503432975075450706015089963 0.372172151288814423431006161991 0.398841410562280063167861499096 0.090108001880938703997969696502 0.255697716217345938360949730850 0.878098581583856230281526222825  | 1.428313318358163330756838149682 0.775523217087479177500597415928 0.442441078047038471865448627796 
0.602080426314574812529656355764 0.254081644257191485714031387033 0.141083064251351752993457466800 0.677630701902039667139376888372 0.827359978392036898853234561102 0.249087724892953943367501778994 0.851854435006777266359279110475 0.890479618396086802789568537264 0.106364382864268636197380146768 0.270378105880796471005567127577 0.690683803546094710057445809070 0.569120713699297509080565760087  | 0.891636927803051149155066923413 0.619586979396709036649326662882 1.504755759502086842616108697257 
0.957272249988187384772686527867 0.413400730506732649871537432773 0.272434107066381936412824416038 0.255631006337009192286302550201 0.714299873967156551124446650647 0.529313594261570208310274665564 0.957126223192327318933791957534 0.294984307998830019847957828460 0.652374433371887052501847392705 0.396281215694775923452652932610 0.802250306890930020564667302096 0.151632148154796753125594932499  | 0.082646774464596409193184456399 0.074187587234186877505059953819 1.652244565136702592056394678366 
0.336559747127880504180552634352 0.958850167492792282430968953122 0.359621299035429164980826044484 0.127522522627547596485442227277 0.691862085201771170872575567046 0.138774468428831232458264821616 0.983381384955861470587024086853 0.540227742953994227725900145742 0.802183821554965481581689346058 0.602422124274092918305711918947 0.967839459615296937577966218669 0.512153727055194574191432366206  | 0.703343599469892444275842535717 1.464827636820262846129026002018 0.949169014127556942561625419330 
0.870672941306421033225149130885 0.156816520644589396660251168214 0.291070319796421395075469717995 0.106232812266341070106534516526 0.612269317134687240944401764864 0.736299642930355990877444583020 0.212077764504915000642881750537 0.753825953897377942780622106511 0.337867473215546332276915109105 0.282173907669683865506726760941 0.602699923760706801623143746838 0.285160250206117793503324264748  | 0.258079400769066602538970300884 0.174771667485835363597956870763 1.513142912323951705388935806695 
0.118943685847194946525462455611 0.413321983796022141000037208869 0.039220111526850898187035454612 0.962585479253391107512527469225 0.563835631015574767488374163804 0.739324113155024997823261401209 0.618699041358713341942632268911 0.713853901303197257988131241291 0.338899242696386271411768120743 0.075208577627946748833664969425 0.859520518776739961275268342433 0.736933997837759369176069412788  | 1.433268995017060509766793074959 1.255688427809410478985796544293 0.360221963565693636954989642618 
0.695037914362187869699027942261 0.599409298599665407714098819270 0.000131570597927566090845630242 0.658108788746109230061165362713 0.954384160615738719180001226050 0.357042949194382508437684009550 0.203446296090809441992064421356 0.075533257291186317594622323668 0.990260199396698070906097655097 0.652931082576302390663158803363 0.429139623761038757621122385899 0.410369908414375261784812209953  | 0.611718101059157803867094571615 0.718142716670063352424335789692 1.816309633775732290672522140085 
0.543804239396305177933754748665 0.255764196471979121660922373849 0.689788954118495944989319923479 0.832445584679201155964278768806 0.062926193735905022741405900888 0.532933106796083411182962663588 0.622705845824683246192421393062 0.619950924796406011019200832379 0.284412721407482416147161075060 0.268002003850807635210173884843 0.954928087364011801696506154258 0.495705276576209885597279480862  | 0.888688127456077725518923671189 0.648967277410194331999093719787 1.263320805860054019120752855088 
0.288343470593673600887996144593 0.940818444354328820011801326473 0.802052250957037915490843715816 0.944313335527983688244546556234 0.013455298999558218397964992619 0.155110777860812065753748356656 0.667226645215611591233084709529 0.081283263353403079065628844546 0.300810120399723324169372062897 0.453301729690038679443375713163 0.183129693373648483323279378965 0.325929734515980729092632373067  | 0.766673603118128488276283860614 1.646759267889874589485543765477 0.884031495124270483287887145707 
0.668273525108609822709127001872 0.498061757425398821119699732662 0.648078519097050387287595185626 0.449728322990482709542447992135 0.539773730024801778881737845950 0.752227143410034382320361601160 0.496237840022511700333041062549 0.793371058999616129980836376490 0.754807390119368482039874379552 0.694583475402583472302353584382 0.608907543651562965791868009546 0.243618836578815112225981920346  | 0.477743787847881351549261808032 0.476980476081786008979435109723 1.176139821274710950405051335110 
0.330355570765039741054636124318 0.773035456948868437976329914818 0.536846991739348355920924404927 0.130895242099963060589118413191 0.846065219777181742877303349815 0.581823219976947303422321056132 0.613754651008784790633399097715 0.298599178199942083544726756372 0.546829840907888886647469917079 0.474979095372460746737885983748 0.628454426099757990087368852983 0.688769424085772685728557007678  | 0.739167926201134029007278058998 0.934919664925302873470513986831 0.680686822695236171121280221996 
0.705384538665410620872364688694 0.427454738194135930307027138042 0.540531876406215361363649662962 0.113157352551500611781420957414 0.676912480351004375300760784739 0.914132068391863561451771147404 0.750433180396689047952918372175 0.500956806352610639621047994297 0.995205478715912472686966339097 0.223538041027638190172410759260 0.819307357157089910515423980542 0.202577536031043670128326539270  | 0.641391820697817305330090675852 0.574595782093318740990639525990 1.725997017480212392115390684921 
0.849670388875814808216091478243 0.083103933057057655098276427452 0.153517479307519355558042661869 0.421936784073625892332870535029 0.373104867387064498274185098126 0.519862729939200129969378849637 0.674588819584888810254597046878 0.642219266154386736467074570101 0.255222410049149028843373798736 0.469334240155522941506660572486 0.385000872899800228310596139636 0.466341353775039380025191348977  | 0.236841301441061996557735369606 0.178840106053881536807281804613 1.233358663000449384483658832323 
0.961842106550200970360720020835 0.653828525159267148758601706504 0.760278243993507962805722399935 0.340144377138538067661954755749 0.506217213022644108022518594225 0.411797666124117167640861225664 0.917840344711920774756208629697 0.997104951072788181498651738366 0.652873040381137914600628846529 0.226190281962844519370037232875 0.720466372867711868366313865408 0.549649607378990712192035061889  | 0.063628074620575555964130387565 0.077366999198437064189093348432 1.669230278145130919043026551662 
0.646567451146696892116949584306 0.710267125942558474882559949037 0.601289910811849126481831717683 0.272646691328957579969483049354 0.235802676264498467517682911421 0.723756106639614982256603070709 0.655766751180150930800039077440 0.130816190794481701509255344718 0.281624581690199327077550606191 0.661561001944440119082457840705 0.461064346877381514566707210179 0.115481866201907923397129707155  | 0.509886403195451420877759574068 0.648791771839710929015154761146 1.330409124412115451363547435903 
0.959926125849517641874797391210 0.538320934206434120739004356437 0.206685463769350818985515161330 0.968761882349816638715367389523 0.216656759975640822446507627319 0.770929079373851910972348377982 0.708279587592622439373712950328 0.774581697812998015706398291513 0.314341594443370841993612430088 0.392690979683788743415107092005 0.127262872972013663108725722850 0.267564617245166669334821563098  | 0.078613339963411063560094760305 0.082988842033280121879279533914 1.813576980571142360787462166627 
0.040166054454130573070358423138 0.899666895540761513139216276613 0.722558787386954892717483289744 0.987735364763139722654727847839 0.095551250517474928258820909832 0.546810784850892739328287461831 0.718854198081333106706836133526 0.801479351366858328020725821261 0.491956477363079236475584821164 0.960872437196244377766163324850 0.257623001185156574877055390971 0.505862289852391344702198239247  | 0.882581798689890728581985968049 1.636720205037429876071541912097 0.117477856565887439632689392965 
0.714662693735371168379799655668 0.103898331947952615728070213663 0.048536946279798209857858637406 0.500572357805706302791293182963 0.168344112924159405864088512317 0.695412274401187469052842970996 0.253562518957578530987007070507 0.879246827346269133052203414991 0.445936649550137120812109969847 0.947453397454749324246847663744 0.378954340050630444913792871375 0.144233048878950498306039662566  | 0.726633962091228768898076850746 0.388059423865631247796414982076 1.713157796767234231083421036601 
0.877674290257790201685850206559 0.097438055532026668359435461753 0.930314252994183021883145556785 0.238454917199704796715309385036 0.624915122350236940107492955576 0.002838822528097972863747600059 0.927713253065363785410113450780 0.908787774575700146861834127776 0.109333433448769890006246896519 0.311774254132713202203319724504 0.978179675079341892640627520450 0.217893816787223637554404831462  | 0.411856729981404656726340363093 0.184266253035441002205985228102 2.319201800188932072188663369161 
0.941104057444779762420239421772 0.026917858846529085781185131054 0.233087635410401117219691968785 0.160988644138733816291164657741 0.292720233953222108702618697862 0.420069591800720454344286736159 0.080679298503248508822593976220 0.092384284656296999926894386590 0.259232066314601494738667497586 0.589807542299186193801574518147 0.072423711096690324140467964753 0.893254789116061709286498171423  | 0.167296766993174111926023783781 0.074189427416519446167875173614 1.972539062563789746818088133296 
0.610841532060595771014277488575 0.844267444818814993823252734728 0.075886677243666045278303045052 0.767775857333551803307614136429 0.124424050443915690244978122792 0.339851364179802883924708112318 0.131378279878430426208524295362 0.790333462091991623132969380094 0.410784533254241690514163565240 0.009555689683797830014100327389 0.877657433730251290704416078370 0.605706727406112976908048040059  | 0.571373167899888123599794198526 1.022409969658765627187335667259 1.671189099150299561813426407753 
0.691936339234804020925651002472 0.568391715956457210801033852476 0.330967833224345420184420163423 0.668152203243022269063544626988 0.837553409384436120532768654812 0.745424368723161090422024699365 0.633983395232122659557205679448 0.011514047291655615801175827073 0.789304879965196715119191139820 0.910764815506520108989718664816 0.095920401827469081723620547564 0.802157485285125759766344799573  | 0.620095701300059531924091515975 0.690363197901861069816220606299 1.765586978675751428369267159724 
0.642720986896982759972729581932 0.034979382527454139228950680263 0.370049972306471075533806924795 0.179677540121197520939233527315 0.254530289606714754668814748584 0.804381684699147614381331550248 0.746296010379359775477325911197 0.307104593440035045226466081658 0.519529719739941331368981991545 0.228899227515906966701209057646 0.747257688619985649403076877206 0.397132095121984995955699560000  | 0.693283115092619528496697967057 0.412581529424517923221316095805 1.283345071724790509293256945966 
0.235776913830559764484462448308 0.340396058619242936060800275300 0.778365600224424469821826733096 0.643622050889690933139775097516 0.140626265694905772107858865638 0.472469448064062547132380132098 0.307120662212657102863033742324 0.015403811554873469980009303981 0.443782755445204402100500828965 0.250223828632213707301445992925 0.196799832125753026978998150298 0.617912106515594694577941936586  | 1.206941536232576828169271720981 0.985397765297378103177550201508 0.604975627818991834594442025264 
0.045699915975794369593643295957 0.722334312349825924393087461794 0.079554526193403973799433970271 0.335277252692471439132759769564 0.268042026397542709759136414505 0.146958778736701933809172260226 0.303736938620560725787811406917 0.324737725078873662454270743183 0.846987449727759078577093987406 0.020518168713566153904537259223 0.727291955321930694289278562792 0.104074450349243119440245664009  | 1.148479989904054088256657450984 1.643637405503118875671475507261 0.144186603925145845339628181137 
0.790982221259187490147724020062 0.011967861867567153311142646999 0.767162482364550757374388467724 0.868929423988892057906241461751 0.405187985666188743572035946272 0.298586065193455874045014297735 0.676532527679930550945641698490 0.124608960511252808700533023512 0.080744004592131712882974170498 0.471352371117269242084546476690 0.219641302868841425954826718225 0.627707434490913596114580741414  | 0.489024955215308254619088756954 0.248145118239283674066442131334 1.609789359917485285222937818617 
0.588283479256328289963562383491 0.289179734941829691408088365279 0.709750353771792741319757169549 0.575487562814048669856958895252 0.827878375429926371964484133059 0.655198706548423825957172539347 0.338984048276422034184918175015 0.710241657448580476774679937080 0.523062522578711996956712937390 0.159159371407631367034696268092 0.527238334284784060379536185792 0.700307234349904494941085886239  | 0.655191983415916223698616249749 0.539954914186987156021757527924 1.124455591510010066258473671041 
0.955313789120172285329601891135 0.295136731572467891915323434660 0.752367237375390573994593523821 0.359969803527014908794967595895 0.342069702953796905831040930934 0.098546029928529121910685262264 0.559244386150629213538820749818 0.215787098107990127360267251788 0.697621595632292756938852562598 0.172269679772421691055228620826 0.920984962826064346153032147413 0.844762013573148951017799390684  | 0.100840717532569693060118254380 0.075512352208389144081479571469 1.791819190861777988388325866254 
0.718837182956328812899471358833 0.726224076613043778571920938703 0.734032401673411660780743659416 0.674736265818165037444487097673 0.368921456695826655014514017239 0.962713399967170868620769397239 0.335458258527213892818963358877 0.199271789771113927436374524405 0.920395154785772606764737702179 0.808038918407687378753223583772 0.567734792047638214818050528265 0.191644989616529648479570369091  | 0.452680566855336807829957024296 0.624957282533351254905085170321 1.632160298097290240804113636841 
0.008600207048092833872487972258 0.572370487703483088459677219362 0.487017646200744169782126391510 0.678448465759769248073496328288 0.628745925393401572378593300527 0.544830064198613905901424914191 0.575195123151197362787456768274 0.314346266235274396372290084400 0.594892802592129066319159846898 0.947944461162827711753209314338 0.560425972093039792554236555588 0.579748882237127061145542938903  | 0.901219906397520365004538689391 0.951109623289714156690877189249 0.017701738514667622603759866706 
0.950308451066886772373720759788 0.390576558837841147919789364096 0.406007738773966675438487072825 0.102430914421442587070032459451 0.256927902901670557334057320986 0.848974548535088135992054958479 0.252825220729114397144599024614 0.089907945170715763971713840874 0.789355198986020134555019467371 0.767448644406361291103735311481 0.260143583382288157146433604794 0.463553716931894177477602170256  | 0.105965412620066840032606592104 0.090984188633924850675427364877 1.785694875511555146374575997470 
0.330383841228329200312430202757 0.137871169745097388315002717718 0.036044876377967827174586545880 0.480710905647862118961199939804 0.898492408891382488000942885265 0.155477170151290589039660972048 0.380118665968974922542145122861 0.980790465337193495543033350259 0.157474434783261507675433676923 0.412025342364187197041758281557 0.781643730860757113276804375346 0.518797147691402060765142323362  | 1.473366523186201870743161634891 0.822724666695141548800052078150 0.963886779113268032936900908680 
0.608935935083742441165099990030 0.825210539270148979440477887692 0.291613856858326081500365489774 0.069838765350979103985196161375 0.664057059924393788818974826427 0.995787465038060815025744432205 0.466011962227214415754872334219 0.636316131442328014600207097828 0.944677202687391526225724192045 0.907287621411803746340751786192 0.108777873313538497868080412445 0.499159683035276691143167226983  | 0.588901233653892131059137682314 1.016092078330610437575387550169 1.665098914551759179403234156780 
0.197587088782116504503960641159 0.163226913393146100261787978525 0.439684249137910487803537762375 0.909546509516304890752280698507 0.412257621896347625778389556217 0.811526323647554725937425246229 0.027809741710899338329454621999 0.414896052920221580784243542439 0.074992303836556972740368109953 0.896804734899012134796691952943 0.109948777701999511613450977165 0.935894129114871464736324924161  | 1.828858864379343085460050133406 0.995150054693578534070752539265 0.667794207617597446180468523380 
1.000000000000000000000000000000 0.999999811347972555886087775434 0.500000765395216761888264045410 0.499992679016111052359150335178 0.500000600750879264921877620509 0.500003760071282665755632024229 0.500005068304111177646120722784 0.499999179785071634629645132009 0.499994415347670029259319335324 0.499995655749856660055030488365 0.499998904661110354918918119438 0.500005603214161098435397434514  | 0.000000000000000043297802813426 0.000000000000000043297802825511 1.000000000177698744607823755359 
1.000000000000000000000000000000 0.000000000000000000000000000923 0.500000765395216761888264045410 0.499992679016111052359150335178 0.500000600750879264921877620509 0.500003760071282665755632024229 0.500005068304111177646120722784 0.499999179785071634629645132009 0.499994415347670029259319335324 0.499995655749856660055030488365 0.499998904661110354918918119438 0.500005603214161098435397434514  | 0.000000000000000043297802825511 0.000000000000000043297802813426 1.000000000177698744607823755359 
0.000000000000000000000000000000 0.000000000000000000000000055326 0.500000765395216761888264045410 0.499992679016111052359150335178 0.500000600750879264921877620509 0.500003760071282665755632024229 0.500005068304111177646120722784 0.499999179785071634629645132009 0.499994415347670029259319335324 0.499995655749856660055030488365 0.499998904661110354918918119438 0.500005603214161098435397434514  | 0.707106781410886342520427660929 0.707106781213512558537104268908 0.000000000000000000000000000000 
0.016322734249840393366826063470 0.938923233098815201991271806037 0.495716899498494512066315564880 0.499851562032664897827771710581 0.491679663433037594799657199474 0.507550654395751865699537574983 0.496970211441720710610070455004 0.488477271145732527823923874166 0.519727704893876651937034694129 0.505239650037918819336368869699 0.500363165048470448503792340489 0.496695338771020400425726393223  | 0.707031071818597034450704086339 0.707727266065837135045057948446 0.025655192989134396192030251882 
0.016322734249840393366826063470 0.000000000000000000000000000394 0.495716899498494512066315564880 0.499851562032664897827771710581 0.491679663433037594799657199474 0.507550654395751865699537574983 0.496970211441720710610070455004 0.488477271145732527823923874166 0.519727704893876651937034694129 0.505239650037918819336368869699 0.500363165048470448503792340489 0.496695338771020400425726393223  | 0.707775678756324633233987242420 0.706982608138985391121877910336 0.025655192989134396192030251882 
0.673056721980786587522516128956 0.095885328569096622830514320412 0.514407764387506016845463818754 0.497373759250461289216360682985 0.498434406447457400979317299061 0.492414061695037597043977939393 0.501597193372983807257980970462 0.489672005403254784194899684735 0.500223495082270153133663370681 0.482700220046525740880127841592 0.516893268494883928454441957001 0.503218256706956079682413474075  | 0.347944791264013286724576801134 0.347513122429121301681931299754 0.871852939285812533753983188944 
0.699750697986238123782243292226 0.000047565213130950384392940655 0.504761708583877810596618473937 0.497775496505267978086806124338 0.504411587442158859673213555652 0.499077924101943071200082613359 0.503598361826801732554770296701 0.493779327631242992424631665926 0.501187743612706348983465431957 0.514138552559105121986249287147 0.508614203690694544057748771593 0.504700896463556980542364271969  | 0.321494260004606791092385265074 0.321293838486255145525660736894 0.891182501925386394425743219472 
0.395019744723054400115103135249 0.709423912200495054847237952345 0.493219044040977994125540817549 0.501953034382191076723245259927 0.487376522018860225404779384917 0.490804511782884256287928792517 0.504157630949367718820042227890 0.513527801498768754484558485274 0.499765533702130670956620406287 0.507793506888731593917896134371 0.495432452063051087520761939231 0.518315103611586391885168723093  | 0.575646997028184559397345765319 0.575991845998810148010704779153 0.581968161629851765681564756960 
0.853808812192940136398533468309 0.010191836855923220445108157151 0.508853009644204101746822743735 0.503755697402396118711465078377 0.505943368009632243875728363491 0.499778927323282495809309011747 0.489728117371388826928324533583 0.491684272371627595354937056982 0.495475910747269765455058632142 0.512826145547877754182763965218 0.513070100015277530403068340092 0.493457375725911306929560851131  | 0.161153884221528681530699600444 0.160980234081556983216643175183 0.974431904224491440835720368341 
0.593328396608901575959293950291 0.914928158563406146441820965265 0.511530108958239582150895330415 0.499646773898122953383449385001 0.496728553945196160679387276105 0.503777259789196851791359677009 0.494619076460880047196866371451 0.500423571032128200464228484634 0.511768715781496519312554482894 0.503459558316119548670997119189 0.502188864387531408439713231928 0.502580879158920024174506124837  | 0.421650295611197378775614197366 0.421842147624125307636688830826 0.803093109851195974258075693797 
0.577749691179045621325371939747 0.317911419989167998156887051664 0.482362623599124795692461020735 0.497973434778234358422110972242 0.509180156537453743048615706357 0.512580347919242118592819679179 0.514544339573611675398012721416 0.508198684402282885308466120478 0.513950410293324222443800408655 0.486283658867218304688861962859 0.491708450221192250317869820719 0.506818839990486269542202535376  | 0.436110112921333947788582463545 0.435777762812705027339887919879 0.789035138454850071276780454355 
0.783890554729356980878662852774 0.040342205494839675217200181123 0.508676237948064491334321246541 0.499502496832717857166983321804 0.496543579598364370752960894606 0.501563127150863929948343411525 0.504189833165959777616649262200 0.495705094421246272862191517561 0.495597163607608193203191149223 0.493230918262130835216794366715 0.511853304191481450757805760077 0.498120232875321478083208148746  | 0.235589470791909089131266341610 0.235475515057930268048025368444 0.943249334178383413984647631878 
0.294673302279667148617647853825 0.005844993788311369890819957362 0.512531994240854826827558099467 0.506239172458931685483207729703 0.503128373493595959509150361555 0.487893509736607944304864759033 0.497550963484101549383353813027 0.478216381351631303342486489782 0.476361151227990275991430735303 0.524147669444581243425318461959 0.511007504132426015885926062765 0.501414576229871733481502360519  | 0.635057534182710159420537365804 0.632996896768356132056965179800 0.447456268732149387012952956866 
0.325889725473252955811886977244 0.795722632423692677328119771119 0.515354496388375271642701136443 0.500878887510167514207637395884 0.517662281997958384494040728896 0.504677104259506292827097695408 0.504078146151673456287767294270 0.498312257478959574896748563333 0.492887000112897100123632299074 0.500059175529397603732206789573 0.491240708756375044075070945837 0.506785444746890911815739855228  | 0.616716267643582560786796875618 0.617153373317715248091985813517 0.490213995584824313578309329387 
0.795580859594349321106676597992 0.000000000000000000000000044076 0.497528400443883356274454854429 0.510902586279767145782670922927 0.499772156598219552403605803192 0.506751670741137250075780684710 0.501104994070988962739932048862 0.510784111953094144276121824078 0.498281222668471746040097514197 0.498041576283246578693564288187 0.497264507538494826555108829780 0.504962077645559115346429734927  | 0.223301200879129135845602149857 0.223186560292779112568695154550 0.949198867430213200080402202730 
0.985545066150686155381777098228 0.499979904505734262798455347365 0.500841989292116651633079982275 0.500452907370983579582457423385 0.504400695223383266352357168216 0.490686053590701054538669723115 0.497997598163918087088575248345 0.497157837899407761828030061224 0.509152671524313316098186987801 0.498604536096945771816990600200 0.502200868617462825582720142847 0.500933499802762360886276837846  | 0.016057395514454075174937131010 0.016057395301056220232593929609 0.999952732347345163432805748016 
0.718807085502446430069767302484 0.002218387335954193767539877058 0.505391304732149437839439087838 0.492498932547544010507323264392 0.507833567171731670164547267632 0.507550654395751865699537574983 0.496970211441720710610070455004 0.504954457990740235295845650398 0.522137258395032777258393252851 0.509955190360434129637212663511 0.500996510888030988084551609063 0.489907872992913717702379017283  | 0.302770322201937502892832299040 0.302330976371290083282161731404 0.904867871003779966621038965968 
0.647187032345068802285936726548 0.274551703898682553095511593710 0.510291648537033903920701050083 0.479453684593060092122840387674 0.494555325746234175632309870707 0.489435610318268099483418609452 0.495403114849857661994292357122 0.504515648033131092198289024964 0.506557538127742623679239386547 0.508073954224325774475801154040 0.512180380200577101135195334791 0.493568493533575791687439959787  | 0.372630963523560732042483323312 0.372365093067297092677137015926 0.851180907169591050021040246065 
0.734321181163099190314369479893 0.968302877746405110670480098634 0.487650974619652455288587589166 0.490103063518645909457660536646 0.489043482860097133979593309050 0.502626212609216915794263513817 0.485076659992881187299929024448 0.489370969868501815014383282687 0.510817747973427827012926627503 0.493998964223642811344205938440 0.491250124270935673020943568190 0.496540870527198474615460099812  | 0.286675796847998043404004420154 0.287078324091247394367343304111 0.915048197347925418299041666614 
0.515362236735627754491417817917 0.023419827662011467178659884780 0.499935675557744596542164572384 0.500824345768450585048015000211 0.498902585126749675836776987126 0.510339526807162102706172390754 0.493818292224784072264043288669 0.510599176714296110191071420559 0.492820628740068100714921683903 0.504366866673195635151216720260 0.498693920703797588522832029412 0.498202700360316164118756887547  | 0.488075768171952251162082347946 0.487831181623276932679544870552 0.724204869300539955112583356822 
0.619113961820931368862375165918 0.810271176291480377251730260468 0.497663654532170374178434713031 0.506061085254019826784599445091 0.499967851875175950393526136395 0.508426008753523617222924713133 0.504326958682568271541413196246 0.509154248563625566603718652914 0.504970979850925094645219814993 0.506533542497904609724912461388 0.491323890105684946139064095405 0.498642446787853466094730947589  | 0.398340086472799670413991179885 0.398479931786251739822546369396 0.826595133099178203117674001987 
0.882650542020776529561487677711 0.101393132743129901762735300963 0.510538991670881903139900259703 0.511189526941450367303332313895 0.505698887035048727511821198277 0.499247531820176726480298157185 0.498739280142067475942724286142 0.487731536431679768561764376500 0.511658999186944574155688769679 0.489312884788866975238619261290 0.513745648823541900540590177116 0.502625923664799745260722829698  | 0.129788384921183108655640126017 0.129647604485062156731700611090 0.983911603873208862047761158465 
0.556856154185908280851435847580 0.518692177875589188751348501683 0.510571953656819177425063571718 0.494213150579594751032885824316 0.496753305682603563120380840701 0.484542821925599387355987346382 0.499563187835566746564097684313 0.505020756962606176543317815231 0.498843515742548093694352928651 0.503620029553336956418263525848 0.507696413556513070908238205448 0.502877094543484060018556647265  | 0.453632862257685287588060418784 0.453646230341508360783819853168 0.767741311334724785275795966299 
0.608271364477446341290090003895 0.687078421117449655852738032991 0.497365477902032671053689227847 0.495505068411247584503342977769 0.498725390341714092112823664138 0.504610964761174951576094827033 0.509083906395212837381336612452 0.504752291789311691161401540739 0.504890361042585222861589500098 0.506631136072820953408779587335 0.496678776069811145355004100566 0.501788312680228720807917852653  | 0.408227863234808918679874523150 0.408284775654631559849150335140 0.816779105425260554262933965219 
0.811925280567084017846468668722 0.830210900214604530233941659390 0.505337074846188616383813041466 0.489767892845768604281886382523 0.505698887035048727511821198277 0.500925019883907252093990791764 0.506734035858691034270862019184 0.512727469546618741524923734687 0.493479741961197593269616845646 0.511845686189849491398717873381 0.499463829240423984323626882542 0.502625923664799745260722829698  | 0.205928909085205558149311855232 0.206049334106312598269283853369 0.957217324552242621038544712064 
0.524045438410458697120475335396 0.010191836855923220445108157151 0.508853009644204101746822743735 0.499286018084693694607523184459 0.488342533451307181380229849310 0.499778927323282495809309011747 0.495153509330666485865890535933 0.498585782441580638302269790074 0.495475910747269765455058632142 0.499769087914073539824499903261 0.509871979467876323965924711956 0.507335730626530589937317472504  | 0.481113175721821828556556965850 0.480808302869530967971201107503 0.733606076849335209111302447127 
0.359257672549044282384045345680 0.073708657872121427501177493014 0.492710825336708069244195939973 0.502898407154060311796683890861 0.497568902965774884084027007702 0.501913008326287823912537078286 0.498800718255967834302566643601 0.491850289502704540733901694693 0.483886716601402477877513774729 0.493781518652061379714979238997 0.494330441717581225979927239678 0.497172430102917450867039406148  | 0.597947599005380414638466390898 0.597565601418216130191751744860 0.535097242673112982735972309456 
0.804329176542989188192223082297 0.823733922049225908423863984353 0.499626257278812657691702270313 0.497373759250461289216360682985 0.498434406447457400979317299061 0.492414061695037597043977939393 0.501597193372983807257980970462 0.489672005403254784194899684735 0.500223495082270153133663370681 0.489167817039848407123514562045 0.498674545788492962206106540179 0.503218256706956079682413474075  | 0.213961979065464602545176830972 0.214028503344116771689442657589 0.953427328522644335073721322260 
0.769914330559810178300494953874 0.422527763156684388334838331502 0.494240442440291860570766857563 0.498499174467744721184203626763 0.513612761511170523576197410875 0.507870316952101052976331629907 0.515389362176947307681018628500 0.500248357238927576773335204052 0.499117689014047627438230847474 0.489974394949554636902178117452 0.496284704292561107408232601301 0.505412779249903798550747069385  | 0.250219683028208184083496234962 0.250179277874221450694847135310 0.936017522401873969251084872667 
0.869229730984051762732178758597 0.004780886993308739764396708694 0.488640020062689472979400306940 0.494054410065236315752201790019 0.505286435214646778568692297995 0.498356839170671472860618678169 0.496013489140467001003997893349 0.519028435174327729129117869888 0.499994415347670029259319335324 0.512770609800765275743117399543 0.493189312353800146659921210812 0.501731998190554473460167628218  | 0.144431337205789434019465033998 0.144255080772388410981221795737 0.979745713656578920414119693305 
0.349878050449368482865963869699 0.250549999986993787715050530096 0.508660941732474558563126265653 0.487987533517951932449108198853 0.489742401300588880985742434859 0.477157704037269425612066697795 0.489021363672965669877612526761 0.508146033169332378420790519158 0.504113521140723941371675209666 0.509402218979379428631659720850 0.504308003123914661003368564707 0.502060591328897243279527629056  | 0.603952972628903128615718287620 0.603404208683571807725343205675 0.522941821470459866638691437402 
0.638026926436313868151728456724 0.373813436645862140483842495087 0.523004284912679362484766443231 0.486365964170275499878215441640 0.488294457248658553272235849363 0.513712261838240258349230771273 0.489781247479810055711624272590 0.503952721531379266295402885589 0.454326185384454905857865014696 0.517794984973165117736471074750 0.499656698237980478882747092939 0.499711979989520715950135354433  | 0.382360726569446640610294707585 0.381822929337989447340362403338 0.845665710718326857353588366095 
0.067630377212685846566309066930 0.622463379639066061166374765889 0.516194614274310681345525608776 0.495751620921184077417365188012 0.500648493623949808473128086916 0.501018345263712250314824814268 0.501858004701209337028444679163 0.492859685571468586484655816093 0.513859245406624864926925511099 0.500433554369205557676991702465 0.493304058700158032380045369791 0.489714148683227490366220990836  | 0.703506117981573697583996818139 0.703689824862331447796748307155 0.106105851744807272440951351200 
0.957366387426504927837811464997 0.972108671076287622625500262075 0.497663654532170374178434713031 0.500421952560864746750723952573 0.500744426050739543931911157415 0.495096403641445359511408241815 0.504326958682568271541413196246 0.494915574235071931141760614992 0.487826253115250241254585716888 0.516978359429725586871029463509 0.499550810483935792127851982514 0.498642446787853466094730947589  | 0.047324923097141119443520551613 0.047360948754458773168884988536 0.998270601895381970436460505880 
0.129733367102723540220665654488 0.323148911543114536470966413617 0.500942779952373351548544633260 0.487233250754252056324844488699 0.491019377405005896797263176268 0.480309963494887692814216961779 0.500772864418562835275849920436 0.503184183277175622883703454136 0.504461073310509933165235452179 0.501900459995786363265324325766 0.508592631852949672577324236045 0.486440474386440446785684343922  | 0.693292808585643349772453802871 0.692937247543405798744231560704 0.202564184762914906157149630417 
0.241789961459114605135667375180 0.173392464962961040386701938587 0.508764612855103659505573432398 0.495536002519482376982296045753 0.489975207246855948284292026074 0.498726422179304573756297713771 0.492639482289254859725957658156 0.497819724896290338733706448693 0.515969596655929896300563086697 0.505052353560307532021056431404 0.499209490021075119603466418994 0.502213155406096012356442770397  | 0.657257159385917777427721375716 0.656890678705937425263527984498 0.370938947781339178888515561994 
0.661420982335574447752435389702 0.162636526168832812322406766725 0.493398584811193807730944627110 0.487207608873413855476997014193 0.508294305433528492699224443641 0.500789558692669944939268589224 0.500286246011328095129044868372 0.489956787003004046177068175894 0.493522081464675466122571378946 0.488190045877638090221495303922 0.501298248541367175157290603238 0.503084315362161360596360282216  | 0.358900037880906630505251087015 0.358683321802418242363330591616 0.862367565639076238959148668073 
0.844068860185926750361318227078 0.625279807661504705151855887379 0.512154934754297075372164727014 0.486310816549222757476655942810 0.519511769170148962615485288552 0.504615717962765941706493322272 0.498125386402336334246143678683 0.481973871234576134447991080378 0.494676103904497455054922738782 0.501230583358650783054599742172 0.496754336651658634504968858892 0.501648306822832124041156021121  | 0.171622055511678556216637048237 0.171696878912646844206335572380 0.971228454749649916522002968122 
0.601639083512073069570647021465 0.193368600458104833439421099683 0.507964058774688864694724088622 0.486732828208390255753101882874 0.490487429622353310332272258165 0.488287634085457389332418642880 0.494792472625810830777481896803 0.502006144868264225777920728433 0.495584110223806550976632934180 0.510053256190892922994351010857 0.503800818512066705956442547176 0.501522199367398613389923411887  | 0.414542691396664331193733232794 0.414289119031037766927028087593 0.811042822938272678356952383183 
0.925481658232568116240202016343 0.764023240084248267400823806383 0.502749264070541435067696056649 0.496211104036057337740572847906 0.505161618489521457853186348075 0.491395243819312044220026791663 0.498615253348546449974065808419 0.496112911995791050490112183979 0.510081092082965925627036085643 0.504881360448796057127651693008 0.501747594295042897982739305007 0.503237232942384316025652424287  | 0.082593653023568983084778949433 0.082612737165221328261566213769 0.993433808604343160375549359742 
0.368667099030776435064638008043 0.229558863571006493975446005606 0.506228320192313230307945559616 0.499759237895942509677382759037 0.493005132804458512385537005684 0.502457984355674680543302201841 0.494299683357200758671012863488 0.497180510619933346827536979617 0.517374269822330701273926933936 0.501849028379593331550267976127 0.497998588231421235317242235396 0.501730122631517061471129181882  | 0.592193102860363307371471819351 0.591968572019522909499755769502 0.547516054721599698673628608958 
0.891418424325240543737436382798 0.307639310592298431679125769733 0.494247695768181005693264751244 0.518015339636410221402229581145 0.517273525970079028901693618536 0.504087221101489513230831107649 0.508614375395332274365500779822 0.492731311273877148337874132267 0.525272488502505630059147279098 0.483162179237850986091018512525 0.506150625256414743446953252715 0.510628644824134059199138846452  | 0.120312585895602924823677426502 0.120176753171033365297226680468 0.987335546285927567744522548310 
0.505753531850120841006912542070 0.225742812778409629448361783943 0.518631731832047471186797338305 0.499467535744964608035445507994 0.512147540085488128802637675108 0.488129906951592196229228193260 0.512346967017839438618409531045 0.496013105373687479549005274748 0.459309869448154162174802195295 0.500720722370435300518920485047 0.512609572720845507731723955658 0.499520104728812253114256236586  | 0.497317612965773814259762275469 0.496199300166540346879173739580 0.715337433668087996352369373199 
0.657841028615451239858202825417 0.833303317548678257331573604461 0.489979075693020849069370115103 0.487730795831361585435104188946 0.510467163434416226763801205379 0.504651474802476296410702616413 0.496098567293039194314729911639 0.499663762168476521807747303683 0.481294714119450794953536387766 0.496971577679007014971546141169 0.497653256220386530639387956398 0.498658419646242800915558746055  | 0.362140353623137900562767299562 0.362429899054045101536303263856 0.859666921976604325728033018095 
0.549247762640548975454635183269 0.795722632423692677328119771119 0.496761851589005376528263013824 0.503808090508304995402966142137 0.504526046309927367339298598381 0.496878334070955218759735316780 0.496426474476487522569101429326 0.499147413823748220540466036255 0.492887000112897100123632299074 0.496829064475323267657813630649 0.491240708756375044075070945837 0.498700101376823856647035881906  | 0.459915299861588910967924448414 0.460004069552310990154353476100 0.759795876033726003129231685307 
0.452583963698775737505286542728 0.891240590975147073393713981204 0.518001529772200375312252162985 0.502714320688428362160493634292 0.509841595211187881275805011683 0.509433268183390963734780143568 0.503944784077660523635699973966 0.503625250143460823082364186121 0.454500234796431867856369990477 0.510416756738946153504343783425 0.488401259790639918900723159823 0.504821290355330187793470031465  | 0.536414306702842957896848474775 0.538312668963401241839505928510 0.654409991272504099057982784871 
0.142392060500751899132509947776 0.873377604766080839482356168446 0.514720197514684008055496633460 0.506239172458931685483207729703 0.505804699018042258629179741547 0.503920064658467725671187054104 0.503264534163701093838483302534 0.493318118343638034595244334923 0.475243718045722629561566918710 0.508032402305302888123605953297 0.493499171389124913211787770706 0.507897034635873101393599426956  | 0.689818337153156213581439715199 0.690741954204810437722983351705 0.222061945650197878343590218719 
0.757757710154818409087340569386 0.000000000000000000000000000109 0.496778177608340032467282298967 0.493679899185293924457340608569 0.502731003100934437100022478262 0.497188821443140749334332895160 0.503697624308392488678975951188 0.489765068789102975266303019453 0.503445942682629432596286278567 0.495488079077441134767667563210 0.502868929275063547557067522575 0.505009439795409464935005416919  | 0.262734468820427002899720037021 0.262631476015894815834172959512 0.928705930711676952427069409168 
0.773571872941643978727199737477 0.274896110307450203258383680804 0.501706937266858887802811750589 0.503513057237932715182182619174 0.492810669931511902142062808707 0.502193542763662570393989881268 0.503512604987748080276332984795 0.495705094421246272862191517561 0.488288331148678922399852808667 0.501048862965984942441366456478 0.507622205697639938826171146502 0.503989390489346988921681713691  | 0.246334231682966559029424047367 0.246279413164122884527529322440 0.937707643669189017110454642534 
0.043077081851959478364655353744 0.302474910153342213536831195597 0.497070744508952500062548551796 0.500070714946242000920051395951 0.495454325300226150474713904259 0.517785567663874735089279965905 0.496286977563719977624145940354 0.492943942658587930250035924473 0.523097325560316739334609792422 0.498348334290526273626653619431 0.499881148401309649553780900533 0.501836138125632880147009018401  | 0.706365596931384898127248561650 0.705950247385259355148434678995 0.067677846869324084777552741343 
0.977551912013971624482167044334 0.991787801515746192393407909549 0.504916866775426687041772311204 0.497775496505267978086806124338 0.505745343546624703812142342940 0.491363511382269080307594322221 0.497400399280825411540973846058 0.493779327631242992424631665926 0.505132656794639034458782589354 0.505880252834357002633680622239 0.500347591989328432937611523812 0.504700896463556980542364271969  | 0.024929894338402674991428398243 0.024940112847895868491976401060 0.999643534610910489135449097375 
0.188963828103787506718092004121 0.736849830054208898566514562845 0.491598549391507599892747748527 0.506001717297318465149658095470 0.492944752811913522450026903243 0.500847195473709927426853028010 0.497142360345880829353149010785 0.486520952480832769015961503101 0.495066391905236991011207692281 0.503827657377118320880526880501 0.497364350175589831071221169623 0.495576655957822964637671248056  | 0.676360363531508967938066234638 0.676567885603409746586578421557 0.292604909735612206400645618487 
0.945160267177160395846158280619 0.002926421838744142078780896554 0.501439083024200926708147108002 0.507632092654446420709746234934 0.492863541506113278511946873550 0.505915005980770215998632011178 0.501393843779653902714699142962 0.495576581132752658209739138329 0.491587801038845584322700688062 0.502209601174855135852226339921 0.507031003274072467057465019025 0.490499075917416538228366107433  | 0.060877825149028251539018441463 0.060841430240401860041199455509 0.996673742334748924420750881836 
0.488208928415478360385293399304 0.216408092575180344141472232877 0.506745055912379616103180524078 0.494213150579594751032885824316 0.502578390646241990324938342383 0.500978659364799572273341254913 0.499563187835566746564097684313 0.496363251199453126005778358376 0.484268444752965876443084880520 0.498240251955340440748187802456 0.499939726962160879697449900050 0.505447914691395716602073662216  | 0.509454266240184860947692868649 0.509281761904028185128368022561 0.694153526359005401680235536332 
0.567254231462020364062937005656 0.067030830021355750081291091647 0.515865277920697140601191676978 0.511296017566794991360268340941 0.502126165650456979250293443329 0.499988682942166473566203421797 0.499205758124794729546636062878 0.486068162958970206855013884706 0.504239609440684244390240564826 0.483888226653178876723870871501 0.521370568228445629976874897693 0.505890368474964935430193690991  | 0.445495469331304017046591070539 0.444680761268984703349360643188 0.778774456957579852556250443740 
0.410450300534157874743357297120 0.462640402208405909778576869940 0.496201489129855344284436569069 0.492897401134764545638233812497 0.497887665356612496569965742310 0.498969455524174376748192116793 0.486994860763514114676553390382 0.494453783053731665830810015905 0.498080598893077486355451810596 0.494877559328311789066390247172 0.495464983054983820753847112428 0.485853052007707564285965418094  | 0.565473679023380859653968855127 0.565439125220779770231160910043 0.601298781702740536836415685684 
0.438690596994952941578560512426 0.008910040347667697729905356141 0.502124234808090985637818448595 0.498825852231633115607678519154 0.487919885356315585767106313142 0.500031349450507756060346764571 0.500589282463172358106362480612 0.500561775940471909152051921410 0.507050484306304061199455190945 0.487442349803839047872600076516 0.503566904576571494622783120576 0.489182107639904717455436866658  | 0.546234367441526647013461115421 0.545822091372248463514438299171 0.636149176807189409288412207388 
0.018483378365427904910234246927 0.012091926242376933864353105719 0.501013996546791573472034997394 0.499806571743679650676739356641 0.500256285771127129358148977190 0.502131295604668070886589248403 0.498131355749698467860753225978 0.502203126370157626467971567763 0.491994540029077220832931516270 0.492632973611629665366962171902 0.497869124577390631536388809764 0.500596586114220865049162512150  | 0.706980160788039047048414431629 0.706831435292404552939160566893 0.029033529095817557641456829742 
0.897764692633939320742797463026 0.422527763156684388334838331502 0.509227616473009181419229207677 0.496445137127555946587875723708 0.492821371125024443315965072543 0.488051604200182453929812709248 0.490706859017004115575133482707 0.500361569857497689994829670468 0.502757715920124081954156736174 0.504611513372326347948160218948 0.506486546792153657925439347309 0.503862098636215782754277370259  | 0.113126322051702060678124439619 0.113113541153925523108370043701 0.987591440895688177370459470694 
0.908852394208661484853450929222 0.216408092575180344141472232877 0.489975854417609379964915206074 0.490929509455917845173189562047 0.498762881004142732965789264199 0.500978659364799572273341254913 0.496936197340034635505645610465 0.504600371313180917631768807041 0.502412670903883085138375008682 0.492798078109449588790624829926 0.494291187074557603065017019617 0.505447914691395716602073662216  | 0.100942971964641137194718112369 0.100912791124682169052739766357 0.990100372364369651911886194284 
0.873468458109081025142472753942 0.376386425221751474978759688383 0.512740582589278237612973043724 0.489044551717408293445288336443 0.503416400618572179581633463386 0.497143339949075002692779889912 0.497518846668569825197891987045 0.498344826704216814494685650061 0.477181629209321112039532408744 0.500219039646211505178996503673 0.501738355929632562357767255889 0.508462951555281872373370788409  | 0.139768844354207083524599397606 0.139719697414608351460074686656 0.981201702746029247315107113536 
0.626045060079236437289296191011 0.000079456392837490421665949669 0.492506650518851674114273464511 0.489916470319168462221881554797 0.508850557529236802167815767461 0.496501014513620886337008641931 0.503505624855852484955676118261 0.492943942658587930250035924473 0.523097325560316739334609792422 0.498348334290526273626653619431 0.503578141377210575235778833303 0.505671604375779293327752839105  | 0.392505532719769956173649916309 0.391956740813591886229971805733 0.833122707296591991088519080222 
0.447342919621567691734753680066 0.376103229137784877966765861856 0.487245083353538555037687274307 0.493305420650639980806317907991 0.495904725401222989944471919443 0.505336570241650684387479941506 0.489728117371388826928324533583 0.489633182081316120637382027780 0.506329884137018293444043592899 0.512826145547877754182763965218 0.492743959596371183806695626117 0.496884314750500877266858879011  | 0.540072512076501975997189219925 0.539918628516865117816792007943 0.646742173726703950542571419646 
0.168563417113127667068539494721 0.613879092115612312596795163699 0.492328120571397187532625139283 0.496717743557381463670452603765 0.491106730515975142825624288889 0.509433268183390963734780143568 0.505459969608249015671219694923 0.503625250143460823082364186121 0.498696862257727080436353617188 0.503796803477775556601159223646 0.507839213792621979592922798474 0.500135201680060537121619290701  | 0.682665156192747701879852684215 0.682752625620048014809526648605 0.261789531535663144712344774234 
0.483434472605309251136418424721 0.422527763156684388334838331502 0.509227616473009181419229207677 0.496445137127555946587875723708 0.492821371125024443315965072543 0.488051604200182453929812709248 0.490706859017004115575133482707 0.500361569857497689994829670468 0.498435812737200056865560782171 0.504611513372326347948160218948 0.506486546792153657925439347309 0.503937184481329292218276805215  | 0.513104338441931928649353267247 0.513046938889893389124097211607 0.688786410148955030585682379751 
0.279687982480419261577253564610 0.005719818993487893292460011452 0.501777455586615350746626518230 0.492283388342105165946804845589 0.492893911945460450052536316434 0.505594402308327195427750666568 0.497061972037960819736923667733 0.494071285385691782998662802129 0.483776259486867032943990807325 0.512507800969096316556772308104 0.499883971374729507708423170698 0.492462613571131913037248750697  | 0.640712461837110613949164417136 0.640051860357640500787113069237 0.425618517067685830923551293381 
0.228500987515125153493045218056 0.893913205432476765111005079234 0.504144204833629872020139828237 0.487995390816419294388595062628 0.501504995802847686192649234727 0.480749708704968359285203405307 0.498232897912506744741989450631 0.499455264453495306753438853775 0.498435812737200056865560782171 0.495079060757814326532155746463 0.505385187729975537962445741869 0.513086032198432073769822636677  | 0.662238386588064331661485084624 0.662864693678415495270428436925 0.351539758188176620912201997271 
0.714357182458862594032211745798 0.799354467201935925402267457685 0.510692882986537921574665688240 0.500696278371162151188400457613 0.496551551362471588202396333145 0.492536398973550337831994738735 0.492143681887309447642309123694 0.488477271145732527823923874166 0.522705857168256793343630306481 0.507747473116183289931768740644 0.499302489629494916645313651316 0.501846996842667980587293641292  | 0.306885993290224590168691065628 0.307161878626088569177454701276 0.901879296772876037913135860435 
0.966633475122906093979224806390 0.991581186265568459425878700131 0.492883169815852950623735750924 0.505975122776520902512231714354 0.502380571549458476710015020217 0.494579605702310354242712264750 0.494632612042234576232857534706 0.505364897222056241865573156247 0.490993166471862085842303713434 0.503459558316119548670997119189 0.497041707871512250527246123966 0.502476547353275848628584299149  | 0.037046346485975378826083215245 0.037062763468572838820858095232 0.998913377196444685068854596466 
0.382553564769019416313966530652 0.166561936804129229194870731590 0.492064544406996928760378295920 0.484471225260112825505842693019 0.508357211192619451445295908343 0.500423261150569675947963332874 0.505838742333334145939716108842 0.492155485273586379424415326866 0.494863831708253931740415509921 0.496738640076023196812116111687 0.502358303195178157452005507366 0.512599530718238605153658227209  | 0.583831716929311239638877850666 0.583421711336716275475566817477 0.565775807046193901506114798394 
0.631472933149852311274230487470 0.895681055036314566208943688252 0.500674242710768324648995530879 0.493533207437672594153355021263 0.503384906815807275926033526048 0.482460037196962954197942963219 0.498470516715746436720024803435 0.497270840666201030533244420440 0.511768715781496519312554482894 0.505749014471759461564204229944 0.501406490786883596300071985752 0.504332381841213650552901981428  | 0.386931798026991624617210163706 0.387202760172187299136936644572 0.837547052959783711045815834950 
0.095506852753417359469523262305 0.001812356980631639469248028718 0.495289052584770295162286402046 0.501086889598820972580028865195 0.500754181544982968077306395571 0.509504322632272077520099173853 0.491576912931021181574209322207 0.512899108571369888309732232301 0.495175816982421024281535437694 0.507990091163288637332584585238 0.492344649830874669937941234821 0.499212513379220901299504475901  | 0.699784968738057511217220962862 0.699240080481942305468123777246 0.149534124369866988635280335984 
0.253486831165888271133468379048 0.384738418110355140377976113086 0.512881651908109303938942957757 0.512828172851879315885526011698 0.501240959503289840171191826812 0.507607242680397696688032738166 0.505746594183480446815792674897 0.501605506746010898488918883231 0.503445942682629432596286278567 0.517567844566029000574758356379 0.486185587597243784596656723807 0.509260961572481130055223275122  | 0.652576795288431044106403078331 0.652335441036575813811282387178 0.388134356526574741952373415188 
0.099974310061643395508568232799 0.123378013250272866585532938188 0.529970601059705725965898182039 0.502932710772662328047033497569 0.509401266476564362761791926459 0.514626594002499548885509739193 0.515105192854863336293647080311 0.495474769492676214710513704631 0.469492992275029774607020272015 0.498406459968698645202067609716 0.497788148209622416384689813640 0.510918114188301242251100120484  | 0.701200569139964091647243549232 0.699122206109215382774380032060 0.156787958926124071368235490809 
0.293505251313532278256701602004 0.968302877746405110670480098634 0.494919827445055637848980722993 0.490103063518645909457660536646 0.504742076585816379363791384094 0.502626212609216915794263513817 0.506993766743313312161944850232 0.489370969868501815014383282687 0.512423426210478982767426714418 0.504205374994476374084229064465 0.503382609117031587508961365529 0.495391755174256320781722706670  | 0.633365907134923467047826761700 0.633850139836407699966969175875 0.445108266654164419495742777144 
0.497507006279794605774213778204 0.520515726113960353060861052654 0.517324066405100535526173644030 0.493676542300011567121487132681 0.497476861577744511322407561238 0.497290773949822517696617296679 0.499395247311193279937668876300 0.488555814342019167906272514301 0.487218867274965827807164941987 0.508134975755685114329196494509 0.497725582002618460730758442878 0.492220032450655653466498051785  | 0.502333248613175298302735427569 0.502358495665162219090404960298 0.704881998326283398803582258552 
0.949729927346624203110536655004 0.396141860900516673549276447375 0.481246448950334970717790383787 0.499609764152442403783993540856 0.504645168321488535312369094754 0.500609498630959603993062501104 0.491907968944176765546671958873 0.498691868428772555610350991628 0.512792857163240189954933612171 0.484121605033340507429073795720 0.504816969600977660803664548439 0.499314310099909564044651233417  | 0.055835124696467133831312423808 0.055819101294680421865290753658 0.997761659096520592271417626762 
0.835505521153252606048056350119 0.003504859262366672584265714363 0.505121061468449483733422766818 0.506001717297318465149658095470 0.496249648467053772193935401447 0.499420129395230449897979951857 0.501988224951234962567525599297 0.502726590981034671123950374749 0.495066391905236991011207692281 0.499311815875476017190237598697 0.501667811708097821643548286374 0.513804772411345256344361587253  | 0.180779624889545909027788184176 0.180693329856805695587951277048 0.967099346285341110451838630979 
0.935413752336941684006887953728 0.999999972443704088220783887664 0.485490231383762849137752937168 0.496452388952415557543673685359 0.493704186254271149003614027606 0.502051817600782324113595223025 0.485713041813349344355543735219 0.489503921625202342848837133715 0.499012643350127516050918075052 0.494111928155903878945309770643 0.493460749726835179451711610454 0.497174381190690795051523309667  | 0.071624539560017130845892552315 0.071699643483526628862101404138 0.995522382742883071848893905553 
0.462398892856270282702979557143 0.149158613836403525221285804037 0.500654845299139727998749549442 0.498867220589826965149171655867 0.506861118609459038175657497050 0.502551166114587166688920660818 0.507098541956193527013851962693 0.515415777988763812444972245430 0.506507334789388474760585268086 0.498367690751476299926281399166 0.508125769063877741338330906729 0.511945257703394052128942348645  | 0.529132342888314011197792297025 0.528784454791908831161606485693 0.664530237597568018692584246310 
0.748412098149688009840474478551 0.910965730283949892687189731078 0.504943416327533367571334110835 0.494136349321433965275929267591 0.507275126983030011373898560123 0.494928541292273704854665083985 0.501573408634193085298136338679 0.482282124468518313964437993491 0.471222617510331509560472795783 0.489012359383559025438614753512 0.497089814123376938503895416943 0.504527220055299929768466427049  | 0.272364699244762142882336775074 0.272867895110720293239126021945 0.924243488091761489222619729844 
0.376118544009182487197762156939 0.993382778119024201224362968787 0.501827835456940096747757706908 0.502694314762349159231291650940 0.517396396608181707854612341180 0.496708057466729968609797651879 0.506171524979092235518862707977 0.510781730225781882559488167317 0.506431700892139291525495536916 0.494196996212791173075373762913 0.498096884544557028107192309108 0.500341023695197728571315565205  | 0.587320224307947169606336501602 0.587827394627171817553801247414 0.557340639765580236897335453250 
0.050767516231818632377326139249 0.429529719326319892047649773303 0.479839094394724940961793890892 0.506972056827913797327767042589 0.501711344204212039699086744804 0.510975515971836879991485602659 0.510862335965279634741875725013 0.499680259184148156670346452302 0.498420611508454403093537621317 0.502455320721171161402196503332 0.500789093305352150942155731173 0.504821038691124157615774947772  | 0.705430283920163936350888889137 0.705316533736069506410615304048 0.079719001881148512933528138547 
0.904673885929224264046411008167 0.833500454208726759830483388214 0.487828391843424025164921431497 0.507249571912533281370372151287 0.501953423315704916340962427057 0.501874804735623736284821916342 0.496975926311176541272374151959 0.500918612731062085074995593459 0.498959123250315550457401059248 0.501487071431759523498783437390 0.494750760972607561694047717538 0.499767148418693185618622010224  | 0.105497970149622213864581965481 0.105525481494154180217570626610 0.989056352295358043313910911820 
0.269238259988930139776641681237 0.999999997897380699107827695116 0.512143777081638384984785261622 0.500166276345509031031610902573 0.497882238057786974394502976793 0.497211617025321850338315243789 0.496991274352225564925333856081 0.505354970067478648232395244122 0.500135334528993058533785642794 0.487527927043966691211807074069 0.504930960978464571375923242158 0.489811857202606615313555948887  | 0.644873686965569681284193848114 0.645361045793112264590263293940 0.410621019011802312892456257032 
0.286797909585568056023419103440 0.000000000000000000000000055326 0.500000765395216761888264045410 0.500748377440164427198965313437 0.500000600750879264921877620509 0.500003760071282665755632024229 0.500005068304111177646120722784 0.511824678408890343384030074958 0.499994415347670029259319335324 0.499995655749856660055030488365 0.507290106417135455707523306046 0.500005603214161098435397434514  | 0.636777989533337973604432136199 0.636584479435427064153429910220 0.435500961842066658391559030861 
0.570261712479668281261524498404 0.140866681144173028217281284924 0.510633069254622040666902194062 0.490832090784018237883401525323 0.506734314906975735759431245242 0.504516094847882734519828318298 0.502369504822268941879315207188 0.501402665718534201744205347495 0.493309878744132013217438270658 0.501330876341523845596270803071 0.506350295777939662933420095214 0.501421035026776595877606723661  | 0.442134759342857397435011534981 0.441955619551193057414906206759 0.780967889768017897722529596649 
0.411525063743840568974974303273 0.012342129540727315648029893680 0.501713302389164228500817444001 0.498784295676845346179106854834 0.506497770068313757363398508460 0.509716448585616155320110465254 0.499232939718620538638305106360 0.523939295882093203360341249208 0.478814367799002771342031792301 0.486774257815788480296959050975 0.503037088561827272492621432320 0.504231211943380164264283394004  | 0.565804700515114111780690109299 0.564623810854217311749891905492 0.603156744648095655136899040372 
0.116704228936010567796444092892 0.000000000000000000000000054393 0.497655620243054708229379912154 0.508461378223796223174701935932 0.509455471177259644477430811094 0.508780809885408191739486483129 0.491859002760706209844698832967 0.502006144868264225777920728433 0.507588272631724790606710939755 0.503682114902165967151859149453 0.504430447608666399084142994980 0.491917816354120296384877519813  | 0.695841966603995665252568869619 0.695328685491557685338648298057 0.182379216068798782890425513870 
0.202382839607541609172614016643 0.000000000000000000000000055326 0.523277939084597853991454030620 0.502270603924431013886930941226 0.500000600750879264921877620509 0.496349504232478810905604404979 0.497254276893684898919190118249 0.491684628328525497042988945395 0.501103395368207804594362642092 0.512183640489266567286108511325 0.498653388347815307302113296828 0.491461280887365403735600466462  | 0.672708794631324158430629722716 0.671799949925112382942415933940 0.312843838814959640526325301835 
0.970310843124862376640749062062 0.396141860900516673549276447375 0.510563154335469171485328843119 0.487052964012280320549308498812 0.493754762131718705209237896270 0.498053552223487350225639147538 0.491907968944176765546671958873 0.505193121724029747809936452541 0.502179176597108534174651595094 0.510139567578130059821717168234 0.504816969600977660803664548439 0.501683546257271073542938211176  | 0.032985423259414295427127683524 0.032979528699858512430509449587 0.999460205027180581538459591684 
0.232864948085801826138663273014 0.317792484955177034766649057929 0.505121061468449483733422766818 0.506001717297318465149658095470 0.496249648467053772193935401447 0.500847195473709927426853028010 0.496396008765961016528933669179 0.490768784335823271547383228608 0.495066391905236991011207692281 0.499311815875476017190237598697 0.510084324705024183543855542666 0.513804772411345256344361587253  | 0.660745435087338961466230102815 0.660559348063502582704131782521 0.357857072921321461844712530365 
0.542434322655303891025369011913 0.906937836110240591658282482967 0.498594462066568766545060498174 0.493938171680279536346347413200 0.509575404316826907624715659040 0.504549335886843253184963487001 0.497126203298970947841439738113 0.486805388161260066404167901055 0.471187256621362293707022672606 0.497645423066806202871958930700 0.496847328251046160829673681292 0.503484591667068048792543777381  | 0.465786469588109264261532871387 0.466495534132029987528511583150 0.753530905524280258944713750680 
0.160866467738557339384186661846 0.000585070147603979312349309350 0.501116459393726287885328929406 0.487815817316225752708902518862 0.500806758997159540136578925740 0.510813552139395721241044157068 0.498758992744783691275500814299 0.517353939964840914278454420128 0.474795670452375084824581108478 0.475906523501543554655057732816 0.499862102125313789713345613563 0.500862751043926412997109309799  | 0.686833727450307129913653625408 0.684914686434955788385536834539 0.250454580503922497047852857577 
0.473714607508101792632260185201 0.084365065326935495537696851898 0.509142738245767167981625789253 0.500908039708806485101888483769 0.505471638212671936507547343354 0.504865796394672994296115575708 0.492053529159773461731930410679 0.481052627669184162950699601424 0.508918516936672671313601767906 0.508252333947796786084438735998 0.489219775971465209440935950624 0.489749214109479968914939718161  | 0.521011297389795680068402816687 0.520380179736092296494121001160 0.677946002282261650506711703201 
0.178550621619944782647593228830 0.005844993788311369890819957362 0.513431456604441116553516621934 0.499729403165271590658846889710 0.511629138022487994774678554677 0.497484727931970405201411722373 0.510688054534167767961605477467 0.515056145184858316099507646868 0.490552224097822453519057717131 0.502337704184500521975564879540 0.513048307476531073589853804151 0.510432800593692781454535634111  | 0.680728633101055691234648747923 0.679634981955782757623296674865 0.277091092796667159969814520082 
0.933413748182637670325334511290 0.274896110307450203258383680804 0.501706937266858887802811750589 0.503513057237932715182182619174 0.503776530831122504316965660109 0.502193542763662570393989881268 0.504579294670910116771267439617 0.495705094421246272862191517561 0.488288331148678922399852808667 0.501048862965984942441366456478 0.507622205697639938826171146502 0.503989390489346988921681713691  | 0.073852536540655155938850384700 0.073837604154450106608287285326 0.994819549632386612714185503137 
0.755944478679824838351919424895 0.317911419989167998156887051664 0.482362623599124795692461020735 0.497973434778234358422110972242 0.509180156537453743048615706357 0.512580347919242118592819679179 0.514544339573611675398012721416 0.508198684402282885308466120478 0.513950410293324222443800408655 0.495129859140687966778671125212 0.491708450221192250317869820719 0.506818839990486269542202535376  | 0.264884247745952206010144891479 0.264707219081905475999150212374 0.928497663461277378260660952947 
0.475248241880245281265615631128 0.215818559397433384905440334478 0.491790058590271306204755319413 0.494550842097231213578822917043 0.499206821600739092392728935010 0.500513582406495793897249768634 0.512049176836825714609346960060 0.499281060306107249413543058836 0.503067474184779817036883287074 0.497119090647498373947144045815 0.497296550065118136974007256867 0.508940814519931339354741339776  | 0.519318964723990750265159022092 0.519157400969995741490947693819 0.679323793875070469638899339770 
0.465244937104290046114840606606 0.018575880002689813125238416092 0.499986219871195569641741940359 0.508603628006021879492948301049 0.499403001175492133878464073860 0.503940638879640245839652834547 0.499991842089617999356221389462 0.497432290053220094172559129220 0.522874105919955756149875014671 0.517819408165271499733250948339 0.514801111468513927782453265536 0.496153670136656510525341445828  | 0.527620839340331548861229293834 0.526688207268439012587180059199 0.668251002103258495701254560117 
