0.780447640770247974550954950246 0.200488798607304841148391005845 0.444307941147617846411321806954 0.275601655880688412025847355835 0.072647087059601767045080578100 0.709029083382085589803978109558 0.469231366047022535603616688604 0.650712047091358769534963357728 0.449043286191096013837409373082 0.419477980625364232913909745548 0.230479605064548231929677513108  | 0.498618290484091120084997328377 1.388027115910462461201291262114 
0.391240859733580359502980172692 0.182755942904351154076891816658 0.928861835743290842337671620044 0.140235503432267871737337827653 0.251455063935373646089033172757 0.307670882274633905595351279771 0.933831397488526948613696276880 0.289886938947653161058326531929 0.368206961529910281605282307282 0.412380875806064306487996873329 0.087168422018230384828996193392  | 1.585519646776133217969118049950 1.118945090815239629122856968024 
0.974193742625257042000441742857 0.945895673104276801801404417347 0.365037817538709230547055994975 0.911039871098637599189373759145 0.889230147130955383971695482614 0.102584414944031920846612138121 0.458829276106246464195237422246 0.727427291544786025490054726106 0.922009493686557823899363484088 0.423354853829436050816070746805 0.828118380116512065036715739552  | 0.082690894343639201324869247856 2.038800912251531816110627914895 
0.720757522806903638823428082105 0.115732668230043023172015637101 0.782481719467160719005960345385 0.751075454584175794536804460222 0.210665938476106262555731518660 0.280471006864535743474675655307 0.955510384030153980816635339579 0.132615633667733989753401147027 0.867662794977053897227392553759 0.120933926431491478581392584601 0.515205698077211615704129599180  | 0.868075658163621421969935454399 1.850466882503649879154750124144 
0.910470373964828105783908540616 0.134985548555578538376664710086 0.567385745473841685004856572050 0.446382432110989268991829703737 0.489476724152333564354933059803 0.388252324574564600112580592395 0.792981629220539385727306580520 0.519229514231247746280928367923 0.231848331301714227770105480886 0.963764925696385832409873728466 0.357092786940811923734884203441  | 0.216823357950873762955978918399 1.531591802477477726185384199198 
0.372370418490792776111675266293 0.723550418340714207587893724849 0.159868987650645388853831718734 0.290165367592441048039120232716 0.957953628797909795267173649336 0.258565427570916273047885169944 0.370241040226823026060287702421 0.493532902160942033020774033503 0.286862346957630243160508598521 0.362816810087494334702284959349 0.270306933302088880921587588091  | 1.343676328539307185394591215299 0.889809849973005495549216448126 
0.667550244827139538372762217477 0.018391461778462736553763079428 0.005249954876689333360673117568 0.684069318461531961084176600707 0.861288450163644636603521576035 0.444354673336193384258763217076 0.901634614373088560945745939534 0.575225332309370895877975726762 0.893151361574816560207068505406 0.855320090716516157058890712506 0.010428816928871209590568014391  | 1.163046815776628717387097822211 2.020928609999028680022092885338 
0.046263436032545346421329668374 0.007945030597897306812171791535 0.538669452607844823077698492853 0.165679728790241176383801757765 0.942715427293386531992780419387 0.168663908513805416156117189530 0.769473662746876230222881076770 0.663444066115641550851478314144 0.053113813602613024755783044384 0.334585477955570032015941706049 0.433895175849273395662919483584  | 1.986675734140024074392272268597 0.144627272077612556433479085172 
0.752915858142548688469730677753 0.512174786165071838084372757294 0.083525209757036256164042242744 0.192274476697643526001968439232 0.275221051987846410114002537739 0.271441065568622019732458738872 0.271327183504089353149879570992 0.423308121640860512968629336683 0.219299312058402917635646645067 0.939980365767840719826153872418 0.017319012390011545576840035210  | 0.732140947139482967109813671414 1.790699014724125515130026542465 
0.279665457839062381317773997580 0.556956928544970475414288557658 0.400118996078443922570500035363 0.481531693554436257542761268269 0.849582871966719777034882099542 0.627301900430298209343504822755 0.576514086937861214288147948537 0.063184422787908811613988291356 0.194291262949509602186992651696 0.303978973338198898979101159057 0.037784940535222744095733560243  | 1.533302851230240460012055336847 0.720533633170132414846875690273 
0.289655242491440811924974241265 0.406953129508096700384101040981 0.777990581427369209954747475422 0.874428419040873539103131406591 0.066290950873272747045916730713 0.095019988238976615946285164682 0.222091836592320013288315294631 0.015535163453540890010629027529 0.939508688446633821733655622666 0.051007621243685963285940943024 0.727569879059298818546608345059  | 2.099008601476247015682474739151 1.026884566082865157810033451824 
0.001072449388451190976923044218 0.725584497037626952042899119988 0.127112389916561485669888043049 0.461169454085200714033021540672 0.962822979781757126716001948807 0.052051742406368783910863839992 0.947923431879072686534470904007 0.316637274636955345918920556869 0.792135667928607345444902421150 0.816137553979361607403575362696 0.810075265076455441892733233544  | 2.121991248874767865828516733018 0.003574708905816950318956592980 
0.703966057259698407833070632478 0.500884512072622078981964932609 0.876024486298800364458827516501 0.535762297785289831608679378405 0.390673327086436206201369714108 0.895045243706002691119749670179 0.597153115242368803805561583431 0.958093825363636408809497879702 0.112493641363250018727626411419 0.418360012395732505652290456055 0.813407169695914866736075055087  | 0.800460858478372005997414362355 1.595487689036616751891983767564 
0.461167164921385874798431814270 0.355955330697737437617433897685 0.191202027309192335025045395014 0.549636554950219458071103417751 0.144328675652060534062570695824 0.810157729418888639116858030320 0.460485141859103386252627387876 0.167247569652034133724782805075 0.992056933888768033291682968411 0.700681737753056199657919478341 0.487529789910455035872871576430  | 1.300163013841173054174760181922 1.150491167029266570409617997939 
0.740819374565608868010713194963 0.590043731001988480677766801819 0.777565636294737849709690635791 0.348698359894097698052917166933 0.751277414131497844884677306254 0.040751789152571382679468570132 0.672511095701472605412618577247 0.299246019243506911067242981517 0.345885147974562490169603279355 0.925291299171972725368107148824 0.871295230095708306272683785210  | 0.710616436815190821718601910106 1.647953729829315427934943727450 
0.593545959812181833648025985894 0.316823416505983335156315661152 0.518473088343136101485697508906 0.875088923564080412020871335699 0.545383433288757157875181746931 0.077763160940259479225744598807 0.205377434034652250893770997209 0.479023546587530435481028234790 0.883760051591651829561158137949 0.735512945170530785254925376648 0.300390711635394991319003565877  | 1.004040850819478913891202864761 1.352885917361071665965255306219 
0.238054707127171916170027543558 0.386293015350952617659174848086 0.871125723083212233355254738854 0.185257343487019277006311313016 0.703353382512271085857946673059 0.196646017747574841649793597753 0.275885485484383963239451986738 0.119624572227134740032283843902 0.516891534735854696336332381179 0.171040209362734341169698382146 0.358080909285135917663467353123  | 1.588721366529165068826046081085 0.623410464109815487532273436955 
0.575593212900649353613857783785 0.004729256203092058186143731291 0.942216337973107997960653392511 0.073849910580452871045054052956 0.376572155362866589634052161273 0.722064191678288391784690247732 0.412710392074879250934316132771 0.034730480422990539501881812612 0.212982578361080254758519458846 0.334383623108384431255046820297 0.577407113329734045237273676321  | 1.253354095212382723900645942194 1.592922828320725958661796539673 
0.620442385527206652362508521037 0.890811315673797343706041829137 0.311581847823047541901075874193 0.758035660301107916403395847738 0.939032006335676405761603291467 0.275227798372084109246316074859 0.463894187139763047866836132016 0.795410916141193191641889370658 0.424796252268672236418467491603 0.367905217683320295840587732528 0.223927839829754171674380813784  | 0.946692472207434021491678777238 1.395100030024659654159790989070 
0.419003521639254139508068419673 0.419484727009601932046223282669 0.773105146993448344439059383149 0.746548157928405786698533574963 0.098535451179463384718815177621 0.598661185121019734367564524291 0.922673863880640321433190820244 0.933174755899683239235287146585 0.890560818748982185866225336213 0.658312651734628051514164326363 0.259162336703797402392979165597  | 1.514713139055835711133113363758 1.171139086134701301489258185029 
0.739416303176249289919041984831 0.898030702815929449123188987869 0.984277607890283068314829506562 0.233801585465709615974105872738 0.319727500639151562822348751070 0.266345427698975845132167705742 0.203795748215446326234712159930 0.419865864451888781694322005933 0.940102029029337593613036005991 0.875594459366722754900536074274 0.870149489443851620329439811030  | 0.842478448727794315686878690030 1.941965825474729179234145703958 
0.162365175521198445984794034302 0.452122201443958093847186319181 0.765772616477417344960088030348 0.930248235518822741418887289910 0.450097859819169054951260022790 0.177350034304920578520636809117 0.520963387106115005664719319611 0.594217670855214374903141560935 0.254069345327301632231353778479 0.424906153385452678428180206538 0.685032394151667167747632447572  | 1.426618397515174496703593831626 0.371948361799156190787840614576 
0.346416604468464006671979404928 0.683054001269310595567674226913 0.334433607404203581126012068125 0.478541452546937140510863173404 0.737786583788005323469860741170 0.178908806609169634960210260033 0.715002979783838976679533061542 0.946637150662104409626351753104 0.130587874892938105020334660367 0.157541248877845263542951670388 0.680340356497869058749472515046  | 1.499810529627710220523795214831 0.907512537663370588703060093394 
0.015216856307074588805505754863 0.441432358379195921571636063163 0.595670484779909470418601813435 0.486909804891718311914416972286 0.509455181894666764286228044512 0.533645951620940306447948842106 0.345313056322024136690629347868 0.247446217963751657897830682487 0.846941830577205290175868412916 0.629710168974539796771239252848 0.164934176311952507276714641193  | 1.350763785214876833151720347814 0.032292892365825456857386654974 
0.994578573624149253618043076131 0.088072752841781176691426935577 0.400131553459941780026554170036 0.415481449910152789151140950707 0.264227577716816153241552456166 0.444132411333703180922327646840 0.754265949290513604275076886552 0.175557838965143209186692274670 0.711675501072523641887812573259 0.128574461810859297372644505231 0.581875054298404026376090314443  | 0.013667024063251162827037354930 1.604833638719130872729579095903 
0.217690346318060390373716472823 0.969060751583208479509323751699 0.792369227086513694402469809575 0.724057015859242092403746937634 0.779435622807257533217750733456 0.694340566320779561948484115419 0.886219912830948475246373163827 0.594788972707313456922406658123 0.628148241402971097002705391787 0.023207658866646330153571398114 0.532655006546658649213554781454  | 1.765993622743904589711405606067 0.628568767149120799508921209053 
0.287188025132005586570471677987 0.771194042853268091342044954217 0.842175482677041564727460354334 0.049966306359227274924705852754 0.761868584394767789369495858409 0.256735809389298852423166863446 0.150085259521511193980813914095 0.074885065079874246762869915983 0.670640204094939074153103319986 0.509474555186523958560940172902 0.634741103395940364784166831669  | 1.684224292100228836943642818369 0.815888132927893527934770645516 
0.554479539458451298195029721683 0.752558553105799554749921753682 0.260851106228876750137146700581 0.768725832204796843960536989471 0.386539579522655940557740450458 0.990945963924596884275786123908 0.167201527854846876408601019648 0.436247308572158543071850544948 0.271321336046896788296578506561 0.085551383790555601827065856924 0.387068614904103491802800363075  | 1.158526783962840589481402275851 1.375948728293342471218352329743 
0.418224699512549591418064665049 0.063015478233250821205047031981 0.199721779759712725343945294298 0.738261139041398672944183090294 0.691470468943898741720488487772 0.295346749962796861765923495113 0.485577633568983868528334824077 0.590206021187906437752701549471 0.479624909453028602790425338753 0.090049111232078260513844725210 0.323938369529210179464939756144  | 1.286182351221225816928495078173 0.991932951035222498781251943001 
0.578598197655257218130486762675 0.765390450064001415242387338367 0.861001910451701490956111229025 0.511669024611016598491630702483 0.183281305104826430785180946259 0.367726369767857663717336436093 0.184611875040546324910906150762 0.544473973217676765479211553611 0.692327153238700754300793960283 0.310553718251507238079511807882 0.132138962527504788546650615899  | 1.000855854749671314252168485837 1.284445556857278125661991907691 
0.581992136679104987706523388624 0.374144527573964102984405144525 0.661041537625991271198699905653 0.579713843047544807873805439158 0.956079427279380889004301025125 0.194749443887049733525884676055 0.299442222744516595156483163009 0.142570607833987228474370567710 0.433001637678739892400869848643 0.053030097093630046423129442701 0.197138913899927326056626952777  | 1.106888992274885241684501124837 1.436250555065700762469305118429 
0.447255673324057911877105198073 0.263577285021784346596973591659 0.284575856295225859682318514388 0.900866673943066298413384629384 0.745066784778282253931536160962 0.966803954416684763195632967836 0.664426617037243705254923042958 0.302913834327081410435766883893 0.324862680145977633650034022139 0.090267130178263599304955278058 0.862152386219750543894235761400  | 1.477970974941129611579526681453 1.251328109881050920648704050109 
0.442004834854292316670409945800 0.128712143701371961590496084682 0.186733695525691856254013600847 0.012395051948691837573335305933 0.329904426298605613077086218254 0.587487684807302068534795580490 0.480167881292777654067549519823 0.076571892159847054770693830505 0.786109161046039006670582693914 0.244498007070116263328429795365 0.985223061833809699017194816406  | 1.592798479407904199689482993563 1.326148473644293002138283554814 
0.009985381139620774781917589280 0.002582865859785399287318341521 0.291005465717340761067077892221 0.427893183922114395123514896113 0.010770893667571002083604980726 0.584710959625917570114950194693 0.845139236409624183821165388508 0.512820955036343839594792370917 0.425622494194834555258921682253 0.021024535202128769029172872251 0.253735517509279584480452740536  | 1.957463341274146673143263797101 0.030705330613926516691858381591 
0.675123319885737815937432060309 0.998849524231950947061875467625 0.069664189756724281821220756683 0.054569161403454469194684861577 0.355331317819165826144001130160 0.854707448741940711833819932508 0.956986288410374696944415973121 0.212159271945923100233244440460 0.233981826091660183308817977377 0.346029801481465781876067921985 0.337494129608988724378093593259  | 1.070572087202238620307070959825 1.912512923244933604749462574546 
0.388921465740154403967210328119 0.651056156486370496416782316373 0.577130977187759408586487097637 0.665073961562040127937223132903 0.766856259964935338402369779942 0.288671329076945593072878182284 0.557859648208069658359420373017 0.587862401269115708579704460135 0.540209142057286206828337071784 0.771516419705092770797705270525 0.426231138121929142847932325822  | 1.035154802178389399358593436773 0.724902140004369477388479481306 
0.009841767512504762116520851123 0.609452536409488043744886454078 0.902017149711115351351509161759 0.675402595021557972110315404279 0.912234793013230294000948106259 0.440701864520305020000989770779 0.947582516507915584291765753733 0.470155231404036921816214089631 0.133280841767888902360539304937 0.649993114273827443660991320940 0.208023008762632133361591968423  | 1.821052136805206389524869337038 0.028154638686109782763633546665 
0.782682342219906179714428162697 0.849239565916703131875920007587 0.623473586208537433606124977814 0.678848269812235116660303901881 0.010356707619542659948308482853 0.815093919730737526130326386919 0.309715632194911716368324050563 0.497437831969093413597704511631 0.686638358862046604969009422348 0.397360660564693990437490356271 0.469776239082334567953580517496  | 0.532530425062743506536833137943 1.498946525932731255181806773180 
0.231066446154692628489613070997 0.864774327595411618219145566400 0.418051416409609633006994044990 0.401318357258082958338718526647 0.682693809914802218763441032934 0.169736641388066211710849984229 0.600586162023113545593844264658 0.984920629674529535257931911474 0.073442018694213184737407118519 0.783580286105242662664238650905 0.541842478117848913576892755373  | 1.683993796479712923286342629581 0.639554041916045812321556240931 
0.348856409958123503400884146686 0.861641180994092148459628788260 0.271886819183548289480256698880 0.731857731610628392537876152346 0.175859178929705595173516030627 0.946629580790832036996107490268 0.397065352215185574102918053541 0.924266193896748466940493926813 0.848591969512372368278363410354 0.650855770746942119409084170911 0.991560805175460413529719971848  | 1.807558008333772781028869758302 1.103211547395285041517354329699 
0.181279917404035928463201798877 0.346064531033066780096874026640 0.800299633966628509718077566504 0.348804843555325705395375734952 0.887352971818862634734159655636 0.875165838293267439595979340083 0.418125759881049496868854475906 0.939622980034172661234492807125 0.786595790030563235539773359051 0.352789119427715958110525207303 0.226261481407262099452282200218  | 1.733504636664958908909284218680 0.507411230799002077596071558219 
0.067610058291639130167993698706 0.553160739752991847950625015073 0.813761414027465823650686616020 0.640347973829682004520691407379 0.066216677920069466622976506187 0.215724784897287191753889601387 0.294296052474331326642698059004 0.186651260977056865364431814669 0.252927762058641869558073267399 0.283756814865883666421098041610 0.934090372707533811436064752343  | 1.816400259279767670506089416449 0.193633200963822804663294618877 
0.198383795169761012466835836676 0.631912781033077020076405005966 0.497568352408199188197102103004 0.664292176586475879851434456214 0.014794285764109016412248820416 0.960910788639586010972948315612 0.610084860150230778863544855994 0.811472520568779165373030082264 0.979234900683644493568635880365 0.530153259048161906719087710371 0.444470656124129392949839711946  | 1.746674798784877857826813851716 0.562630596855195452832276714616 
0.511985208167695660108620359097 0.191789935002347533554711844772 0.333708298966443828170724827942 0.129533070161810370812816017860 0.355975227360600388060163368209 0.960238188193431541073152857280 0.918703951754460068634955405287 0.857717233796925992983517517132 0.489284233630911336021540591901 0.355191217140792048212460940704 0.095928647899481633842810879287  | 1.373527124319010361830351030221 1.426242718152926247654477265314 
0.577884366128208482038530746649 0.337796446476014478044191946537 0.099944950577551372461471146380 0.678290826521506406976413927623 0.282337404204356157144673034054 0.382271066451076557690669233125 0.963355405257162455967545611202 0.238507109362141589414818554360 0.839383250178162954036054088647 0.012325904491815919961084091483 0.651126658355874021744114088506  | 1.193082001787292956151986800251 1.527602444153388860925701919768 
0.901593874908937387147034314694 0.288314425798932849609457207407 0.157014908552978171840663890180 0.553644672852418806563434827694 0.745632768131457068783163322223 0.062150532520449108808691107697 0.979384791840741120161339949846 0.867891838276103166904817953764 0.495071885630789965127007690171 0.736977247776350763430741608317 0.712418841150847081955532758002  | 0.290037149245710224043648395309 1.861372239387148130873583795619 
0.457232091853510214107814135787 0.235877047899257341612155869370 0.302551527353667526476499460841 0.890115286489594925711799078272 0.115779834319735819292418455007 0.616005225952824919666284131381 0.904313856772700708219758780615 0.870656695607565311867404034274 0.320401409608721210453552430408 0.695583263345392222021246197983 0.359000544991598058430781748029  | 1.365350526050541635214585767244 1.193208334953269833533795463154 
0.619586876541261100115320914483 0.846441694052325166452988014498 0.762698301677538492704400141520 0.726479859965176166802791613009 0.803895880086607839132284425432 0.056440187297811972300110028300 0.065839752437322096589866760041 0.917084368163195384759944772668 0.550768467207420786557747760526 0.576578817848026226045021758182 0.016913322536905694981612668926  | 1.200457954947108385468368396687 1.763956862893983013051979469310 
0.454812687225996770123970236455 0.621289457815596746215192069940 0.672300978308300156705001882074 0.120098179461343046448007498839 0.657686660839764014596653396438 0.028588665264865142923156327015 0.741937399477190173691099062125 0.873279007678086416355256460520 0.450877360368091339992702160089 0.225271952291916321975406845013 0.257482956519487271584978316241  | 1.337486111050776527164885010279 1.159921646135249728715166384063 
0.642213183130622256022945748555 0.480358074036290272346150231897 0.831849132469181240523425913125 0.519639102526817664440272892534 0.655791206485900390887877620116 0.159459525170554616835261185770 0.182066922064329617114708526060 0.773543497740840857446187328605 0.095241536328620535201139318815 0.100358191148453235186366327980 0.325015057060911161102012556512  | 0.949182897903194211508548505662 1.507229402247579397311483262456 
0.271401103262027154627844538481 0.702202221326981401716693653725 0.932355215036822060348242757755 0.073331789823156912078161440149 0.942052353059106062360683608858 0.321698131000977105564686553407 0.839303173011238023981661626749 0.753134486153599791435908628046 0.863698240098264347075485147798 0.261541480782755741962830597913 0.231960139561593892132407290774  | 1.891328664450013574693798545923 0.858983761600886075449068357557 
0.978394091379770070027177553129 0.660338344223045270453553712287 0.073014440050718443231403398386 0.635421760283445546946268223110 0.784156093483643679142858218256 0.384674754245883043779485888081 0.214865489121664920979526414158 0.160941884438166593618291244638 0.513516341281062604906537671923 0.585457047250757200984594419424 0.524345340212640564914181595668  | 0.051737736057963536195902776171 1.523871058593365912514627780183 
0.746083502903871931266621686518 0.437683244616627331602387585008 0.455078756703149012174947074527 0.101693658759626437415590771707 0.124084972260989911951867270545 0.992507962614165184511705319892 0.975032015104089322399261163810 0.229070336206443680993061207118 0.737275644836788202063360131433 0.263778836383305903545704040880 0.591114447127732423048485088657  | 0.764247872308780995531662938447 1.813422044567206903309397603152 
0.359747977032841004252361472027 0.440340838746706264572594591300 0.141704088081572976420829945710 0.997348316616718744143099684152 0.955574225214146699691752928629 0.106515639193744626744830839016 0.089122914194442737212398242264 0.066202606122208296213216272008 0.010406463170251400995880430855 0.096541072081320677966687071603 0.128696841849559651116408076632  | 2.228754076304451103851533844136 1.413173001413046803165229903243 
0.956012733823649707431968636229 0.085765629565309309256804226607 0.081955857910190332837885307526 0.200712449782751378712930545589 0.057765866410928179419670414063 0.057981949803339705162841255515 0.781035535126675672934482008714 0.120209521224531212801878155005 0.871287854942009554193305120862 0.587739412224122959038652425079 0.007622266878721251082140497601  | 0.168325598560801842351608570425 2.432267982926268778953726723557 
0.111087774199248978668208565068 0.572607238003981056095881285728 0.632990951076450647505566848849 0.800348264977533085939853663149 0.324349814384258361421586869255 0.883728947797091324289908698120 0.646618846959855164691077789030 0.774575325903821609863086905534 0.195338874660547445749614325905 0.221553676391342491136526859918 0.881853019298449392060490481526  | 1.678437962158822127634039134136 0.295890458223971419826625606220 
0.531641502373485619337145635654 0.841370640862599161735602137924 0.679409026459795839514299586881 0.698390463918334369886053991650 0.302718896335692710941600580554 0.014153039338913542266595868568 0.103176018027238414198620830575 0.455534391477722899743696416408 0.804421512124081528050112410710 0.404135818988109352112303440663 0.874795647961862377073316565657  | 1.251491993717291473231512100028 1.382516320499950213118722786021 
0.849943832392504372563735159929 0.447456489824427761092806576926 0.990605884560377458747382206639 0.551477734257008855855985984817 0.359517011537714537006138471043 0.174683750126556236459407500661 0.904720521822185319571474337863 0.853546697039696877773451433313 0.617159989423450738854626251850 0.816539121223910813185398183123 0.164409102372293558502747146122  | 0.440675560624461615244484846698 1.834832638686343386780208675191 
0.218787162355363773436067731382 0.259851068783123584360339464183 0.465706814243233124805954048497 0.114203584351547537956150790706 0.427106612733948787230531252135 0.390732450276108367326344250614 0.763483709786515585271615691454 0.996253423831337858729284562287 0.993365054054082263768066241028 0.673162450371836751372711660224 0.551876914835540355319665195566  | 1.710482344174276470027962204767 0.612133002944782123044831223524 
0.210969981603446932183487660950 0.232012025517685960274150147598 0.753255959958323617620123968663 0.067159981850550720672288207425 0.506504215546330849306855270697 0.421518523588961135928343537671 0.945525771097974976342470654345 0.966567333119824234621830782999 0.734192715184426081265200991766 0.390462277455270512227514245751 0.294548652975338165482810381945  | 1.753826408693164307095457843388 0.603455999853551028344611495413 
0.408198135631687497593134139606 0.414203788721086874069499117468 0.540497196194409501579514198966 0.858643000141025236615632820758 0.769525363445543786333757907414 0.219512234225906377460546536895 0.383842875627713242536742654920 0.431855164874031860477998634451 0.225300252560004632407242297631 0.888487965244367128292424240499 0.858479052001648867964433975430  | 1.331870466338049840970825243858 0.994114352985343674440343875176 
0.414148353798561408289913288172 0.127532111624255484194634391315 0.487420482314887437702566330699 0.070706870818006750667450432957 0.260897079380589924646471899905 0.036016036176687693526332623151 0.949030175931392050436841145711 0.382902988535120392121768873039 0.458610047890134375769832786318 0.908228314842038142451485782658 0.115751117208078291298534168163  | 1.692559445846574694982678011002 1.288141162423145358317810860171 
0.056994212369157248865292331175 0.696057231585039293264571824693 0.143279598625321358262851845211 0.945313222816627662936639353575 0.634186553932146734879893301695 0.046077521681160082955841517105 0.084021333594153091439693525899 0.397647755197544361394079714955 0.432696245596197570648655528203 0.732553937498261698024748511671 0.993486909795359141028825433750  | 2.065393336302819626837390387664 0.185402618574392774597470179287 
0.371363103538756456067915223684 0.607227762241584256841520073067 0.700055230552986129666237502533 0.299574501109693303035896860820 0.903311967961220929623777919915 0.692776838968508834604165258497 0.735356344450747934082812662382 0.957349017877394570241733617877 0.724132274440444700935870514513 0.093266866945405979549832409248 0.302741666761408789732001878292  | 1.511224653944423179652289945807 0.997327550200268975189032971684 
0.116260908309607668975615979434 0.696261747589166368754831637489 0.371102750265511427407716382731 0.363224616921009491044003425486 0.476205300772333472991704184096 0.311339217165828241462577352650 0.920489811438664151665989265894 0.650171381590272989825507465866 0.992814522257726150833434530796 0.861852407379140594834154853743 0.675644198133425799568385627936  | 1.685514453195141371111276384909 0.311280581959837876482311003201 
0.420716878925727733040673683718 0.169134092655653045511598975281 0.251415237899440979774112747691 0.069470132892557656667520404881 0.919937733116213074424649676075 0.480530907666492312912964735006 0.739078325905523025873833375954 0.489943908109256698324429635250 0.931138947366972558050690622622 0.134346777561204167028563460917 0.369829055269644046965993311460  | 1.521405504363884331198164545640 1.182869490236569287588963561575 
0.034265244678849504644801982067 0.184678815553478647970564452407 0.954445962508399081691834453522 0.564635331791423555891640262416 0.664913285911176266118616240419 0.585805559010382559392837720225 0.906697687762786919130064688943 0.147270830724306134307255433669 0.987738503403373990785496516764 0.465579735617805301473026702297 0.064179690111431098031857800379  | 2.060530836471681670474254133296 0.111012657448472121246574317865 
0.834204824205898698430416970950 0.467635400491895558694466217275 0.524596343890899929895965669857 0.465052461276493689368294326414 0.794662283781719103181728769414 0.014551200701595434772173121019 0.477710022081331286969430038880 0.952165337929705257735690793197 0.993475611592738672150915135717 0.503543001686102442704395798501 0.440224156171783898017224601062  | 0.457678010213443176024128433710 1.717478609148462842526328131498 
0.472880984680380089812956612150 0.330226175283342082700244191074 0.265309256430843798391094878752 0.718633152407742281653213467507 0.738330876460109752912330804975 0.170721012659324378191172399966 0.292435731966218304123117377458 0.138326715430062141543032794289 0.945996036221099845242576975579 0.315003163358034798946505361528 0.650681172691802367502589277137  | 1.271820408413655512092077515263 1.167832086784915679444907254947 
0.632082057477735270722973837110 0.536897926059612728977299411781 0.895589216429113932349537208211 0.951608956881433543095738514239 0.846286755889334552094283026236 0.125827527656945048484260496480 0.635620180888677555053334344848 0.515104500176394863864004491916 0.909687069449435337098464060546 0.682168586540687127417470492219 0.917173877239625290336277885217  | 1.100989085553521151794598154083 1.688101301615213989393282645324 
0.728909936483869147494374374219 0.778534253219060889961156135541 0.739243957609215573967276213807 0.654628476685369276033554797323 0.761897755258750031259751267498 0.000747449445413272961502570979 0.319222895449932320133257235284 0.638703215400754253927573245164 0.996020062131142025485530666629 0.232207444503513604772138023691 0.088269208457749659402225006488  | 0.832659706960916734530542271386 1.835749460645925923429899739858 
0.869675652195443849024059090880 0.303764789816596714189245176385 0.932553274313688285168666425307 0.128015359851563537141316828638 0.690216342581268627043300512014 0.955088730881353376034326174704 0.300984074834971582212972407433 0.861910975746428942301236020285 0.829959554729127746419692357449 0.549075189935036234167853308463 0.924517754756463361331952910405  | 0.420671262664247425089314447177 2.026145629551978633031694698730 
0.785466813951208431276995725057 0.607422466651274639559687784640 0.736142524792624541873919952195 0.016128030562658213220572633873 0.275307243092379860804896907212 0.823081545395962010935875241557 0.190267582670955226475939525699 0.992728162147325399189412564738 0.184320106236170122571138563217 0.801520940771029644089651355898 0.476860922549238064327425945521  | 0.656703455710062389272252403316 1.874413049805499165145761253370 
0.098018730779828477928106167383 0.177040047973094138988869872264 0.848957500212298432629154376627 0.434566086643513038723085628590 0.238167738345636093022505974659 0.164420372114654766981800548820 0.448110372848793514499732282275 0.645011961386128263029604568146 0.453092187611605856645269341243 0.820721617962674621082896919688 0.083006867542699036555120528647  | 1.693914655195358998085453094973 0.262888373338261038814067660496 
0.612380171303149367645346501376 0.110122402477905501072541483154 0.344186490230158903536050729599 0.110144231096710010220363074041 0.109699497094286835263687862607 0.360312937796297694248437437636 0.692022954780432852928129250358 0.719419486778480110622524534847 0.689440424393361728228057927481 0.732853771003455167765139322000 0.927388995712839503404723018321  | 1.062614306884228865257568941161 1.524027550553945120626053721935 
0.301673330669822825633730190020 0.641225226829387096039170046424 0.477588428712275137044684925058 0.912940255046451598630596890871 0.566181362801900234238416942389 0.081055157104296227110751260625 0.474282843286099486945772696345 0.547909689282348510985798384354 0.049674564618736538612608910626 0.443257247071621396372620438342 0.416583464583837992378789749637  | 1.411940975995314762059251734172 0.724100869174129857519517372566 
0.483043171853922093106348256697 0.849546406770989248613545896660 0.515635188548414169495970327262 0.580093940103363125970759028860 0.610902240651194472498275445105 0.190839843738261571992609333392 0.752211478652142107037548157678 0.469646616932830052171254919813 0.857052235154603381239724058105 0.205098267977983250709428375558 0.096026389557846703048937797575  | 1.218358707823616216003870249551 1.155124315758676578624886133184 
0.874568695647819471794548462640 0.808753529079785038469196933875 0.714454699892835387586842443852 0.634082016262992764765726860787 0.345493116683686873891190316499 0.277327327624503627845342634828 0.426546799345425164950995622348 0.103264949131873895460387302592 0.327238097484930157143878659554 0.928951233266889553341627561167 0.048344166161091939315497256757  | 0.354978913377329896583489698969 1.778302154695795778138744935859 
0.733782800901472742616249433922 0.432374035628460440250364626991 0.951522914789590945616737371893 0.388621331574646844408960077999 0.648785183566240597485830221558 0.868016432745430388528973253415 0.454172117647866691036995234754 0.700880708959463749607721183565 0.351075001029844568911641999875 0.225954632388095655315396470542 0.407281903325166116935918125819  | 0.620001897328066098324939048325 1.395197232658405894767383870203 
0.014096012920058798023603685579 0.469617794582339431741502266959 0.301390702016924971751166140166 0.395244797201451447676845418755 0.726230921533304929482710576849 0.346529838096745979036938933859 0.442092159153976482777181900019 0.262893625047936563277062305133 0.629588821871581272304752019409 0.600150898227909346260844358767 0.372722097402933272292102628853  | 1.228370609269328728174741627299 0.027202985144451349158734032585 
0.592881060668295156723672789667 0.743805627810802394428435491136 0.480566219417991158380232263880 0.614658448012309288621679570497 0.692433825529649382701791182626 0.825497659719858889459942474787 0.679893256536918122456825130939 0.478043925385153944951355242665 0.989085129423754705335625203588 0.715702755624374242771068566071 0.131968170824077524194706256822  | 0.996628632748053355783213191899 1.339971752108119584789847067441 
0.623591774382893593298149426118 0.108353285223248052560052201443 0.565997927183304327947155343281 0.141284446068855040756773178146 0.889449141721336600241443193227 0.356966681450690659360702738923 0.743415695399525122688544342964 0.510522397057857402202785124246 0.763006108824006767932246475539 0.833132764509910139771875492443 0.244979873776238199489796443231  | 0.982763861618127121388965861115 1.463790194813006095841956266668 
0.208602630851875692208352575108 0.341732602489902115294739814999 0.041200955594697608042054071120 0.601687488872884479462754825363 0.796761108206512469465110370948 0.811888351333115876329316051851 0.410831123602224512758596119966 0.501740437765071267683936184767 0.249057976729971430884802430228 0.570300240775937994364142014092 0.744697671477718037280624230334  | 1.483599864917861221869088694802 0.504314288558601497847178052325 
0.716671280004086197479296060919 0.819554743965513421422031115071 0.765029557191753251110810651880 0.540431898342992544925778020115 0.302018505562126060581817910133 0.564722975926530090795552041527 0.343914027508773090247018444643 0.607659305630319446223097656912 0.715432235330238253112611346296 0.644275794501159349003671650280 0.180963248410148658251728193136  | 0.612324166066984032497089174285 1.283788252602208412866957587539 
0.224637920806101232251705823728 0.092788071165049279542813565058 0.053512194711549332382105603756 0.685029965938607321440656505729 0.744842349223861499574184108496 0.645331050947464013312071529072 0.451005273714820686947746253281 0.218757698269356759546155899443 0.098410460462838078576908174000 0.123664120672961841407300198625 0.022580819892357162359530775575  | 1.963865559361090529222337863757 0.723239548391337638832965239999 
0.999107956333084357147811260802 0.763894939413904960900936202961 0.795103704046795867199648455426 0.927404268337896131590980530746 0.285065761376866344534164454672 0.377874750974792061875007220806 0.047697732220426392046874752850 0.424362153497224614540073162061 0.371788728115601152524050121428 0.524308865193758077971608599910 0.908159539052655340185538079822  | 0.002514394226554860899830456944 1.794432371304193418737327192503 
0.464077490722088703556380551163 0.385034678773155669695427150145 0.916646525262753808505067354417 0.796661070556287320698629628168 0.303454486739141326978597135167 0.058385729460917801247887837235 0.765680047833995902628601015749 0.117675057876542754620174946467 0.382127490795089452824129239161 0.026222175506881439943640543788 0.110192170389037613631444401108  | 1.577896960544737048337537999032 1.409166950826891806514140625950 
0.218068481816940273887439616374 0.018620135702340445682523295545 0.602579532539800122314943564561 0.032866168792607508564174167986 0.016784647286320009129667596426 0.483426855264328381167615589220 0.216674676388204923149771730095 0.871183225755179369009795209422 0.522602508555511602317267261242 0.320335517980493422740551068273 0.344882551888485044955245939491  | 1.854738121335418155055663191888 0.661397022843473236797251502139 
0.295245878771755343450422515161 0.856870018139097910925272572058 0.076354407620903841369397468952 0.916983826788970390886390759988 0.768061905370242770096922413359 0.040459540769631763268421309476 0.549273576169401644975209819677 0.949752187496242350484010330547 0.526600736624616594383496703813 0.798835757615059205427598953975 0.198415745299219792308065279940  | 1.922372270923262016495414172823 0.961482999016631589839221305738 
0.982595900776011665911369163950 0.835443712894609058494665987382 0.666409830236266875758133210184 0.142262816684061377259240543935 0.612464882154856504747897361085 0.434220626428500677818078656856 0.735330843005028378378540310223 0.881735784074633155427136443905 0.252480894917782472397504989203 0.499978311336845560042263514333 0.678772438352590934407260192529  | 0.043175294347125567351319830323 1.578903785001089632444859489624 
0.419012387525419915945690263470 0.499857825275040523749225940264 0.070534250198798220665707958688 0.208711353755962503164766985719 0.460890924185821670988616460818 0.533998064318452647647461617453 0.656300248126981844443150748702 0.331329187345969389255628811952 0.975035289024356432996398780233 0.958407351556412989701527749276 0.937476754097472109172883847350  | 1.544265742414585362851653371763 1.194022797978283589870329706173 
0.586198921158096464267828196171 0.718230779963534016197002074477 0.814065169780275654787260464218 0.468010773844532268483931147784 0.391975899224650925489754627051 0.623417231149934525369360471814 0.505210175721686249872277585382 0.947906864366588775006050582306 0.290891332501853061565100233565 0.228456386314404458204307957203 0.965587586899157801489934627170  | 1.034300814981622185229070964851 1.360564074389132294129467481980 
0.518641824365494885640259781212 0.923807094187209187907683372032 0.613853781267187592618483904516 0.516926822011279485380441656162 0.412892605065530160501907630533 0.007963322632242419985004744376 0.410292301569357698021178748604 0.988604444237058954669805643789 0.664035269853511578297400319570 0.013553364542515655699617127539 0.320210589747398910454023734928  | 1.362042628172515312812151933031 1.444241154433769214193716834416 
0.898462666582684921223744822782 0.138877653523431732196513621602 0.330784905630873926618562563817 0.953996735589967115309661949141 0.572448766925099494784490161692 0.157297676944750719485455192626 0.326334956346307825114649858733 0.021390560902930344511219118431 0.850928893248470430421548371669 0.907524412797366730742965046375 0.754139514461607207707061206747  | 0.333661568598624669323982061542 2.074225371511302817850719293347 
0.869856125995451257004731360212 0.147768005870771990117873428972 0.218455722496852189351557171904 0.998611100887668912129413456569 0.917293804417221192437637000694 0.322438237939498217876632679690 0.873772461442390735442131699529 0.842188593348424774376326240599 0.511373867099786605372457870544 0.014737168499079356109859872959 0.405459022982904260246073135932  | 0.438286646717874539547210588353 2.114000111384595204100378396106 
0.179647235527641613295202205336 0.172071583616113299441963135905 0.069833700232530770968253364117 0.130106018554947744370053897001 0.738529176380012919445050556533 0.702303512537014729133488799562 0.758880420420869894471138650260 0.817737612079605713510943587607 0.632072395210105164586877890542 0.916086193194541764661664728919 0.735270027909626033846279824502  | 1.864348551574247503381798196642 0.540523232234342509983093805204 
0.810706367166167285454037028103 0.059925655318668447080199257471 0.598154647849081011479199787573 0.244207893353878935371881198080 0.404961508653082336017803299910 0.506599074834017337742864128813 0.030613059949367582568413581612 0.968453094562354843688467553875 0.354683924872013722762176257675 0.123398993550733027113608386571 0.007267957265708280267801910668  | 0.622085879972460120690413987177 2.030134039101387788406327672419 
0.909069925688129831797823499073 0.208394758284283332372410768585 0.337279586483637872085239450826 0.240821021449416861059944494627 0.938129622399711649016751380259 0.280186283014409953651124851604 0.250075267857046035224755087256 0.961731757316496849163911520009 0.254672944121645761228478477278 0.502472977667793196943080147321 0.266390271372579756636866932240  | 0.257561294069558133212893835662 1.790959088091024220545932621462 
0.222791460328889967534848892683 0.595514877721247892772282739315 0.894071080271298668229462691670 0.974294119076018483305290374119 0.913089783590871784113573994546 0.921373447693225489096846558823 0.514791486068913006768354989617 0.820315833299102847853134790057 0.939071318235011887054497492500 0.399455589589593484944884949073 0.746457132444718229891122973640  | 1.976491313367920499288743485522 0.721386073309242425999343595322 
0.140500048605063709850071518304 0.309385796808722357553733672830 0.790216342603385579757002687984 0.580014217933583320352397549868 0.081617216490081356816688185063 0.935642839042679086425380319270 0.562002310334014820725201388996 0.261298599242740570147702783288 0.053005411182582506945948352950 0.150786078861258499017594658653 0.677174257859848416352122058015  | 1.859534351292935872024258969759 0.417189038219952790242928131192 
1.000000000000000000000000000000 0.499996406713205499006136278695 0.499996725498552174737909581381 0.500007551983482789736967788485 0.500000165692272680040275645297 0.499998681719650284183131816462 0.500001722941056714333285526664 0.499994294705543906864875225438 0.500003316826142296669388542796 0.499998844839744438495188205707 0.499993823444212448503520818122  | 0.000000000000000061232339967681 1.000000000168436375957980999374 
0.000000000000000000000000000000 0.499996406713205499006136278695 0.499996725498552174737909581381 0.500007551983482789736967788485 0.500000165692272680040275645297 0.499998681719650284183131816462 0.500001722941056714333285526664 0.499994294705543906864875225438 0.500003316826142296669388542796 0.499998844839744438495188205707 0.499993823444212448503520818122  | 1.000000000168436375957980999374 0.000000000000000000000000000000 
0.000000000000000000000000000000 0.499996406713205499006136278695 0.499996725498552174737909581381 0.500007551983482789736967788485 0.500000165692272680040275645297 0.499998681719650284183131816462 0.500001722941056714333285526664 0.499994294705543906864875225438 0.500003316826142296669388542796 0.499998844839744438495188205707 0.499993823444212448503520818122  | 1.000000000168436375957980999374 0.000000000000000000000000000000 
0.308798840084123726867915138428 0.502090225226359931909314582299 0.490426622502781683898831488477 0.498734464586186310164350743435 0.500717310672480153677099679044 0.494447322549534162838824613573 0.516919368736412532250312779070 0.499723881454562424142551435580 0.501400893073979836422893185954 0.502632168267954093643368196354 0.493224897027682629424560900588  | 0.885062809432210495508286385302 0.466480703198762058914184081004 
0.323502118078813682977568078059 0.490656669373379483722885652242 0.499397892989038971744975015099 0.506901177188731955070011281350 0.506613844089711218288130112342 0.498485091095757004708843851404 0.498503788125040148138111817389 0.505177042444869051074363142106 0.501297773848706884614045975468 0.504760485979352413465903737233 0.497810524430998657674507512638  | 0.873852494012663738587320949591 0.486683558773040314537894346358 
0.795505527754894581349276450055 0.502090225226359931909314582299 0.490426622502781683898831488477 0.497521349860168937695448221348 0.499634132360717353460444201119 0.493557677629805124919215586488 0.491923265450300573053965536019 0.499723881454562424142551435580 0.500978731687362843771893494704 0.502632168267954093643368196354 0.493224897027682629424560900588  | 0.315806605000112039505211214419 0.949100654816314337480775975564 
0.845877201134550005257040083961 0.501520842740630135025980962382 0.495853846686740373783663926588 0.501872364096039635938950596028 0.492967808270638241374683730101 0.498406838411449892856097676486 0.502264796140057367956899270212 0.499079786217184184771156196803 0.500262545642735756423746806831 0.491088396074793875900610373719 0.494109755399349370730277541952  | 0.239784353533027627669582670933 0.971027195104283147308876777970 
0.956408935723872755119145949720 0.501509723443566368672463795519 0.499651210021072156308719058870 0.503150954103961156604896132194 0.504914716058464940751093763538 0.502086990211331407607531218673 0.506157552177947667182422719634 0.496965695096960369259164735922 0.502173151390199468124819759396 0.491550443923450652849993502969 0.493281557044728535821320747345  | 0.068433504847119283609480078212 0.997865388218133197995030059246 
0.913824771737812291405589348869 0.499237953496669550901287948363 0.509842012546117051563498989708 0.514343767585055955393613658089 0.490038404694145834916696458095 0.495876048501901367515642959916 0.500065591475440829327681058203 0.511355099132566603969962670817 0.508842756443386723397281912185 0.498070861905439643546600336776 0.493674525082980375501051639731  | 0.135041182115275687491973144461 0.991516479233397585169029753160 
0.632796096388564044410429687559 0.493795755535846148109868636311 0.513107758215159526216098129225 0.486865983261459855935271434646 0.511157482190585654713288477069 0.500971201337110261242457909248 0.497731350011618722817274829140 0.508172904483864651403735024360 0.507385053043314937504248973710 0.484952734818143438300097614047 0.495299273457182942514975820814  | 0.545828258569995949933684187272 0.838950995362178764125360430626 
0.860526243988750105806673218467 0.496917960656141688424725089135 0.508309244501330304011332827940 0.489715195494252963914760812258 0.502682990798519080399842096085 0.492490284547918433233348878275 0.509116199348238041011427412741 0.495330746090060280995004404758 0.503256545638653740581958118128 0.505838267692688470233974840085 0.497198168246275773451969826056  | 0.217424552451137537145697820051 0.976492422784681735059564289259 
0.209743229051609414437251643903 0.497597786004090159028834250421 0.510407563312090140072996291565 0.494113275860981249198999876171 0.501977061622847386956891568843 0.494530011522444468141657125670 0.501237389665245003378402088856 0.502097134943726985945033902681 0.491418130535736574771021878405 0.507177908509518493573864361679 0.504702817668650216553771770123  | 0.946533656567020820205016207183 0.323644441941120519778962716373 
0.819938657358296962840427113406 0.493028327075765215870006841214 0.496249473422392506360978359226 0.512264624196873574746291524207 0.492797234439920295301362784812 0.491297861806883229274234281547 0.497709741353775214633969881106 0.498006416505364979396830449332 0.497925900034675961158825430175 0.508856406201769417840807818720 0.492808030647598038775925033406  | 0.279218818272758739773564684583 0.960731933161841356039190031879 
0.338486445113602818501874480717 0.501030824930732698874180641724 0.493575653936260905219057804061 0.504150965972782527657614082273 0.497882826455628535455844030366 0.498513401431321556689368890147 0.501332706060877208997794696188 0.500931263844344276670028648368 0.499312239761911469404509489323 0.495981983186914832106850781202 0.494827012627489515317336099542  | 0.862046610610983865541356863105 0.507050500916211288604529272561 
0.468292511285084644967469102994 0.489170311844785099530952265923 0.503451603564623151321200111852 0.513490830826917821205768177606 0.505011762589926194166878303804 0.495263656605843871627570251803 0.495498052283865397793505280788 0.501652735435057173241091277305 0.500950353169764661664942195785 0.505091997103278012026805754431 0.494404363827290416200099798516  | 0.741759680518472852561728814180 0.671321496289371655308286790387 
0.452598322457701152110587372590 0.504154391747472008233899032348 0.510221704034961476281750947237 0.504898661190241959673130622832 0.497435218891595309909092748057 0.491108442240365206110652707139 0.490839517059128593867711742860 0.501170180781094209976345155155 0.499501278755805244724541580581 0.495146187886050970217155509090 0.495292813274358367792160606768  | 0.758023739179539579602362664446 0.652782808825207672143164927547 
0.934216218177373658448914284236 0.497850438342103240874081393486 0.502450502358237294231457781279 0.493417596844764272390193582396 0.495908531562238186207736134747 0.498202367874598761599003182710 0.500289838137860543021417925047 0.503191898637545098615930783126 0.500525955204334405124200202408 0.500058609910230766892880183150 0.493144871367014236973602692160  | 0.103162689176756708353543956491 0.994796671388099684740780048742 
0.134274723445950122657777114910 0.497519683046181604435531653507 0.495587080910795285682013400219 0.494244928425598029075871409077 0.501931352896586191469907589635 0.495509171041778773147967740442 0.493602533591515735267307718459 0.495182570740763772221271210583 0.495712242161720773037103526804 0.507329212640969640091270775883 0.499690131998887676623155584821  | 0.978053210756973934181246477237 0.209403725987777483696916647204 
0.981026993135251657029982652602 0.500290670691581618179100132693 0.499418462855740374894963906627 0.505781431561213357106510102312 0.498027146369381557011735139895 0.503182893623339122513016263838 0.502370442738098166302052050014 0.503038907550567904181093581428 0.499740882578473488706549687777 0.497037269753594301846533198841 0.499648503485723705086485324500  | 0.029800454207673906376063754919 0.999627592699942946197211313120 
0.775672561828592677102278685197 0.502188705039205762759024764819 0.496873171124751211724657196100 0.514937509993321773649199712963 0.497373879308952215883010694597 0.492115932174889803007999944384 0.497643322633988360870205269748 0.499236913049577846201998454490 0.500084346641498367347367093316 0.506587399095019597083933149406 0.499903494367313960822230001213  | 0.345248672368775655350248143804 0.938890876301562427030944490980 
0.552479182564500459484690964018 0.503309511604432269216147233237 0.492915540430172882668813372220 0.507591407615628487093317744439 0.505871244905805372837903632899 0.493067578848270959834820814649 0.504193824446642069325719148765 0.493762990489035435981435284702 0.494911941077487094187148386482 0.490897608378918437477267389113 0.513934151869152699987353116740  | 0.646844366953109095597085342888 0.763357101832163320587198995781 
0.875026704368077390405744608870 0.497850438342103240874081393486 0.502450502358237294231457781279 0.493417596844764272390193582396 0.494434710752829020830034778555 0.498334253991450815135522134369 0.500289838137860543021417925047 0.503191898637545098615930783126 0.500525955204334405124200202408 0.500058609910230766892880183150 0.493144871367014236973602692160  | 0.195077510805180182051898896134 0.980935919186806781766563290148 
0.885245988727728749800860441610 0.491591231175102116868202983824 0.497058861532868490051839671651 0.500656452817393904375364854786 0.495868837670406903406217224983 0.493037821378276452932709617016 0.497843450658896624627658411555 0.494462578011698294933040642718 0.498279867256775144124247844957 0.497654882605221116076421594698 0.506213578772192751564773516293  | 0.179321447824306146046069443400 0.984021994564705848596020132391 
0.269441022112587469372613213636 0.501383616181751201601457523793 0.481793851852005128311162707178 0.503491041228518731998065049993 0.491814902097951922588237039236 0.505396804792773934877914143726 0.506847149927886930775855489628 0.504768536811675216924300002574 0.502070352669010455670672854467 0.517803672965102101954926183680 0.484133291543038246640406896404  | 0.912752894707810846774975743756 0.411159296067965474019700877761 
0.474176317257565205220970483424 0.502900892620006478850314124429 0.491876001239962556965679141285 0.500204246003639996231981967867 0.510355250386539505136340721947 0.489313350687835935115543861684 0.502805532092900797636048082495 0.494912013505874326391165141104 0.495372942907629898456889350200 0.506136059056402132227958645672 0.505705315738402938485762661003  | 0.735509864566479931724529706116 0.678135635917428869490208853676 
0.830815536512308772110202426120 0.496689433976852834362603061891 0.498300233655809832189476082931 0.509260474116577599446031854313 0.503433558995148078274439740198 0.500423758148454411731620439241 0.496762077904888688095752513618 0.500931263844344276670028648368 0.500616900880121895589525138348 0.503730208765796105829792850272 0.514790487983343036937355918781  | 0.262730688856140925935278573888 0.965238141818066552879429309542 
0.496359632792362337472269473437 0.497601187158551616640522752277 0.506254136206700899869304066669 0.496983077906671066870103459223 0.502402353755020292247479574144 0.498371179093849647756542253774 0.498566307079298109972143038249 0.497404811657163881122301063442 0.502972376407098131778639071854 0.505607867492861795533087843069 0.500963936253164487943934091163  | 0.711218560035998370594256812183 0.703130832491194568412140597502 
0.684333069361484080950219777151 0.493886541358905140075563622304 0.507148321227907872277285150631 0.501288494023521269404852773732 0.495382643222455121279068634976 0.498473906653938425570515846630 0.502927463001733188185937706294 0.513540884747773374030543891422 0.500922065627910195750871480413 0.497070391486890139631782403740 0.483000710787481968289114320214  | 0.476065519463826802848416264169 0.880096709851279634939658080839 
0.394079033011998980384760216111 0.503687183700492591142960918660 0.493377838434767235220590464451 0.515868078899616278043538386555 0.500759537997809367482204834232 0.490673061952749900438419672355 0.493380849236308149929897126640 0.492378310779221284310125383854 0.503737947812662234525760140968 0.509605041928294255626497033518 0.499421371483924680934052275916  | 0.814941669766172438471585337538 0.580586773474495165814346364641 
0.292219398406868891004961596991 0.503438731707166797768593369256 0.515408265309560409406230974128 0.496572034669255757410866181090 0.494115840492479863055308442199 0.514557346040321106350745594682 0.497298558889455066811535743909 0.502272154772958168145180479769 0.498719750337267675455166227039 0.496214989222284519332362151545 0.497414084354214747207834079745  | 0.896974868737335895296780563513 0.443307641605996338718398419587 
0.223420929030880954790916348429 0.496491045089695437475540984451 0.498318467695373246151291368733 0.486741174855480351890690826622 0.502432715715846578419245815894 0.498021342784958076510548607985 0.495549378860185019135542461299 0.499226101495965857157699474556 0.502311141545859984880451065692 0.501017887821676555226702021173 0.490968597462003275566644333594  | 0.939337236108329642902958767081 0.343895178238489251931753187819 
0.789644673767703086930680456135 0.494033971594644683023034303915 0.507572320045039826474919664179 0.504218071759402475251476971607 0.498806575463462131825309597843 0.501350829529789265848194190767 0.498081248745526450338871882195 0.492580091861215096926684964274 0.501064344148127949196691588440 0.499365648284047558558285118124 0.492355241103347496256503745826  | 0.324520915500237538964256600593 0.946124519969253507944983994093 
0.617996851933075963536623476102 0.503562134819853790546062555222 0.497169020201451650198265497238 0.516226033707820719520498187194 0.500428373134919723952407366596 0.505001605283176391303356922435 0.502852685132365029296863667696 0.502615874341824642179687998578 0.497749606370656516585171402767 0.503068030120148890205200586934 0.503260945552624350263215546875  | 0.564880262803873600674364752194 0.825596128603082846098004665691 
0.013337427840553070512719102680 0.504234976863375372602149582235 0.506591790879965975236132180726 0.507334253337529905714120559423 0.497640622733552528966782801945 0.502409602564759749654399456631 0.496250788556118815897377771762 0.502015612228008500927955992665 0.499224537661827394430247295531 0.501537513266480772244904073887 0.499586151177081827512438394479  | 0.999928323016263109757062466088 0.020951946489506604459629457438 
0.643040355012634567977158894792 0.482783031039055565702966532626 0.503516999554528110749629377096 0.524152868199249000191741743038 0.500690269083745920219996605738 0.505371384948196222808292077389 0.503747075601852278836645382398 0.498996941944949590208580048056 0.498129518112053804035355142332 0.499406409614117252626641629831 0.509989332132636419281368489465  | 0.532341525368638324167136488541 0.847758171017432782257117196423 
0.366366910529895783987797130976 0.493084022305729563484533173323 0.490625267774646933727211717269 0.515486593067848275495634879917 0.508752516360419182461782838800 0.494104733909832782856597077625 0.499439513095937981379535131055 0.498143824247247068992550111943 0.494006014388725989139317107401 0.511421761839281674433266289270 0.496241056359548737830778009084  | 0.839489996870763199865450587822 0.544609370359462441335551829980 
0.506023323400973112917711205228 0.480160092553199580045486527524 0.489249046863824588182723118734 0.500164691954423479280933406699 0.509344914641337687122302213538 0.485676328951558988755721202324 0.494951437194023069476855880566 0.496468553640447951558201111766 0.486474606334939108087667136715 0.503486897776790121028511748591 0.498937756219919814615337827490  | 0.701110536805665818249622134317 0.714504658293794392420750227757 
0.120805254105926254681868670104 0.497850438342103240874081393486 0.502450502358237294231457781279 0.493417596844764272390193582396 0.494434710752829020830034778555 0.486509569617477877212508019511 0.500289838137860543021417925047 0.503191898637545098615930783126 0.500525955204334405124200202408 0.500058609910230766892880183150 0.493144871367014236973602692160  | 0.982368086754543345939794107835 0.188684851228420685798070621786 
0.752941530309833351175541338307 0.498413883460986861795305458145 0.505323530128259035265614329546 0.498161291577196241320280023501 0.506756006005429249228200205835 0.497809573725341070193906034547 0.497787810119098228511802517460 0.498065459294890378050268964216 0.498514114008290543100798686282 0.490701438153508029405003298962 0.496206195977026920385100083877  | 0.378484847243184874265864436893 0.925819645447259587101029865153 
0.085121616680111228392391353736 0.495333955409245185741440309357 0.492626204797309341643085645046 0.505653560473507290851102879969 0.505339619405618223346721151756 0.502738888936796080031399469590 0.509761107989828876618787489861 0.501103873738916294477974133770 0.491579069443696337060600853874 0.510103898907965036535472336254 0.513522466851704773027620376524  | 0.991665450814636417753433761391 0.133390187532028109407278293475 
0.693722139897847811518261096353 0.499450580073506011924422409720 0.510657779434290359787951274484 0.488420198597843746579627577376 0.496846974609284341983794774933 0.500012253732091460634023860621 0.498896237386669327840138521424 0.499363489401686289070880775398 0.488441159631847088284928304347 0.501198908537376808247643111827 0.499762601215500035234384768046  | 0.462937337430418871520032553235 0.886836215196991739517784480995 
0.418376058608868395261026762455 0.495521693931648410380574887313 0.516449721602266653697199672024 0.490902952091826938474383723587 0.504882353102976133563117855374 0.495958321997665929625753733490 0.493487841768338486581058077718 0.498111014268440288610406696534 0.498190680941640928747204952742 0.500578487283362960624799598008 0.506946003492173224991290680919  | 0.792120783689181706677118199877 0.611201884637898151808599322976 
0.426206216590563069512853644483 0.493809191444337214349502573896 0.485829833342084682623607250207 0.495140631747307269350244496309 0.497318752686577825183888990068 0.487987121629099518393957168882 0.501013179552989629250703274010 0.511293879527566108578184866928 0.500075472793188091635840919480 0.506093753766734266719140578061 0.511624850966583943900900521840  | 0.784703241597422551656393352459 0.621024562241597077871801957372 
0.564726837647889889915120420483 0.506903426615490260154217594391 0.519322782407880212396378283302 0.472526754851018582215260721568 0.504131406897051381754693011317 0.505544826325278529033369068202 0.502270842392924077302041041548 0.493726091914063636156839720570 0.501867723812012611617205948278 0.496625186158954845527802035576 0.501846949507652961841586147784  | 0.632498106601384391112219418574 0.776222040001308233314603057806 
0.665049043252653016011777253880 0.501300226715111985065220778779 0.497147822851177645375742031320 0.508763252296175583211379489512 0.493085973172600389169417667290 0.500322553429343286346409058751 0.505422406530597001506066590082 0.493007414474718352881410510236 0.499399089394549189346861339800 0.491396211932275173150941327549 0.496789402224179665878978084947  | 0.502348331404997461291372928827 0.865009412752005490965245826374 
0.196153930390612213363610294437 0.496798652618635316891015918372 0.497295019757755973888180278664 0.505981637976020248714803528856 0.495726464848816994468450047862 0.502163033055727847653315620846 0.500350660056711027401377123169 0.493983624634529161490092974418 0.491613459828760868131070083109 0.494237054447439483340076549212 0.494766166623973158156246654471  | 0.953138117929207551171089107811 0.303339543836526615017135100061 
0.410757630771294457439068992244 0.499203513818560151715786332716 0.508989324652661556669386300200 0.491492156404419011650475113129 0.497788322873422783843011529825 0.501493772081435529308635068446 0.497550310305788723308495491437 0.498155279710780163338057491274 0.498277322004159917145926783633 0.502179223262515295189700736955 0.483525787664860762227192481078  | 0.799328654037434360724034831946 0.601641789319771302935180301574 
0.728725706444559140351202586317 0.504080060388741424404202007281 0.490637352831642559181091201026 0.501075610184573805305774385488 0.493824402444634491526898045777 0.500784144547935294866647382150 0.506629704962172966453692879440 0.494769439884571560206438789464 0.495372942907629898456889350200 0.492823445538294269141488257446 0.497299288088109137095926826078  | 0.413460086582048191861105124190 0.910847030180258143694516093092 
0.255836863617020238148569433179 0.507959869604213243299284386012 0.513753570296178296850087008352 0.489254650721795802947866604882 0.502064234682797372322227147379 0.510084445977773914826514101151 0.504069103269808027611986744887 0.499301895426890629536842425296 0.501347943270351370514958944113 0.488185481138477705975731169019 0.487426348645991491803641793013  | 0.921059613582639769013837849343 0.391447028031298827066564172128 
0.240197033410262078545471808866 0.494646563745447076509975659064 0.490102422431388462520374105225 0.512306331582202290064742555842 0.517081305583072081688555954315 0.498485311643312001272931865969 0.501332706060877208997794696188 0.495463745619438289402580721799 0.499312239761911469404509489323 0.488185481138477705975731169019 0.490932662139537401291278229110  | 0.930421816889102748504569717625 0.368713204186129350770073642707 
0.168750228601735968725350289787 0.509840057434166049610269055847 0.507362312685928906752508282807 0.500157138965868108826384741405 0.502092921184924767530333156174 0.504789808712695076131637961225 0.502460300563789763472755112161 0.501981972002776388741551727435 0.499807688241540759577219432686 0.502138691035712514398881012312 0.508011575541721493998181813367  | 0.965321752000159571949211567699 0.262046354286529226129687231150 
0.181861779723032773725677202492 0.503454861010054655068302054133 0.492915540430172882668813372220 0.501447625526075690949312502198 0.505871244905805372837903632899 0.503362297249478674032729941246 0.493124296667165062935112018749 0.504504244883678731881104795320 0.497200008865070486319126530361 0.491425165809992348098234060672 0.504744490907966358861358457943  | 0.959743710910160752192155086959 0.281877574643431993983710981411 
0.899898845878920994323380000424 0.493335976346900406674933492468 0.493614850394160087354578081431 0.500589219217991709953707868408 0.498569364525315528169358003652 0.495167715111460182697555865161 0.495865360803547261525636713486 0.505800048006629920926968679851 0.502980421259206389450469032454 0.504729278146479609645780328719 0.500700536926328987341605625261  | 0.156621684094159302480520068457 0.987854485733031251193381194753 
0.381844607712833794543882959260 0.486026446465250450135187065825 0.486430145272068514827878971118 0.524823288481063410237936750491 0.503811774409056556400798854156 0.488688413644331742791138140092 0.497650832222928607428968916793 0.513426123179108739869036526215 0.491309047520491704030831670025 0.506959947241422126396059866238 0.515705689453372806418940399453  | 0.826847188803142563173764756357 0.565433990560743282571820600424 
0.487608667553788621695787242061 0.497134546721221426412995469946 0.499116188906198909869260660344 0.490471906539896473908868301805 0.502148553388302110178642578830 0.508070814095526235298905248783 0.504351281094351677758425012144 0.499931875293413097161021596548 0.500757736276134512998226000491 0.492781182888430369093413219161 0.499460568483746258916511351345  | 0.720909298291014133397425212024 0.693377770854203601125220757240 
0.984767536161251011428419133154 0.506237021747001136873223003931 0.500256537036965376330499566393 0.507630691260138378062549691094 0.497140488053185780614739996963 0.499174263330026179996679047690 0.497665627154345979743510497428 0.507909602537430449054056680325 0.504552773983611646535507588851 0.499682220935845078368942040470 0.500972312551088094778606318869  | 0.023929500621335701021630271157 0.999909542170189791221446284908 
0.613172859700930605875157652918 0.497043222089327108026424184573 0.505538836640136657329946956452 0.499516100717926292418269440532 0.497745199314412078983593801240 0.496885593113687018540503004260 0.496160464692181446544338996318 0.503545443191844577235372071300 0.503587463194269613353526438004 0.494917777228181643422999513859 0.502262529160630855074032297125  | 0.570992227798513218850473549537 0.821108415448260187119444708514 
0.537423442242555005066151352366 0.498693102492562601035785974091 0.504129638434760440901527545066 0.500130713882451227725312037364 0.495574985922934196924671823581 0.500918364300074525630179778091 0.507495641024905741467421194102 0.491336582735106941477454256528 0.495164775390429745538511951963 0.495247658262384038430070631875 0.495782745782982980919939564046  | 0.664497909568072198105426195980 0.747603482404109453973717336339 
0.145881984108958084878082672731 0.505315044968552395943106603227 0.499867143956211568145420187648 0.503737085077119228770925474237 0.509456706983518414766365367541 0.491044796946785988556172242170 0.491091694344163887109289134969 0.497506035365638699108359332968 0.500483303176376570498007367860 0.515912136417242095376423094422 0.496435030074122929377722357458  | 0.974408465683903268761412164167 0.227278702849106645222931888384 
0.601557714497233497752404218772 0.508247801955510558613582361431 0.498908654130634066081739774745 0.509542216599504160789990692138 0.499824355728911151608429008775 0.497174506900926516106409280837 0.494075261788824882103199342964 0.503361697634126747935567891545 0.500878311966954536949003795598 0.497143126180781713685519207502 0.502427184031626561377947837173  | 0.585938399513543095586953768361 0.810638804492788911382206151757 
0.057207479590876242347974311997 0.496154317818592982547443170915 0.497058861532868490051839671651 0.489273221435247929189671367567 0.498218956636251653069535905161 0.491154210544110070291168312906 0.496923264809287335008747277243 0.504718741182981878168334333168 0.496287204360630063160186864479 0.500276208123157095641886371595 0.494886768837177082325240462524  | 0.996255675435831267172659408971 0.089766582417144288874588653471 
0.193163814780380305169416033095 0.487656817808103659750429414999 0.507835689742631157805874408950 0.505967496440438591065458240337 0.508892279421515492110472678178 0.494367734452288376534312419608 0.502285349033182559885801765631 0.500786106241068562638929506647 0.504027380381530276665102974221 0.506346859286574746406017766276 0.497272369659967794497390514152  | 0.954730224656461179399968841608 0.298915148151444043378432979807 
0.099838637134526717065163836651 0.505969212818753510951808038953 0.506662607956068544723393642926 0.496021922329816511432198922193 0.500143045370799455007215783553 0.500971201337110261242457909248 0.495970973130530123906822836943 0.508172904483864651403735024360 0.499374767921923257141259000491 0.484952734818143438300097614047 0.503369664978538744470881738380  | 0.988140836059086868914391743601 0.156249398302594766363426970202 
0.444172505803688055792122213461 0.503319374821152409893443291367 0.510657779434290359787951274484 0.499710431939721699823309108979 0.502719779039628056338528949709 0.500985009084511601074041209358 0.499663273960161802289547949840 0.492230533087895771870989847230 0.488441159631847088284928304347 0.500832252849861769838923919451 0.496809645947766331808281847771  | 0.766577972741374402687597466866 0.642677487668082636496080795041 
0.946777279796882309526040444325 0.499748506798916636295615489871 0.511488342314379340614038937929 0.485219459270786357407700961630 0.508045120837769648147741463617 0.508692404227972017061176757124 0.502152800593988923871791030251 0.500973333744747506557359884027 0.501243913178985756040617616236 0.504022545826094181542487149272 0.492003121422179223731774300177  | 0.083552970773306770024824174925 0.997083416072105266358960307116 
0.740846593292246446971205386944 0.503228271235791724258490376087 0.490426622502781683898831488477 0.498734464586186310164350743435 0.498128493233045255283997221341 0.506094465231392565129908689414 0.491472902385667875790886682807 0.505641274915075489282401122182 0.497852214584501906458058329008 0.502632168267954093643368196354 0.501973400247387235850737852161  | 0.396031725333668982447221651455 0.918524643198682211320260648790 
0.177294321755830375231255402468 0.496005006173135809532936946198 0.491507397316592153924119656949 0.495109300355220605105444064975 0.509904216274557509080977979465 0.491723578665709426527286041164 0.499742622398999081223536222751 0.501112624288237440417503876233 0.487827333582838529313363551410 0.504734561220912203438615506457 0.498342971894128516918698323934  | 0.961906513590988776485346534173 0.275031881540604761227086783038 
0.526809759308862091131686611334 0.503427227056061799004282875103 0.498278101585831856290553787403 0.505106973311743812082852400636 0.503476489392911230602578598337 0.498057583712029350309080655279 0.499667831691775310432035439590 0.502041110106784205235896934028 0.501684267650720272513353847899 0.497679276650668855896952891271 0.494433370487652568137093567202  | 0.676778264450011324271372359362 0.736322935535628997349988367205 
0.702414517528372694954441612936 0.488169847404194390261267244568 0.499226012073194058693559327367 0.525038351915812051551313288655 0.501795107572534204720682282641 0.472930317643804887239866729942 0.482108587525051590638724974269 0.506484827259063852267217953340 0.498034952741994552116722161372 0.510482956117576547327985281299 0.496088059793653168849658641193  | 0.451506724166230444250658138117 0.894502657130378242555934775737 
0.567462493211661200831485984963 0.499318028331338703562636283095 0.488956649820436517472899140557 0.524268961225767382572371388960 0.509456706983518414766365367541 0.490120496073469469333616643780 0.498532934037702268881275813328 0.499279120611255400330463771752 0.497656272776597907725459890571 0.517747417874410365001835998555 0.499922270257570300344696079264  | 0.629115981038854910067925629846 0.778882361169767167830002563278 
0.740954243862499195572013377387 0.497005549495013410066235337581 0.490778986423376473169355449500 0.505411946768929087880906081409 0.489550037399831716733444864076 0.508008046316110406515065278654 0.504382184070507721962428604456 0.494880126089470684380700049587 0.499071853007907129118336797546 0.486220527000988000931869237320 0.490413515446245840134764648610  | 0.396019026969471998889105179842 0.918922549973973601389332088729 
0.149520473584266233579853633273 0.496697125753148838178674395749 0.511761993969307882323960257054 0.501168398605456921757195232203 0.499546799721932666127344191409 0.491706531275484859389024450138 0.493124296667165062935112018749 0.500463158094420434984783696564 0.501232762760366101773001901165 0.491425165809992348098234060672 0.506940257108178249367824719229  | 0.972925078872341808633450455090 0.232803701590838379997805418498 
0.713015284715463826259451707301 0.490400889598837763649896714924 0.494517162312082592112716383781 0.504731431609576230989944178873 0.499593478156978965110113222181 0.501111932467788290246346605272 0.500132056810907443811231587460 0.494020114055159831334407272152 0.494583226718516622000265670067 0.501046328364714965708515137521 0.497323097949055104027848983606  | 0.435776410694043270233066778019 0.900298678269577434818415895279 
0.048566529661804053175089279648 0.509378739623094212163323390996 0.503070022655975335190703390253 0.508969513450787669484043362900 0.498073143756455505304359121510 0.493144523638860354797230911572 0.499955176893715158570330459042 0.503329823958551414442297300411 0.504396299979529616486217946658 0.511882029274926320105976174091 0.504545156113829107447088517802  | 0.997511054527546181525110569055 0.076246221407297823380311285746 
0.576053424754128906570826984535 0.492952007759782151463667787539 0.498776447264155931016205158812 0.513323882171322520839851222263 0.497172992191608043022199581173 0.489319479163971116086884194374 0.495899126069238027625374343188 0.497375085482619549992477914202 0.498868425193593090227750508348 0.508856406201769417840807818720 0.506798575535682638282253265061  | 0.618102774295232082479856217105 0.786733769941566407624122803099 
0.766671883815032373377107433043 0.499196634443386744184323333684 0.504654316504211108984634392982 0.501193813734131632386947785562 0.509703993541150035539999407774 0.496476626510993446217412383703 0.501220856147183257967014924361 0.519053632278314580617006868124 0.508301509812043250668978089379 0.494188794498639671903816861231 0.485657414922988805994208405536  | 0.358648148531091337520848583154 0.934333255953949448624484830361 
0.403569286908488200626976549756 0.516026930099115710426360692509 0.505323530128259035265614329546 0.499966756398870670885514755355 0.506756006005429249228200205835 0.499367121295184623885887731376 0.502732965901826811538910533272 0.499390808787511963906524670165 0.498514114008290543100798686282 0.512704499091397591925556298520 0.507684005473671207120389681222  | 0.806161408200177342919801048993 0.592644571008144938062400797207 
0.544092468109248272867262130603 0.496005006173135809532936946198 0.500893836894474309140434797882 0.501435984328455708336491625232 0.500648036736909052279997922597 0.502449523000403353023557428969 0.491302545246971866799157169226 0.499004799184503744502450217624 0.500481945566642716372030008642 0.495171323288814690943837604209 0.498768581526026877348556354264  | 0.656559529304073352662385332223 0.754442499211650519086447275185 
0.356167218313186151323890271669 0.506751583265210525652832984633 0.498764571727743744045113771790 0.493502292076104076556930522202 0.500334017787509743868668010691 0.491234637877712265741081409942 0.490106935492095108219956500761 0.483565868007689636520751719218 0.498929622166722763765278614301 0.519328749253024080090312963875 0.499192543705740343629173594309  | 0.848309502047422059334280675102 0.531216590945058797501587832812 
0.578276737660264661400333352503 0.510225455368301217262683167064 0.522602331843797007771001972287 0.464363651481663919362574688421 0.502064234682797372322227147379 0.511765360726426754567341959046 0.507611524133918523560282665130 0.501622950356469976540552124789 0.504313144834839244268209768052 0.491625323546803438823360465904 0.487426348645991491803641793013  | 0.616480083820666546756683601416 0.790334542048761745647311727225 
0.277487100168452571757882196835 0.493795755535846148109868636311 0.481793851852005128311162707178 0.514694672336961422942636090738 0.504002824952395012125805351388 0.492839860591411937917882823967 0.500149194341971026211979278742 0.502668319023038101533984445268 0.492141988247447648152643751018 0.491310501912348485120674013160 0.502521202862434068769914574659  | 0.907229425189006288832160862512 0.422543826471683925394273728671 
0.586546522063525310741738394427 0.501085289001749978332611590304 0.501575557844748165514658921893 0.500204246003639996231981967867 0.494270410953578376300754371186 0.486055081302514679908455264012 0.495852534516083909288397535420 0.495539872788046342755308160122 0.501396785050654769655409381812 0.501659772877476650698724824906 0.492637510913801146550383691647  | 0.604947178744372093817105451308 0.796676228002570652186875577172 
0.674877573109338602108664417756 0.496262645638968546979441498479 0.505278664784280850952313812741 0.492219388080684550068610860762 0.500000165692272680040275645297 0.497592754816708282561421583523 0.499930457035824060696427295625 0.497187499251360742746896903554 0.492113169839316577647281292229 0.509280341449667939279777328920 0.490322869232755864654649258227  | 0.488964032816189941854645439889 0.872714391954182211463830753928 
0.523156663561504919890410292282 0.491189468577205079480307858830 0.504357431097372299610981372098 0.503040796594877659408950876241 0.495786504696105356781998807492 0.504350219100152208362430883426 0.502784111732088700996712304914 0.501358627550349211787761305459 0.500101752326389203950895989692 0.488296569142257164131137869845 0.498742565029790363428929822476  | 0.681122074277835554134696849360 0.732566854583795667998913359042 
0.076979728188299900715207968460 0.503800949930497732331957649876 0.509890202118708057987817028334 0.495848061385365190822938075144 0.505873746954507041984072657215 0.485162443514527697008276163615 0.493487841768338486581058077718 0.499818936341896891129010782606 0.493731234432504828557597420513 0.500578487283362960624799598008 0.498914246626006807616704463726  | 0.993162138769991043041329703556 0.120681399634068792225960464748 
0.757883577716577327976210654015 0.506903426615490260154217594391 0.519322782407880212396378283302 0.472526754851018582215260721568 0.499704596414992929798160048449 0.505544826325278529033369068202 0.502270842392924077302041041548 0.493726091914063636156839720570 0.501867723812012611617205948278 0.488970932028765570276362950608 0.501846949507652961841586147784  | 0.371725687548142669225370582353 0.929828646336554154316900167032 
0.358239435638346148671473656577 0.500290670691581618179100132693 0.489309483462485650395734637641 0.498522464429718870082552939493 0.498027146369381557011735139895 0.499245734524189521685855197575 0.494384468262353604650627403316 0.503827066941339829497792379698 0.502703176693409581332616653526 0.497715881774949520099937672057 0.499648503485723705086485324500  | 0.845958631058676413516650427482 0.533585715328550813651986572950 
0.347558241034133186264654113984 0.497686800426608011438389667092 0.500539043155854512789915133908 0.500589219217991709953707868408 0.499798826412522212425670886660 0.497028428767662844300900815142 0.495865360803547261525636713486 0.504670960675856261623550835793 0.493153100678947631241300086913 0.512576387090765361875810413039 0.500700536926328987341605625261  | 0.854859549294265774754819631198 0.519359062433054186058711820806 
0.023883630811378019770385705556 0.502188705039205762759024764819 0.496873171124751211724657196100 0.514937509993321773649199712963 0.500966360758515416584657486965 0.496899060377065715510269683364 0.497643322633988360870205269748 0.499236913049577846201998454490 0.500084346641498367347367093316 0.505386933199665211446927060024 0.499903494367313960822230001213  | 0.999579564072350379433373745997 0.037518149935361691516000348656 
0.435235393015678817540958789323 0.496454497540217198903178541514 0.502521764463456643845518101443 0.507750346361198534594905140693 0.512957238475088006524060801894 0.503182893623339122513016263838 0.498925927189175277831623134261 0.505004571336164609363095223671 0.501182385166109800600509061042 0.509702929143189042981987313397 0.501938798229938254458204482944  | 0.775558799321668712600796879997 0.631881111168599129968015404302 
0.940984519261159668701566261007 0.504351599526897564906846582744 0.502450502358237294231457781279 0.493417596844764272390193582396 0.495908531562238186207736134747 0.497282394468796962172518760781 0.500289838137860543021417925047 0.503058929126362519568260722735 0.500525955204334405124200202408 0.503063035321876017569309169630 0.493144871367014236973602692160  | 0.092583256457520565763097408762 0.995864117671425908007165617164 
0.159060331377246400030855966179 0.519910251932059086499293698580 0.513901199914539308366556724650 0.503745529946795556064387255901 0.494066520040610357433763510926 0.517287357263814473462559817563 0.509241214841803957469323904661 0.495766391619648250088658869572 0.494039720621595179750329407398 0.491781253369444615319849845037 0.497349649784672442898170174885  | 0.970064604324689661041247745743 0.247544599132990483791871838548 
0.247206396384113985531527646344 0.502188705039205762759024764819 0.496873171124751211724657196100 0.514937509993321773649199712963 0.497793274990352752062960917101 0.492115932174889803007999944384 0.504673106278838989879886867129 0.499236913049577846201998454490 0.498174650352378622919502504374 0.506587399095019597083933149406 0.499903494367313960822230001213  | 0.925895961334837869216585204413 0.378767169656217872475423291689 
0.231938441230389702507608262749 0.499196634443386744184323333684 0.486384064092051149330586667929 0.489122744774275752810410722304 0.509703993541150035539999407774 0.482681702284347757814231272278 0.489947727375941888272592450448 0.492890165329868179533434613404 0.499070760520223644096660109426 0.520663728751619592216570708842 0.504702817668650216553771770123  | 0.935578085723067109924500073248 0.356784753283593714101584737364 
0.714374783072272978579064783844 0.484062212744227005067898517154 0.493772439135840457424819760490 0.500711982763460294876267653308 0.504052290265926017376330037223 0.490739053026181648586856454131 0.492118892158509901868512770307 0.500824803583753253022337048606 0.491579069443696337060600853874 0.506047076673560636272952706349 0.503986311215556037623741758580  | 0.434009976763226890117408629521 0.901553647801409785422777076747 
0.673750488952722825786167959450 0.502039458320649334410745723289 0.504554968229633638010511731409 0.502019569031368462219688808545 0.497318752686577825183888990068 0.497412045086669418747504778366 0.501013179552989629250703274010 0.499473623528768784218812015752 0.500075472793188091635840919480 0.499187414667796147682565788273 0.499340586317202073107779369820  | 0.490354971729104083255634805028 0.871574757184271908805328621384 
0.399987790454722491606531775687 0.492136358856208988576952378935 0.500860629951133451420730580139 0.497626782253273558520589858745 0.502017765707994390034230036690 0.482681702284347757814231272278 0.494389609734617041514326274410 0.499627520592550389277874955951 0.502401161046440281054970000696 0.496358164683609270895203735563 0.499686187755282840150528045342  | 0.809370443064214684092405605043 0.588018331582351283515208706376 
0.375233640511683619322980121069 0.502090225226359931909314582299 0.490426622502781683898831488477 0.498734464586186310164350743435 0.504198650067470777180744789803 0.506094465231392565129908689414 0.516919368736412532250312779070 0.499723881454562424142551435580 0.497852214584501906458058329008 0.502632168267954093643368196354 0.505975615568159953205906731455  | 0.831669641180888929987702340441 0.556145491680818837565425383218 
0.902502208913104508880564935680 0.503427227056061799004282875103 0.497279689824535409137240549171 0.509474303050527099756550342136 0.489522095854884375931703743845 0.498680855001065015397188062707 0.499667831691775310432035439590 0.498217984564803484381911857781 0.501761133659652913685533803800 0.504268130399813441222534038388 0.494827012627489515317336099542  | 0.152592659920020023989195578906 0.988564187353105472411129994725 
0.067561465651867880222170015259 0.500340618124123448495765842381 0.498203707437968268401107252430 0.501598527581295638988478913234 0.513656224987920184688050539989 0.491927709500396326269822111499 0.503521844906318016832358352985 0.500945339829380831275784657919 0.484674952975453932069171969488 0.508140626683853069422980297531 0.508657503525022813839484570053  | 0.995017282386681856110044464003 0.105994733477689284661948931898 
