0.917448922286378643065063442918 0.755943734935812794439868866903 0.964922866329407602492551632167 0.998094352665977013749909474427 0.376315724065101608886152462219 0.856827401256608611745946291194 0.182407679590920301926360025391  | 197.471581985780858303769491612911 63.753655898554775660613813670352 23.504768919024087381330900825560 
0.896623461204397176338432018383 0.797811476271566011320146571961 0.848303856790041277413649822847 0.239173797313470548608904664434 0.854972539040434242885169169313 0.080342886509881639156560595438 0.241975890136669091745602599985  | 316.090207377091871876473305746913 80.106408964258349669762537814677 45.679637720924382904286176199093 
0.721332686608457618326895044447 0.363224392876594026624559319316 0.939257339172683169969957361900 0.789632091733468044481014658231 0.596000345088479099864287036326 0.661461932192992096979367033782 0.407285695676606107618056284991  | 55.051093498226407518814085051417 96.511121424189582285180222243071 58.551949784339619498041429324076 
0.611382359319484258719512581592 0.438700181653987275609551943489 0.393310320917187539180304156616 0.654137377085317051061963411485 0.082732481785791289752296506776 0.587692834176480993768620919582 0.806893507257971820401110107923  | 44.045176632316305642689258093014 56.354090279899672566443769028410 63.817553187022916461046406766400 
0.199989501583790252325911751541 0.857931496858478470635134272015 0.672564859449513940958809143922 0.614341317137528486469477684295 0.486230636254454617883880018780 0.873028829818416340913245221600 0.957743990096603603490166278789  | 45.402195498176844523641193518415 7.518341472930814894937157077948 211.696038159139220624638255685568 
0.709945078080868485770338338625 0.709289205223586405324454062793 0.720643891231976363442868205311 0.442665373216915236653790088894 0.636274106680548401371311229013 0.491106117428817934289497770806 0.579264183466936088962029316463  | 132.190248255579717806540429592133 54.179778641854760223850462352857 76.143275400867281632599770091474 
0.525337590728083392299652132351 0.468563089563658219383057712548 0.243091171858513588333039479039 0.871079073845219542526763234491 0.198576925912276269770018188865 0.958401569917085804917178393225 0.774276323542987254811009734112  | 81.899873425278414629246981348842 92.889552480091865049871557857841 157.928866084973691386039718054235 
0.199929237309167118219477288221 0.410452303607344637370601958537 0.388118632818079345447870309727 0.706166705932021687708299850783 0.065589713478413136371614200471 0.303107605148850156595585758623 0.269713098681358176555988848122  | 14.722380607589853340755325916689 21.146295187865984388508877600543 143.538179741081506790578714571893 
0.091894036510991261579306410567 0.040350362569373410259743195638 0.666370645984233123115814123594 0.147538196033022206421492228401 0.461763788358943938483491820080 0.453958087987481939684641929489 0.161537369591017609948835342948  | 1.713255772603740956228079994617 40.746233151645242287486325949430 419.588871734829069737315876409411 
0.357197739361223343124152052042 0.659909613846534459646875347971 0.329634948312350850585517036961 0.611779796946223419773502882890 0.998884718278155503412563120946 0.850253612763238075800131809956 0.164647466964317756854541130451  | 67.087578185599497260227508377284 34.574189998915954902258818037808 182.947446773891556404123548418283 
0.980855769255597365052778968675 0.015355768190480789670004924119 0.396071107779311981644809748104 0.251009628585647459608765075245 0.019167062858526762170185975265 0.905215653387462571011212730809 0.373110468175574139237937743019  | 3.265336320496660338363881237456 209.380249363772691140184178948402 4.150392225564271342364008887671 
0.823199308733576495811234963185 0.351029771936466894466377652861 0.813019383104433113196307658654 0.495798797665489732189314509014 0.766543144688598410141366912285 0.533618855599557129210097627947 0.710393300825456264213642043615  | 54.951988680673295561973645817488 101.593105422111491975556418765336 33.621603611789787180441635427997 
0.210801071090570002475317323842 0.160383229150046546784835754806 0.324693266663437007935044675833 0.515831090457192997789093169558 0.297834376250069143843290930818 0.380310129768517635184821301664 0.097509408277362985550951179903  | 4.036997096403691642763078561984 21.133945762134704438039989327081 94.235200233228823663012008182704 
0.721759172953820860030305084365 0.592411760453677160853658278938 0.471626639716230644516770098562 0.510250348173220569236718802131 0.563908415276455299292024392344 0.129266482948771410654842384247 0.217553460978010759774292637303  | 109.003418592324592850673070643097 74.995998483474622275934962090105 70.932454898582676605656160973012 
0.223924108999986826162853503774 0.965863420457756971515550503682 0.825466457736702130532080445846 0.135202261183509309105943430040 0.423246551606520360344632081251 0.386909854204734005023169629567 0.914653505941854905181287449523  | 50.515813171590487229423160897568 1.785383976603870825883291217906 181.265422282665724651451455429196 
0.621575488129480935306503397442 0.172547850332464558498202222836 0.355196412652956872157972156856 0.142724375998803609810750003817 0.945019832017921168620944172289 0.576062946053798263790213241009 0.742515986319304266416452264821  | 48.487930197148457978073565755039 232.523569533054455860110465437174 171.084030252577178998762974515557 
0.286060516215715487930992821930 0.050028787755659220870541048498 0.740004615405123078453186735715 0.861546327533804778830983650550 0.689910729874786965432065244386 0.846947391188002773887433249911 0.096001198570079160354850955628  | 4.495664434734170988861023943173 85.365886012800402227185259107500 224.273205499598077494738390669227 
0.200368465363579439930674652715 0.394226335968212659999210245587 0.774960609278168677249709617172 0.884390192305481104284581306274 0.339181009227615626322460684605 0.845653508072088055946835538634 0.592109216583960429325372842868  | 22.490002456556620558103531948291 34.558450182513233528425189433619 227.669267465001126993229263462126 
0.009161253574577976621640118537 0.336356122643792554427477625723 0.397591574729045826863682577823 0.732667803054998012513010507973 0.017914055522617267079965586163 0.463889367640535454917483093595 0.208305395937663284655627649045  | 0.649169175249532104388094921887 1.280836350283934832461341102317 208.740456744950620304734911769629 
0.867999551086511944575363486365 0.919735851611691468399101268005 0.024027158369294143724914647464 0.247558339383841641279104806017 0.660364513069797043343100995116 0.470796455685446924022130588128 0.298836901616241767953852104256  | 253.611593452560072137202951125801 22.132353038321962657164476695471 41.933575514425008634589175926521 
0.634782536788650042502979431447 0.668883699269190223901659919647 0.201833177679989983488439975190 0.179941664404938195254146648949 0.703283072309150325551740934316 0.946798563675652182780595467193 0.708021568148196056569076972664  | 70.314077261058372414481709711254 34.807451844647466998594609322026 60.480898518584496059702360071242 
0.132445630488615018194309413957 0.664596840101132513289883263496 0.971799198692494869966651549476 0.120105229374193434033202265709 0.881197338334218205346815011580 0.826332534270940999299170925951 0.233195617402758959002539995709  | 25.497746932899662652971528586932 12.867989095907876873070563306101 251.305851378565989762137178331614 
0.807552402214084863452114859683 0.671312893542973854188460336445 0.214941155668857075689004432206 0.518910303118222060447806143202 0.994917654330163436782186181517 0.597548329760186791581588749978 0.924989510948622917219097416819  | 71.134250504609951804013689979911 34.828633850532135340927197830752 25.251986735106950021645388915204 
0.694831899583159828814871161740 0.843887474382561841856897899561 0.310237295229271126117964740843 0.907179246784608039888553321362 0.540682808639314282928012289631 0.106118851810777292676846172981 0.346745715446508895318800114183  | 134.206053354015210743455099873245 24.827061164254331515621743164957 69.846870142302194039984897244722 
0.793206051729470895672591268522 0.153524759385608722261906677886 0.557465099386171947237755830429 0.182350551086870260597549986414 0.124201999877584290388199406152 0.080263235989386005897472387005 0.513028997633994454652395234007  | 29.349001930406839022680287598632 161.818872540517020297556882724166 49.838701379209915387491491856053 
0.948628075007227677950538691221 0.651194574902722145282041310566 0.531628607013530762870345824922 0.174340614529114201758375202189 0.377168060915103353636368410662 0.490250950456355916173833975336 0.341438468313629117645291444205  | 170.129995919439807039452716708183 91.128316843461291796302248258144 14.148160697111720196517126169056 
0.800043244968859035282093827846 0.807678292106375095293913091155 0.323082155939457438265094424423 0.575375882232941338045861812134 0.364417921555101442798729749484 0.557762255857240818457398745522 0.012556604827083428510547946644  | 192.504936938314244798675645142794 45.838644682869677637881977716461 59.569791337125636232485703658313 
0.483344349729979860796902357833 0.141439487573064348602258633036 0.313618797623288148024300880934 0.677590403955976028349539319606 0.145312142230633045691945426370 0.077317437402478095265223601018 0.486533148182319963304109933233  | 16.107069772085544911988108651713 97.772512574145792996205273084342 121.727976550133377031670534051955 
0.077631177802405693100240569038 0.099678428415552189356674261944 0.190254074675155870899345700309 0.998170488668424504830056775972 0.056826993245473911287035662099 0.600817023475084255323963589035 0.490256225572018311531508061307  | 1.099369224248443410729692004679 9.929789659208790197908456320874 131.042096450703809296101098880172 
0.594631137777391516330283138814 0.629854278917837517859368290374 0.539758870020589087701523567375 0.026289289302081964017077098106 0.425517325296383863708626904554 0.484470246274627425187020435260 0.095937011310032516142598524311  | 89.706695121058473318953474517912 52.717827699021356124831072520465 97.092908696260366241403971798718 
0.850523234113755632890274682723 0.961148047260981241990407397680 0.982361049503080008271638234874 0.114203980030206930784686392144 0.783550023375558568616838783782 0.381213101959871680790570280806 0.698575332151928796164952473191  | 104.779595017625666741878376342356 4.235447270833341271156768925721 19.159048572271650812126608798280 
0.232919857826793030852741139825 0.420646098602288076584443388128 0.463051630836908589827771720593 0.006440423395225103320171911037 0.156491640771353024419454413874 0.795035563061046390842534492549 0.096697766140134810974871015787  | 21.423972173969904275736553245224 29.507136530370683402679787832312 167.732551747550360232708044350147 
0.956648075911087691913792241394 0.692094325514851949066041925107 0.529570862100192774057916267338 0.450408957071548488038104096631 0.973270127613405366950871666631 0.922338785705145713933461593115 0.225677249606338281573414406012  | 223.735724481840861699311062693596 99.537731510451649796777928713709 14.649615336121502906507885199971 
0.047158360738903337683325389662 0.078403603219081685615776677878 0.526644826801347720746093727939 0.529102903195374674183426577656 0.359077418810549109373653209332 0.685839264938652104497407435701 0.024128268730816526677074307372  | 1.073697314971798100202704517869 12.620792107556223271558337728493 276.699180076478512546600541099906 
0.941869053979585757474524143618 0.364452800781323249523779850279 0.665842589403172646633777276293 0.324842398030447787604657605698 0.591910506224795351926104558515 0.020292718893071270969130637241 0.134999064177839245282086722000  | 92.628921704474450393718143459409 161.529974882118381174223031848669 15.686360047246544979770987993106 
0.157127156851935123604846467060 0.882554840894929637507004827057 0.048614376090498234717074410582 0.120669361491390403351431359624 0.794438822667468014238068008126 0.548060315702212919042324301699 0.649269471344003701318570165313  | 50.257569768651862318620260339230 6.687979040178649192682769353269 305.471425759682404077466344460845 
0.216983947061750503948474033677 0.075831702963278790896595182858 0.831149743639135629713621256087 0.553658662736180917640638199373 0.411852622352936625915731383429 0.067986310976043795584189410874 0.100751375722462843675941712718  | 4.540792041377861743001176364487 55.339071708704643981491244630888 216.084623765860612820688402280211 
0.180681451210039978327870358044 0.340450024363429859519669662404 0.401389056565567337031552597182 0.542601192295041667712496291642 0.731484210528709266618818674033 0.184680644710582986256497406430 0.636305649230533454385749791982  | 17.124347622788459233333924203180 33.174804667793388546215282985941 228.086658503630189898103708401322 
0.390450543278284656345533676358 0.093911261137135659815555754903 0.648550959197719323334752061783 0.224085945107936557185723813745 0.649960956061430561447878062609 0.112250496335402627501309780200 0.626207275934820062346375380002  | 12.087682878773081895928953599650 116.626197995660277229035273194313 200.940881016102650846733013167977 
0.914991315134695670785447418893 0.357170952051221402001601745724 0.939507693709602520470980380196 0.719203860097767599945939309691 0.265548022500999181261249759700 0.402989413174906774273154042021 0.280241703161915323150310541678  | 82.550231851738985255906300153583 148.572235912382467404313501901925 21.472790727592169446324987802655 
0.461584551124148978473726856464 0.349657581349085644362162383914 0.792588676403365388623001308588 0.581888761341715854413791930710 0.824288193040770944541861808830 0.504557168443861669970829098020 0.346919392690372418996958003845  | 31.434358038900413134797418024391 58.466046572997512953406840097159 104.864356021778661443022429011762 
0.341964182090764734489596321509 0.892797253964841219797676785674 0.968626875532264453028119532974 0.591928003801516444681851680798 0.375577309533097203342322245589 0.717783108871649200288800329872 0.036084560224634798508702715480  | 79.364927734046446516913420055062 9.529753988587833291035167349037 171.058513314147944583964999765158 
0.015881633341742085185899213684 0.212591901695045160103347825498 0.965703230289975289579729178513 0.105301403758375600183683218347 0.777828112126617843280484976276 0.217619463142332603133866086864 0.163350980797162037561065517366  | 0.895332897095147073329712839040 3.316176995598072441140402588644 260.969646356771647788264090195298 
0.783066353589499053455824650882 0.717679948316483629078277317603 0.514197119505552691087757466448 0.086475764578063940568597445235 0.299611889994918056956407781399 0.424395270658385115325472725090 0.493942941621562936482803252147  | 55.439580721113713934755651280284 21.808753792289579109819896984845 21.400182511117726846805453533307 
0.006861550598364685171759447258 0.049101494292319247669809101353 0.064933229662564206918773379584 0.726022128885279061094593089365 0.207954121757621623878264927043 0.212054575677775525299750825070 0.748522020561913414837817981606  | 0.093106924392492226849604719519 1.803106739456360907425391815195 274.457306821852739631140138953924 
0.025811747032470133689230351592 0.824818083423392467423695961770 0.695399650304074468110115958552 0.168799011368840901070598192746 0.423713747535488294282401966484 0.424747312988309366765804497845 0.988609857378760059631872536556  | 4.234744720490198233164846897125 0.899411289904199495737202596501 193.773574021820650159497745335102 
0.870722847071101480054267085507 0.006466481965603954051857726881 0.866894602471931507992053411726 0.394570548018918998423032462597 0.112010156429267371258617913554 0.828515550556631730216849973658 0.057559062056303345045193964324  | 1.558242803355935901521434061578 239.414021813545332406647503376007 35.777410009729905482345202472061 
0.515112423051217405145507655106 0.225260918476204663463136057544 0.258686471902634496089490312443 0.353887918882587526603344940668 0.215308473499351116231537162093 0.735562422238869917379133767099 0.141703459591464020483897456870  | 46.940157876783558776878635399044 161.441119240942754231582512147725 196.154252977627379550540354102850 
0.580534100725589863323250483518 0.833366740779802439575973949104 0.798476446008300810852631457237 0.679739085020469202547133136250 0.651519742386297950886842045293 0.173165170721923833418998128764 0.469083506429352925515274819190  | 131.763279999972894529491895809770 26.346317554494714130441934685223 114.242357923861376889362873043865 
0.543879562543955086262315035128 0.603318146422756385049979144242 0.504854462461995723288055160083 0.711316626906045246236942602991 0.871067300465108385054691098048 0.148987030869810577193845801958 0.818021353676126161680315362901  | 74.210362171574018930186866782606 48.793334321873437886551982956007 103.156109766061661048297537490726 
0.853693073860707918321111264959 0.276785853201743869966833244689 0.720269050070314498235291011952 0.702507040091115197988358431758 0.938090062320957374097929459822 0.524379881686864557366334338440 0.363792029433896102474932376936  | 63.460418572414816651416913373396 165.815817327400992553521064110100 39.293631796247360910001589218155 
0.298888646006201574856220304355 0.350913342339194023189463678136 0.157908430403454036472510324529 0.843861169932795252002222241572 0.660576200841760496906829303043 0.208385104590063874319127990020 0.369362409271850045122675965104  | 39.061048459594587711762869730592 72.251471603658075082421419210732 261.108853416899762578395893797278 
0.413413487276266256031931334292 0.552856958163355227675594960601 0.738870615328268698362990107853 0.668175013133820439037435789942 0.145203874139157029787838837365 0.520957284570474410401175191510 0.113501456517347221186753358779  | 75.362116122415216068475274369121 60.951834547167607070150552317500 193.413924363410842488519847393036 
0.824332349838966083055424860504 0.019811980499030323876752390788 0.605692393859362132602086603583 0.571054239127601448444693232886 0.711824004177016189665039291867 0.150453797000786981818976073555 0.303959441874488756063499295124  | 3.130990655979859482727079011966 154.904227283645212764895404689014 33.677770117312604725157143548131 
0.342514720785066950625719073287 0.030778518585022895948100085661 0.813121510423065796402397609199 0.477602208217437707027386295522 0.899650631652849308572683639795 0.671251253118422153143285413535 0.564684717634444166556306754501  | 2.265152547928420467826526873978 71.330090240353925423733016941696 141.272143406381246677483431994915 
0.050301367312570621770362322422 0.984525509610737481480668975564 0.801894986223084860199605827802 0.182705464075514689703538806498 0.402832844263195322120907349017 0.912359087591769424285814693576 0.688162866640645409788135111739  | 3.775760804393185843252922495594 0.059346328469272242867038613667 72.407494962449590047981473617256 
0.277519161437826400451456265728 0.566237628503121981360379777470 0.827187392547331867831417184789 0.153353190222893509542245737975 0.863391112569990792913188215607 0.972825323416353637817621802242 0.891494142245740195384939852374  | 53.452417816283180229675053851679 40.946850486650639311392296804115 245.754787416503120311972452327609 
0.354400665461208741469079086528 0.407357185031556490173443307867 0.644140103026539345698608940438 0.806472310084743626568126728671 0.787242835091103265732215277239 0.040571563437642121918713655759 0.799183644984306162939446949167  | 33.620755770788285587968857726082 48.913091688374144894169148756191 150.349032012169288918812526389956 
0.820618418417465189662607372156 0.031255786972693044845073018223 0.373405344686513207541622705321 0.474078514374293935595972016017 0.379266519823158620994263401371 0.496993659783116714656614476553 0.168207878263679333485924871638  | 5.740393746321851509151201753411 177.918195664241011400008574128151 40.146513288377562389541708398610 
0.755075586140258714351602975512 0.931502082341025827716407547996 0.972413334201115087118694191304 0.930865943152237473867671724292 0.803124780768728063762296187633 0.586226094728934388200514149503 0.399503767940461718133349222626  | 120.334184290336253297937219031155 8.848762878086212424477707827464 41.903165983203315647642739349976 
0.875479502758277905449801892246 0.695349689717466801219813987700 0.253709731893416834402898984990 0.166556619109265668932096104982 0.706144271485790731013310050912 0.180192246812426737356815920066 0.213339670414286697308625662117  | 151.338993637941086944920243695378 66.305446096306681624810153152794 30.955829088196544773836649255827 
0.818449558768258866869871326344 0.530482675689959326525979577127 0.912640359192710026725592342700 0.329835378583321792156368701399 0.272703654901795711218426276901 0.868436206410773015029747057270 0.651511998761864274953836684290  | 142.365655220894808508091955445707 126.004381624757883173515438102186 59.530484292804821677691506920382 
0.316127850639949081745783132646 0.309394329953758373541461423883 0.144575045512590594221080664283 0.739749170777396325426877865539 0.592271383433329079437612563197 0.119435424160333147902690598130 0.181400728842009417718372787931  | 27.251381090204567669843527255580 60.828387838584525582064088666812 190.540949715537948350174701772630 
0.215668891494150471999091678299 0.783201696135052971570189583872 0.527353341504917416671105456771 0.217009397874302623066000705876 0.434453134747228575385236126749 0.110962542328560731519360160746 0.860093357017331250347069726558  | 47.594618020890074205908604199067 13.174680942276369322030404873658 221.001978026100545093868277035654 
0.646995145734905130474601264723 0.940013519808606812233620075858 0.044941553801731926043316889263 0.442342647726394311291642225115 0.978853783053030168659347509674 0.024565286877886949312710385129 0.134653530129760778955017030967  | 241.709232183327856091636931523681 15.424550565394214984848986205179 140.293901900519671244182973168790 
0.790618250274483513884149488149 0.938036103673970611538379671401 0.135730836329238990778378592950 0.724443712797693040172930523113 0.489789315030547789397985525284 0.676043372904874595441526707873 0.291506616195296719418195152684  | 153.122545902510580617672530934215 10.114823429843774249548005172983 43.230631217446124026082543423399 
0.781133961253184128104010142124 0.354643090213960787693281417887 0.197865790981149203275890613440 0.281324768288966242657522798254 0.385006182128626361915735287766 0.227722244635341297680497518741 0.714492684466723204650406842120  | 39.798190360719473801509593613446 72.422212232515065011284605134279 31.443051000817085594007949111983 
0.537960199453886511733458064555 0.819903400823676742348311563546 0.943031423751396813415226461075 0.939230948994029257725912884780 0.459490248131854905899729146768 0.830537948956545979406485002983 0.253007041991072489928171762585  | 207.461123169574051416930160485208 45.570054602292920264972053701058 217.321792631395339867594884708524 
0.274855948840386665743551475316 0.141991332231378719619385719852 0.571490741356029952058293019945 0.389573996537943223472666431917 0.275303566740316085770245990716 0.682718722439019876091492733394 0.806038962892266286353049054014  | 6.276381507663360004301011940697 37.926186416946478630052297376096 116.618284274878078576875850558281 
0.422851044162162237327606817416 0.653792005678447196714841993526 0.981197038706498991800231124216 0.513793116196812227336465639382 0.453646207780715071677946070849 0.034803082350982839088260334393 0.924388147825132011625726136117  | 84.686662122011384212783013936132 44.844842372496927396241517271847 176.797417433926881358274840749800 
0.916852800877249296540583145543 0.025256486310673120776471023419 0.054311183979442567704154498642 0.299532023336656405554379034584 0.238369305090612604303146326856 0.276437942500121214273178793519 0.323711448003198065670460437104  | 6.872679156980852077651888976106 265.242732006785502107959473505616 24.677499217709257806063760654069 
0.696815392548371437264620453789 0.964002355883230133137828943291 0.159597185906841909641684651433 0.968971210097182011899974440894 0.288602615661301298288776706613 0.257421149196961907001934832806 0.664709953068290726463374085142  | 248.917749698337189556696102954447 9.295052562167517962166130018886 112.348475549643723070403211750090 
0.362222831362712049951824155869 0.636303684834128024938593171100 0.556002738890867931331740692258 0.370773281199439752597868391604 0.153456491423261787154785906750 0.718230358775611810173700177984 0.424242987477158384201914032019  | 79.652764640694940112553013022989 45.527658699865888536351121729240 220.409121276551786650088615715504 
0.682084628548523919100432522100 0.689640630446710201084670188720 0.565401167205415777772259389167 0.759190572027625298900943562330 0.266250129884623598641724129266 0.726822777273741560399855643482 0.055111066877304382138902383304  | 197.004881756230332712220842950046 88.658220240271390366615378297865 133.145781887002300436506629921496 
0.959496485890536598972744286584 0.004886825788845028384344004735 0.061294734125428296245274850662 0.530906852086969860415877064952 0.750490328583493071512577898829 0.378363013547044602091773413122 0.850932190726494730448337122652  | 1.949041487871131073106312214804 396.886843417241323095367988571525 16.836179318177812547219218686223 
0.654428808090095515126449754462 0.681809799797067350723978051974 0.794780295063564179436355061625 0.468315117593833929454660847114 0.616703357156944464989578591485 0.718853209949518734411810783058 0.771218051031938967021517328249  | 90.461039639502331510811927728355 42.216782923955975093122106045485 70.060536327968264913579332642257 
0.418034249932768164903507113195 0.671343637762331413298966253933 0.851060579263157701568331958697 0.000634093890495956991060211294 0.116398332445556085268378865294 0.857449876956746459555347428250 0.894601433650821897813898431195  | 73.622865423856268307645223103464 36.042083020803275417165423277766 152.669892450068090283821220509708 
0.714946908821875393158506994951 0.458682049319507845197563256079 0.494149721890178472705201784265 0.029916256562137810703916329658 0.863093413699703715380451285455 0.385945948790279436124706080591 0.274766157727180049263893124589  | 79.647524538824413298243598546833 93.996777994898010888391581829637 69.232896305925720525920041836798 
0.675948170432397965612381085521 0.448599832610161675106041911931 0.583940497000517089176696572395 0.594628142703053863549200741545 0.528931152939633886234105375479 0.228500274954537507809959606675 0.347298998726285668148250351805  | 77.261775527468060431601770687848 94.966945731573090938582026865333 82.567029055465923192969057708979 
0.440743975957323175229873868375 0.197753159065243044878457112645 0.870568365728533133385269593418 0.586077511434630493702968578873 0.813649373805133024895042126445 0.361588737472216092960763944575 0.519905352388571939670214305806  | 20.411900243349911932000395609066 82.807185306709925498580560088158 130.973759232132806573645211756229 
0.698552861934121471776393264008 0.476171847548617854783969960408 0.438509582601386393996278911800 0.372665244550481666863106511300 0.965560938157650539004350775940 0.187934906658345446395230737835 0.659724373884572390380753859063  | 115.059519843177497477881843224168 126.574924602700320974690839648247 104.272726812216134817390411626548 
0.702307753505712062391808103712 0.373244623237345862776237481739 0.991483972157443549377831004676 0.050874606841343594787474557961 0.606511234267142707032860471372 0.375555988890019509796047714190 0.410258683085791164835143263190  | 50.783711801899599436183052603155 85.276417775924997499714663717896 57.672787222043794486125989351422 
0.532363581185794410011169475183 0.302406577132432352605917458277 0.403191329857207403364327547024 0.937619037589721426861899544747 0.653179031661251685569880010007 0.783860442361562381741180161043 0.095732288362436857021009473101  | 37.818370003340774587741179857403 87.239657378051290947951201815158 109.852909055762381740350974723697 
0.981130921258431154541312935180 0.106726380121617836493896902539 0.096798004768372525319364285679 0.020300348015397262635417519050 0.295046203483321112237547367840 0.979524667331381770907228201395 0.298678393211849746435859742633  | 11.598672898322163860029831994325 97.078046813384887059328320901841 2.090067224652752742031225352548 
0.885499641105507162563981182757 0.812699187232150510595829473459 0.456673958560983694887625006231 0.155142123451034397163539324538 0.521356810413476035037660949456 0.723462936664431843780675990274 0.852170815052365138164702784707  | 281.892432566377635794196976348758 64.967065997208393923756375443190 44.850991720235292348206712631509 
0.118593733000158962909154070076 0.619657573476346645868773066468 0.330729832513909305369281810272 0.083539371657847083518788622314 0.871574827869972645899565577565 0.738329132842676538750481540774 0.795420800948909989536161901924  | 19.595374056254748040828417288139 12.027533328419920621854544151574 235.026152263631360028739436529577 
0.800080054638954707435516411351 0.498895854340617006528191268444 0.547800231681202731692792440299 0.121773894832919671316062704136 0.250500993957913142828886066127 0.420443627941925912594456349325 0.902706955581921932640909744805  | 117.886546596163768185761000495404 118.408354575088921478709380608052 59.044171214301869099472241941839 
0.891043698397151362478041392023 0.287399118222780747267108836240 0.928149732699625862331060943688 0.548889550240065582364934471116 0.063231393827588244782589299575 0.543410738483087074612853939470 0.954815037135141819746309010952  | 119.506814422698425914859399199486 296.314970841309730076318373903632 50.846444377261619251839874777943 
0.715046645936954550215602921526 0.077974737166695118339987402578 0.113390123105285400839647991234 0.069341173658186483486076667759 0.040066800408225744511980792595 0.371577920991802757022526293440 0.289705251579498779257448859425  | 15.404347170938187616684444947168 182.151268027951545036557945422828 78.727920038206050890039477963001 
0.119909144287470903478265427111 0.312545473998667056036993017187 0.811090433318232717496698569448 0.575475934251064802360531302838 0.911362828745174158306951994746 0.984563349504591678318377034884 0.180632682299512681289854754141  | 5.910110677212363050614385429071 12.999491825102447606354871822987 138.789817460026142725837416946888 
0.152690335899294260535441480897 0.517175409647795514267443195422 0.750472076079329752928970265202 0.892816743964411019263138769020 0.808333170139656109753900636861 0.052981188558805292210251991492 0.557836829881552254128962431423  | 26.148784005630933080510658328421 24.411980326607253033444067114033 280.571943146938167501502903178334 
0.033566610940784280536774986103 0.476889609532310188022563579580 0.340231166348179292491238356888 0.264478021394427220691625279869 0.220703656045154628095872340054 0.772109518000221761724333191523 0.743358013573964027109752805700  | 6.052340020167930489947138994467 6.638940937082351112508149526548 365.401132948916654186177765950561 
0.416607158152757950375644213636 0.783564202459231640141013031098 0.231651558833977255780212090031 0.603553792376960940302410563163 0.041080381734132420668004215258 0.543117798749094160548622767237 0.708294744731172487561821071722  | 92.496737435790279846514749806374 25.549412637793292191190630546771 165.305078448273519597933045588434 
0.346166483009317627050904775388 0.902906689358334402228933868173 0.718884491970678385364124096668 0.221153723194881024483038345352 0.044948724869580236607191636722 0.907263310674543688172377642331 0.690562684200960896774290631583  | 64.915351913384881754609523341060 6.980617712798807161789227393456 135.795916084913557142499485053122 
0.494819043122397439482540448807 0.563937064951367417187100272713 0.216934383017128862292111080023 0.943554018409615724571892769745 0.562475789233742640149671387917 0.626565677002724141786416112154 0.066695462177626119171236496186  | 100.918750875629370966635178774595 78.035173503028659069968853145838 182.701365299415954268624773249030 
0.156040214699404100606727752165 0.805531536666101555255181665416 0.646624235674830294406945085939 0.759846536023855434471840908373 0.723163478301164563966096920922 0.111492853559993609913192358363 0.095829703781575625853861311043  | 34.088180690742817091631877701730 8.229443311695966656316159060225 228.879285614479272226162720471621 
0.072309741371152980171643775975 0.526223374909092322937453900522 0.331772055677053256950159720873 0.025411437982485129971621518052 0.386798562221164377028514991252 0.401024652316792518114141330443 0.091391750803786031553954671836  | 6.395011295008523610761130839819 5.757644021972203596249073598301 155.911219432664950090838829055429 
0.766141708448652480889506932726 0.668212623576521114188153660507 0.220800144544213261532661363162 0.489744306382194238835836586077 0.616695617348145264102754481428 0.935755952882165398243330400874 0.573621391238179789695550425677  | 113.915549689410852352011715993285 56.562447388364624600853858282790 52.036970059274821664985211100429 
0.187996286845587112779298877285 0.266251066961686877476722656866 0.741637707962029990582664140675 0.896940973859401191603524239326 0.752305293215450698873780766007 0.386942375265953986129829900165 0.717043073508454753550722671207  | 12.666898741608990874851770058740 34.908117149056863581790821626782 205.488577486272134819955681450665 
0.617067688047014728525141435966 0.152985167834433610778432921506 0.124873952263579002242011029011 0.699799776629068781552689415548 0.217134638664871704172298905178 0.084835102475704693425484492764 0.758152764476746510169391513045  | 20.389760390666690881289468961768 112.889567790567625138464791234583 82.708853930611567761843616608530 
0.000000000000000000000000000000 1.000000000000000000000000000000 0.499999971833795742170991616149 0.499999995498195404231012162199 0.500000010085813628712969602930 0.500000010296639763041071091720 0.499999983187784102778294936797  | 0.000000000000000000000000000000 0.000000000000000000000000000000 0.500000000128785870856518158689 
1.000000000000000000000000000000 1.000000000000000000000000000000 0.499999971833795742170991616149 0.499999995498195404231012162199 0.500000010085813628712969602930 0.500000010296639763041071091720 0.499999983187784102778294936797  | 0.500000000128785870856518158689 0.000000000000000000000000000000 0.000000000000000000000000000000 
1.000000000000000000000000000000 1.000000000000000000000000000000 0.499999971833795742170991616149 0.499999995498195404231012162199 0.500000010085813628712969602930 0.500000010296639763041071091720 0.499999983187784102778294936797  | 0.500000000128785870856518158689 0.000000000000000000000000000000 0.000000000000000000000000000000 
0.999995687180719960984731642384 0.000000000000000000000000000000 0.499579712631034011938169214773 0.499986236787997417874152006334 0.499964764603039402146578140673 0.499651125999077294626005141254 0.500016522100584448473625798215  | 0.000000000000000000000000000000 0.529625809528882385279757727403 0.000002284190253842201245442238 
0.364702950697197492146983677230 0.218740812048108690390790798119 0.499838921837859939678594400903 0.500106610720784661161530948448 0.499847785031390046128763060551 0.500119871019829131952860734600 0.500157557750050441036648862791  | 0.040672894107136675634350808650 0.145268146004716325325745174268 0.323901394001696485425156879501 
0.999658800419494508737727755943 0.000000000000000000000000000000 0.499914388896046169019626859154 0.500163999827885397131410627480 0.499977678679335457712085144522 0.499803353665691840745921581401 0.499738499265559910078593475191  | 0.000000000000000000000000000000 0.513824203335502716072369366884 0.000175376440999741426991082038 
0.422933624802723895363953943161 0.696968097353686699690911154903 0.499907148430630776658745162422 0.500256268287452732224096507707 0.499885876204416934598384614219 0.499641645486060215208823365174 0.499830638545196714872531629226  | 0.154499876485233389455942187851 0.067174368106237711262274103774 0.302460587901146105149763343434 
0.032983576676644699166018881442 1.000000000000000000000000000000 0.499999971833795742170991616149 0.499999995498195404231012162199 0.500000010085813628712969602930 0.500000010296639763041071091720 0.499957105636146814653386627469  | 0.016497780974266219866652960491 0.000000000000000000000000000000 0.483683904474908110682207507125 
0.741029432090120065979022001557 0.734122903816027405632382851763 0.499742860253786225221972472355 0.500378613941784511354171627318 0.499810635123492774667397497979 0.500043294292137341372495029646 0.500023577100826455144044757617  | 0.285312103731712896070860097097 0.103331408476717873101691225202 0.135820828043531044437841615036 
0.683431995787593726809916461207 0.377891736017659463087170479412 0.499718816472124238714513921877 0.499905605007801956407575971753 0.500032822592232584213434165576 0.499834879176991597748980211691 0.500009326230773321064759784349  | 0.132100177310111893680399930417 0.217471312932634913694940337336 0.161922692642116811123642605708 
0.974623048585887108430370062706 0.100453852387049444305766598973 0.500220160840551986147772822733 0.500006319566955625965931631072 0.500057901911060254107610489882 0.500057906460046885932513305306 0.499997491311243547063014602827  | 0.049486189774185271317286094472 0.443139912642620148464089879781 0.012826855146195951032361826094 
0.378220953120284364423753231677 0.150447810626879951989565142867 0.499632938350932087612221721429 0.499654173020875391753037320086 0.500422480596111163286821010843 0.499949753934797624932429016553 0.500139984796922565379873049096  | 0.031007403754529656858540676012 0.175093327291866052153324062601 0.338820774084627962530191780388 
0.997895233258182301483429910149 0.115408760841185731305102990518 0.499697566169411411252099242120 0.500522593131553228396057875216 0.500383420702886105857487564208 0.500181873025349110761794690916 0.500103273236982781568826794683  | 0.063897775388455382850061425870 0.489767084390996365605985829461 0.001167793315508749421235967780 
0.999461403015314164832716414821 0.377891736017659463087170479412 0.499718816472124238714513921877 0.500370242725300506947405665414 0.500032822592232584213434165576 0.499834879176991597748980211691 0.500009326230773321064759784349  | 0.197965190456899892135211871391 0.325902286887586600805377656798 0.000282305492559768419005838958 
0.992307473868085154755647181446 0.592022863053178194370218534459 0.500047500908668562935588397522 0.499727943077835079499493531330 0.499825447649891507762021092276 0.499916027141007635048453039417 0.499802035135073041693942741404  | 0.302608684144325623677218572993 0.208534893290696410339535304956 0.003962466705256372824506261310 
0.461198915344658066928218431713 1.000000000000000000000000000000 0.499932760939968801050525826213 0.500180568468723052433233533520 0.499898951120497869737846485805 0.499608044130618100808760573273 0.499924132551224920106847093848  | 0.240013539733985620250322767788 0.000000000000000000000000000000 0.280398654979484962534996839167 
0.149581597696177598377786921446 0.097908413607023209168644939382 0.499935963649871029090832053043 0.499940961733904509767256740815 0.500276082284426437674085264007 0.499492229547906341213803216306 0.500363705652460244444057479996  | 0.008007972677063074362635575199 0.073782471903162893944738698337 0.465004387404083230350693156652 
0.667224347388951755100094942463 0.002705479919797469309794557546 0.500226656060953622784381877864 0.500435896972148186456763596652 0.499966284779634839718909233852 0.499960969977587932344675891727 0.499948025360345382761551036310  | 0.000946560915675899515291102926 0.348921463884433735724854841465 0.174495371363785983787053623928 
0.888108185052475462839538522530 0.724651999742825347894381593505 0.500024589893275250851445434819 0.499826320194934947682696702032 0.499977422946839944462027460759 0.500108597189707126950963811396 0.500250032414313872131117477693  | 0.328494731821213914457757709897 0.124819040772796360783125635407 0.057112524813918041921567692043 
0.983622505640231459267397440271 0.963930297300910843283361373324 0.500188951479432208913067370304 0.500069341027446156999758386519 0.499918322112009039237534580025 0.500029565190361124926710090222 0.500008860185107928408854149893  | 0.478578359367015315761761939939 0.017908119693842702163655289382 0.008266590550638134790584210521 
0.987610430713438791627822865848 0.890734919371418021327713177016 0.500296113887736315639642725728 0.500098611610345522571208221052 0.499813281143912935267081820712 0.500083240510254878330442807055 0.499790669399215736756758587944  | 0.455747589413143472381051424236 0.055905854840237322045393142389 0.006418690610330635322455794523 
0.860457065667357023919237235532 0.230398128962232467964454940557 0.500405865764226742697928784764 0.499982008695821045218821154776 0.499925021082848863862579946726 0.500099609953333246181728100055 0.499911029338270140875977176620  | 0.102813987109569321409807685086 0.343430900262857607962985184713 0.072368888000928138781731036033 
0.753389522521986210179534282361 0.008430072160478828402485618199 0.499970669691316815796966466223 0.500593385070170593387217650161 0.500124430390131324841718196694 0.500233798724942779756474919850 0.500054242007157645488746311457  | 0.003442736444918405129544947130 0.404944805130153628880407268298 0.133679383125429152023855294829 
0.999504208400668447964676488482 0.829212404572332806296230955923 0.499797388803504494259044577120 0.500358614383843325335021745559 0.499930412742378926793662685668 0.499892151407003049179422760062 0.500041954421494905247413953475  | 0.429777181417124676254815085485 0.088518467619605203933197401511 0.000257094093854475869501130525 
0.304831657578838677302712767414 0.117152782490620291366845151515 0.499807549629797676082887392113 0.500223693057956331209368272539 0.500185881789766417782061580510 0.500100044825115164215389995661 0.500530814102113863484078137844  | 0.019313658087294433007841121253 0.145545064656578598816238923064 0.375960180559290590984744540037 
0.931263445826630120727429584804 0.118607580378857574432416299715 0.500140952838265429036823661590 0.500176838472285112402460072190 0.499867936087835307290561104310 0.500176742284498265789238757861 0.500002165473491189118249167223  | 0.056316209879672562976793415146 0.418495009603827017308219637926 0.035045815721008413690107374805 
0.877498781424718599097900550987 0.598559286167361648267615237273 0.499736499933346012269907987502 0.500305664176951991883868231525 0.500062117942441597406855180452 0.500155387987067823196696281229 0.500203766367313784613202187757  | 0.274670010797582297978891574530 0.184215211009472773495687647483 0.064061626121329470762155722241 
0.799762867849211356308103404444 0.061584031024323047931456898141 0.499806195111341888814848744005 0.500339038540889569084413324163 0.500015054708814021822149697982 0.499973891595388852948644853313 0.500101093482751557495191718772  | 0.025422129320956946690879263429 0.387381789131803933035058662426 0.103353976652956411341754972000 
0.903014511353196658305364508124 0.752028773071318212828373361845 0.500244682042935484567180992599 0.500081504236515206329727334378 0.499996577081790571916997123481 0.499907707438076664985260322283 0.500036400393521152096809601062  | 0.344667354995597696731834957973 0.113649357525867716889322878160 0.049224093035095235759701637335 
0.322832088560166541313378729683 0.000000457054154122291718922901 0.499795085946712014379755828486 0.499588853813099975642586514368 0.499838635694735855530268509028 0.499766014337995223559829582882 0.500020541648940164414227638190  | 0.000000078033701038594285106736 0.170731771430498779906770323578 0.358124653697134309737748480984 
0.950084396011652954072701504629 0.904375061851395045664503413718 0.500004123113441001358125959086 0.500116044088099398479130286432 0.500154520581332917572581209242 0.500321892524823286230173380318 0.500049691640369164957746761502  | 0.441786612134214551339539411856 0.046712718254008793461462545338 0.025664813806638070436960674670 
0.916886656057453897084030813858 0.103162361337189409371539738913 0.500078527757227497829717322020 0.499581228655055831211484473897 0.499838325119560722420430920465 0.499998810207053001608556996871 0.500210298881990089725491088757  | 0.049646809720654730413436084291 0.431602447054135252013651324887 0.043623968934619804238561613374 
0.210419035091680473037456522434 0.990432298597261340233899318264 0.500184298338793520422029814654 0.499896428394401182160322605341 0.499792667579700256030861282852 0.500030866908451110397493266646 0.500103507872332930794812000386  | 0.106247355370612583946865470352 0.001026362904820856325124878161 0.402536234178220875268294776106 
0.812540702644106271890223069931 0.061584031024323047931456898141 0.499806195111341888814848744005 0.500339038540889569084413324163 0.499936575720472009543016156385 0.499973891595388852948644853313 0.500101093482751557495191718772  | 0.025847056192928746093384617666 0.393856814486148232301587768234 0.096828863389886624113422897153 
0.625593629505150072844799069571 0.039813881717903495949251180264 0.500045878850047254005062313809 0.499969769072857728176018099475 0.499550493774173987038267341632 0.500159226325117667322217585024 0.500005790839148533954983122385  | 0.013020440751254996891717041763 0.314012247081340067911270352852 0.195723095488409520870121127700 
0.748578298766458094526399236202 0.041872587699567948016365903641 0.500031243273880932065367233008 0.499703535165496925962713703484 0.499894479457692608725949412474 0.500045739392856236626982990856 0.500113192918977933487667542067  | 0.016028105147361866589239554060 0.366754665823519621081771902027 0.128563565947579311332660267908 
0.633479655570562294464309616160 0.869560381511784830088629405509 0.500177786468390284113638699637 0.500100277373851764828316390776 0.499953342731981442703670381889 0.500086617969615065959487765213 0.499984104922040539786820545487  | 0.278230894309093201854921062477 0.041736413568217722858122442631 0.185127536232754213996187786506 
0.252074866309800305064214853701 0.503068491557359220855971670971 0.499953053086496068679878135299 0.499615419072432287439511355842 0.499748564860522770381123791594 0.499975438365746871482997448766 0.500003196148600559389763020590  | 0.066084323230262462245399035510 0.065278153926046619814904659052 0.389762373882447221706826212539 
0.791298117185055049915831659746 0.957567363309661856440868632490 0.500225224006365154494346825231 0.500419055189624373269907664508 0.500105978170579557051667052292 0.499853171269275031729506508782 0.499939484433362224535812856629  | 0.398521903470858029905343755672 0.017659682014091782759068749442 0.109766317646001906882524679077 
0.498392879358268592326908219547 0.562637362031985666099842546828 0.500069667741291246088053412677 0.500158356537072412706379509473 0.500008621915609019481507857563 0.499924916092221283125951458715 0.500001877058364629924369637592  | 0.141194248072625622159037561687 0.109756466545218742125733513149 0.252569148950368860262472026079 
0.490874582320952768110799979695 0.063752717340901682296916419546 0.500303565541870609578722906008 0.500100936291641984254852104641 0.500023838767341577415947995178 0.500152792768485010554968539509 0.500193242718228958665349637158  | 0.016152833243010682878759709524 0.237214143361883733618356018269 0.262787221901218670527811127613 
0.607242987489146068824652502371 0.671069939071364585103651734244 0.500233684360421260173268365179 0.500008678063054934348485858209 0.499792469710856002151899701857 0.500060722989666084359328124265 0.500086530965553555105884697696  | 0.208134350469655560189607967914 0.102018643058373145726669406486 0.200602996937110145125870985794 
0.980992064776282313154354142171 0.829212404572332806296230955923 0.500174237217269279653919511475 0.500358614383843325335021745559 0.499930412742378926793662685668 0.499892151407003049179422760062 0.500041954421494905247413953475  | 0.420958267397189889180708632921 0.086702092090919280487071318930 0.009836547690117986367241975643 
0.830264809983192630937764988630 0.329876638056188553616010494807 0.499513271519117563190803821271 0.500398335646089598149899302371 0.499892422337891662031950090750 0.500063193388304960684820343886 0.500058702172795577212127682287  | 0.148154319180194254945703846715 0.300966055191266457224941177628 0.091815925675451340315369463951 
0.698752387290671017616716653720 0.510261890779086568770139820117 0.500052733502212909399986529024 0.500038074331381809933816384728 0.500101537221735226168561894156 0.500276355207374789912933010783 0.499896049594873048693699502110  | 0.181854537361085172308960977716 0.174539974256121804829788857205 0.153649558499081517748408032276 
0.918586350312083244062932863017 0.796348227150314058597757593816 0.499854952450428158261530597883 0.500169289344731371471652892069 0.499883117941600674249968960794 0.499824948024345738772922231874 0.499920787913080699738088696904  | 0.373000662676887029256533878652 0.095388227961632085505350175936 0.041512971586395601419905432294 
0.635526749918505773351284915407 0.100453852387049444305766598973 0.500220160840551986147772822733 0.500426219235317271127883032023 0.500057901911060254107610489882 0.499970980303723666615667298174 0.499997491311243547063014602827  | 0.033397741186380336397832024886 0.299070754473682420826463612684 0.190669980734039512526578619145 
0.869748162361680066112512577092 0.202395104505094930447128831474 0.500386936863731923708087379055 0.500378613941784511354171627318 0.499810635123492774667397497979 0.500043294292137341372495029646 0.500023577100826455144044757617  | 0.093775975490542062829035785398 0.369555268216399557257290098278 0.069387609585981849247282582382 
0.380983216525591195100730601553 0.796348227150314058597757593816 0.500071757501239666510173265124 0.500169289344731371471652892069 0.499825721209970152969503942586 0.499859132665794569927442125845 0.499940285251062876969996295884  | 0.154321766698155060648645076071 0.039465023347685250498795284102 0.314862362043050625359796867997 
1.000000000000000000000000000000 0.238427143638828747951308173469 0.499883132504855665079190885081 0.499955722728005980126653184925 0.500071671000453354949399908946 0.499979467536056321197435181602 0.499996364705814988482757144084  | 0.119712462354904888850448685389 0.382379961049060523858855731305 0.000000000000000000000000000000 
0.101058132982788595466416836643 0.987265718663164260071596345369 0.499816819338495699209801159668 0.500006319566955625965931631072 0.500264767273836841177114820312 0.500018050887586329444900457020 0.499927657234726097179589032748  | 0.050961988256187494561455508801 0.000657334984564803361840878981 0.459169088509776279760643546979 
0.814638990814904873083435177250 0.390357797515326621073938895279 0.500051432175617094344488577917 0.500192897485539744728555433539 0.499813281143912935267081820712 0.500083240510254878330442807055 0.499790669399215736756758587944  | 0.162940119529908361561965080000 0.254472112445580322948046614329 0.094976981752103978307033571582 
0.674177197357626711848865852517 0.630784022766291974093633143639 0.499942361685851988095663500644 0.500418937966724319821310018597 0.500054408580898002156800430384 0.500041368588133527950390089245 0.500047683096505490851768627181  | 0.220430946225406459992868235531 0.129024554024442156263674519323 0.168888195768803678342706575677 
0.633026456918053703759596828604 0.728214537567572706144858329935 0.500515956304738329762926696276 0.500455837524472979538359140861 0.499666080954707714223417269750 0.500274913428667589165854678868 0.500061881604608404749967576208  | 0.260754047468304439583164366923 0.097319067000532263889134299006 0.207579569641947375702173417267 
0.989696013538510221962951618480 0.041872587699567948016365903641 0.500031243273880932065367233008 0.500057171937291711216744261037 0.499894479457692608725949412474 0.500045739392856236626982990856 0.499832139420792687101169349262  | 0.020907366226167092143617409761 0.478401785053795991498049033908 0.005198439383919471745709728339 
0.576062485046512806619034563482 0.027382536645448207757169711840 0.499757466112948800507354008005 0.499806609955771696807147463915 0.500097343845277930718395964504 0.500242898101926680709539141390 0.500235090186961883773619774729  | 0.008229643369826834115032809791 0.292313855444219117263315865785 0.221176812116771343008636563354 
0.644369703723147835283668882767 0.249099248111432386432184671321 0.500005226787070489180564436538 0.499775732261210858808908596984 0.499991998110455304615840077531 0.500278248254900081981588755298 0.500020284394564473728905795724  | 0.082288251944387991176910190916 0.248054985011417900020447291354 0.182317794509660402457740246973 
0.954127326209257775602168294427 0.649669695323345397497405429021 0.500266675933280113852674730879 0.499907256299689572998090625333 0.499885359621414726571941855582 0.500016633328119186607807478140 0.500158340047363592084650463221  | 0.317169141019625011601590358623 0.171031468155730781433021547855 0.023471780625043202339607972817 
0.770370282250889992781139881117 0.757374040182194896431155939354 0.499730486425787379101137730686 0.500264354627174778755716033629 0.499910025237131128150736003590 0.500338864008243344727588919341 0.499921580133728948869276109690  | 0.307376508177855112258214376197 0.098468545745451011019788722933 0.120973105179997292291105281947 
0.698752387290671017616716653720 0.209365827919671176893245956308 0.500052733502212909399986529024 0.500038074331381809933816384728 0.500101537221735226168561894156 0.500276355207374789912933010783 0.500026367415899231083642462181  | 0.074470776635506066853942286343 0.281226126605450654771800600429 0.153348804094840751588435523445 
0.923006059944335266465031963889 0.023721058833438026652862262722 0.500074892192091224885075462225 0.500189424553460049160946709890 0.500094000199410526619203665177 0.499923244465249660972716583274 0.500110125322834608851962912013  | 0.011095103354994242592090891719 0.456637110156242420622163535882 0.039016586750643199310584208206 
0.940631527384615417908264589641 0.850646923675205113291042380297 0.500101983730566468366873777995 0.500309904893957657634473434882 0.499960448623983366722711707553 0.499870222211832249126217675439 0.500068459668141951368625086616  | 0.410307123749281410507450118530 0.072040031491763467652589270074 0.030443604156729000415060326645 
0.765470631263594492033064398129 0.550561682173494659764401149005 0.499738381809129939004066045527 0.500448898088846405585172760766 0.500469299149117308189715913613 0.500218734351352889433428572374 0.500136454781956341086868178536  | 0.233883711392109977511566398789 0.190925567867553130918523152104 0.130155551407207303871160775088 
0.200308680004481709513441956005 0.896640537532093606643002203782 0.500318764875379295986590477696 0.500082692241811455069466774148 0.499945652729190115337587485556 0.500125520439701709562996256864 0.500069093284971621926615625853  | 0.092142227956980585212853895882 0.010621615634780425321825880758 0.410263567848730525966516324843 
0.883638932308248303826303526876 0.930859318061800444787934338819 0.499907299352494283173342637383 0.500254236733753465671270532766 0.500067925870542606681112829392 0.499949765104569732176997831630 0.499960748246206454492579496218  | 0.417924451069990376961271749678 0.031041835199965679692457598549 0.059121655370599462964165127232 
0.470560216028534317178610990595 0.503068491557359220855971670971 0.499953053086496068679878135299 0.500158303862669240125171654654 0.500162437174723306654300358787 0.500291390511274802754826396267 0.500003196148600559389763020590  | 0.121601062227120915171241222197 0.120117638641379254060836956342 0.271964123634969079379430922927 
0.962961802367620856024643671844 0.056659610520657766041807690272 0.499830722392016868482755853620 0.500324250699432759859064390184 0.499994496252567033334202051265 0.500141553923786452706679028779 0.500111135488531699522241069644  | 0.028175998290481816394015268656 0.469109423045215689906939360299 0.019126984756661219444495714015 
0.162339289358677307806289036307 0.337621231316008574285802978920 0.500066179918485564925845210382 0.499994103765002195771671722468 0.500097891556006368674047735112 0.499961300060935920352989114690 0.500057876009284085760953075805  | 0.027506585847938733180306769555 0.053965144293916501860852719119 0.420389097657194288348847521775 
0.662411050791272160154221637640 0.337621231316008574285802978920 0.499605207991070165984837103679 0.499957113886899673360630913521 0.500097891556006368674047735112 0.499970433353908283446997984356 0.500057876009284085760953075805  | 0.115609383988089384209807519710 0.226813939146706861071933758467 0.174511475470631782780372986963 
0.512740719036639869266025471006 0.994694004237579698646243286930 0.500168183124326426458594596625 0.499958961528108425387273427987 0.500070162491500269652533461340 0.499939806717135837299537115541 0.499999983187784102778294936797  | 0.256949792637327700806082475538 0.001370647158905361102931852457 0.245482808523067613792889574142 
0.777344467673898309456603783474 0.200350279825433491565078725216 0.499865406882735785476512546666 0.499991079922125269963117943917 0.499982480950298568966871926023 0.500093113087997642729476410750 0.500103245903615656331453465100  | 0.078452393093924321920695774679 0.313123766232034250744931114241 0.112159540366738835759363723810 
0.965762585448639909735391029244 0.010425457777768315850708269465 0.499863900543232264617188320699 0.500162766329941166354444703757 0.500162194502096313364347679453 0.500093215978974825475233956240 0.500109961741651676270237203425  | 0.005125829902491566870958994429 0.486538901925601618980721241314 0.017430090477217937555698412666 
0.753389522521986210179534282361 0.875489342021698147000563494657 0.499970669691316815796966466223 0.500018462873730418216666748776 0.500124430390131324841718196694 0.500233798724942779756474919850 0.500054242007157645488746311457  | 0.334630664701296431928767560748 0.047590624170776370249758002728 0.125114262586858482340090858997 
0.552108462821506718043451655831 0.789319412684942545155308835092 0.499973731730949777496419983436 0.500341818590696818525032085745 0.499812625801193011199075044715 0.499849111853444993958106579157 0.500013220058939222845140193385  | 0.225450443501757358255588314933 0.060175932688417602123287508675 0.231711059158133059199258241279 
0.167485301276570131001619756717 0.752028773071318212828373361845 0.500013080096125883677871115651 0.500081504236515206329727334378 0.500414464792322544184344224050 0.499951338165077585617979138988 0.499937892282876994443086005049  | 0.065275454233335652998171383388 0.021523690388149850638566107364 0.431450182094971934620986075970 
0.939251205721823523298041891394 0.659201203487078446485725180537 0.500072963722350549709005917975 0.500121211142249055825459436164 0.500216488529171776633575063897 0.499969631457120367024060669792 0.499856045514211699831719215581  | 0.314990248915423431963489520058 0.162846028156236721784466681129 0.030905446293430883369923733994 
0.999190657737150211836762991879 0.696968097353686699690911154903 0.499854934177761778268944681258 0.500256268287452732224096507707 0.499885876204416934598384614219 0.500314061034286550189165154734 0.500269446928248706640829368553  | 0.366835920389593839185948809245 0.159495086413200398700595883383 0.000426326972490410015768913521 
0.404708330601607435550448599315 0.284347236756725019191094361304 0.499939682468924839753299238509 0.499957762077337219963624193042 0.499881894192124531794974018339 0.500022388179382160089403441816 0.500328451384245531663452766225  | 0.058990517894296171097501257918 0.148468919964654638699030897442 0.305155258138430807157703839039 
0.572760025894247903899270113470 0.310367509640185890162911164225 0.500025788765261047785770642804 0.500077595257265028472204448917 0.499976942359655340819557522991 0.499849149253568825201909930911 0.500040743553137656540741318167  | 0.089438337092721711951703866816 0.198730798898378108185980295275 0.214954551003610605519611453929 
0.469259128461879337912421306100 0.836241298895157303405767379445 0.500036480080051859431478078477 0.500087276176588990672655654635 0.500024322213013849847129677073 0.499731578512845164841138512202 0.499935129585901916193790839316  | 0.199531469085478224689822468463 0.039073667194085302811767945741 0.269866882286500076038038287152 
0.936013534129590318855207442539 0.930859318061800444787934338819 0.500063951973515274929127372161 0.500023893535861740922143781063 0.500019847457929378364838157722 0.499779869408343402348293693649 0.499976992887454063652086233560  | 0.440297966817114361237628372692 0.032703654667307034686896116682 0.032334684282002167099445699705 
0.832797991954854932572516190703 0.880464208276880100356720504351 0.499939682468924839753299238509 0.499957762077337219963624193042 0.500220115905532947131462151447 0.499659167328607989322364346663 0.499913414369695274785954097752  | 0.379478691957694624914410042038 0.051519738631956031593706057947 0.086532152761004940688671638327 
0.695487653370408298592053597531 1.000000000000000000000000000000 0.500074892192091224885075462225 0.500189424553460049160946709890 0.500094000199410526619203665177 0.499923244465249660972716583274 0.499898045956586212223982101932  | 0.352318520945130442267867465489 0.000000000000000000000000000000 0.154259157663191120990475724284 
0.451842517142529764839764538920 0.910437793978710718789670863771 0.500111926727507039025510948704 0.499956251062875556279152533534 0.500226704516797515687187569711 0.499917607650534612240278420359 0.500051308702168406661314747907  | 0.208744297892474756084268960876 0.020534736076710337349116031191 0.278152261826427327218169693879 
0.764810509694293538807130516943 0.218740812048108690390790798119 0.500033943922249535241064677393 0.499937542666941348024067792721 0.499716044431118000535008150109 0.500281327747447934761737542431 0.500012166749910558216640765750  | 0.086372948110781971875482554424 0.308491399799682763926966799772 0.121426083386430044841475250905 
0.323972993702737022125859311927 0.683125017827670100167836153560 0.499580029614327569831289110880 0.500530759124721336128516213648 0.500194444864382137261316074728 0.499753864009669479528952251712 0.500274672437283518533490678237  | 0.124466001462294861834578796334 0.057734910836445635373692653047 0.380194459662169970126655016429 
0.835499739865172119657188432029 0.412431300250634347293043902027 0.500024625498999508721453821636 0.499939839094066196256704870393 0.500159598796861559755200232757 0.499985554897228012816157161069 0.500008497476208457754864866729  | 0.173313175296051558138543668974 0.246909962935041027431992688435 0.082737088062820624001503233558 
0.995714592720501445732850243076 0.930859318061800444787934338819 0.500063951973515274929127372161 0.500036606471053968192563843331 0.500019847457929378364838157722 0.499779869408343402348293693649 0.499976992887454063652086233560  | 0.468451560854364512653802421482 0.034794796317798061535686571233 0.002165897354697180875876538764 
0.303358037539025626738720120557 0.696968097353686699690911154903 0.499854934177761778268944681258 0.499452079494681733251582045341 0.499745161950669480876996431107 0.499793797083311064355370945123 0.500269446928248706640829368553  | 0.116181375926189836556012835445 0.050514024289857482885590655997 0.382805122560121779962116761453 
0.977280433752154453763694164081 0.449592392604183321846988974357 0.499802069426279860220319051223 0.500160412993606029452564598614 0.500006511116699470242963343480 0.500364461581066621853608467063 0.500422564590542129359107548225  | 0.236016570887990356775176792326 0.288940200557599891073579101430 0.012204061121250201274457403144 
0.734616889932840910759637154115 0.027382536645448207757169711840 0.499757466112948800507354008005 0.500033097168640194851718661084 0.500097343845277930718395964504 0.500242898101926680709539141390 0.500235090186961883773619774729  | 0.010422643785504092858729130455 0.370208410249317998452767142226 0.137504397587614207720818626512 
0.918586350312083244062932863017 0.984744796536878519432889333984 0.499944928848951974931225095133 0.500199010295020451977165976132 0.500149332123051792997614484193 0.499721911240517291385998532860 0.499920787913080699738088696904  | 0.465554896897717562787022416160 0.007212157607132124378934712183 0.041901005111135689040757767998 
0.158883279265213672726275717650 0.593588768215754236656778175529 0.500380581332026785901234688936 0.500406208968604770959132110875 0.500049151393491153605452836928 0.500015247745129509659989253123 0.500073055852210734961715843383  | 0.050115458546434676900815929912 0.034312450521108525669511379874 0.446955314252093283133859813461 
0.542521592222439119623800252157 0.778026636276689886884128100064 0.499647953448185466740483207104 0.500294163048991991082914410072 0.499928842729551403678556198429 0.500074451428310084999395712657 0.500097483587093272205947869224  | 0.220658381855934532245200330181 0.062954506915988833748443198601 0.239155039431825117146601655804 
0.136102613994948967723885857595 1.000000000000000000000000000000 0.499983043602389709558764252506 0.500160478964929211542767006904 0.500057137192476797160622936644 0.499975255673231533393163772416 0.499938699136846798065647590192  | 0.068503892438964028577252918240 0.000000000000000000000000000000 0.434821432683052677692359111461 
0.543438321201854090958249798859 0.253688573072972045618911351994 0.499916811169269392767233739505 0.499825410138334091936229697239 0.500091453778942374164273587667 0.500263447310257958200452321762 0.499970626864616962681253653500  | 0.070511639871103287680043081309 0.207434027988445984780341291298 0.233511947504880412740391193438 
0.572760025894247903899270113470 0.933405315432914717277412819385 0.500025788765261047785770642804 0.499784682984830086471816912308 0.499976942359655340819557522991 0.499849149253568825201909930911 0.500040743553137656540741318167  | 0.271108189952819877976963880428 0.019342470087700156661236761124 0.216656412571680168088761320178 
0.719257494452056889144841989037 0.467888777889144846788838094653 0.499885342190425019381905258342 0.499957970877699053868781220444 0.500005717664761206719958863687 0.499682760438727502361189181102 0.499733089910634420416357670547  | 0.174474598667355484948870980588 0.198422993479411280404178796744 0.145550383749329742544276200533 
0.663506029645112960224651033059 0.039575265757544109135324106319 0.499590104782592747678648947840 0.499884968310504440580643858993 0.499996860300280510092107988385 0.500159704711692354450747188821 0.500030026892198220522800511390  | 0.013667642791907096133652288472 0.331690563407925631533856858368 0.175146794160982666177517330652 
0.932736943381067051817012725223 0.038760703174406649362815358018 0.499833884391951366321649175006 0.500022959445909354059267570847 0.499910025237131128150736003590 0.499757606541339216565944525428 0.499888306586292630040446738349  | 0.018460352518515812936250597431 0.457804291996628642813504939113 0.034345177358896909758367854693 
