0.230030868027249590923588584701 0.880194072258098980654494880582 0.844872338616503792962930674548 0.396450247885424156280009810871 0.796406574982768900028418102011 0.829773245495946554228794411756 0.906011196210998015487803058932 0.956112999349989278741190901201 0.170336086603631198244102051831 0.047995670729847894619979342679 0.313649567832650966181518015219  | 1010.194569553945143525197636336088 381.776695150701186776132090017200 
0.408277261995468654376395534200 0.578381850444376288677972297592 0.392528946592211935850968984596 0.148048207727104585984534423915 0.202028215744848305135406008048 0.531966099023611471707795317343 0.036807546993619100206274197262 0.634246934485157343175387723022 0.073492927932092388942919569672 0.552931224656914688253550593799 0.711453131106069447397999283567  | 927.529812381586793890164699405432 692.492123059291088793543167412281 
0.934262448871773676373209127632 0.159556198213987920908607520687 0.355082509224777131962014209421 0.290230382941463194157449834165 0.887819153458740517592673313629 0.617360732578617898980155587196 0.759918894739804340332511856104 0.925566886260133614428013970610 0.502266065784470638888592475269 0.228742755370734407449617719976 0.010956625581505230471179856977  | 103.171353657777899570646695792675 995.584887601670516232843510806561 
0.100052536997256691364555081236 0.276089203817882822278306775843 0.816554523990937308752791068400 0.458425696549242811528301899671 0.293182595201321394284832422272 0.296096415454209171969068847829 0.152944961380351074353711737785 0.271990022519436047687690916064 0.073615093987238200412548394524 0.133841825872045072642890772840 0.311317674629912222172833935474  | 1008.105549080109653914405498653650 159.753515095885944674591883085668 
0.777105548952808700136074548936 0.710983038202182449083466053708 0.508736158258178639002267118485 0.652569788946457673972645352478 0.059804113523196145152382996457 0.307433922216177046848883946950 0.690684863040781582554927808815 0.368828286957340045759679014736 0.106191804845874315788023523055 0.052145234863339773312418401474 0.001288112656515183473970864725  | 304.120968463858218910900177434087 832.828195937887926447729114443064 
0.869237446676593750183315023605 0.744819801619247101598375593312 0.120361044067541334001703035028 0.979852050991831591275627033610 0.371347548946703742700492512085 0.612828601009676621202970636659 0.660016583895780106772122053371 0.017391125223280123890390314045 0.776005648210411846932288426615 0.240034473845412765768969620694 0.274435436123423581733504761360  | 243.789200712653695291010080836713 1170.153297674852865384309552609921 
0.267064175814464066505138362118 0.615423397639403235714894435660 0.437065169524922136901068370207 0.693292057486669666133138889563 0.879396310077153797735149964865 0.977003433470422955053891200805 0.326813012268980296326503776072 0.382808064891310806387991760857 0.184102937699574642493871579063 0.605261326260195131609975760512 0.882117214008433903060790726158  | 663.998516084633479295007418841124 296.128115654444570736814057454467 
0.125644743284053728160643004230 0.353794396568261948488043344696 0.420992936264869443974134810560 0.142999351839493415994297720317 0.496999688511076564978452552168 0.780066843747972749056884822494 0.554219337313429871727521458524 0.889437464774794017685621838609 0.568726171474954300677495666605 0.993565500358225106580789542932 0.324046888786844844432266654621  | 1038.606192891320915805408731102943 207.685314506103679832449415698647 
0.036054729972470056509337155148 0.542119087867513727019286307041 0.191361520734778745023163537553 0.677759197561918158569937986613 0.859031245929287035068000477622 0.459652903893681408220572848222 0.392593712442282249952540951199 0.096611660516815245358657193719 0.807028813603064776316386996768 0.928509609738601415784842174617 0.593002611253234057642202969873  | 877.059001542803457596164662390947 49.725094023485659988637053174898 
0.105721711941987317473490293196 0.626618944249744735941476392327 0.526925045662403945812002348248 0.706009716954934196664339651761 0.886440985951307602874749136390 0.547685511201288166560630088497 0.871828598446263480781226462568 0.326124961097901566731138700561 0.497925897549909901584896942950 0.432561941181560882796475198120 0.875671946318368643602525480674  | 971.532860219639360366272740066051 162.839523811625383586942916736007 
0.420772912832402257166108938691 0.084306314095071277492365879880 0.437732963124317864256340726570 0.179986028211924997677328974532 0.935069403447758462633032650047 0.800985337966493071704121575749 0.557738221329598715669817465823 0.383411935768129596979747475416 0.143422813328597520410312426975 0.467406622520358805417117764591 0.338554566075862650720296187501  | 1002.381684484592938133573625236750 779.477984545402478033793158829212 
0.022420786386169178072691465786 0.331343457582934819427578077011 0.066673113236924930191662497236 0.352471264414749851923147616617 0.270993716515488758389551549044 0.440372026317672693451754639682 0.835122553690022639827361672360 0.312274339253311161712645116495 0.279136365162293564878837059950 0.384191316458524001475893783208 0.981170753128913553098300326383  | 1238.083252179859982788912020623684 43.621457939620533750257891369984 
0.921232455386701065691568146576 0.545320989946500800371609329886 0.722226439007091158828188781627 0.412693374416005287486086672288 0.342333880623654884800544095924 0.374233309101504874050192483992 0.954368061327035555052589188563 0.767740833508461228973374090856 0.435827279028626390910972077108 0.940634953018715247452519179205 0.892631916643872536099024728173  | 169.433526754426310390044818632305 1362.410790513302345061674714088440 
0.074712465347154921602168542449 0.852806954658916094302867350052 0.655338411175748980497246520827 0.527687788346352215640422400611 0.392979790656756478028910350986 0.040122448027532398029393334582 0.825617944001326486969105644675 0.366656787285392082864632357087 0.093387056048578775957480502257 0.280728271999922895929557853378 0.826585346779693752594653233245  | 1211.999928115422108021448366343975 142.894595940810347656224621459842 
0.242427627791220734465582609118 0.545754292533490392713702021865 0.784777261568233130972771505185 0.341119996004806802503139806504 0.825459072194197007732441306871 0.459135224030258193295139790280 0.983791080474246681930594604637 0.123692588448405027534704458958 0.664821107673099653823101107264 0.439844667289742252691553403565 0.480137959813687009713589759485  | 1226.752206218786568570067174732685 491.125068118867261546256486326456 
0.191674397451198741393341151706 0.363020497777162942654172184120 0.327179073553008903374461624480 0.279730992272009482135786129220 0.273297549620140856063699175138 0.164758430672842237640907114837 0.343289487740597198950354140834 0.317804869327271033441206782300 0.100749835234966722552485407505 0.245167510027283874762815685244 0.741692514386246282143133612408  | 1255.195106140068673994392156600952 389.765152278519565243186661973596 
0.504758110803241066832924843766 0.824245485445704195726079888118 0.806716971881259459209445594752 0.486216454947255627416780043859 0.099252030312865890948614833178 0.009663481495825632094920365489 0.853139115223052968417505326215 0.295345284688046882948242455313 0.260498728010118973941189324250 0.791064824300808933088546837098 0.256411347713601411868467039312  | 592.146657532817812352732289582491 601.064914292945104534737765789032 
0.105476322656758547680055926321 0.242088479193404149114599022141 0.221018976964806546092745520582 0.979313382846491942146371911804 0.047054235548495970675730859512 0.674637069055026072916803059343 0.494443283888320372909674915718 0.271068848355784153270064962271 0.597345465278118048502165038371 0.574827047316601502657817945874 0.973962630112188199049683134945  | 1052.986123488835119133000262081623 176.074724745011053528287447988987 
0.607639444631632219540051664808 0.913645896789502698354112908419 0.022929677543111148807497556845 0.568734305211052282302830462868 0.233405476146272938819947739830 0.339401489054070859552325600816 0.267404756972526191916017523909 0.083723574552753143862560136768 0.427589156776869927512052527163 0.531240062091646869646410777932 0.981928899781101760524393284868  | 689.390924203101349121425300836563 973.213244866439595170959364622831 
0.754689468232681459625155184767 0.528365913854631719104304465873 0.235643673348048254823083880183 0.583370593000792858617842284730 0.238116247065451647202394269698 0.004477697627754739784222692833 0.076638352899909056858973599446 0.170377823784779280913426191546 0.168775818933958099421488441294 0.882792494535568961211424721114 0.616847350134597238735523205833  | 400.865352740913976958836428821087 988.303367417018762353109195828438 
0.389057867664974743604489049176 0.719539628921376683834409959672 0.366085095482506783781673220801 0.250367872077029707256201618293 0.596024125461789955338076651969 0.109884011594324260130406401004 0.978403380273200173888881181483 0.833345078262440530636467883596 0.161443935474530730900255548477 0.314103357609376354631081085245 0.973518048711594197186514065834  | 894.927779558959741734724957495928 626.989249512868241254182066768408 
0.842316585664602435201686603250 0.052027503648577999584290409985 0.957850541092623908312475577986 0.863608356964817636125530952995 0.426292888495032773477078080759 0.615022868157601321215111056517 0.290867587060292143164019762480 0.183860375110209917082215724804 0.275595964527730385995596407156 0.086033523928822130955040847766 0.936700503722800448258567485027  | 288.721477474098378479538951069117 1141.727769422312576352851465344429 
0.359295984657835187903174301027 0.604171626830209307357222314749 0.590255515181517198541882862628 0.327514606627119286841320899839 0.308551973572519289135129838542 0.244075411811290665653473297425 0.675044722893994197931988310302 0.487461453683793788371758637368 0.596423667043401328768936764391 0.140617551849747668413215251348 0.446195509157101488639796116331  | 751.838495706071853419416584074497 475.965751639786844862101133912802 
0.599542539180126343723031823174 0.049411628831516951620983491011 0.726417719546449847101143859618 0.181377972497694939235657329846 0.381550947961446951239850022830 0.403796400007708555790486570913 0.657430686057720370385482056008 0.812566288619268606296941470646 0.240372475031354726482391015452 0.798068524670891843442177560064 0.479093503704951073629558777611  | 574.188452094077319998177699744701 789.109546239419955782068427652121 
0.442332389925809588149263618106 0.298943169625247806564516395156 0.224074608342957670714667983702 0.633944620235242339845171954948 0.414222182446237541242339830205 0.749123746272789770017652699607 0.926302411973488615259952894121 0.493731096039963901489500130992 0.395331040851775172839666083746 0.020423683091195909966586441442 0.248440315815227075191273797827  | 726.801315871936026269395370036364 605.761139764997892598330508917570 
0.273344119764275195194613843341 0.766542556302380440058641397627 0.200956243245512755635218127281 0.869606405915340108236932792352 0.928506039096629320894749071158 0.596852432311753222649031158653 0.429548678254731974845981312683 0.504013249416810360514773492469 0.501537068990107748334139614599 0.733145573680239470704123050382 0.044248060993710591759509043186  | 871.903054048917738327872939407825 399.206254817931665002106456086040 
0.572933999943626925954731632373 0.515518151166814320163211959880 0.564665187339569829561014557839 0.202218280152075102762410097057 0.981078247922358981369939101569 0.876645404614054601921679932275 0.434736628837420147064563025197 0.068679078327171128037775815756 0.159731111955333515695087953645 0.442969407682836546769067354035 0.963964943806060015063508217281  | 802.001813565265706529316958039999 1010.571599751882104101241566240788 
0.583747943739013397390635873307 0.341815199366290123350609064801 0.054170486862844091646707056498 0.542009417270138849076488440915 0.043119168565777910018255170144 0.805438316978654089695055517950 0.558955414587164467477009566210 0.999571234731648106119905605738 0.711068873595015693567233938666 0.942182259740291128125022623863 0.098005470190018595388892208575  | 780.941522898151902154495473951101 1019.116384817710923016420565545559 
0.316266055151277480916860440630 0.682169658552739255341634816432 0.608443972554068013280925697472 0.866032796794632631076638062950 0.839131212668138726229472013074 0.455212405905645267623071958951 0.831488040696909624927002369077 0.363727070417300124560711083177 0.363331895833471696377614534867 0.410414425377779945591782961856 0.282601277970476072454175664461  | 1048.805959705771329026902094483376 568.600907602790584860485978424549 
0.855973761942411259795449041121 0.260109664536897655651159766421 0.050196676496228942454536081641 0.072406983079947417891730765405 0.694953259409945678370945643110 0.883183243407710705241697723977 0.688292779061309811794444613042 0.836375626264610705362656517536 0.020852448359547803846680835704 0.537371442220211381624039859162 0.331161860023984067069591219479  | 276.037411138958816536614904180169 1199.243071626333858148427680134773 
0.668537086112361844669749189052 0.884690188094235274718357686652 0.187436747362600852895297975920 0.320062066542561307613823373686 0.730819635517120591572393095703 0.590417465586593248616509299609 0.048800843511165092891701533517 0.670049028293198123407137245522 0.369418503262939346143411967205 0.680916165160238895381894508319 0.162519574565846980362948670518  | 531.647709111986500829516444355249 927.120845900511653780995402485132 
0.232916873196338247709036295419 0.708691425397158569765565516718 0.942108615615177447111250330636 0.930881571426130038915403019928 0.804238421534107184029949166870 0.739783369427474468693617382087 0.403771609396750719156443665270 0.276547868547622810453390229668 0.754676628621526734974622740992 0.127589317541449309700851699745 0.562895495379465593543955037603  | 1103.125315190109176910482347011566 422.622372212975790262134978547692 
0.804443757146078741726569205639 0.723008626838860024577115837019 0.873472331157777004406739251863 0.158428980471542635299897483492 0.618001569616053236799757542030 0.238893348044603159863186192524 0.268751599214527514547512510035 0.120651408008422444950724639057 0.893381416229126035233321090345 0.427956441896820471981754963053 0.946847551888338134773448473425  | 377.742292202350427032797597348690 1190.790121819139130820985883474350 
0.001253493392500359959740308113 0.445924397988221032917977026955 0.633115923598294383367601767532 0.130439787270980156463906496356 0.513103790290467820511821628315 0.900606469270779586011599349149 0.559488648883192940530761916307 0.623548526405997227683997152781 0.006642815981029226435339296586 0.006053409422853262000785434793 0.101297133320884524820826300129  | 900.168619335757398403075058013201 1.772418834009280130814545373141 
0.132520346995448345950308066676 0.487301181116763348910581044038 0.267963225933868676165161559766 0.971944632571085653793829806091 0.724754262936168069941800240485 0.070291209445256574994687071012 0.597482278220007545499470325012 0.752100849145020289299168325670 0.416720034211788936673315220105 0.437780443794858031836270129133 0.240580644215541372687994225998  | 1166.825345579780332627706229686737 246.459405236579385700679267756641 
0.937842636205897139944909213227 0.186183253970100492935557667806 0.874137668554340274695846346731 0.097703711918826208204791328171 0.459977678315613092152602803253 0.535697053220697272379879905202 0.769442559022418537395537896373 0.809929854379746405612650050898 0.057367638754241667697897355538 0.155876758584817753927609373932 0.226863463773484985708250860625  | 119.865769354095505150326061993837 1223.769449204127340635750442743301 
0.607394292076274044944739216589 0.809588268619729101160942263959 0.443580390309366690004821975890 0.536275195600238507864787607105 0.767838736856388814899787575996 0.612336471624107314681850766647 0.551793605611454740511589989183 0.684385419176270159979935669980 0.530107039321441764201381374733 0.810794646234445304244786711934 0.387723722934289805053253985534  | 582.156189504286203373339958488941 821.159376317013766310992650687695 
0.285228183044001992740845707885 0.632891686942235631718745025864 0.220586344265645495354988270265 0.431818315645952743864199874224 0.364755679490262885167339845793 0.171047887295701306342721181863 0.660673729692809352798121835804 0.357684363008428762853441185143 0.658513882874401934586217066681 0.136917697508591729160798422527 0.943885854638258692261842952576  | 1463.491023459570897102821618318558 703.404003867675555738969705998898 
0.290047639403403278990367653023 0.406252459824809397659350906906 0.523045495194706111519167279766 0.703515521670738719350879364356 0.457026078961412896006777373259 0.023213453282954432665974309202 0.855709789549608412784209576785 0.394306344356921911753488529939 0.454259803811398521489195445611 0.416911714144614364840890630148 0.602413307674006581748926691944  | 781.802460704526424706273246556520 383.073620562554651769460178911686 
0.676506534882318044665794332104 0.880239502999578871111907574232 0.686716449527083661052984098205 0.504167918670522574586811970221 0.638472893799303831130487196788 0.232726598729744660332130479219 0.581052961849318982956447143806 0.756046304518979583875193384301 0.080096080786429268982828943990 0.582066761341139438101777159318 0.800924938697305410784110790701  | 423.090060426115655900503043085337 759.693069115906951083161402493715 
0.242297399331841800673714715231 0.584090029150936995705478693708 0.691451252094016810545440421265 0.936932183120906980633435523487 0.832181531549958553029000540846 0.312416480061005641388760523114 0.786716401096791972946675741696 0.201657849204633254913687778753 0.761570414227895842174120843993 0.772603659962086464219055415015 0.190482577931659680103848586441  | 762.392123828243484240374527871609 305.039530839615224522276548668742 
0.207174960945722519412015572016 0.767073855427048645339027643786 0.656035692600659636752880032873 0.081122287329305153846803477791 0.453793020793699541926002893888 0.047625686940932165924778018962 0.045912525376966328849448473193 0.297380440591697103869250895514 0.229741684385126321288339568127 0.631677418415310221178060601233 0.205132102257572723758016763895  | 1292.184796541256901036831550300121 436.017102364855986706970725208521 
0.050824925601096193616967866546 0.419661405568340084570877479564 0.189520916314110943190485158993 0.780665650339325889461861152085 0.479596635201684495797280760598 0.723741546571902372164686312317 0.525502831458470209824440644297 0.346097402813396293197456543567 0.350201296411799756214122680831 0.742228005433625437348155173822 0.528477225175507436816246809030  | 1158.036365694480991805903613567352 92.649459927759494348720181733370 
0.633648799862722933440295491891 0.332562917263046431415318693325 0.496340560725016199938863792340 0.689952223534364250667749729473 0.367177760682294795913094276330 0.774587502220303258937406098994 0.940513323563222369827485636051 0.406634116870466355564417426649 0.370999188767648035991442156956 0.305032867082309477879675796430 0.446764850497191723377454763977  | 532.945235564535437333688605576754 821.554679605371575235039927065372 
0.248562084584268649933846972999 0.481584347269510937294967334310 0.084506513102182490015934490657 0.448951977485192887940002037794 0.452060948390418770870269327133 0.101456326647634487159166383208 0.032304757947077211710507071984 0.554593249327959059158388299693 0.235969358527743144904320615751 0.450723642285505654569988109870 0.500069393898216363325559541408  | 1175.011246645507071661995723843575 483.599181536402625170012470334768 
0.055612803975429558889231884677 0.057802452231293877105144929374 0.604369265857860549218116830161 0.335840970824942353090136748506 0.622464256526641390721010793641 0.419538640414497177033581465366 0.427070346984329995976281679759 0.821057090664673472346635207941 0.365969543091620108654637988366 0.819483389164011644112406429485 0.902142093863413041532339775586  | 976.315204454057152361201588064432 85.504980863961478121382242534310 
0.320309004929856921961572879809 0.407473608016390986819033059874 0.599537940059794216551836143481 0.346074495564387962787122887676 0.963119173838749675908843528305 0.596960547891773440909446435398 0.845319492201278332998981568380 0.128285357737491834129173184920 0.599372660468233009467553529248 0.650538852929613664599628464202 0.814855567073353048712647250795  | 876.765841783566429512575268745422 482.560435786625532728066900745034 
0.968937763282834430000889369694 0.689451522415894579864925617585 0.725052846363896330572629267408 0.421794182970390618692135831225 0.119372280714041822946569482156 0.189661860633527856734303895792 0.723633146286754902476445749926 0.930662655997302579180541215464 0.315157658449295441371873494063 0.707420134510833964469611601089 0.267679256771102824785657503526  | 38.122520089694631906240829266608 780.699976482835722890740726143122 
0.513079528099034787302912263840 0.594198466861603158406524016755 0.369643218604507328706176849664 0.959704152665903809094061216456 0.175049562160509042385569955513 0.594438827998834407040362748376 0.443514943031716679655573898344 0.774038640875874595081995721557 0.459713374881031144880694228050 0.318479492759699889248281579057 0.649189424116035640466293443751  | 842.566617770545235543977469205856 877.919451043406979806604795157909 
0.831045494339897272695338870108 0.115568749819348060015045120963 0.759500455069298308075076420209 0.727008102026522440297640059725 0.679662143677243868467030551983 0.912932477233035388763937589829 0.364931388694431202424084403901 0.512336212240988242427874865825 0.520060986288203075389446894405 0.184911735448920921953686047345 0.348192669464595594419620283588  | 262.823738705294999817851930856705 966.958146197267296884092502295971 
0.790123195460191052319487425848 0.091289737758825761915204566321 0.741642503963339194683612731751 0.252821037922134062014833943977 0.459834487748593367939520248910 0.252020784823820953590711724246 0.226618262665839065306272459566 0.922454600059903428999064090021 0.045444748288137049030410707928 0.442428718982381896651645547536 0.001829512170157032713291300752  | 474.943530466160723335633520036936 1388.072998721434260005480609834194 
0.758284183900355346352739616123 0.768492445719896943856497273373 0.053211537408429432360890132259 0.847550424019401615893798407342 0.837460092822475132834370015189 0.118311390174755892701341508655 0.448623214060247965662142632937 0.686440183235197620703615939419 0.285607464235182462175544060301 0.302519354832364806284772384970 0.448876776994631354611442475289  | 488.467223120605638086999533697963 1224.078178505695177591405808925629 
0.504539786966973657911239570240 0.376860176899300736153008983820 0.631670987510199566372648405377 0.028082542955216061031364915834 0.448019356670188662050691164040 0.470812108364620840461611805949 0.470828168248709211241020966554 0.063136873625474487781161769817 0.480801871844994899163339141523 0.345224656711199395786593413504 0.467634779810897738272501555912  | 997.163359808191216870909556746483 1011.487453646548601682297885417938 
0.151769747879221261754878469219 0.367813706434350295992885548912 0.201419968765548462741321600333 0.406557116440612098529072682140 0.541227290590404974679472616117 0.595964519012315063761775491002 0.936578548053399462247625706368 0.341401984706275252179352719395 0.869856278699451923586138946121 0.962749240880838019762677504332 0.545438030104714810519794809807  | 1225.161630877635161596117541193962 297.739847648302372817852301523089 
0.666691972824716705403602645674 0.254960668102324650163836849970 0.350147925127221704144631075906 0.047991156167044302094382146606 0.884849934277819327732572673995 0.916912032024242540373393239861 0.041524103876367401966263059876 0.049232818039493864148425927851 0.121774861823446434172524277528 0.867390797619600695256281142065 0.444898538748991656532894012344  | 812.871344161635988712077960371971 1408.063726214604685083031654357910 
0.623654957947928023642703010410 0.589872756084117932928734262532 0.885007331487783766021948395064 0.258414518983044905198198648577 0.845463668383208855061639042106 0.685390972075434090626799843449 0.326490081047588365237288599019 0.108866200234737586782785001560 0.101026734276106644472292828141 0.131973233470705109127152354631 0.795534943019517326590062111791  | 472.430995115969381004106253385544 703.819315565125407374580390751362 
0.223054415615182133336702463566 0.062867934084835708219429761812 0.180858451194684910490195761668 0.582499424720150482670533165219 0.768163465047534188556710432749 0.400632057893203663567760486330 0.801590248957378292971043265425 0.368695432210939921802150820440 0.260995250955997404318509325094 0.399643958955137490463016547437 0.382764925143527223738715292711  | 804.718668095464977341180201619864 294.085497387461771268135635182261 
0.509469379279700040896727841755 0.186772448761207909839754393033 0.404427585007288037388661905425 0.858146600586070729121956901508 0.585804776876837074439663410885 0.212413649265664306042822317977 0.217673205242265632719522727712 0.795410899769560808536539298075 0.018734575663611030549304814485 0.358768579576160151489716554352 0.050743013603114617282585641078  | 621.127510127953200935735367238522 639.885793316847070855146739631891 
0.235840472963645186865733194281 0.405885025746031136151259488543 0.183502700825429965192370218574 0.478359356505569266460042854305 0.415106067817630153271579729335 0.354079123333248979577092541149 0.573238519658741063622642286646 0.469224220806248260018378459790 0.161158991923459726791634238907 0.176742597893774888717643989366 0.267048013869579214940586098237  | 1003.109719357106882853258866816759 389.597188275938322021829662844539 
0.872195742958797426425121557259 0.840678545847521663247903234151 0.861218707405836392254627753573 0.480422349270531290343910768570 0.058765431438171811251436338353 0.455719326999530327526599648991 0.836819168773829558105603609874 0.904101656581180801453001549817 0.071979897850039886719741843990 0.426163963085380625983589197858 0.264886378371767872152986456058  | 290.894616524317655148479389026761 1429.488377587643753940938040614128 
0.539129742481003315646148621454 0.649166858524138579156215200783 0.852529493237013769046939160035 0.661960967557778889869268823531 0.207031615569864824166756989143 0.911384013229958211965708869684 0.754787076901488607205692460411 0.527788214617365580849650541495 0.662749012664456849108773894841 0.634375951096057599798427872884 0.046311817721407244619058474200  | 1004.494480715083795985265169292688 1136.240391530872329894918948411942 
0.333519581717239388396478716459 0.913810437325105695549609663431 0.710303681761353056245411607961 0.927484919200012525308807198599 0.539413350487367271313132732757 0.321167899686847002627132496855 0.309930000772768110550714482088 0.805275923956467076791909676103 0.562824790181307932357412937563 0.478663268562346422285713742895 0.437489481429660154176985997765  | 801.188058094406869713566266000271 462.878719415855528040992794558406 
0.760608485675827283856165195175 0.139541206635520165235675449367 0.319016858105067413475808280054 0.936637918352698495283448210103 0.359884156028650536995883157942 0.555712237684486742850253904180 0.588379284199695984369782308931 0.107350562433652818583595944801 0.603981502674671544284024093940 0.522954798985749036432935099583 0.573091460299188337756959299440  | 396.210064300872488729510223492980 1003.513667508975913733593188226223 
0.771509074649973536352831615659 0.137190883104022720573311744374 0.144839774788329878063564137847 0.501295630492524457721970065904 0.643775441571895923331680933188 0.645753600458728538313835088047 0.929810870318880988705245727033 0.839991092236612724164501742052 0.866812597121006778166929507279 0.704223223688271282583173160674 0.393532474396451004139407814364  | 458.250035399684350068127969279885 1221.472358357954135499312542378902 
0.403189064417861509070917236386 0.100610221730009108398462558398 0.340881142635011125108235319203 0.739748573333104397775628058298 0.519081408646831832243151438888 0.476935012745179021109720451932 0.348389418896694058602747645637 0.483600613650343902349959535059 0.318813400651727807399993253057 0.660904875697096327868962362118 0.016174943495254279213213521871  | 892.673615180666160995315294712782 655.422559503490333554509561508894 
0.076075398224950241399255901342 0.081020418587040232694107544376 0.524770084453756169295957079157 0.062191840781534946103192851297 0.410088382737433754243738803780 0.111011635329592683874011527223 0.882034614158637042535815453448 0.732938142345575860403528167808 0.794384858859444875633926130831 0.179499220600400466452128966921 0.409447153306110145365437347209  | 764.552779066787138617655728012323 91.800646631652867313277965877205 
0.209587213636834412966436502757 0.316771207364902052106003793597 0.524295854782151016237889962213 0.438803128757358162914670174359 0.980286757051835877518897177652 0.570181427439663712775086423790 0.286194515309635244548758237215 0.085889777436128911247692485631 0.130273849665652363682966097258 0.953888867779316251827026462706 0.441795085024099476456171942118  | 1128.901836854992325243074446916580 385.691882143256407289300113916397 
0.478636330938423837366713087249 0.302841914609813134262594758184 0.860562520127748253884192308760 0.278863737441610304301775613567 0.030942153230730573554296825023 0.526187443418161038266589457635 0.697262179696219064339857141022 0.492969867345078860410012566717 0.640920184827111993897119646135 0.840153317953612477353431131633 0.977124215790528660718905484828  | 766.014612352202675538137555122375 716.254001882103125353751238435507 
0.957691662503622254121182777453 0.735392621482219732698126790638 0.291708416855690044755533563148 0.327004234206993871225677139591 0.121457745676577522075945125835 0.491007741561522825790575552674 0.859704335184776846645604564401 0.296631169681343065391843083489 0.618333446252142371335480675043 0.263258624730798640456441717106 0.449300196638545257243890773680  | 69.284353023212389643958886153996 1040.996562435165515125845558941364 
0.658815136705909631942290616280 0.862244811696587287741522231954 0.436906658723291263513033300114 0.658518888519083578358959130128 0.198071275303568716807944838365 0.317447265665963485048450820614 0.957413170232182864083370077424 0.621551220955508743060136112035 0.167935008352017467458949795400 0.375254758668142285316093875736 0.235922080271337764045824769710  | 676.555664623265442969568539410830 1139.148961335059766497579403221607 
0.103896202796511571975202059548 0.567078421950133915174774301704 0.326799219299315213405066060659 0.118379965881743709488205240632 0.784007401122598812648334387632 0.760576868482059520459870327613 0.241930400784053034612952615134 0.934680523674668028988321566430 0.882868050919057401060285883432 0.771569240204616146883154215175 0.591253767384692041630955827713  | 1143.829585876353576168185099959373 188.347869064812130091013386845589 
0.053512582634103411649562076491 0.074995658143605758993999188533 0.779987992051448530972379558079 0.118041945355248589777374945697 0.133274768716372449262053123675 0.627675626790551666189799107087 0.887818502132560194439747647266 0.812826583999688878634515276644 0.996475697547133387743656385283 0.820243864068590733396035830083 0.310701322586406369907763291849  | 763.859834341104146915313322097063 64.359699674886726938893843907863 
0.927587155941670848946500882448 0.624640439856410489838367539051 0.174967534645098732326573554019 0.463863731280596658379522523319 0.199388224118845824861523396976 0.578882213814475354851651900390 0.708962466222480047761678179086 0.880343316345052473437249318522 0.598222917169559442740478516498 0.042443692115860631730583918397 0.074823611584564853060896894021  | 101.373293067420533475342381279916 887.379545432044096742174588143826 
0.963823381277603585814972575463 0.700454649470998003124577735434 0.273491651572890459576115063101 0.046462087532971763081945937301 0.711019749510074294818195994594 0.741662389829528256868229618703 0.163356400964970616129789959814 0.730514944119582176895733027777 0.450432040731109761821926440462 0.452824499091411869500234388397 0.838571272637318898546254786197  | 82.962128521898208077800518367440 1458.358201340033701853826642036438 
0.551543489110180917833758940105 0.509319502781620414566532417666 0.033878448662673088520591591077 0.023103740658469984481371284346 0.853583534385366826668928297295 0.758024946113337039221846680448 0.042669007141033388208484211646 0.458972542129537419697271616315 0.494911442323089811878844557214 0.637699163101778321305346253212 0.061452510680650940244618141151  | 955.577871340196679739165119826794 1124.346471530476264888420701026917 
0.492254810365569062113877407683 0.362975838021711627590093485196 0.417925316410745706363627505198 0.510515749549708353072219324531 0.714114780949087757377924390312 0.530910651273978739794756620540 0.193018133845139772120091947727 0.719511649954086784930495923618 0.761366953893673814590670190228 0.860738823265109864735222799936 0.603080541902993649827635636029  | 640.000957047805172805965412408113 624.614737402280297828838229179382 
0.622171159052193889493764800136 0.941416719414129632426124771882 0.566498456245067671943616005592 0.623955265934752034695520706009 0.593797178127878577669207516010 0.864714761474090209958376362920 0.959243049614322051965586979350 0.238450751433796348521809704835 0.777574856927557345187551618437 0.851728780456868950210491675534 0.432675713618581037067656325235  | 822.713510927558331786713097244501 1219.511930395994340869947336614132 
0.986941276754632168533021285839 0.113515023964447792081955412868 0.971608920915027596265645115636 0.836412386097134197271429911780 0.160956897403729648488024395192 0.198446716672771694689458854555 0.166228535395964716059324928210 0.067312265895580702945721895958 0.849425558270720859610491970670 0.355311961630478068130400970404 0.202456427383929771224302385235  | 26.993140759877046974679615232162 1315.745539084578922484070062637329 
0.839715826205888138389354935498 0.670411109669896809748479427071 0.424290928480777873588181137166 0.769603030095944662392071222712 0.175163933584460584924613613111 0.539401135030218581434269253805 0.865800182645491966937356664857 0.491188991116787709856339461112 0.214373747657615520978424683562 0.060996415709761553358703167760 0.699814708653311967623267264571  | 270.757383081234422661509597674012 1052.579579300005889308522455394268 
0.076643789163039377498876092432 0.046937171908040919987570305238 0.909588716694022192399415871478 0.881974613470339230403283181658 0.921612560016202841950416768668 0.881712109737303739720459816454 0.260525825456765725007812761760 0.328682906927125095819519629003 0.570386897206197618359624357254 0.212026952409930080634126170480 0.136942848735090993983476437279  | 1144.644732739270239108009263873100 138.475496705074931469425791874528 
0.160519410637781856365791099961 0.578209490204857567974272569700 0.840104639879811543323739897460 0.289823852468309883789743253146 0.761307621178034077402685397828 0.017854200260679187195478334615 0.180110514923868203496226669813 0.344961845710610059967393681291 0.994938640619617897797866135079 0.111891550786205939971296174917 0.407797411394578368515340116573  | 891.890743442157486242649611085653 229.774438733117932542882044799626 
0.880420303704368079067421604123 0.866683747591755704320348741021 0.547311476771712657196644613578 0.546860006219837657681637210771 0.955126044780068017558960491442 0.077268436143982821562303797691 0.316838191417593506571392936166 0.895862747190253605467091801984 0.591202955000103225202678913774 0.103992806691455941248136696231 0.416554379548434550173396928585  | 193.943160613231640354570117779076 1020.345059472075718076666817069054 
0.901488071554517711447829242388 0.834666072179936602282168678357 0.675892975459352340905638811819 0.582747407198872080513751825492 0.358342076792960151365718957095 0.876404682927654832269581675064 0.306004644717546625543036498129 0.831571358010041672415013636055 0.175201446706609864634174300591 0.857494581673319711256908703945 0.844777185586270240591488800419  | 199.475705597664983770300750620663 1278.778715362807815836276859045029 
0.558519558883690869777183252154 0.016493517086199505072841020592 0.889182726391576583324649618589 0.308480185992704880604264872090 0.992089658258505924237624640227 0.910674137865423949378396173415 0.413920554972804888294035663421 0.897535556240022014407031747396 0.165133668519507947891611365776 0.108611753653208742420588350797 0.972650982471583436250739396201  | 378.895293262494874397816602140665 455.843237145202238025376573204994 
0.630382792359606369814173376653 0.008100645139504480951586629089 0.047308541290402628121114503301 0.245719584556850501044777956849 0.298964702538431659206707990961 0.902183748663805573642093804665 0.452278223999470263549937953940 0.264382252488650992816587859124 0.380455594399888408219112534425 0.961741402028481129349302136688 0.303024828964462145108882396016  | 612.492036599271727936866227537394 933.652939462876929610501974821091 
0.733432304618587327382783769281 0.281585080996120673546556645306 0.273330335382110378716902232554 0.872124894786457494078035779239 0.709374014267974306591213462525 0.188020856665362279258602029586 0.475416743747383963025754383125 0.084264502754193948419469961664 0.697970995813401051677260511497 0.510261855154556354108308369177 0.715286635184860131175810238346  | 245.118549473258553916821256279945 550.775701478163114188646432012320 
0.758071993938546961899760390224 0.574660494300129220945905217377 0.916477213860231287867463834118 0.947025399640563536607373862353 0.029959894853580193441189294390 0.071118606860743005526614979317 0.596898044651821946260383811023 0.689019206336297651560585109110 0.651714582691985677698198742291 0.152172127059783557356809069461 0.521032477154629303228716707963  | 445.529502488571324647637084126472 1115.397930113129859819309785962105 
0.872924670151455472932866541669 0.372868146494890195796756415803 0.849315102580284753130968056212 0.076756995796839477819162311789 0.603074347545544453552679442510 0.433879749931089131465000718890 0.122197343742067365823800173530 0.987180590041247585375572271005 0.382077837925935748231154320820 0.760512682832076292172018838755 0.860548563070289818099922740657  | 233.669419517304476130448165349662 1155.043986685453546670032665133476 
0.506231661931643150964532651415 0.173896091206716452148839380243 0.550408192054157918704504481866 0.417429163958376703291719422850 0.963648738224860412771022311063 0.383960660119224694852846369031 0.826416949379279008880416768079 0.568235623867686001631227554753 0.419592547316911090860003241687 0.320936399779597758552540653909 0.478210665299822812457364307193  | 766.733577890674268928705714643002 781.893059776703580610046628862619 
0.487068167984875177722869921126 0.174383871138947155188247961632 0.872851438061960305248021541047 0.449649599958146906075739934749 0.825426752866966095822931492876 0.849203876453925809997258511430 0.830502502557561861351587140234 0.258258250657821042395312360895 0.974560811987233543973729865684 0.920946991038526396877728075197 0.972919621786511035210764930525  | 1052.486208195342442195396870374680 1010.572956597645543297403492033482 
0.421036517925830855446633904648 0.767098673450467227752369581140 0.698228803579741041929196398996 0.158965822213816387886708980659 0.770591692706985575966882606735 0.522348855644389153951578919077 0.120615764529333535648447650601 0.314010335694176356824414142466 0.683844905775277345227891601098 0.147051011317174129544582683593 0.338479446621635871039757148537  | 900.025363836504652681469451636076 700.481278501941915237694047391415 
0.253724094520531462393364563468 0.438266548560408475410099526925 0.459957231655688358884503941226 0.855576023714633038252941332757 0.198267168798782700278593438270 0.147248444693675040184643876273 0.863592453469331555737653616234 0.802510706238059867700940230861 0.321669624502221696005221929227 0.262774226496808260833404347068 0.898363858164221928959136675985  | 1149.333573292732353365863673388958 483.965688292143795479205437004566 
0.451921155456363798919028340606 0.876395480793773717920203125686 0.655720477871008622372528407141 0.835975674095077225800309861370 0.735650946351348089535804319894 0.963231521528250977937091192871 0.216588897334262009408689664269 0.859728982281546594279575401742 0.639896918302742756523571188154 0.546538227376113461275508598192 0.822386756156365805736641050316  | 1183.639898547025723019032739102840 1017.117432040174662688514217734337 
0.026845079889542322604256696650 0.211928745432522047664747333329 0.163705069437845240898354859382 0.503691506569172053886518369836 0.528384636404591656599905036273 0.628149780580496308601823329809 0.420987179174010961446583678480 0.556000093847579535122349625453 0.518425693541537890851600423048 0.156541040797601116452142377966 0.224293941488066916889465574059  | 1092.257972391577141024754382669926 46.085820287836305908513168105856 
0.276020012974725226229111285647 0.420930282605596506328993200441 0.573254119164373188155536809063 0.169706274995957473450403085735 0.013228202358848584196948650060 0.094851556206213771815782820340 0.295026729129570064458221168024 0.757971914652971534565040201414 0.061218008756979802598152673454 0.333022703483768278687193742371 0.874498290549717394171125306457  | 976.778833950583020850899629294872 452.200251704316087852930650115013 
0.944711917294101422015728530823 0.671383723690198719324939702346 0.947037076781294340221961647330 0.606886623269140335068527747353 0.007547516101802820287502981955 0.616924257960161481761929280765 0.785625699289584700224509106192 0.055695125194781036626068271289 0.726063832143163168097999005113 0.782479352774056335917407523084 0.735298400978993571541764140420  | 90.475525213887635800347197800875 1039.168379700068271631607785820961 
0.281725507762807358957957148959 0.235663290167621441995038367168 0.579556010739907812023830047110 0.777336886193186193949600237829 0.573994325529301852029107067210 0.693886178473374082287250530499 0.789282503879211283503991580801 0.226818068296007924189439108886 0.967747497367238196375183179043 0.140391943511250394394096474571 0.390703146699383996320875667152  | 886.888717477705426972534041851759 420.278035219923253862361889332533 
0.543372777310005439233009383315 0.781222187321291228201403100684 0.891263756800975803784581330547 0.064267222661149370210864617547 0.016194444746956637715129545541 0.609702274065121674340161916916 0.852181466179743773992072419787 0.022972660342581274761641907389 0.760912528086528761050999491999 0.766691630961584769110572779027 0.300781247746379154506257691537  | 683.026404474218452378408983349800 783.065803529088043433148413896561 
0.429449392658465711747339810245 0.428406668458851669356590718962 0.268028216401550611891480002669 0.948828625664683844576074989163 0.850812894387310114652223091980 0.846992853644709109417476611270 0.862113915374205452835099094955 0.729143189662326607347608842247 0.929722972501593192262703269080 0.256546444120828720514282395015 0.135628069463474831835014811077  | 1366.595158902604907780187204480171 1092.909929602632018941221758723259 
0.030227135906212510008117533289 0.029881341854367748922527425748 0.388484087674666245248999985051 0.121964445557872780412367319514 0.030584333545064401604918202793 0.278832284382613426743091622484 0.148269640587849860224878284498 0.209036542577236028606080253667 0.310050043141187003925551834982 0.113585762463188633120125814457 0.178020286332516652905155751796  | 910.887339235443846519046928733587 43.282074985327078309182979865000 
1.000000000000000000000000000000 0.599949368346159417342278175056 0.499999995991979362397472641533 0.500000002161882783902058235981 0.499999994422227589385698820479 0.499999996623622378066897908866 0.501875624114581975199200769566 0.500000005481031295495597532863 0.599949367984489390082103454915 0.500000010549111140178979439952 0.500000002719929281802535570023  | 0.000000000000000226128238792093 3.692954392230184623713284963742 
0.000000000000000000000000000000 0.599949364130054729749019770679 0.499999990082170442384779107670 0.500000002161882783902058235981 0.499999994422227589385698820479 0.499999996623622378066897908866 0.501875624114581975199200769566 0.500000005481031295495597532863 0.599949367984489390082103454915 0.500000010549111140178979439952 0.500000002719929281802535570023  | 3.692954392244395478428486967459 0.000000000000000000000000000000 
0.000000000000000000000000000000 0.599949364130054729749019770679 0.499999990082170442384779107670 0.500000002161882783902058235981 0.499999994422227589385698820479 0.499999996623622378066897908866 0.501875624114581975199200769566 0.500000005481031295495597532863 0.599949367984489390082103454915 0.500000010549111140178979439952 0.500000002719929281802535570023  | 3.692954392244395478428486967459 0.000000000000000000000000000000 
0.773994873750500245179750891111 0.599939613050136100191878085752 0.500001394340947036276645576436 0.500016626899746907675137208571 0.499995292832923765580233066430 0.499990822334537621252081862622 0.501875624114581975199200769566 0.500007866022808666883747719112 0.599957613866863415097441247781 0.500019802319306094773310178425 0.499964190354102833158123075918  | 1.283819953935587232507486987743 3.463098415331641088954484075657 
0.080549363781123067829170736331 0.599910428306411946941523183341 0.500018211530058098723827697540 0.500023010601630568672248955409 0.499974920960700452976510632652 0.500008544194100568169858433976 0.501875624114581975199200769566 0.500006400027653730155918765377 0.599953999028328022191658419615 0.500011054204194671513050707290 0.500038867315813928549061984086  | 3.664368948802534386999241178273 0.466130392913064350857155204721 
0.477123994782176541473717179542 0.599931142851007681571218199679 0.500009995960861375330352984747 0.499986021497932087154225655468 0.500004253693060674024195577658 0.499996324862725993742884611493 0.501875624114581975199200769566 0.500019189224425564255227527610 0.599930054772821463870968727861 0.499985033874579487545020128891 0.500007693352892967908474020078  | 2.703684284211291810606780927628 2.516040305785897768231507143355 
0.177479599038556923318310509785 0.599994747603011635561642833636 0.500041717212528991076680995320 0.499955585831608040336959675187 0.499993269519222238717048867329 0.499972173437286948605162706372 0.501875624114581975199200769566 0.499989208032368348533225343999 0.599978736290408876108415370254 0.499989485423672608277456674841 0.500004557956754025482837278105  | 3.551834453222114440507084509591 1.016671994562583059007465635659 
0.424681014878941942569667844509 0.599947344958737582842900337710 0.500017962973341334453891704470 0.499978230635385101354728476508 0.500025327435026700761966367281 0.499994720610117682202400146707 0.501875624114581975199200769566 0.499982822667400239602386591287 0.599925171649227761960787574935 0.499997480652151715663222830699 0.500005261827897951043553348427  | 2.901654766676242225287296605529 2.285123634094250011372650988051 
0.100034956727819798749656854397 0.599975815676825119382442608185 0.500015340996623702807255540392 0.499997573673351458634073196663 0.500026521979074711765633765026 0.499998966232803598863654315210 0.501875624114581975199200769566 0.500028916921964494690655556042 0.599948450804033583949603780638 0.500032847548528947001500455372 0.500000441152365970864934752171  | 3.648150977263384220350417308509 0.578015697287100005397064705903 
0.329233832851624164117509963035 0.599904535134409111485354060278 0.500022186111630517757475899998 0.500010254299564582680659441394 0.499990929982546183918401538904 0.500006868496599587992079705145 0.501875624114581975199200769566 0.500003214379960647661960138066 0.599948745480498368820576615690 0.500001327362875613857795542572 0.499987856696139099099696068151  | 3.210513501228141386434344894951 1.826127175344696373926467458659 
0.344718808073346649756274473475 0.599933530725971886354841444700 0.500010246203203223558375611901 0.499982344063172989834242798679 0.499990964943934135256142781145 0.500014939697439153576397075085 0.501875624114581975199200769566 0.500001895921659111898804894736 0.599945365135162611558428125136 0.499999624183488866613345180667 0.500011731776660139914270075678  | 3.164850924252774699851897821645 1.903491153281162251431624099496 
0.389908541566618027651713873638 0.599955344932411982483699830482 0.499983205244156792002030442745 0.499998308083566433968059072868 0.499966703692091896105154091856 0.499993517238436213645513817028 0.501875624114581975199200769566 0.500000269829742660654403607623 0.600011207983334071691672306770 0.499991237553791212366860463590 0.499975455735770124565675587291  | 3.022660179723966500375809118850 2.123712485168656183276425508666 
0.812197004562280167050403179019 0.599981265193882729036545242707 0.499997022183407080486716722589 0.499994816311693179855524249433 0.499986815927619565602668672000 0.500033250943119678133541583520 0.501875624114581975199200769566 0.499987362163042181606442682096 0.599948622265346287463216867764 0.500000919598647453057083112071 0.499981060437215130143329133716  | 1.073853703266889336731537696323 3.533965433646236498077541909879 
0.796137328547008138457385939546 0.599960231915313779715859254793 0.499962205482982591231433389112 0.500001795108016788837801414047 0.500001155355179194295089928346 0.500024933653414382916935210233 0.501875624114581975199200769566 0.499994774369807992719927369762 0.599989499522718072732629934762 0.499997288231094405563936788894 0.499987454696205091408955922816  | 1.162721898853535495987898684689 3.505964854556338661240033616195 
0.840439271490152517429805811844 0.599944774198715835566986243066 0.500005486930711562365559075261 0.499965658088257935975917689575 0.499968045437713115575206757057 0.499973258180266777461753235912 0.501875624114581975199200769566 0.500008247856497889394233880012 0.599933452646535192442911466060 0.500008074420280723693110758177 0.499985826361845020482377321969  | 0.916106174050409283182716535521 3.578246261233595237882809669827 
0.761192028637258877310500793101 0.599951741224449275335928177810 0.499996044654047955280162796043 0.499980718683087244080809341540 0.500019908203224505705009050871 0.499999075517489954822991649053 0.501875624114581975199200769566 0.500012078137181070758288115030 0.599946852285416110106552878278 0.499985514411316112060035266040 0.499993435794941820660142184352  | 1.353122066834117731559672392905 3.436381309449290544222321841517 
0.742062705785279663750486633944 0.599921011738723142237006413779 0.499980414970800590701571763930 0.500006837492505740172532568977 0.499991462008337161915250135280 0.500015353978439547333323389466 0.501875624114581975199200769566 0.499997170710603178189757045402 0.599959426583210109207300320122 0.500001102138985409339966281550 0.499972990587864818401442335016  | 1.455845461771195781253140921763 3.394392742603796531142279491178 
0.600132133993994787424242076668 0.599960231915313779715859254793 0.499962205482982591231433389112 0.500001795108016788837801414047 0.500001155355179194295089928346 0.500024933653414382916935210233 0.501875624114581975199200769566 0.500004481734246608581884174782 0.599989499522718072732629934762 0.499974405098663421398441641941 0.499987454696205091408955922816  | 2.170579674230376898691474707448 2.988850978811300684867546806345 
0.374560027817733343091788356105 0.599922070876505508785214715317 0.500008833688252329885415292665 0.499996244987368165801910890877 0.499976524957775503299473029983 0.499997079122163456954552884781 0.501875624114581975199200769566 0.500018873593019885781529865199 0.599955605616469433982729242416 0.500020444682850451201261421375 0.499996420274281316853404177891  | 3.072361712807527123203499286319 2.049816564363854620722804611432 
0.876433454978928105916224922112 0.599927840993501493294104420784 0.499964267195112277430979474957 0.500000810313877996904352585261 0.499967002068147203797110478263 0.500011445937602494460350044392 0.501875624114581975199200769566 0.499993466740607239717775200916 0.599942641714212410164464017726 0.499984878579641023321755710640 0.499992724817519440527746610314  | 0.712429171537917738099565667653 3.624253681358967860148823092459 
0.289719052413929090139532718240 0.599994747603011635561642833636 0.500016065430502365529719099868 0.499994565975491633835758875648 0.500016154818484936939171348058 0.500024341401577920862564496929 0.501875624114581975199200769566 0.499988302049774235857881876655 0.599936447246778414843504378950 0.500012772047090492399945560464 0.499973423082489820679086278687  | 3.317867429953783808826983658946 1.623591254903020475452990467602 
0.616960039446897479109566120314 0.599918090344408017067223681806 0.499971833004374699438443485633 0.500002235716861087588824830164 0.499997510206908302166084467899 0.500040609558023430025741618010 0.501875624114581975199200769566 0.499995285616415541252166576669 0.599952021907897425911926347908 0.500001175074597958847277823224 0.499999767474998246807871282726  | 2.090696725006487621811857025023 3.044987760073965876728152579744 
0.196797967338486090582705401175 0.599997017816260247435877772659 0.499999456573749390120298130569 0.499986913106209573953719882411 0.500026632808863502610563500639 0.499999641479128287269162456141 0.501875624114581975199200769566 0.499991969137163150271874201280 0.599903977983182401523265525611 0.499997153585811482390255378050 0.500035620974589312126568074746  | 3.519136614365497184309106160072 1.123899542497292403098185786803 
0.624712675442490206201284763665 0.599944837402748842869470990991 0.500012126787817479112163709942 0.500009455084568843474812638306 0.500012070088687754498835147388 0.500004595723752665037409315119 0.501875624114581975199200769566 0.499976289773081117306929854749 0.599964406018718365842801176768 0.500004407950500051605047246994 0.499986116820461679033371638070  | 2.053237548291311220793886604952 3.069886874652672403840369952377 
0.437099014513786077174017918878 0.599895598267861429597758160526 0.499966752545250858741354704762 0.499960530095965582919603775736 0.500023703336854974388359096338 0.500019457074939333018903653283 0.501875624114581975199200769566 0.500018623645564597168799991778 0.599949506208678484675544950733 0.500000452050001098491804896184 0.499990149906437031379624613692  | 2.857227244355274198284178055474 2.341855580275575832160939171445 
0.069224408332111131425534722439 0.599929572151888801379016058490 0.499982087644655015523653673881 0.500020888584485234673593367916 0.500002092562353506188799201482 0.500000728105408853707558591850 0.501875624114581975199200769566 0.499979819201660791172514564096 0.599925120860313132453711659764 0.500005248076834329928885836125 0.499995468882799887211376699270  | 3.671574778418510653921202901984 0.400818649554810835233809029887 
0.125812494384359818688778887008 0.599949364130054729749019770679 0.500000603691541756212757263711 0.500007592380675380816512642923 0.499997326626528237891733397191 0.500007804731136262788027124770 0.501875624114581975199200769566 0.500007842046762407406390593678 0.599964015808898576409546876675 0.499991029811922393921719276477 0.499942764343286827344314815491  | 3.621800707599448720941381907323 0.725227436001165681744851099211 
0.138211053374375614222202557357 0.599980205817615241947748927487 0.500021901887015784993195666175 0.499993741338351616043667036138 0.499993755983856369429219057565 0.500012769606221652018973600207 0.501875624114581975199200769566 0.500008899136873186108687150409 0.599947809653627595061209376581 0.499986966168848079306030740554 0.499960040959880280819760400846  | 3.606944542296278921611474288511 0.795612086023985032312566545443 
0.707855827774568346910655236570 0.599931916765949369008126268454 0.500024803061580147556242081919 0.499983571692862449609151553886 0.499979984712146663383691702620 0.499992919871926011499141395689 0.501875624114581975199200769566 0.499997694526545854998289541982 0.599970616588773375532639420271 0.500015880452250205401298899233 0.500015125617992217676999189280  | 1.636061338328808956177340405702 3.311340571214926864485050828080 
0.275196912418688377499620401068 0.599947185200779498082113150303 0.500008575840057423178564022237 0.500003168464389746716847184871 0.499992031068300091245504290782 0.500005255921833424714861848770 0.501875624114581975199200769566 0.500009332650929061436784195394 0.599952892617383160001054420718 0.499986061741229004251607648257 0.499970202384827366870467812987  | 3.353497035847218477044862083858 1.547241203416922061819605005439 
0.158427539100749636968856748354 0.599888455968016431896217000030 0.500055686265033605408802941383 0.500016327552910810894104542967 0.499984379546419444029226042403 0.499987090179453308458334959141 0.501875624114581975199200769566 0.499966207883941138323535824384 0.599944296353920214492916329618 0.499993984206967501116025687224 0.499981685234759831715223299398  | 3.580918887472750444800340119400 0.910001638908044641063099788880 
0.987661276475155003318207036500 0.599951768752839842413493443019 0.499976933213543861533878498449 0.499994736997600996986079735507 0.500009527450524959846234196448 0.499997056652047355829182606612 0.501875624114581975199200769566 0.500002774537881777838776997669 0.599946528761400199591946602595 0.499996545243283463388905829561 0.499981916765357969900662737928  | 0.071574866241471316041788952589 3.692462128795701126193762320327 
0.216660944417809309125999561729 0.599975596647309927789137873333 0.499989955737340729946538431250 0.499999510851748818485162928482 0.500024091162128536680597790109 0.500009694386884251393610156811 0.501875624114581975199200769566 0.500020401914054390957176110533 0.599950359084610473914267458895 0.500011849618466452938037036802 0.500003734844936986725372207729  | 3.481521993730656738819106976734 1.232836380930942388189919256547 
0.751580870865855343865291615657 0.599900691275787711909117660980 0.499963753179032910356482943826 0.499990603447607095954907663327 0.500028578290467540234942589450 0.499985727860698392355232044793 0.501875624114581975199200769566 0.499993466740607239717775200916 0.599947966432083146237630444375 0.500003873911419094433483678586 0.500007971425263320064402705611  | 1.405124951506781627585951355286 3.416241505537978895290507352911 
0.587908372204068885302774560841 0.599991121643487446135623031296 0.499992490272379686011561261694 0.499982261075208322953500328367 0.499994314218280111461467640765 0.500009505361600936623744928511 0.501875624114581975199200769566 0.500000005481031295495597532863 0.599947086003550844601761582453 0.499999657522981366675196568394 0.499999004999918783553880530235  | 2.227282533346337078938859121990 2.946251447325132666321678698296 
0.148081955717061064525807978498 0.599876803706959060846770626085 0.499966047117186618287121291360 0.499994852985015059143591997781 0.500016650683886454409332600335 0.499988376071050510951465639664 0.501875624114581975199200769566 0.500005897778096786154833353066 0.599948065184198298105400226632 0.499989414791203345966863480498 0.499998032027431538182327130926  | 3.594845826095923513321395148523 0.851599352919701013675535250513 
0.849903961193016255215582077653 0.599970162769007164804691001336 0.499985435269804157076833917017 0.499972913564102006134248767921 0.500018804845547837345520747476 0.499976913348548879234556352458 0.501875624114581975199200769566 0.499989249600108209836690775774 0.599975237746512068959248153988 0.500000478767588241169050888857 0.499986376207788463243986143425  | 0.862794063133722088920762871567 3.591409033453233590194031421561 
0.237733834534637922253352826374 0.599913797942869253532194306899 0.500011960173821323749621114985 0.499961815369453443924641078411 0.500017368927835215153265835397 0.499996630735723701643991034871 0.501875624114581975199200769566 0.499998675407053616570607346148 0.599958053249290412800576177688 0.500002011227617115807220216084 0.499987094791200903376449105053  | 3.439069823169093265136098125367 1.347482890557769819039890535350 
0.894739460008254328116095166479 0.599899667262014379964796262357 0.500027794018894078398318470136 0.499977393648415091575998303597 0.500039831223617059485775371286 0.499983400003537803435449404788 0.501875624114581975199200769566 0.499976172490791681557453784990 0.599917534701340238179056996159 0.499957292818300369496853363671 0.500020320895190883980774287920  | 0.608131966303616211533267232880 3.644427387928974138020521422732 
0.351514974758864284787307497027 0.599907734956951932403512728342 0.500014353203008798942619250738 0.499983571692862449609151553886 0.499985781302699439088144117704 0.500019450740988635750738922070 0.501875624114581975199200769566 0.500013551250140575454850022652 0.599944910505174955339668940724 0.500013909681777501958777065738 0.500002026589893899810590482957  | 3.144696978931094122344802599400 1.937381563458179023484717617976 
0.825804953764273208527413316915 0.599933578090293351259276732890 0.499989196912256461668988549718 0.500004626467804413891826698091 0.499983577741058726751077756489 0.500062679550947519757642112381 0.501875624114581975199200769566 0.499986706016919135731058076999 0.599961694313825288915609235119 0.499992334756436285214675763200 0.499966720550720666871313824231  | 0.998246786892171167338005943748 3.556724152720257769999534502858 
0.464004092777265564340183345848 0.599932788669758743083093577297 0.499978155568650939333252836150 0.500040540919096332395099580026 0.500036787391253234602572774747 0.500026149909944095384162210394 0.501875624114581975199200769566 0.500011498492187289599542054930 0.599994291258967193947171381296 0.500014034622384473394163251214 0.499994290852144140924195880871  | 2.755714454465909124536437957431 2.460465268003329430968051383388 
0.683491729946940296258617308922 0.599961694623319941044314873579 0.499999199096935631470017824540 0.499999069870942725035689591095 0.499986763276244083886723501564 0.500002391165153103891327646124 0.501875624114581975199200769566 0.500002925342096116168022490456 0.599970481265925892344625935948 0.500017515435595583106476169633 0.500012718730388439070111417095  | 1.761436435955110901829812064534 3.246088122411922682886142865755 
0.571735800180316111607226048363 0.599920481187461551719763974688 0.500004571646705087140105661092 0.499981015276542428704686926721 0.500015238918895987829671412328 0.499977758298231989009252629330 0.501875624114581975199200769566 0.499993494412969641249588903520 0.599923460086953408421095446101 0.500002341826485396936163851933 0.499995967795598628136133356747  | 2.301455264929996413769686114392 2.888792452177904923615869847708 
0.639676629577914823698847612832 0.599893584787895339793806215312 0.500013823169523252687440617592 0.499974526629600624083593629621 0.499941890201967775730906851095 0.499963436771524827317847439190 0.501875624114581975199200769566 0.500032904835794433928697344527 0.599977548859594089769586844341 0.499998447778210064473825013920 0.499985826361845020482377321969  | 1.981505477465764553102189893252 3.118850184831178928845929476665 
0.308544471977426904008012797931 0.599959901276865492647516475699 0.499987459821121138503485781257 0.499984488072429567040444453596 0.500004071817241158015576729667 0.499992630203569821123465999335 0.501875624114581975199200769566 0.499992294881337173695357023462 0.599947806316809550963853325811 0.500009751286682346815837263421 0.500027890059136170819442668289  | 3.267913182480232325843871876714 1.720716373209002059141425888811 
0.453045618794164661746748379301 0.599920123804730254235551001329 0.500021548815533734000382537488 0.500011900753091209637091196782 0.500014736566560924480029370898 0.499978396947487524482056642228 0.501875624114581975199200769566 0.499987560621866000687418818416 0.599954838649365385094824887346 0.499981130729823752822937876772 0.500037960737492626073219526006  | 2.797255663189566643467287576641 2.412321065735371750093918308266 
0.908516995424710649409405505139 0.599945268216951599349329171673 0.499995310370582146664020228854 0.500008681087253492592026304919 0.499949451358896457264791024500 0.500012924776863099118884292693 0.501875624114581975199200769566 0.499976733188729205448197490114 0.599919279287011386614381081017 0.500000515678098444993793236790 0.499998136419966432431039038420  | 0.528978544495634861455357622617 3.655727999801782868161126316409 
0.552770465292193202699877474515 0.599896401005240775816673703957 0.500023869483717908757114400942 0.499958422119637924119217586849 0.500001465593256866348781386478 0.500008544194100568169858433976 0.501875624114581975199200769566 0.499999099365440236031332688071 0.599972901878031317224326812720 0.499994897926551551403662188022 0.499991645663827588563776771480  | 2.386882630692515494530425712583 2.819433964115925395077510984265 
0.208425798055157679433690987025 0.599889532840003680824736420618 0.499957525411858005881526878511 0.500005304367777347884782557230 0.500037441605616694850766634772 0.500005254434337187419146175671 0.501875624114581975199200769566 0.500012437165970657915181618591 0.599952945294748074545054805640 0.499978377686367048138293966986 0.499992710056917033512036141474  | 3.498205404874490831446109950775 1.188047388594618114510126360983 
0.403851762377447465190982711647 0.599939463953029217258006156044 0.500006311073006970424614792137 0.499954157108399133147003112754 0.500018088055791065649202664645 0.500002154505993945399211497715 0.501875624114581975199200769566 0.500017562205708587796948449977 0.599959426583210109207300320122 0.499987523847131631882234614750 0.500007708550937568503513830365  | 2.974983399308809950412069156300 2.189074730201004292950983654009 
0.694054739605885484543534857949 0.599934692271189229373362650222 0.499969625577474541255895701397 0.500007712696028949750370884431 0.500005269195305301899168171076 0.499977050267324307775140823651 0.501875624114581975199200769566 0.499993466740607239717775200916 0.599980751163885273058440361638 0.499965992667195879839425742830 0.499982916305129199141532581052  | 1.707607461454487829399795373320 3.275386502725208703878934102249 
0.115245577445596200649724494269 0.599949197213721086008320071414 0.500008918250866907229124080914 0.499986062025760680249675260711 0.499971278696605181401935169561 0.500005677285896621420135943481 0.501875624114581975199200769566 0.499983274342354899744123031269 0.599959426583210109207300320122 0.499998320187241718226545117432 0.499998121320546828894038071667  | 3.632903706530412168973498410196 0.664934272482742061427529733919 
0.676787596633134702628353807086 0.599920050067117127667870590813 0.500013353393217285791649828752 0.500027393510563022971382451942 0.499979571739054939882862527156 0.499974421292291582030742347342 0.501875624114581975199200769566 0.500018754352853589395522249106 0.599952901432031504569408753014 0.500020901501915360221062201163 0.499927367067433570113621499331  | 1.796259410587337956854980802746 3.228684313150874451991967362119 
0.030408793252777482907234229970 0.599906903145602465876606856909 0.500028632537405703928357070254 0.499993741338351616043667036138 0.499993755983856369429219057565 0.500012769606221652018973600207 0.501875624114581975199200769566 0.500008899136873186108687150409 0.599947809653627595061209376581 0.500011212102541402479971566208 0.499960040959880280819760400846  | 3.689663142314361099494135487475 0.176374685001008973950220592997 
0.396514978692678266014581822674 0.599896401005240775816673703957 0.500023869483717908757114400942 0.499958422119637924119217586849 0.500021245790143176179753936594 0.500008544194100568169858433976 0.501875624114581975199200769566 0.499999099365440236031332688071 0.599972901878031317224326812720 0.499998988682645861825193378536 0.499991645663827588563776771480  | 3.000503942702886117643856778159 2.154996905580992994089228886878 
0.652660091273498665920271832874 0.599927471227920228180607864488 0.500005797945845653629248772631 0.500023993079544259998669986089 0.499985965432892476290049899035 0.499994152094162980226599302114 0.501875624114581975199200769566 0.500012503320733436851242004195 0.599920969748398036358594254125 0.499985115102433652634061900244 0.499953943095104491600721985378  | 1.916863597730290580400946964801 3.157577157925711919261857474339 
0.788159746768504865244153734238 0.599942467711678917297035695810 0.500009995960861375330352984747 0.499986021497932087154225655468 0.500001197104920080960255290847 0.499938056633079663804153369711 0.501875624114581975199200769566 0.500012421947673368904929702694 0.599940381681325685114813950349 0.499974624210285212289051059997 0.499968834810674167545840873572  | 1.206695881649997748041869272129 3.491503474509590532193215040024 
0.055675884973155440049730202645 0.599918469530373532627720578603 0.500020896815163928827985273529 0.500018566114277196454906970757 0.500000799543283580561592316371 0.499974889728439730873787993914 0.501875624114581975199200769566 0.500014830619164629688100376370 0.599926097214223408293776174105 0.499990808145288068153888616507 0.499986616541752415532329223424  | 3.679508017501259775627886483562 0.322616048706552804858915806108 
0.251754881540910968595881058718 0.599965541816551595211137737351 0.500038112083908359295492118690 0.499972108446954777161153060661 0.500000596737543490100108556362 0.499989073865203415003577447351 0.501875624114581975199200769566 0.500005897778096786154833353066 0.599956730323706222129942489119 0.499979999967482380274219622152 0.499985350586324872601551305706  | 3.408540612983997686313841768424 1.422884286068057946295084548183 
0.362145611221720398198442580906 0.599943720046870354600798691536 0.500057911150164513536253707571 0.500003584254116728580186190811 0.500009515151700556501168648538 0.499993017380540472061056789244 0.501875624114581975199200769566 0.500012378683466374162946976867 0.599961398525372890944140635838 0.499991249210671451219667460464 0.499974974117233517123537467342  | 3.112132874998457587878419872141 1.989764358247467113116613290913 
0.321604247958086342240591193331 0.599871565952668661658719884144 0.500032310392709899993235467264 0.500051621541845681129245804186 0.499983899696305300608401012141 0.499951320679687727377427108877 0.501875624114581975199200769566 0.499982822667400239602386591287 0.599938894642410791568920558348 0.500014995902993475418440993963 0.499919099676468137172236083643  | 3.235048339958371155233862737077 1.789113600131019277128530120535 
0.699472123013916036171622181428 0.599966090665036921869557318132 0.499995004133293896586565097095 0.499991876999453965790820575421 0.499990185900605454971667995778 0.499992657440665566603854585992 0.501875624114581975199200769566 0.500019654038360461534296064201 0.599960535201023659190866510471 0.500016287967918304779857407993 0.499987485772831752317557629794  | 1.679424595595209623866139736492 3.289310864557140945407809340395 
0.246954384259171211279948465744 0.599961637974466555078834062442 0.500000212251461961798781885591 0.499969858909552422598920884411 0.499982530200926311714226812910 0.499991869964029722606113637084 0.501875624114581975199200769566 0.500017607221488691315869345999 0.599934803787567472177499894315 0.499998600253358738143560913159 0.499989970586370124916442136964  | 3.418942570146222159621629543835 1.397047460385377526392858271720 
0.414643766441022854074560655135 0.599951780345606255906432124902 0.500009918257159569066061521880 0.499943404733594443101196702628 0.499978630472838858622708357871 0.500000497130864807182604181435 0.501875624114581975199200769566 0.500002085281858632548335208412 0.599959229553738260243278546113 0.500001506085725688777188224776 0.500004910159492887977705777303  | 2.937557783624049179138637555297 2.239273172932048083794143167324 
0.729592927825895243287845914892 0.599939068998506463969988544704 0.500010161447293377534606406698 0.500006644724801496693089575274 0.500013810227938670927017028589 0.500007608900976729948695265193 0.501875624114581975199200769566 0.500025170134039242952894710470 0.599962994493174806009960775555 0.500001625899794577279067198106 0.499986329548811059275692514348  | 1.521978575815095435785906374804 3.365070172819124572072269074852 
0.860476333195098419537316658534 0.599931630689211514706471461977 0.500005538628711776460988858162 0.499986733101145441882096065456 0.499995081663596907528557267142 0.499991489826016710651401808718 0.501875624114581975199200769566 0.499960986348445823868047455107 0.599953353001374090069930389291 0.500007864830661952204593490023 0.499999402145559324051049543414  | 0.802991444863110137575290536915 3.605045402786786645776828663656 
0.719142605891358921432754414127 0.599900475753439521575671733444 0.500044355914863403178571843455 0.499999539825984717911211419050 0.499991709438354192673870102226 0.499996237272991916888997820934 0.501875624114581975199200769566 0.500020364009696516305325530993 0.599975213208119528829342925746 0.499995604806642846007491698401 0.499973726163145559819867003171  | 1.577407993117136086880236689467 3.340477465882436103328245735611 
0.107583264769278041939060130971 0.599952332756093720256274082203 0.499991873274387155223763556933 0.499999791481478828014672899371 0.499993908576687240419289537385 0.499986452913850965007469540069 0.501875624114581975199200769566 0.499993333866780298446741426233 0.600011233952742584207840081945 0.499993715699574070576716167125 0.499976429595903881786256306441  | 3.641275112200326624645185802365 0.621269549964212797199536453263 
0.667936170726749378623310349212 0.599940125711993510471131685335 0.499989760081371414912609907333 0.499989198158123204773772840781 0.500006336776535720289871278510 0.500000728105408853707558591850 0.501875624114581975199200769566 0.500003027522297860407718417264 0.599969717279932424069954777224 0.500000435958198541364083666849 0.499998246962873094112467242667  | 1.840172098083181495553617423866 3.202000647988323844828073561075 
0.499404436895175996014017982816 0.600021968406369343718154141243 0.499952772605047390808152840691 0.499983571692862449609151553886 0.499996678080199818960949187385 0.500018719757629903632789591938 0.501875624114581975199200769566 0.500002472490881810784912886447 0.599941442553239112633889362769 0.499989198784447697043731295707 0.500004787417697271756367172202  | 2.614920817063905111865551589290 2.610032827940357513796243438264 
0.043176769432553809002772737813 0.599947000937294805389399243722 0.500012241569909199334631466627 0.500015237923270294828625992523 0.499974054103089149414529401838 0.500003448273821815561746007006 0.501875624114581975199200769566 0.499997669858118554131465316459 0.599926744565982605905674063251 0.499991664354389075963780442180 0.499984588732155010859514732147  | 3.684837945510911705326861920184 0.250296640754188837174609716385 
0.544014068079990753545871484675 0.599980396918000868922149493301 0.500012995734884779786000308377 0.499974862535732644808206259768 0.500033899867687092744006349676 0.500004839352319430112459031079 0.501875624114581975199200769566 0.499972684802136413395601266529 0.599920569766275169065750105801 0.499987020961466466228984018016 0.499989867744975668983897776343  | 2.425299866666507320189793972531 2.786181980356730480963278751005 
0.169574794113793447802862601748 0.599938592242117985087190845661 0.500002843665851570698066552723 0.499973426213270344398154065857 0.499982195223075298606829619530 0.499978396947487524482056642228 0.501875624114581975199200769566 0.500008809539275511646394534182 0.599934164073255948856910890754 0.500005348637346025419958550629 0.499980368466355185042004904972  | 3.563161823217817936182427729364 0.972213249151226532873693031434 
0.488122170459694304511799600732 0.599927224426688887604086630745 0.500024380767422393923027357232 0.499991637216169626523054603240 0.499968519325168614386711851694 0.499919462704898842630996114167 0.501875624114581975199200769566 0.499997845636975135619195498293 0.599953471426711737457537765295 0.500002173474585420720472939138 0.499983353529007246152104926296  | 2.660847578955859660254645859823 2.563364736971937229981222117203 
0.015455626947349924288355182966 0.599961694623319941044314873579 0.499999199096935631470017824540 0.499959469295045810799393848356 0.499986763276244083886723501564 0.500002391165153103891327646124 0.501875624114581975199200769566 0.500002925342096116168022490456 0.599947941155872688234751421987 0.500017515435595583106476169633 0.500012718730388439070111417095  | 3.692350917394890519318551014294 0.089659189699256403027760597979 
0.517548357318911023128293891205 0.599992001109031058980747275200 0.499986800783601859077265316955 0.499998830115510273230938764755 0.500024494502965155540152863978 0.500031056792759054374641891627 0.501875624114581975199200769566 0.499992322025192670320592469579 0.599986558210382492362100492755 0.500010532856361433751146705617 0.499978289674038733902960984778  | 2.539107431987522200955709195114 2.683093318273224170411594968755 
0.488122170459694304511799600732 0.599927224426688887604086630745 0.500024380767422393923027357232 0.499991637216169626523054603240 0.499968519325168614386711851694 0.499919462704898842630996114167 0.501875624114581975199200769566 0.499997845636975135619195498293 0.599953471426711737457537765295 0.500002173474585420720472939138 0.499983353529007246152104926296  | 2.660847578955859660254645859823 2.563364736971937229981222117203 
0.460436213385618797744314178999 0.599965649480615925703830271232 0.500005538628711776460988858162 0.500007936365536198586312366388 0.499995081663596907528557267142 0.499991489826016710651401808718 0.501875624114581975199200769566 0.499960986348445823868047455107 0.599953353001374090069930389291 0.500007864830661952204593490023 0.499999402145559324051049543414  | 2.768756262206164553418830109877 2.444360764356946269515447056619 
0.015617659685594198482050387611 0.599918957784438711122732001968 0.500001030553382408427864902478 0.500008338006339259074195524590 0.500007451645337108736555364885 0.499986452913850965007469540069 0.501875624114581975199200769566 0.499982742723606876644737440074 0.599968699600285315653991347062 0.499988863265992733442288908918 0.499996131753068340231038746424  | 3.692246909330117787817471253220 0.090596976346865060181201556588 
0.535243694942934444824800266360 0.599953660793664078632048131112 0.499995134161519250159955163326 0.500007920784199644259615524788 0.499987511147983676451644896588 0.500002398046523355290560175490 0.501875624114581975199200769566 0.500006139281996997425494555500 0.599973069504326161904828040861 0.500022632549766310461336615845 0.500014535129257198242669346655  | 2.463031706113776309052809665445 2.752036676049004704225353634683 
0.642658027901756856437032183749 0.599928042961339280658705774840 0.500082851403376493770736033184 0.499968785502528711983671882990 0.500082711197927243240712869010 0.500012769606221652018973600207 0.501875624114581975199200769566 0.499969680090233237201857718901 0.599926201536757686127998567827 0.499987503840403191279762040722 0.499960040959880280819760400846  | 1.967693554632507391133344754053 3.129393203839583303960125704180 
0.505931021390615853761119069532 0.599972840915232397129841501737 0.500020003453756856082179638179 0.500003874185178331934764628386 0.500019135049086127509099242161 0.500019352455377208421793966409 0.501875624114581975199200769566 0.499988302049774235857881876655 0.599937644532912428552151595795 0.500012957269185487341189855215 0.499973946555895776278077846655  | 2.587263216369847018683003625483 2.635926084100502997387138748309 
0.411950863960022950482908754566 0.599914113015980632326318300329 0.499961412095025869994913136907 0.500004246431846044451674515585 0.499984979409823060425566154663 0.499991982414493718600567717658 0.501875624114581975199200769566 0.499993721666598556208072068330 0.599940460318798773897697174107 0.499997548273176328770261989121 0.500007426641198571282131979387  | 2.946897616835914668342866207240 2.226747217295729885933042169199 
0.228123823729677405180993332579 0.599910234193570479632739989029 0.499942249138399241736863132246 0.499957542671738142114890024459 0.500012698755114448623260159366 0.500028667276348537384933479188 0.501875624114581975199200769566 0.500039584643308665512506649975 0.599949105535983351344953007356 0.500014615621549141089019485662 0.500023622188034644331366962433  | 3.460231924203318154553699059761 1.295871936656375789098660789023 
0.964752106682011389970909931435 0.599952332756093720256274082203 0.499930814080573826529985126399 0.500020941233267679493224022735 0.500005181777987250946182484768 0.500022178393872640533857065748 0.501875624114581975199200769566 0.499993333866780298446741426233 0.599947988247838903674846733338 0.500006631886776187201348875533 0.500008354686427236579504551628  | 0.204428941213382203700987815864 3.688461356542195090923996758647 
0.199356904252827871193431974461 0.599920481187461551719763974688 0.500004571646705087140105661092 0.499981015276542428704686926721 0.499982479936253720875782846633 0.499977758298231989009252629330 0.501875624114581975199200769566 0.499993494412969641249588903520 0.599936379760319438148030712910 0.500002341826485396936163851933 0.499995967795598628136133356747  | 3.513782072092468844459745014319 1.137774030566253813390176219400 
0.974339312335409823973009224574 0.599910567452478282746142213000 0.500059607581389675701188934909 0.500001720342270195018841150159 0.500008565664944892859011815744 0.499941766388215691474528057370 0.501875624114581975199200769566 0.500008899136873186108687150409 0.599962923740137155093066212430 0.499992524924206260816816893566 0.499951690957203320753166053692  | 0.148903206265026621935021466925 3.692160666846830530118950264296 
0.261202195612331877772049892883 0.599950484773034031782401598321 0.500026582318882861777353809885 0.499985694372729716494774265811 0.499961790145945383923020699513 0.500042060126746790160723321605 0.501875624114581975199200769566 0.500017233707884645177443871944 0.599954605142657415584039881651 0.499988316907724938964463490265 0.499967573655649255570665445703  | 3.387474250489689531207204709062 1.473492054753022362234560205252 
0.942066204361488690466330808704 0.599995152068793835553606186295 0.499981312810019229431190979085 0.499993889273966263253612396511 0.499987826242794974884731118436 0.500009135412681549048841134208 0.501875624114581975199200769566 0.500001895921659111898804894736 0.599953275121282936233058080688 0.499958881123756915254574551000 0.499969778211989290817029996106  | 0.335699088269203194112577648411 3.678723311354332725642279910971 
0.870937409107879423331155521737 0.599985575885531030593256218708 0.499998056179601080284413683330 0.500041880154670992375542937225 0.500011430301225856531743829692 0.500040818670316911109807733737 0.501875624114581975199200769566 0.500032585025052656035882137076 0.599957993840777081828719019541 0.499989784850979779307067474292 0.500006058633327032936222167336  | 0.743802881509248337010831164662 3.618512334981998534999547700863 
0.530408423534903805673934584775 0.599969665010724684250931204588 0.499991504407198195103489979374 0.499992779778610452190434898512 0.500000169657708659620709568117 0.499996343647787500064083587858 0.501875624114581975199200769566 0.500005582939398562913879686676 0.599950005434957245320504171104 0.500000795681167509165732099063 0.499980130627353247518840362318  | 2.483781400171274800214860078995 2.733160615823329919749085092917 
0.051908732815437397256630447373 0.599922587215231839508078337531 0.500043006156096425662838100834 0.500000686069477229267477014218 0.499958980682237208448270848749 0.500008433054682233098731103382 0.501875624114581975199200769566 0.500011410704569669860575231723 0.599950817865666730099860615155 0.500003248178211623375943872816 0.499984114145622271507818368264  | 3.681613247235157704295716030174 0.300858597180992948239008910605 
0.929926222438624661137396287813 0.599942088035457898875790760940 0.499990855190257321716273963830 0.500025729381327721512207062915 0.499990216780247132000170040556 0.500012929500886715850072050671 0.501875624114581975199200769566 0.500008063877539710162523078907 0.599947287952039887137800633354 0.499994699365011119329693656255 0.500012520029797791210057766875  | 0.405697735877049325825538517165 3.670863746641708669216086491360 
0.897806966173073872639065484691 0.599942393351906688714336723933 0.499973257426233941291826567976 0.499977393648415091575998303597 0.500039831223617059485775371286 0.500013613270513634923020163114 0.501875624114581975199200769566 0.499976172490791681557453784990 0.599917534701340238179056996159 0.499957292818300369496853363671 0.500020320895190883980774287920  | 0.590483477702903103434550757811 3.646814510796053010466266641743 
0.922996513173606536462045824010 0.599933443613492434209888415353 0.499975417389928677991406402725 0.499966192127880848516952028149 0.499979135991517220638513663289 0.500012992983532744695196470275 0.501875624114581975199200769566 0.500012877131354560589215907385 0.599913230390578422479563869274 0.499987060287311935180554200997 0.499998760762397853607552633548  | 0.445700672970587963295230338190 3.666804646347675777917629602598 
0.950400009870503215125836504740 0.599926572978857097773186524137 0.499939954295825716990009368601 0.500000177362483255727454434236 0.500002937275591974319866039878 0.500022073664304178564066205581 0.501875624114581975199200769566 0.499997245247199295636875149285 0.599943232853505370449909150921 0.500007360384322696589265433431 0.500011375944501956780641194200  | 0.287507094675894581126129878612 3.682706436420814188892336460412 
0.559666343368769414468033573939 0.599969301892535389342242524435 0.500000633939973293529135389690 0.500031183621922004078896861756 0.500001563265667137159198318841 0.500028290392426244537205093366 0.501875624114581975199200769566 0.500028916921964494690655556042 0.599950676739383403912597714225 0.500012922147116234405928025808 0.500003785501137665292503697856  | 2.355870851286444356276206235634 2.844721702038500055209624406416 
0.721075950454008518519799508795 0.599949328889194277714125291823 0.499999947789909304773914300313 0.500002321253768089448499267746 0.499983687691897604743473948474 0.499996566164721378822122233032 0.501875624114581975199200769566 0.499998797477443857051326858709 0.599942492674775729177838456962 0.500006619830425713679744603724 0.499980893906489143319049617276  | 1.566795891058381906546514983347 3.344270233503399580854420491960 
0.228423055994138812785365644231 0.599944119698495925696590802545 0.500011735020430170273186831764 0.500011854461849925002070449409 0.500021612175939433875271333818 0.500006081608014296691067102074 0.501875624114581975199200769566 0.499999695778580388605405460112 0.599942344406999339412323024590 0.499994384922964218986862761085 0.499982433024285188860602602290  | 3.457996783702045551223136499175 1.296888529825512836879397582379 
