0.112590438995241126640678430704 0.773833258612247498753333729837 0.770120853509955072269121956197 0.878465768182492334759103869146 0.454368976909721999923874591332 0.727133780495923476294706233602 0.525104525691433177136957510811  | 28.181151933658121322423539822921 8.236450463267464883188040403184 287.034395143157325946958735585213 
0.565669304754067736595857240900 0.367636112087583066809770571126 0.750875035334845564172212561971 0.676731329204467102478304241231 0.471827036271720956506214861292 0.977346024476223207422265204514 0.821756903519788139966806284065  | 64.208669598096975050793844275177 110.444112016567544287681812420487 134.101432458515802181864273734391 
0.273262451248416637916704985400 0.897855997063179867012649992830 0.984355739082147795926402977784 0.477714000004303973589969700697 0.563780130023082137746825992508 0.188080768709033674390695978218 0.528116451295760347406371693069  | 58.063662705017129894713434623554 6.605574784000094012981207924895 171.986904595531001405106508173048 
0.974968634010182522153797890496 0.850375214248927480120698874089 0.860489020283955796664088211401 0.023842670756797135211968452495 0.045751263297252320327856978111 0.074697866225112319327195109508 0.237238012334951009485450867942  | 340.747476418705730338842840865254 59.955026087393726186292042257264 10.287644795310590950521145714447 
0.290720510610415594499045255361 0.682165548760191309263234415994 0.946722510580287779369257350481 0.185307146498652874910817445198 0.411043911447460774688522633369 0.522387415913571073744492423430 0.329099122095597218518037152535  | 50.019612508870210376699105836451 23.305128970348231831621887977235 178.892555901214308278213138692081 
0.943654072543441913012429722585 0.500367975528080766167704496183 0.181311534517057726390021343832 0.546524902496833275833409970801 0.031216781110110725094841654936 0.991506774334590001984679474845 0.955428000008607947179939401394  | 161.358044662241979949612868949771 161.120716077685756317805498838425 19.255323945095604187827120767906 
0.064122065920126702920356365212 0.356859206810439144597069116571 0.118885243419326602776209256263 0.410091792744795013980763087602 0.322696010514602060759159485315 0.452555178465575247415131343587 0.839724219491164602935384664306  | 6.605725254411557223477302613901 11.905007068995940855415938131046 270.168867402298303659335942938924 
0.762566410736456701258134671662 0.669995389550685160884313518181 0.647058207147605646269994394970 0.349250428624424347212595876044 0.223460790400642261843699998280 0.927283292496588251729860985506 0.362789347164786724064811096468  | 205.761878155153112857078667730093 101.347515975367571172682801261544 95.621948093071992502700595650822 
0.247733437596383998524629532767 0.549366646086895116241066716611 0.510714904366280086911444868747 0.226765804967842710127001737419 0.343792991174375450746936166979 0.019144402257234460762447270099 0.336419330977472341714928916190  | 40.276427473123227684936864534393 33.037865922753177017057168995962 222.625948289715609007544117048383 
0.759368261000255562187533087126 0.721303329195859155298364839837 0.407704970351594253585858496081 0.620486817665784062825196087942 0.702871660100461537190597027802 0.863170658503621623935941897798 0.575159986548577806253490507515  | 102.145288643134975359316740650684 39.466824470235870592205174034461 44.874629072609437230312323663384 
0.531800560616572548511271634197 0.637989780513139370654585036391 0.801213719286625436488691320847 0.518085379158348513506382460037 0.881058244148154701136377298099 0.625718205385758174941202014452 0.626914423848285218276998875808  | 61.982734124640778361481352476403 35.170442960402276355580397648737 85.534063733964572406875959131867 
0.551407138977825894698980846442 0.096559378260208883482107466989 0.682961916132465596263045881642 0.826964428628728320802565576741 0.687871366248055893244384151330 0.780005606244135507587600386614 0.455399743792348599136232678575  | 12.831053650823175615869331522845 120.051467778073799763660645112395 108.105510890069183460582280531526 
0.602929519405912328622321183502 0.166162744241418414148370175099 0.074624580469988432973593717179 0.763019154913315511556959336303 0.607795792899738063219672312698 0.535949102191847659426571226504 0.879881157862296703342508408241  | 27.927584448081301360389261390083 140.146098828990858464749180711806 110.688058962188364375833771191537 
0.478439874416596189199424316030 0.683354243993211651897468073003 0.456056794561532918841351147421 0.459706213718017453473407840647 0.317438219495468576525354365003 0.262908346633501266431665044365 0.838773827652090631090686656535  | 130.102663164054348499121260829270 60.285651985338020608651277143508 207.547403276145615791392629034817 
0.237826999271171901639831958164 0.784373587359036839039561073150 0.695781586666316842482160609507 0.901148039487749352716150497145 0.743164841230955719453277197317 0.079604494603991104995088790020 0.843030960921956840081747941440  | 47.847497967875042945706809405237 13.153406115313407198641471040901 195.491858597783789264212828129530 
0.959186840899549753025610243640 0.569244822380288839624995489430 0.768061046608293662707467319706 0.761120548255169837581490810408 0.288164766694798291091217379289 0.484714282683068486967670196464 0.941570853187157053021394403913  | 167.405075435556000229553319513798 126.677661646801880124257877469063 12.513146579431754901179374428466 
0.974765802174432427484873642243 0.346884647105546006784493329178 0.865353116757779261547511850949 0.335790158264022808864979197097 0.880362536415939422873577768769 0.299662047282238108714125246479 0.403865109700390578773010474833  | 72.028277042945859420797205530107 135.615035060832383351225871592760 5.375355191056624626355642249109 
0.144796623718092987154193451715 0.781712990013693431734509431408 0.465044660829289635550765069638 0.078797071144584784896380824648 0.879378399882260963771329898009 0.630652521128823195795121137053 0.894824939282183651201307839074  | 28.202293295933294814403780037537 7.875261581898874041485214547720 213.082639271944231040833983570337 
0.721609224682634331493602530827 0.675054418236391673424634518597 0.921871403248604948110767054459 0.056473383005469335316206525022 0.858853377239991555569531556102 0.845254777077608321356194664986 0.335438830005039045900616656581  | 214.282343585402628605152131058276 103.147389183733736217618570663035 122.461723591808592459528881590813 
0.394797149437667305171828502353 0.342250145945659833834895380278 0.746300513060898840222989747417 0.805239804069703080102726744371 0.108515096686802592351739349397 0.737576402648133067074809332553 0.830372585977395605283390978002  | 38.447724624392755288226908305660 73.890356395731117800096399150789 172.208251647509541726321913301945 
0.194262044054049010100015948410 0.463357107631077402842834089824 0.203930683199347484446661837865 0.391152478473754672272377774789 0.098168167848603271607998976833 0.013395213587306553648659246392 0.604557172848626867001087248354  | 4.863860180537209032536338781938 5.633141161265429630589096632320 43.538265263762809809122700244188 
0.576678394679271955070021249412 0.829053692589194257678286703594 0.422613280213284925324046525930 0.541299121950866934938062513538 0.163719409415698957666052137938 0.315955596022566953529064903705 0.727900204353567503723354548129  | 148.577941068085806364251766353846 30.635953515829765336775381001644 131.555324858730585901867016218603 
0.836928209426325286912629053404 0.055893262410141031359955832158 0.407726011225916673552660540736 0.684807345166323799823260287667 0.500780814976297006246852561162 0.212886327838650912802620496223 0.764005018310585759522268745059  | 6.294138665721802361474601639202 106.315832452725942403048975393176 21.941558929316514081619970966130 
0.659545949921491070355727970309 0.930747962277774232298099832406 0.093902722640749280991201430879 0.021357175051991084124836106639 0.737640169987809568574732566049 0.583613323700677755212495867454 0.248716479256942735176494352345  | 170.997452169654422959865769371390 12.723016850960645385271163831931 94.835511866666848845852655358613 
0.851957903170472707898852604558 0.731232985415395941863891948742 0.303684141736667467803556519357 0.470608354693043851035838542884 0.981251829487105653448963948904 0.603497501767226052216130938177 0.617993580597994474068457293470  | 87.836271764257318750424019526690 32.284501663871935761562781408429 20.873016266305519650359201477841 
0.149089064806722682021700165933 0.350896866791017281173026276520 0.042450190455935676858700844605 0.574759258718682164435165304894 0.487098928056266977648647298338 0.036801879516310531670342243160 0.174273603260094667177781957434  | 16.956416613625641787166387075558 31.366661243106349843401403632015 275.799136736118725821143016219139 
0.708985075409954035308146558236 0.292468364694883575793937779963 0.199307427318500485213803585793 0.876678817825523815088217816083 0.404690867727264813602516824176 0.300894426796918024180627071473 0.320892970893668749710059273639  | 20.821313380712744844913686392829 50.370363717200028474962891777977 29.221828865873348490822536405176 
0.008660343073089271648257181369 0.221626480369025324890230876917 0.859798617429859857175244997052 0.885618499477660359175956727995 0.099139600561999663419499029260 0.890577902317381542296459429053 0.992748752938033551806995546940  | 0.318178322487363052228914739317 1.117472877484641191614400668186 164.337365856716786538527230732143 
0.222678853712241830997697888961 0.787654976706528620056246836612 0.480174587250608797539541683363 0.864306148780583871626959080459 0.253660306057609585828060971835 0.534228204223336278211320404807 0.254294433870512093243121398700  | 70.629078803373289474620833061635 19.040993616785986120021334500052 313.017793649225097851740429177880 
0.935514352157017947675399227592 0.504497242434556403267720270378 0.989445806155604290488270180504 0.606970520612612918220918345469 0.435431839658683927929416768166 0.637620782107824801698825467611 0.179214444584617216271738016076  | 112.176187917551345663014217279851 110.176242347918133646089700050652 15.326905976450150959067286748905 
0.003035143498651859950143716560 0.383912918369405775642633216194 0.179887844082628256536793287523 0.204225984765561641154363314854 0.542378537941560434632037868141 0.799747332491631213180482973257 0.831608361715774568878600803146  | 0.257826535358914088469362013711 0.413749030407357443195337509678 220.594920092369761732697952538729 
0.203324820323367738694742001826 0.028608422113957532317840559699 0.514961316275567737577034677088 0.795958346994149135156249030842 0.768541892006333937636952668981 0.987651754389888836271893524099 0.477572679357786356035830976907  | 0.980285080732619995558252412593 33.285326522304956142761511728168 134.260845464729953846472199074924 
0.769455937513331189592236114549 0.216313920822531757792717144184 0.045737477330087705773564721312 0.099000259332669648948410667799 0.628547774442390183580187112966 0.542118544194109763800781820464 0.915465027132333353243609508354  | 50.527660281839210654197813710198 183.057215299483658554891007952392 69.986601605797943648212822154164 
0.404829408348110875159875376994 0.395544814134064948163427288819 0.484063784557615117698503581778 0.652888961146904756027709026966 0.994385759177466410640988669911 0.504759090644392394153783243382 0.750089826753323141161899911822  | 39.158642257609805881202191812918 59.840613600002008354294957825914 145.546357223152398319143685512245 
0.399560094826869272033320612536 0.793721358051099667996197695174 0.573082506011490244723916021030 0.097569606473550285485885069647 0.292284548779711217392218713940 0.493699026797521534071222504281 0.425668133374876189733981846075  | 41.107076208838606135032023303211 10.683235078453400035414233570918 77.828016363102918262484308797866 
0.091256725423525919538292328070 0.897966745087771522904063203896 0.621566921204213307383668052353 0.121121964804050352704223314504 0.776434832115501794014278402756 0.176941376382154125224133167649 0.688654717373858971107836168812  | 16.230083548556532235807026154362 1.844175478675179835619246659917 179.985214872893379833840299397707 
0.851626812808218613959354570397 0.322187604586474107826177259994 0.338195278925276232584451463481 0.129398795875225403051445027813 0.858749619736447145079694109882 0.451450567599402829976895645814 0.851608281287651647240011243412  | 127.338760514921915500963223166764 267.892957596519579510641051456332 68.858552611922135611166595481336 
0.995060046978137879847281510592 0.102211429968220524067135102086 0.685342012905360786767516856344 0.238060687280955529665504855075 0.385493086533517548275540320901 0.429952637487161615226227695530 0.286343311895855490156748146546  | 22.085051091478550944202652317472 193.987173887129131344408961012959 1.072685657478715137713720650936 
0.887603295302917039144574573584 0.710526957968040107083140810573 0.116710404566684244898056022066 0.708490607068105293642190645187 0.210041440511561261494932750793 0.082202855519317385990518687322 0.252173589998455738303562156943  | 123.222530000061567534430650994182 50.201614739572903545195003971457 21.960601641291368935071659507230 
0.338019939893413612352901509439 0.107303629620290164048412862030 0.916915079198115323677598098584 0.665464149803414728445716264105 0.139377400432510123451379513426 0.640057141638105786540791086736 0.357564301086084612713023034303  | 14.407417760535155437651155807544 119.860340110451531359103682916611 262.950695908174282067193416878581 
0.594286909730684875796669075498 0.247391978045018001708399424388 0.633487727464252303732905602374 0.439907114225889239733646718378 0.230123014226972566476092652010 0.166768721067155345494370521919 0.010051727600547399887886967917  | 49.788932242319773990857356693596 151.466309078640392726811114698648 137.394723915803552927172859199345 
0.054111147070453502472275886248 0.366545649251049265870960880420 0.106782463874549371496414096327 0.794232132676352287070642432809 0.633379422186638896263843889756 0.691069487758763978391129967349 0.608730643364447043808240778162  | 2.255422291507649390496226260439 3.897760255103065674120443873107 107.560587715904361516550125088543 
0.363041065499928983228983270237 0.015366750954232899495366382325 0.040110958781255479088656556996 0.155679086904107921718320994842 0.318364503754586025685568984045 0.174341646225410595860694229486 0.232502595284356794458346939791  | 2.061715676224596283105938709923 132.105596748180886379486764781177 235.397800656257089713108143769205 
0.482189520771703183932288538927 0.481064823165944566163432227768 0.418870531029417181301255368453 0.582654466651469249427464092150 0.441262739328840969399436744425 0.218139085343966310226448968024 0.882280490360584868092530541617  | 51.121464717743045014231029199436 55.145845332712589481616305420175 114.117632949516391249744629021734 
0.108072264698303666108358811471 0.962630074808070057557074505894 0.848697892135899745191807141964 0.397339420528949327504619759566 0.485062632036602381369050362991 0.888277583103588508350867414265 0.307979297291868236996492669277  | 16.291070429307563216525522875600 0.632429942894800922736919801537 139.670797151276872227754211053252 
0.051962590718721890503672966588 0.546991199522191551274374887726 0.776762443169070504467299542739 0.066911571987232631997244425293 0.270976560941622590661381764221 0.847492336521661560055918016587 0.554847871063932185364819815732  | 11.395059138182844549191941041499 9.437194009832463592601925483905 380.076417106363294351467629894614 
0.798345900812098219212487038021 0.534148960842694697781496415701 0.727851919739858077562644211866 0.601138032353372819827086459554 0.833303058969038557002306788490 0.755365473241944362925437417289 0.666040890291449194648976117605  | 137.152885696686496430629631504416 119.616097772472812721389345824718 64.857247977594809640322637278587 
0.698775993854149013451149130560 0.783183659442829860353185722488 0.031305135734206457343020701956 0.677427066830035728983716580842 0.508866408950184867521215892339 0.196947489201735548292049315933 0.762329346008415620339349061396  | 124.231778032056439542429870925844 34.392289942544863379225716926157 68.378675922908541906508617103100 
0.745210144360663795382038188109 0.131927816934021002737154049100 0.178160423508250675972419685422 0.619777521544963794219995634194 0.233289284431476895420587425178 0.987199575083220870475031460956 0.095569088309426675209579116199  | 19.283825848894196042238036170602 126.885695462432551039455574937165 49.975851128187720462392462650314 
0.259290127352887811440496079740 0.239384261612420101705822617078 0.835033521374540677051356851734 0.156920526916069280609633551649 0.656242523962151214078630800941 0.635189145760070905666339058371 0.414228718600860079668279922771  | 23.839702887441088563491575769149 75.747892081685321841177938040346 284.490256300505677700130036100745 
0.206807899812216922086349768506 0.400313613662163558792883577553 0.652323613463136831036592866440 0.475565652371261582409545098926 0.449318935841526934105161217303 0.450884385037496726589267836971 0.803637756335908837179715646926  | 29.424323313611605357209555222653 44.078855967330007104010292096063 281.914478108756895835540490224957 
0.910004122079232313780039476114 0.385706977449733701135414776218 0.678933393320425349060087683029 0.472928940983302514844410779915 0.750352673426563865355376492516 0.929911841190052990135939126048 0.342852553263106263337078871700  | 129.945622691770580559023073874414 206.956819548091203841977403499186 33.318344749637518020790594164282 
0.615408607704422849771219716786 0.410139845445728457029588298610 0.389493543727175706159471246792 0.628987455750700696910371334525 0.068595035679448135290670052200 0.216929069344181213452316114854 0.390070672606122270664741336077  | 48.834802927330535737837635679170 70.233859797351200882076227571815 74.410370935292206695521599613130 
0.120519919206919290388668741798 0.431722426227161726330905366922 0.856747842340762510993101841450 0.640684436709444637969568248081 0.154534257401768626571936238179 0.146022287348961388175894171582 0.058583308471433115371951316774  | 26.349203359373841948354311170988 34.683538417884534510449157096446 445.379328350933064939454197883606 
0.276967534702361350973376374895 0.797500276017463982647370812629 0.923298936889806243222267312376 0.369658495792210661790022641071 0.987107496971023845588888434577 0.225847052870846498606738350645 0.032830986016265994997809229972  | 64.008063185548408569047751370817 16.252803312442285488259585690685 209.523517741273025194459478370845 
0.101393294544153467207081575907 0.334574513566929465646637709142 0.893457801245762017749996175553 0.786807643756007091262461017322 0.372835802281239914179877814604 0.116222688609963098471666853584 0.063332781254572867446483996900  | 7.275891683328307379952093469910 14.470808642884115613469475647435 192.731983140793829534231917932630 
0.961231354164069462520103570569 0.229706848938841523555254298117 0.112769365224557605031918683380 0.555477148856059144144126094034 0.238821245968664164216477274749 0.618605690643443173470927831659 0.084850004210651475133886378899  | 60.235847954457156561147712636739 201.993372605242825557070318609476 10.576300633214545499072301026899 
0.689011234025579288875462680153 0.098337218444636165237682234874 0.153073340401382318454182041023 0.358221611057709554692962683475 0.616728442583396097020909110142 0.283508962922410678864082456130 0.030655117869952897002860936482  | 22.440252056247409484512900235131 205.756685086948948537610704079270 102.997861829739733252608857583255 
0.665216116492112985447704431863 0.249718599500415083802806748281 0.416487949825260939107351987332 0.349491090493343259382186261064 0.469063242768979371533077937784 0.016546320833470296030043300561 0.598899333693726609872953758895  | 38.490699353520000158823677338660 115.645594180578655141289345920086 77.572304187355001658943365328014 
0.306097591039185434880209868425 0.356706252373339416372743926331 0.687019892171990997908892495616 0.968680487025983527615835555480 0.113145704324264739781824573583 0.502639242479865244739301033405 0.854662696589669312885462204576  | 24.755998704900132878492513555102 44.645640711808958656092727323994 157.328793779756523463220219127834 
0.150672297758511541942993972043 0.010381765107257523439443502866 0.983745031468796660156783673301 0.527917835318601924576853434701 0.291733454161486105427059101203 0.967446578805536971934486700775 0.073500815169452171637942683446  | 0.393530013742233064633069261617 37.512356863541299389908090233803 213.672455267845236903667682781816 
0.240019399757366413972192731308 0.357175473787033959105485791952 0.123879139531815729569075301697 0.480806170856848402728189739719 0.808864708971018031569144568493 0.927476444209018091591190113832 0.328437033248484611114292874845  | 19.514766849423359929005528101698 35.121590576000116357135993894190 172.996731735931433604491758160293 
0.906752616056335947192224011815 0.770759162098484051917068882176 0.681009905931838410708678566152 0.869140800497507082233994424314 0.345811093844274997088916734356 0.132712807518169939591246020427 0.221428809242664725864813135559  | 231.171399239468399855468305759132 68.755491814381159088043204974383 30.843470942233501830287423217669 
0.390818558765896773010695142148 0.932144947166337778376998812746 0.222163504522728372236883842561 0.105840923502705575032223350718 0.079587749785776207289700323599 0.433313518845467537943250135868 0.937973394777355418128195196914  | 99.223216996441323090039077214897 7.222907394484877841023262590170 165.920993299327136583087849430740 
0.145322786419020633097431982605 0.481976333686606972506183410587 0.998801846211297750244284543442 0.261430216856409214365442039707 0.960970864678835745564811077202 0.208205063168730886147272940434 0.289472509473618133668537666381  | 15.850787837770687005445324757602 17.036278870523883455234681605361 193.416512507897294881331617943943 
0.066392106665874361937085268437 0.430745166848691463101772569644 0.288291409334911485906616235297 0.376756346866074731671858444315 0.259895955771468845085792054306 0.984206210560274574739025865711 0.380577799002908001568812323967  | 6.359718638733947493335563194705 8.404738697517339929277113697026 207.618263708511705090131727047265 
0.070676855980985942018435252976 0.216778282975173319790940240637 0.247634433526314645668264802225 0.625727762067573523019348158414 0.666754386527388831495954946149 0.083934086516457062643326025864 0.250865328870633841340520575613  | 5.629458280897690514166242792271 20.339279009739527737110620364547 341.460415155299813250167062506080 
0.607432142386214790619192172016 0.535366968180515989672585419612 0.175172309546909321653629376669 0.357316456060844611641869050800 0.372686362903062340379278793989 0.151870451547213791698709428601 0.748951548250848309074001463159  | 135.874681427141211997877690009773 117.922600629540980321507959160954 164.022692137758667740854434669018 
0.022774166789960914591972596099 0.319712772149871038429580494267 0.002260944687867971758521434822 0.901054472139662609997401432338 0.642755648320760708536170113803 0.951727990422454928065576496010 0.980419126920959227433627347637  | 1.982100312001498387814990564948 4.217527868859395567824321915396 266.022325668785697416751645505428 
0.863983183760346884483283247391 0.496599960296573827989163874008 0.428286909968110030000332244526 0.710698161233844771800249873195 0.080802599722169965446028072620 0.281024853988762424172875853401 0.104004775571095220421113936027  | 67.961537045171922954978072084486 68.892153004631353496733936481178 21.544867494071308300362943555228 
0.597075819415381348065352540289 0.618275471626873240893473848701 0.738378951458060206469724562339 0.597345839337653949918660600815 0.046256499695755404211183758889 0.033502102705052161368826091348 0.559458584263275437997720018757  | 139.770961869544066757953260093927 86.294874935793856707277882378548 152.555821373161421661279746331275 
0.070293052975514580538174413959 0.356889375251857265958221887558 0.056813582995815292697727727500 0.113600746695596499513669641601 0.935712450089487446369673762092 0.244268314279358023100030550268 0.839220685365846263970013296785  | 10.433319982278758786264916125219 18.800724810777779794079833664000 386.654063001034216995321912690997 
0.047073855788842822178708047431 0.281011089935449986931814692070 0.096987680918488861081527829811 0.711605102872157058158109066426 0.861185599505508103668205421855 0.050387728911352347438423748827 0.720047005614846691301522696449  | 3.523270000515724476031209633220 9.014562585824700491343719477300 253.806030184978851593768922612071 
0.207488809612741520460588162678 0.095731492877312307498982590914 0.155891180200373624664678118279 0.387130391144893226673673325422 0.762302327376034760675338475266 0.332297904522925735548710690637 0.619432443637519369872279639821  | 6.266707218942704216146921680775 59.194584886613391461196442833170 250.031828837850355284899706020951 
0.201377933830559241457081043336 0.592225659362521361650522067066 0.107295802264113393498234927392 0.013641033540942482105151611904 0.893975953618776575382298688055 0.550618559390399497921464444516 0.421766221484919490158915778011  | 23.145620446745002851685057976283 15.936813893670471742325389641337 154.992624416020561284312861971557 
0.239459859457421875283955614577 0.113048141781486588541838500532 0.533465677537216076409265497205 0.104796595758370969520001381170 0.467940458315398322142186771089 0.925786485871472053510444766289 0.608107669277713980271471427841  | 6.116714275503362330255185952410 47.990449089698195450637285830453 171.847881826087785839263233356178 
0.141075345182359868090316012967 0.850666743228310262558977683511 0.922708642705914017234647417354 0.744239180809713407604988333333 0.884687634043646919934644756722 0.708092003559973259818605129112 0.109469569151680601315490548586  | 24.664129146989107965737275662832 4.329750469590081252135860268027 176.526649708374748115602415055037 
0.665984582592075269324993769260 0.091265717596325401927970233373 0.879424665891610723988947029284 0.688799194626241062522353786335 0.996708973306981826922879008634 0.583434785874438865960200928384 0.724299518008096665511175160646  | 8.900067370598470972709037596360 88.618120235881391977272869553417 48.908907187411323036485555348918 
0.187760392067660708548260117823 0.175579617852734459759744822804 0.806796640238333528927228144312 0.920453960923565572826987590815 0.025992906726059361588454521552 0.965496457217143611018173032789 0.888948916936458943816035116470  | 7.479769188249520972533446183661 35.120672023116469517844961956143 184.286820485523918478065752424300 
0.131027097124343239187282961211 0.505493077417882519242198213760 0.794637104907127578279357749125 0.393601571051047760541052866756 0.916512042659932246735365879431 0.302834674979129414573719714099 0.396323455891803066997169935348  | 3.315621621882072656006812394480 3.243561421372751052416560924030 43.500561751596521276042039971799 
0.388895677358515601262922700698 0.602135533720476456842618517840 0.195201016913432834343211652595 0.366681255679756068488472919853 0.628781288018521289373552463076 0.328064143721130796471641133394 0.406932298251071244976628804579  | 49.642097162291108247700321953744 32.801297027655465399220702238381 129.550204581642645962347160093486 
0.159182206893391797741799109644 0.803695605270454360713472397038 0.038002809367938095164163314621 0.144537512455265027000450572814 0.443852825784784910112534817017 0.394581293592225712529852899024 0.671771698438955788823534476251  | 46.373007230968219971600774442777 11.326707594973973058927185775246 304.776192199175909536279505118728 
0.081302895538054031909780405840 0.048144576323798871086978579115 0.005027036682317631566263571585 0.419591462266056258734181483305 0.916273144067036970916717564251 0.444822754550294297004597865453 0.719446570730438828000785633776  | 0.838930231105998513996269139170 16.586298011920366235472101834603 196.899589190695195384250837378204 
0.616953634877283829673899617774 0.801961920779241554946281667071 0.071617002423595255145016835741 0.536890808512956452247522065591 0.005972135557237523428852910001 0.945874328268927033747104360373 0.483985487548554194070504763658  | 149.164326861970863546957843936980 36.834936939772376263135811313987 115.480869042825744941183074843138 
0.293927354687392727861094954278 0.416175037088582611133347199939 0.477755335792575674958015952143 0.548909796666581462076806019468 0.305773963881226240602018151549 0.627981773224137174160830454639 0.647412891811540491815435416356  | 37.628946371876651255661272443831 52.787207934532048625442257616669 217.197794734064444810428540222347 
0.484843372299385011459094130259 0.017027496187285273698819310084 0.915406077768927795013098602794 0.535290209550639994873222349270 0.719272481325779033944911589060 0.768168929801604449814078634518 0.259306473785697488843027258554  | 2.598501666343268290404466824839 150.007708768965130730066448450089 162.147417548856140001589665189385 
0.361973885688039231922630278859 0.201007390193126744826201957039 0.409039271848775531914554903778 0.163534536437902056071891365718 0.817331914512863688671018280729 0.594136288611386786939760895621 0.499520941860644995813345303759  | 9.683940896839166256881981098559 38.493098203737638129950937582180 84.918305634035718298946449067444 
0.848762776638200544532253388752 0.909616083502493566470548103098 0.622584687972539518874270925153 0.886659637890546803440372514160 0.918568120099227392039153983205 0.839985880691934139186116681230 0.296361569839250216240600366291  | 159.354951348179696424267604015768 15.834289737554524180040971259587 31.216183265729284812550758942962 
0.567219243689295660182381197956 0.827512294903424816538972663693 0.981368396206980797558117046719 0.843220771421745785012547003134 0.389904802063785971277809494495 0.243776129124464002728700506850 0.268405395719814365840250047768  | 153.338292853319501318765105679631 31.962026909560776744001486804336 141.381685166384443164133699610829 
0.318730328042159061219251725561 0.376368582653660577186371938296 0.184546351999087421269507558463 0.032607407904186480607222620165 0.470764308245829043997332519211 0.672263623689278499995225502062 0.884610039885896815015087213396  | 31.598852308956949741514108609408 52.358347535310173270772793330252 179.454193605439201064655208028853 
0.187695122169453942895245290856 0.825455173654669471794420587685 0.416752202206391975103372260492 0.596059977912093752472344476701 0.809830487227945261530237530678 0.994368946904744310799628692621 0.915302282888694751505909152911  | 13.545653496614480815196657204069 2.864266664939109752197055058787 71.018671332361051895532000344247 
0.153048882324367863105862852535 0.696904927821022313061405384360 0.709610565717987307188252543710 0.378655084579631373564723162417 0.656473192645129377531532099965 0.312558958480411930302977907559 0.572954265666836826120800196804  | 23.598249606638248110357380937785 10.263255262356883790175743342843 187.384833913341964262144756503403 
0.087850533728789703680206457648 0.305133667542117459348105512618 0.037368568161411874761768103781 0.309251445181978112941578729078 0.462866539812453070545927857893 0.452235964395198530851871510094 0.546263187941456229701486790873  | 10.434357203677535608221660368145 23.761663470564471367652004119009 355.056260704164117214531870558858 
0.243142454079649295017873100733 0.650680169664743179858135135873 0.531577359156325091049666298204 0.942713756146934978019658046833 0.842554271579305513739654998062 0.765913907775945479450285802159 0.391176902965181483295964426361  | 57.652728250666307019400846911594 30.951060428449782335746931494214 275.807227136702806546963984146714 
0.414670324944031221114926211158 0.248232253549207304565982212807 0.664283032188495825565155428194 0.897231360790364473878355511260 0.789910376142657688625092760049 0.470107692058569170967530226335 0.253142890857364188939016003133  | 28.084774141415920212239143438637 85.054327405066430856095394119620 159.701983866979361437188345007598 
0.310025729492127588571293017594 0.313705372223709977319572317356 0.830717586370437688358947525558 0.534852213149816679838011168613 0.258993001677838341478832262510 0.257967798507317547240802468878 0.664711916780754141775844345830  | 41.433191289986915251120080938563 90.643575506470824620919302105904 293.941960787284756406734231859446 
0.518501856394527727012189188827 0.390984807026547254160675493040 0.843641614122329741576322703622 0.000633675044814707710827406117 0.617725226055071185982114911894 0.787152968885833970169585427357 0.433654826506725599166713891464  | 48.499753415154920332952315220609 75.545356633998125062134931795299 115.192432727872613895669928751886 
0.341992080419781907529852560401 0.266693500128241001156936818006 0.079587405280647560701368092850 0.257593298745247278880299290904 0.636377786336689510449105000589 0.523412089980958117330089862662 0.928223812864304997916065076424  | 31.052366331528684639806670020334 85.382291118304124211135786026716 224.025441236995902727358043193817 
0.626841826063734286478279500443 0.125952285853524581504814250366 0.556687596370581072591221527546 0.684343217412616722228335675027 0.601596910664984774186336835555 0.322331295953930174746915326978 0.162052714671205633223394215747  | 20.240275851884288016435675672255 140.457687783508475831695250235498 95.663301605152554429878364317119 
0.450617564040148965709420281200 0.120687286072313826323920693540 0.991761275864375235755687754136 0.794057102085884203290788718732 0.181969458640289571960124703764 0.244208919606459962103883754025 0.304499992497302751637278106500  | 8.954866714127073024087621888611 65.244056847394261922090663574636 90.461598980627925925546151120216 
0.000000000000000000000000000000 1.000000000000000000000000000000 0.500000024171327051014657172345 0.500000013828555078809756651026 0.499999937858426279913004464106 0.499999992556130534726577252513 0.500000010240874037670266716304  | 0.000000000000000000000000000000 0.000000000000000000000000000000 0.500000000473709960147061792668 
1.000000000000000000000000000000 1.000000000000000000000000000000 0.500000024171327051014657172345 0.500000013828555078809756651026 0.499999937858426279913004464106 0.499999992556130534726577252513 0.500000010240874037670266716304  | 0.500000000473709960147061792668 0.000000000000000000000000000000 0.000000000000000000000000000000 
1.000000000000000000000000000000 1.000000000000000000000000000000 0.500000024171327051014657172345 0.500000013828555078809756651026 0.499999937858426279913004464106 0.499999992556130534726577252513 0.500000010240874037670266716304  | 0.500000000473709960147061792668 0.000000000000000000000000000000 0.000000000000000000000000000000 
0.998034442616673400650029179815 0.000000000000000000000000000000 0.500008453327368984631107196037 0.499694811695608087642739292278 0.500130101825261519365994899999 0.499929447123416414999752532822 0.500084524703785171517722574208  | 0.000000000000000000000000000000 0.511065888127942513641244204337 0.001006507678374847850055751053 
0.179199906910348760735729456428 0.649653887150041908782327482186 0.500011032857483939118026228243 0.499918919450728971298758551711 0.500220548852789992366751903319 0.499834140277276961494834495170 0.500193603700302635850505339477  | 0.059592224718740045841247621183 0.032136965081330869098419356078 0.420152715618338501446515920179 
0.354056833213174604324535721389 0.922957069952366371268226430402 0.500113615914505871273831871804 0.499553842596273001142037628597 0.500144617813169434228370846540 0.500220570715582790732867124461 0.499861502227685827737246881952  | 0.173092608054968621900115977041 0.014448734538465216395430879004 0.342151421394309318557702681574 
0.424512277620000488820295458936 0.015878256989576455815438293939 0.500068249373518569633745300962 0.499757283375677985315377327424 0.499741351747723050458205307223 0.500018936101805144822662896331 0.500108946119812047825803347223  | 0.003465234146282352312856689380 0.214772457091311458343696472184 0.295852719671435115955659966858 
0.453459313240452743798414303456 0.333589975182414733012592478190 0.499885008125051710781150404728 0.500001372406290944816475985135 0.500172532350926513089461877826 0.500337031840703772012091121724 0.500261341663015501879385737993  | 0.078993775848044220366794831989 0.157805234088775947487448547690 0.285406627972868920384286184344 
0.809126909144708417187530358206 0.049875080016452320863518110627 0.499987858240868887627073036128 0.499931716561970385104274328114 0.499904635005239905698459779160 0.499885874452021650160560284348 0.500165920774161110173849920102  | 0.020394647756601540222742841024 0.388519939445543194267429498723 0.096462977899960097860621033306 
0.220657665494339572109794289645 0.364785467898299131661588035058 0.499914616888950336104358029843 0.499981918749825504644235252272 0.500030781085550657394378504250 0.499720523722565757029911992504 0.500278545514477923639162781910  | 0.041551911080552790533904072845 0.072355891551917517201530927196 0.402311755737652709807861128866 
0.613368793494870723215228736080 0.699116307932871272612374013988 0.500161447619948851261995059758 0.499947674394419450116799907846 0.500215321993290884527993966913 0.499854764864193334972242155345 0.500057542348806949306094793428  | 0.218624251144608816588288391358 0.094090884611602129683483042299 0.197117022437578920390777170724 
0.830274471208194420057679963065 0.051470803628910710703081576867 0.499935833010843488910524001767 0.500117759090438984692639223795 0.500112252188264605479162128177 0.500103662304927754078676116478 0.500328230566738141327221001120  | 0.021996475657364605166277371495 0.405361834423680567063286162011 0.087361008530743716749000782329 
0.999449035581166711494915944058 0.417502594625177581022512640629 0.500039950519721276833706724574 0.499883248908845390090505134140 0.499970375602704075745918999019 0.500071841147024409579557868710 0.499923454091766916729255854079  | 0.209753933876052484075458437474 0.292647575902261203317777926713 0.000276957949831845647199746185 
0.956806765929277602822367043700 0.831247485856976275897523009917 0.500007664244035199274662772950 0.500236429376314517547541527165 0.499818905397070134544179609293 0.500007399442171651671174004150 0.500027003029974714820582448738  | 0.404703449131732728716315250495 0.082159315589297246540390062819 0.021978499845253882810647283463 
0.877458184961718345995507206680 0.258807401068964992862930785122 0.499989672768101134359142179164 0.500078965486396076478570194013 0.500250165378339772814797470346 0.499965732412056329536653720425 0.499817628459493457082629674915  | 0.115864063266110928207552888125 0.331820441842907876139889822298 0.062521579672731031340759955128 
0.984723829253733806687876040087 0.768521350051659668523029722564 0.499919919617814179080284020529 0.499913062992887624602644791594 0.499947395585397691419871080143 0.499882222691962363469997399079 0.499627652408612843437651918066  | 0.391038249964201611863501284461 0.117780730715926790219683084615 0.007893386345389172623066009749 
0.447602796724480889167807617923 0.743152096468626566228010688064 0.500039426611136761380294046830 0.499817515054063854496035901320 0.500117671150575593408404984075 0.500092333858269566526644211990 0.500011982014656353179304915102  | 0.168202899055081483981055612276 0.058134212626850582938953237999 0.279327985449381144267277932158 
0.929995467081129678632578361430 0.162703487474128660750238850596 0.500122161478899096564987303282 0.500200427615592246866071945988 0.500234861527921959023501585762 0.500418391889958180662745235168 0.499832698598904001663356666540  | 0.080337723103115571410270945307 0.413429954223960782755398213340 0.037167896882557636961674774057 
0.749214029052028607225111045409 0.461672635832470978911601378059 0.500090886455053507120283029508 0.499859149123440760220660195046 0.500225589838550033228159463761 0.499767221014540796719671789106 0.500097683564101891384723330702  | 0.177820341757834676776894866634 0.207345093566690508168903761543 0.128927227638380520469141288231 
0.860054381688071134526296646072 0.775314161367712473271751605353 0.500368502477837484576639326406 0.499851747692300563130629598163 0.500332654786102226651678392955 0.500113087254687949112508249527 0.499913946134216691241647367860  | 0.352410095203363527005535615899 0.102128352258611915237551670543 0.073961211559388326253206003003 
0.307518495583382567293284637344 0.120371761811941396791425518131 0.499944569246762615666312967733 0.499942701270624012543919434393 0.500129779111844419148269480502 0.500242245371058436020916815323 0.500167294893467340166637313814  | 0.018909862381008741422094843188 0.138185639889298661486805031018 0.353753453244667503962972432419 
0.239359372742326936833734407628 0.981949699911903395310730502388 0.499887926711860997031067199714 0.499826519780843858686836256311 0.500286123457752585075297702133 0.499971439330768152586870201048 0.499973570305123460322249684396  | 0.120444578115913164539918511764 0.002214024587177401953014266311 0.389786768864347210605814098017 
0.926204603183614638695075882424 1.000000000000000000000000000000 0.500101897074664902831386825710 0.499999542715408917814556843950 0.500211392762283546531421052350 0.500003294401635822730156633042 0.500030101320092734695776925946  | 0.468222761556315703046493581496 0.000000000000000000000000000000 0.037305671304963525236608745672 
0.900378729474948125144351251947 0.950549070977062982024108350743 0.500137485796371406010507598694 0.499938638424328340992275343524 0.500045184532849296132894778566 0.500031273971724421478768363158 0.500062084936003570234674953099  | 0.430423716947174184177526967687 0.022392166092661463377977426603 0.050101243072076424855954002169 
0.733034006318035169513791515783 0.086602752837394866847198215964 0.500007109608136102174569259660 0.500099766338375384400194434420 0.500165261909768732451198047784 0.499832972144330034414139163346 0.500362750944992384916076844092  | 0.032975029025536464755141707883 0.347786874553329072856655557189 0.138670892576661847206409561295 
0.417435215652586122381251243496 0.764792571108682928127109335037 0.500045306589694260601675068756 0.499911814622060135526737667533 0.500264175738167615747897798428 0.499852029116218787851977367609 0.500046780504143861811883198243  | 0.162894804339062643228075444313 0.050097332996845177210953892200 0.297247845658656473233349970542 
0.119120718871562614182835204701 0.720721832819524066415795005014 0.500004655227638927783573308261 0.500089768195151607166337726085 0.500305692044918925986962676689 0.500035354391759168102282728796 0.500222331168759914987731463043  | 0.044216789873781733866131560262 0.017133911409682865689685371535 0.453678941457473394738286742722 
0.150897522107633519361513663171 0.217718315691989516835747053847 0.500034633063883071635302712821 0.499938177333466848839549356853 0.500157418076537130247061213595 0.500382777185144012044304417941 0.500131692671624272783503784012  | 0.017054820000778736499569276930 0.061279517404745451059078220624 0.440788417636465035265302958578 
0.477691442361833251695202307019 0.851568349001237567819089235854 0.499869414516088017563788525877 0.499879327353725033677989131320 0.500155780042293884868342956906 0.500041397688077871030998267088 0.500187338782518531310472553741  | 0.207116711988079016393271558627 0.036101242543692825537338109143 0.265934885488216254945115224473 
0.068933643569802804940138685197 0.884056473380024465669180244731 0.499980659632010437931626256614 0.499967627572929451673644507537 0.500240128871880629368718018668 0.499910951311823947840196069592 0.500068989518342110756066176691  | 0.030902519691458768535952117418 0.004052848683718406064269146327 0.472131832663036765662667448851 
0.531816934091578041865489012707 0.960010908413839847419524176075 0.499851586229212552225931176508 0.499741963006998468621588926908 0.500212475943076606554882346245 0.499763178484486703112565919582 0.499962220373857124666727713702  | 0.264917573666634598161806479766 0.011035096604935259317903373244 0.242933910019330095986234141492 
0.501410626741644160908606409066 0.270212111364361795562416546090 0.499960918351023408945366099942 0.499855250171232223799222538219 0.500163696443292171700534254342 0.499980150311952586950070553939 0.500038648176609590301211483165  | 0.068428122680676703448732212109 0.184810425122261146047009106042 0.251813667481324610086801385478 
0.906856494773379151475012349692 0.844618988488552435711653743056 0.500111092822052016870770785317 0.500303476250767209521086442692 0.500077923892700115793275017495 0.499744031415308487265036774261 0.500001262642459920471083023585  | 0.396287934943663822107140504158 0.072903428670860123683716835785 0.048190787055051982623599116096 
0.693666879335586239463395941129 0.441773546921902238171497856456 0.500004655227638927783573308261 0.500095662788289985201117815450 0.500184352058121950435065627971 0.499784213059615123331269614937 0.499833381617624861181781170671  | 0.156776887379375617914689655663 0.198103771437189990489713409261 0.156720326308283280924982250326 
0.810302389409275236609175863123 0.790855859690600127009929565247 0.500242916465474585230310822226 0.499862467762943962767963057559 0.500358600514352991339706022700 0.500210751150913623952476427803 0.500058778735105180501818722405  | 0.336513371457903609496042918181 0.088991943239460968850806921182 0.099613851010101089888948422413 
0.926204603183614638695075882424 0.415435043821749172554547158143 0.500013725896340077703428050881 0.500195248556833504949281632435 0.500239574195051606153583634296 0.500366123474995538877863054950 0.500136807843817421392884625675  | 0.201829287822783615125032952164 0.283997054524451231216630731069 0.038708237460853861522380725546 
0.906856494773379151475012349692 0.941394809451549852141738483624 0.500111092822052016870770785317 0.500303476250767209521086442692 0.499915844937348030629920003776 0.499744031415308487265036774261 0.500001262642459920471083023585  | 0.441779452537548356083618728007 0.027502349424931158555773791363 0.048200076005160449876818518078 
0.311265799289460187715405936615 0.400989890063681020393460130435 0.499813340936897720911957776480 0.499553842596273001142037628597 0.499780036201979804832973286466 0.500104774086615133654731835122 0.499576437556477293000511963328  | 0.068232475690536267820540672346 0.101927614080555714592968286070 0.376511244373307185639987437753 
0.963487922404176355684057853068 0.988555755025440463512609312602 0.499984200053780691863636320704 0.499900180832424489985044147033 0.500072402412177985375763000775 0.499863394087264656384661520860 0.500043292142435036318204311101  | 0.479615769011012382794234554240 0.005552383187615483189913945239 0.018385801013359844707784063189 
0.676366978646651961781799400342 0.316370232712415266895789045520 0.499998444412907250278266246823 0.499916687021934591506067135924 0.499992076255767303738508644528 0.499853651657869935132083583085 0.500093594064090152251367271674  | 0.107776878675929610462702612494 0.232890060030343126751262161633 0.163004809710416531665089223679 
0.998359451251552121320287369599 0.879156759026430534298413022043 0.499863899703957670350717990004 0.499842562461118355976452676259 0.500032629990381116691366969462 0.499940443714384508133719009493 0.500361727884111595621163814940  | 0.454350737102866386596389247643 0.062452133873192407220731325879 0.000849233512149540677865777738 
0.817702023816653578158764048567 0.591898265324181660496094536938 0.500200007000019208902585887699 0.499848501701940506336541147903 0.499997973659683014879817619658 0.499923904819979447733402366794 0.500302099409828837650593413855  | 0.249645506241811726555468453626 0.172125464999472982396966358465 0.094029355719694965309862766389 
0.933457776256890747745842418226 0.114183724603232422678544821792 0.500115992544815868292573668441 0.500144570840612257001112084254 0.500260631303148350923493126174 0.500031273971724421478768363158 0.499864129933796252913680291385  | 0.054573941539907598607950234282 0.423374572834991858005793119446 0.034070911175813838045467463189 
0.806233992345960603920218545682 0.344503763964850828749320044153 0.499790207289022403447376063923 0.500103007711911295984918979229 0.499988456914921108875660138438 0.499796560822694913017727458282 0.500307142710420427178519275913  | 0.144099487104995038766475090597 0.274181826999013666945614886572 0.100527515683611179397871637775 
0.938906877418569818516402847308 1.000000000000000000000000000000 0.500133170396763193643607792183 0.499971326372312785402129975409 0.500195224571340135710784124967 0.500289091141061015299840164516 0.499969070246317592864926382390  | 0.482544249298550942395280571873 0.000000000000000000000000000000 0.031398358753546733168615645582 
0.767616518533293268333750347665 0.610794392106307704182199813658 0.499895925108465921660183539643 0.500032144678769552292862954346 0.500048554233616937558792869822 0.499737972316054157584375161605 0.500032772524106272626909230894  | 0.238314775350472379811250789317 0.151857070413615929949102678620 0.118118213586902165435077449729 
0.626047581749540560380751230696 0.228767688201377022982896392023 0.499948640963881196785933980209 0.499864513766616225254324490379 0.500042815936029394485728971631 0.500026183279594138575419037807 0.499976209970340257360277291809  | 0.071950261192723879988264457097 0.242562079944317804391928916630 0.187865353954618174991963996945 
0.092618768315967728299575867368 0.581770124236210772750155229005 0.499797712397341387102756016247 0.499896560865340622292762873258 0.500116181114992008893693764549 0.500027613676434445899587899476 0.500096482820656329515429661114  | 0.027341474217376975086590817909 0.019655566500849673550188612126 0.460427551216497144004335950740 
0.979042828582580182406047697441 0.852202096982577539385772524838 0.499793670724642924430014545578 0.499602592612579055053600995961 0.499974617743120408608348270718 0.499603123424721184964170106468 0.500116193130630715124596008536  | 0.447831337289672004597917975843 0.077667648074626491339067513309 0.011248713533711228451661412464 
0.999883554625358716982930218364 0.379787956759325973088436967373 0.500045795475221654946551552712 0.500009982018990939423019881360 0.500036229918353725132362797012 0.500209761850890832768357086024 0.499668526574468419010344177877  | 0.195773313861383663203596938729 0.319707259909012220244761692811 0.000060032319018876017233717762 
0.676366978646651961781799400342 0.267983798517575311226579515278 0.500010794985295103920464043767 0.499678187417183894414307587795 0.499941633735928203652321144546 0.500101681266124087343882820278 0.500098723458624494497826162842  | 0.092903786377430325194026750069 0.253773090700037395883725821477 0.165880489000835240620546073842 
0.887470529722603096445254777791 0.781750328294574692300500373676 0.500084428855032125937896125834 0.500040517388110394847444695188 0.500141270533888571137026701763 0.499452065147155566116055069870 0.500354638734142764810997050517  | 0.378040362114901495882435256135 0.105541605723365253255430218360 0.061317216576814721762378468384 
0.999642000023447829804013053945 0.145983845102641951463340319606 0.500020064857998547402928579686 0.500042183518276561748905351124 0.499980266026286312985860149638 0.499744031415308487265036774261 0.500086834736163110548545773781  | 0.074055635706836209219972033679 0.433230877090297783471584125436 0.000181673598830727687754652000 
0.830274471208194420057679963065 0.872441449194093943120265066682 0.499935833010843488910524001767 0.499969544260216947062502867993 0.500112252188264605479162128177 0.500103662304927754078676116478 0.500121001811020704508337075822  | 0.365260982422642488387509729364 0.053404342064229851083645428389 0.085583979815644806166119451518 
0.926204603183614638695075882424 0.284527894199766373528603935483 0.499790488815988198645356987981 0.499999542715408917814556843950 0.500211392762283546531421052350 0.500003294401635822730156633042 0.500136807843817421392884625675  | 0.134557957858773474812963399927 0.338358619397095328196201080573 0.037679651299168795408611742914 
0.935985690924032831539136623178 0.879156759026430534298413022043 0.500147795134688322171712115960 0.500064994317643285448582446406 0.499978572750243710487438875134 0.500165289490569597852243077796 0.499875549430144505702600099539  | 0.417072944241442422619314811527 0.057328167914374776603647632101 0.032445431285968058532365176916 
0.873002445886562394861130087520 0.422878563748188940341066199835 0.499685935150554927375310398929 0.500045349183543041959865149693 0.500207247261816090322383843159 0.499847249399070547859480484476 0.500110199963761381525273463922  | 0.191116642636863204307573482765 0.260825496361384190358023715817 0.065745000514042792327806807862 
0.720052662978271529325979827263 0.507356036442412561271453341760 0.500211395224291477390465843200 0.500010109251822765230599543429 0.499990751561917690093395094664 0.500101878207009242771619028645 0.500013340525200189468080225197  | 0.184661202284810671558901162825 0.179306483168697544661185361292 0.141506016911635862376428462994 
0.902881034001074445072276830615 0.057112735543185064179816379237 0.500398583527527418546299031732 0.500051759695199327104830899771 0.500429781594545319833855501201 0.499715677524035561951620820764 0.500045276556084328234419444925  | 0.027968094861721592286896154178 0.461731699688897934130693556654 0.052674866240003274941994249048 
0.531816934091578041865489012707 0.157946381225611859333568531838 0.499851586229212552225931176508 0.499900840260042278462293552366 0.500212475943076606554882346245 0.499763178484486703112565919582 0.499962220373857124666727713702  | 0.043115019548943957217179701047 0.229857486781277819964941500075 0.240310333744247067722099586717 
0.220657665494339572109794289645 0.659328655124592599712229912257 0.499914616888950336104358029843 0.499968891679174687325826198503 0.499965198576836633570508183766 0.500106981459956800861732517660 0.499730029664049280047066758925  | 0.074090454207726197388694799884 0.038282113906616427323470475130 0.396889450327637449689177628898 
0.061148449992092332450077662998 0.620300345741375380725912691560 0.500220774637027965070501522860 0.500001169266312994743373110396 0.500077002878131504637337911845 0.500248104792295200660134923965 0.499984537612679302842622064418  | 0.019401420431462829824242888321 0.011876041470117264936545709020 0.480223024302483425529430860479 
0.948365897339849883707074695849 0.133013603096351351595671985706 0.500031404744153085140112580120 0.499938638424328340992275343524 0.499867494109268784008293096122 0.499807961536107014932639458493 0.500027432765458357266652456019  | 0.063819418755464013548461821301 0.415976762009859668545175281906 0.026122665653704836563608893130 
0.985829876080566047669151430455 0.592098326723418999506520776777 0.499921967257260069228408383424 0.500057197200213798815582322277 0.500191930001483986423238548014 0.499758208157458472253864556478 0.499621563975827021053532916994  | 0.306140859406651200114168887012 0.210903093581339129425344935953 0.007431887654655587420460260972 
0.362135198459717477792452200447 0.332542013797180957546117952006 0.499966086702062606494934016155 0.500318960032778314861445778661 0.499981118685929259992661854994 0.499752981375169713640360669160 0.499817030902878989273574461549  | 0.062563927979501790521688064928 0.125574488773034759203639509906 0.331386936079092031537385310003 
0.950354985078653125007974722394 0.768521350051659668523029722564 0.500007109608136102174569259660 0.499990347021225911561259636073 0.499816145274380063678876240374 0.499832972144330034414139163346 0.499717231764483682532329567039  | 0.375410780932243115515234421764 0.113073736650785863777635142924 0.025517645032660463133566963734 
0.371604675877623857882525726382 0.696936948339849315914307226194 0.499875078154935981178397241820 0.500009982018990939423019881360 0.499999984816559384093181961362 0.500206762730842968700528672343 0.500235563578618980251633274747  | 0.132406500715208708118808544896 0.057576970573851082857430583317 0.321268091518574994136514533238 
0.891072901712386622463668572891 0.020013793086291919998132016190 0.500118137982366484095564374002 0.500097581196463525365913938003 0.500220548852789992366751903319 0.500060302298738212911644041014 0.499883974150981680306671250946  | 0.009073988141182995695310786743 0.444312738805547446929722354980 0.055423187568065315766752121363 
0.613368793494870723215228736080 0.627370693482789398842669470469 0.500161447619948851261995059758 0.500139644856971710140669529210 0.499910817286402686665525152421 0.500492852114832853516190880327 0.500127312426667303135729980568  | 0.204283543184581861673621006048 0.121335019025458568098230216492 0.205250575025848952526175139610 
0.781032921263123069977041268430 0.676362548568377741631252320076 0.500142820227389983678278895241 0.499895112328668733692182968298 0.500144519851414171007775166800 0.499999992556130534726577252513 0.500195877058971505313422767358  | 0.268859457013044089723763363509 0.128648444011525142638419083596 0.111443629957890269488451906454 
0.181507577055717211900187635365 0.576293074104972768978427666298 0.500027988445161164499097594671 0.500002640888735250257468578639 0.500164873393064923767781237984 0.500486024444481092388059551013 0.500103068207871315209445128858  | 0.055139163059483915774183770964 0.040539868213135925312240459562 0.431456159580869080816256655453 
0.385807995320079033518823052873 0.189150462448729433928562571054 0.500214347455677277309860073728 0.500409590888850619450067824800 0.500305827026394256407115790353 0.499907874864215784338483672400 0.499788054330497832911106570464  | 0.039086634770695398433115741454 0.167556448543415476004625475070 0.328968116611056460296680370448 
0.537949394087448684587116076727 0.394096894368083039417172130925 0.500066338279877009576068758179 0.499964832686049409637973894860 0.499867613918344999568432740489 0.499429569909929205184795364403 0.500249995842912631438537118811  | 0.114606533400354038132462619615 0.176201476097210152360617030354 0.249778173317785595619611171969 
0.707320466214854004505241391598 0.154007643234593732950443722984 0.500074649312897800967903094715 0.500267391786436088629841378861 0.500369266254667710569492555805 0.500003294401635822730156633042 0.499758389172513695086763618747  | 0.057390110746143828401866215927 0.315254451178122174770379615438 0.154195222478455296055699363933 
0.990200174531974730562922104582 0.542990085583651582723518913554 0.499796661384267926209190591180 0.499874077202964006705343535941 0.500035675337821006181115990330 0.499597464351628106626890257758 0.499689383689641775099232745561  | 0.285663806494421967929753236604 0.240430157426422735911231143291 0.005206653320014517812019949616 
0.994022336372136217086392662168 0.093743180171615259066442149560 0.499869807412913369493168147528 0.500047400927153384841972183494 0.500424199928119484148680840008 0.499819087945569617836838460789 0.500203604182259065069615644461  | 0.049106294852613072143832084748 0.474732290127268918844549716596 0.003150161461898561346406388850 
0.400011959990001164655382126512 0.688835601288168675182532751933 0.500142820227389983678278895241 0.499895112328668733692182968298 0.500144519851414171007775166800 0.499904886631679201691724756529 0.500006127352484730508308530261  | 0.139441006006929379967829163434 0.062989016114699300508128487763 0.303629902003361706874784431420 
0.979042828582580182406047697441 0.002957926579302399064386186467 0.500148115458062370031200316589 0.499813924332271397599214424190 0.499893915887769157979647616230 0.499882342405848334454532277960 0.500135126391067386109057224530  | 0.001476541145615815463915110328 0.497704593351659230204830919320 0.010685359515014404563348904276 
0.564539323677809679047356894444 0.989481012453493957714556472638 0.500008453327368984631107196037 0.499648283101648882364997916739 0.500130101825261519365994899999 0.499567605063262754061526038640 0.500084524703785171517722574208  | 0.297767689276490055139134938145 0.003165512602899487378665943638 0.232126567843819769931812402319 
0.311265799289460187715405936615 0.001331917946337822945129802932 0.499813340936897720911957776480 0.499553842596273001142037628597 0.499780036201979804832973286466 0.499887679687040897835714758912 0.499861502227685827737246881952  | 0.000220147512142688465269779741 0.165065944433682804115548492518 0.365726606279071553284865103706 
0.711450288148499643270383785421 0.120916732250640659995788439574 0.500099016777342031403463806782 0.500012495856783090175667894073 0.500209582571014110818907738576 0.500039785878449549727520206943 0.499994613515318819807475847483  | 0.043484551697185382101995543280 0.316139388578085989145449730131 0.145856128066773865770144880116 
0.581066459603055363025703172752 0.165181796630486849020158501844 0.499948923153342106306951109218 0.499956654904081476686883434013 0.499971765963868164384109604725 0.499950138091290796626964265670 0.500170770222359339918227760791  | 0.048340846451805051520178579949 0.244311536788364924710492687154 0.210994623747791321122235785879 
0.838881672784719478741521925258 0.981949699911903395310730502388 0.499887926711860997031067199714 0.499800599897868014220847499018 0.500286123457752585075297702133 0.499971439330768152586870201048 0.499973570305123460322249684396  | 0.422907693043374888208774109444 0.007773932585021838155558970840 0.082718105943664563262096578455 
0.979042828582580182406047697441 0.497956972544557785465002552883 0.499864537335541592177889924642 0.499916390742382643619379223310 0.499807095547387891798507553176 0.500335657186172677590718649299 0.500135126391067386109057224530  | 0.253074534530785710817468725509 0.255151172677562043666910085449 0.010878965611877082844682895768 
0.899296876710565351586978977139 0.254221239865596970730621251278 0.500049795312416778259034799703 0.499992707030223360042953117954 0.500282431999450660775607957476 0.500312253491247860281987414055 0.499631774623437219240429385536  | 0.121430033405918610944773661231 0.356224915764012606267385763203 0.053487726335726418214200350576 
0.849216385719797073328152237082 0.658485618844586673148455702176 0.499836610762755539916213365359 0.499920400248313023805479815564 0.500152770077213704169594166160 0.499949988356608643336187469686 0.500232845098012690598920926277  | 0.285842905591939366871656602598 0.148248435830967167925464877953 0.077075598738016129485295380164 
0.676366978646651961781799400342 0.214766369208376606270149977718 0.499998444412907250278266246823 0.499916687021934591506067135924 0.499992076255767303738508644528 0.499853651657869935132083583085 0.499999232339520094381413173323  | 0.073038159627927964900884205690 0.267043762402717599346857468845 0.162724886650520622621840516331 
0.759189979029555317424637905788 0.764792571108682928127109335037 0.500045306589694260601675068756 0.499980025084163837156836507347 0.500172477614717947425049260346 0.499852029116218787851977367609 0.500257093781601436255357384653  | 0.297202479485336790165916909245 0.091402863600693301515676125746 0.123263034816915945102167029290 
0.938258357395274744661151089531 0.050155405665445927654300106724 0.499935451864700008961506227934 0.499817569250937898672759729379 0.500126699948388209193694819987 0.500460527287713619060127712146 0.500102713096246431767610829411  | 0.024812458007551118494005137904 0.469899082619971208973908005646 0.032554256397622077789932859559 
0.534762513537195394164314166119 0.981949699911903395310730502388 0.499706753165207517852763885458 0.500157995865036064664366222132 0.500286123457752585075297702133 0.499621374156036801572611238953 0.499973570305123460322249684396  | 0.280022374708296384326899897133 0.005147400009715009938648933030 0.248094557577368202139211916801 
0.862664901578926390790513778484 0.295730988116121917830270149352 0.500000886054655202528351765068 0.500042039648751712732632768166 0.499829596794687414096358679672 0.499881718386417150945533194317 0.499733620911694209620890205770  | 0.130474362748615985152511598244 0.310718369807986616315531591681 0.070237292878641402471551202780 
0.477691442361833251695202307019 0.422066739377855604242739673282 0.499869414516088017563788525877 0.499879327353725033677989131320 0.499908577011413945978546280458 0.499905279295974946940361860470 0.499802551687077656339397435659  | 0.102559423558920587149501102431 0.140433956374541007994238839274 0.265689335277089044851095422928 
0.823179548483943479553204269905 0.687080506466534512988175720238 0.500055125896013419328767213301 0.499938638424328340992275343524 0.500139544662079327252968141693 0.499685281157150107400610750119 0.500224795044607040139794662537  | 0.292616693281229300893642175652 0.133267450610548704448277135270 0.091480682136920496438925454186 
0.689984392273444546717087177967 0.879156759026430534298413022043 0.499863899703957670350717990004 0.499842562461118355976452676259 0.500032629990381116691366969462 0.499940443714384508133719009493 0.500361727884111595621163814940  | 0.314010066039754343059087204892 0.043161806684611642159765665383 0.160480231763842295933386594697 
0.651023168286765319123787776334 0.374225768264287494968556302410 0.500158710251713656269600960513 0.499877658688384074459065686824 0.500429781594545319833855501201 0.500155035714423434889397412917 0.499923082248713457342859101118  | 0.127944887421513525671556976704 0.213947355902456809451095409713 0.183269164101352272089329176197 
0.597131409781357813670865652966 0.756879299931830895609152776160 0.500006536064839246513713533204 0.500126024528137813618400286941 0.500201666871535000069570742198 0.499876316734177317258058792504 0.500005528122145270764065116964  | 0.229187994603287481520936808010 0.073618535610882107622643388822 0.204295466522266488951231622195 
0.798270480930571402211626264034 0.112053976710146496742481758702 0.499974585077987754289097210858 0.499731632767043187914879354139 0.500212380775465259574730225722 0.500311037639340039362423340208 0.500075563706005699060597180505  | 0.046669855670521120938332160222 0.369824561044768573836449832015 0.105251566212411454270814203937 
0.652721585490203537460729421582 0.971787519893275053561865206575 0.499989893649348038362489887731 0.500282596290619108181374485866 0.500059900973701010329364180507 0.499830152561479557071777435340 0.500106581954635753817228760454  | 0.324904860217528901333849944422 0.009432485721232522490886651667 0.177883106656917866494893587515 
0.899296876710565351586978977139 0.200278095883650225639271980071 0.499865045770006621861369922044 0.500143832180250047514391553705 0.499883053879605243619010934708 0.499738586889397873314067055617 0.499631774623437219240429385536  | 0.094616531990973140597844803779 0.377809229665657386743049528377 0.052902162737661156954871444213 
0.585245594001542412954108840495 0.001630052000756616447513236423 0.499864537335541592177889924642 0.500049650299215997506507846992 0.499892670989157905658828440210 0.499586393309633503001521148690 0.499861575506731103946123084825  | 0.000497955626575302613863460710 0.304986548146413571913626583409 0.216492093580401473440488757660 
