0.530784143282582832057414634619 0.212431558470562720231100684032 0.140510935709276196803330094554 0.929588823363287630741069733631 0.640590531072886548713540832978 0.625595190826210512113902950659 0.939978345782353841286749229766 0.277174071129801191659680625889 0.722874135023413799672198365442 0.892613302710056899513801909052 0.689505313500699656970027717762  | 1.287057975531255671342023561010 1.417962985161202116302092690603 
0.769953926824237910864212608431 0.848382192500890752739906019997 0.749520378765202721638161165174 0.209338293775523709427943686023 0.028081821123143058116511383560 0.711955727261473825251414382365 0.072675158354998714571593154687 0.769239684461467732035089284182 0.849373773212860783132782671601 0.008765035680509569715468387585 0.838781284890485423488826199900  | 0.802184460553004186067482805811 2.122455015055106475330148896319 
0.157515533280408348559831210878 0.800062754939569131806820223574 0.656418261304311911885633890051 0.636783024015077359081260510720 0.648722660726809507991674763616 0.059382159237916454230798990466 0.338701689526875071578615461476 0.936012022934473719715242623352 0.829975581041884069577463378664 0.004839381000721232339856214821 0.175492275008297227145703800488  | 1.963305359887472567592681116366 0.495932187313264827288605829381 
0.316724991065466809914141776972 0.391934880534808627317033824511 0.539907853648475821728425216861 0.224292965854107961831687134691 0.540547348628205526210876996629 0.418676587551047418855887372047 0.279867114331544541983021190390 0.186092676252945565806840022560 0.145350316709997429143186309375 0.270747764550618441603546671104 0.229568875931249749555718153715  | 1.314649332720974284072212867613 0.713952305153300437190466709581 
0.721600784985117371661544893868 0.231474182964152674912838847376 0.506453710141760993224124831613 0.799271408060061361311454675160 0.156379334108793344171317585278 0.553989842511368735245014249813 0.495636075271217890758634894155 0.951646858160879460797332285438 0.752261557728001406530893291347 0.550452135817636190040502697229 0.525944762281861599717558419798  | 0.657936758682714284418580064084 1.407361566245010520148639443505 
0.036939283462265493085396883544 0.823785944643809386889188317582 0.537653942828479003424035909120 0.100682677424410726985115616117 0.401302224972102550282215815969 0.399430997154148315075872233137 0.858497483578753772803793253843 0.443007020691869257689177175052 0.706520626457111333706961886492 0.544154996790702227826841408387 0.499206162273619469260665937327  | 1.459474238420156444462350009417 0.084779832501103671860143151662 
0.618813316569641003184187866282 0.027919593780085349976616271306 0.977864110811371034515104838647 0.521628110981382064892386551946 0.912684319201412463939959707204 0.916295824246205370400275569409 0.215249841950098996790075034369 0.353737697941642892374147777446 0.057118177519630108918136102147 0.086519727162484016957932908554 0.607063397462772158519328513648  | 1.283000379114238587163754345966 1.880328700959957188842963660136 
0.550063437957280854107011691667 0.130473499022450312168075470254 0.599843740552811865995863627177 0.824936716083000121102486446034 0.521728216409437450806763081346 0.238019012102464344593499845359 0.534709797962371169433026807383 0.430544583887735754501591145527 0.146341897421967459536062960979 0.732485254316427969456526625436 0.610204364608355476207179890480  | 0.986075629185741875382120724680 1.154779214653823382619179938047 
0.847779883744106399490192416124 0.040701691374856352467759279534 0.605479649284466958647499268409 0.512627754848120176234260725323 0.440812476739676384340782533400 0.758239003350162477090634638444 0.273408357051533101866880315356 0.229054492463792058742910739966 0.055497922600519444813471636735 0.875831177989606857181570376270 0.664482607465487262743408791721  | 0.422293697913968257839911757401 1.732343272758096963670482182351 
0.144954455801668657954905938823 0.899390312678988834704796317965 0.249207970102780507204442983493 0.025905835086343032003242115024 0.954146101958556869249150622636 0.670699359188217769656148448121 0.429918641751442009990569204092 0.514242545625537061937393445987 0.015742337855265020607475889847 0.379602864859894140181495458819 0.304454029145837523628870258108  | 1.923941455920529230994020508660 0.445800652349956527675800543875 
0.213581580035453910682008427102 0.689874059084372603933843492996 0.059980986049554374517356336582 0.795822575687635591634716547560 0.886803242306028138841611507814 0.417685006839077388463010720443 0.684768017341706780598542536609 0.433112269405578231840081571136 0.315100504326910169083930668421 0.443708239673100024447194300592 0.742982138580034146002617490012  | 1.518900891079371984204726686585 0.529601456828748595739853044506 
0.363436986314598087233207479585 0.832909655009702376560198899824 0.622237798302393230187590233982 0.663476349098631956735516723711 0.890389989159862338397033454385 0.261103739991542127540924411733 0.683038338753425122717999329325 0.627199535768188098927566898055 0.572277181536946955020539462566 0.591321059607507137911852623802 0.730608704862728330908794305287  | 1.243957680231804641124426780152 0.798892681619279065863281630300 
0.750870634162556171986580011435 0.295389711406974342366993369069 0.611355136047546210420478018932 0.831854157325064846872919588350 0.178038026052909970076143508777 0.738887222274735577798310259823 0.543741341581707615659979637712 0.728656890582890071073052240536 0.047717236974721188857984088827 0.177092095202777244367098319344 0.532679379417196230406261747703  | 0.644299142621701181887772236223 1.561512438809951053286795286112 
0.596993451701756328020564978942 0.862497510704432812644881778397 0.149190768533522089001053245738 0.607902821729974007780583633576 0.136001205047769246903044404462 0.609932007952901145131363591645 0.338664503303929720345877285581 0.794394182608977317272547225002 0.192792839236181734463571046945 0.037283071697299163815841893665 0.572677274264721702934366476256  | 1.086860998138676759339205091237 1.481174887178655197317311831284 
0.308069253071481696792943694163 0.518599265240052176295648678206 0.275035200923786860016662103590 0.658756390551582526882157253567 0.059344223140671559235670429189 0.598064484426377163117649615742 0.336204519572627091861249937210 0.276855115580529442809165630024 0.650945974277004069108443218283 0.256736792171116334770886169281 0.036489484832676666314910107758  | 1.463539290903056899750822594797 0.769230289212544104948676704225 
0.157194679667176373527581745293 0.462987534347798046496791357640 0.933325064983202778989834769163 0.737612473772506049840558262076 0.809782185109103380682427086867 0.548766812293937533695498132147 0.823180261452677086708717979491 0.976436001022980448738053382840 0.649314057064122707174647075590 0.550189299343852411539046443067 0.326153914617298923417365585919  | 1.677932114688784448475189492456 0.422947207528358459782680256467 
0.260232380744980673625832423568 0.314168545230911533394646539818 0.144877083858579780439868045505 0.615354788236075478380371350795 0.602347349439959600658767158166 0.623694115612753563482328900136 0.029135051341810935809917282313 0.236072661964319863159289525356 0.314465944026977695102686993778 0.454895313349883423370556556620 0.099924659885552102878136793151  | 1.548573180570579577164380680188 0.670798679171437428614410691807 
0.038652919235858007596107199788 0.574865651214869544105567911174 0.674659477657888473345337843057 0.715050491705111923579352151137 0.805562157291532798808475490659 0.806128867809201565819421375636 0.918874705473786690390625153668 0.498950424680783655162485956680 0.353911833750100157658380339853 0.556243378394215781668208364863 0.947679394637633620845917903353  | 1.666742779701904320077687771118 0.101322263144236437981682286136 
0.312308211360580401105835335329 0.823036853916223165583687659819 0.347670440984993334154751210008 0.821832659816857713508397864643 0.465054924094321364691495546140 0.723309715067854241965505934786 0.192046833169017716613780066837 0.569098723623428170981242146809 0.008148020355488228005924611352 0.336604612300401839775076950900 0.993603309044504001690256700385  | 1.670709087462647568500528905133 0.892365597632812201922547501454 
0.063703951890168752925092121586 0.175110541038234757138525310438 0.620103471315724519286050053779 0.484478571925802015130102518015 0.923405006768488689772311772685 0.621154027867515168281897786073 0.471292958288996644000690139364 0.732071268803217378717818064615 0.757786367490332679608400212601 0.682577651082576508656529767904 0.600951301272960591859373380430  | 1.471432034053379300786446037819 0.147733644811753050962721545147 
0.515308139710164425650873454288 0.621016853622622377883999433834 0.914575619856282884256870602258 0.462111744124110046527675876860 0.726934152477079820187100267503 0.358125337358355722017222433351 0.253126285955126206772547448054 0.457267223895104990560867008753 0.981090575720424240557804296259 0.318005894261810695411440974567 0.923627768444578833850755472668  | 1.218630161640647635579171037534 1.278692277758114226315910855192 
0.320565236186407531704389839433 0.081173131968411027514775923919 0.440244247197840721241846040357 0.982243878124235081372717104387 0.139215543686951548352226382121 0.105730044573322246037605509628 0.614918634096804694877391739283 0.843172985737981051101996854413 0.985310789646240081651740183588 0.367853391082334724160318728536 0.280866551745525327987706987187  | 1.864870633824036616488228901289 1.027378546610915766024163531256 
0.892288000132293035449038143270 0.073708176384927881485964462627 0.199742351994947497928478696849 0.184545303668910420924476056825 0.891553247952918681562550773378 0.456762961349676643862949276809 0.772016272203703834975385689177 0.995786496391744435641157906502 0.303117092439089574895660916809 0.490412170742528630285050894599 0.331217635640156160548031039070  | 0.322245547639257945427004869998 1.886387658489544927320480383059 
0.505030959654412470172246685252 0.424042672540414500303995737340 0.501267423630450181804008025210 0.383881792125910337176719622221 0.283065467870013520723659894429 0.209802955044782635241062962450 0.429883179936476622629015764687 0.902417975782165981968319101725 0.721685978203597144897685211617 0.150430323306522950588259845972 0.078393162243928671273351937998  | 1.169031758224120087774622334109 1.187656138209898681878939896706 
0.807257149955900032978206581902 0.339236919570199191298343066592 0.592190571793508979681064374745 0.849696830383560808286347310059 0.421411675872567670353419089224 0.286747654620086223076214082539 0.275308307453540734854868787806 0.985770095286628844633014523424 0.686791154690832073015371861402 0.297834208833871016963712463621 0.024895968967635795365822559688  | 0.535555742358827746585347995278 1.714531780161746343793538471800 
0.289799217982466217335968394764 0.409544660201870414084623917006 0.038069071583695546223680139519 0.225666728846629638383092242293 0.974243545232445384840502811130 0.970060818085112686048887553625 0.247464268850322355319804046303 0.551207395783947617928788531572 0.415587918479644713443121872842 0.201941790240981688953070261050 0.170134912879884581116129993461  | 1.808778250516060781549754210573 0.885404054275724550215898034367 
0.002779969724482356241423985921 0.632987097241940688263639458455 0.643006958554035890074374037795 0.547024971893442568671162007377 0.256033214189761437751258199569 0.193506958224237024523972650059 0.556425331117894828025782771874 0.407279513895515421495474583935 0.092545083628793989305449940730 0.295096456458896483354692463763 0.205496845441460962433666281868  | 1.500309364507017573231451024185 0.006551541913276419035194741980 
0.775873967551056864522251999006 0.174846383027311702562656137161 0.894746085686444203588507662062 0.482008587751048267477926856373 0.418693889765981097639269137289 0.546349543357074196592293446884 0.021542951159299050800655095372 0.333056274353976888846773363184 0.242947901892206274965246848296 0.780010239856208542619242507499 0.089443041174767756729124812409  | 0.634644188632304317998489295860 1.727578281031942664114353647165 
0.222100882299432811350925476290 0.331132510750565600687878031749 0.381101822401427980935295636300 0.650078370628072832460020435974 0.566795996490746745166688924655 0.882858208043034053957853757311 0.646384761592404544217060902156 0.528179019979360120373712561559 0.594004992188628122562477074098 0.671113648348413249777877354063 0.714712066327106043672756641172  | 1.242979367307255333940929631353 0.452139213076866330887071399047 
0.044140463111302707943650602829 0.386693726352048017247398092877 0.073822862832503943764095311053 0.246565292845255967790762952063 0.392001568933642019487706420477 0.856614417687559637215599650517 0.439420551929554648040721076541 0.665248203531533022214716766030 0.964777934479894128116939100437 0.781948067075429520400575711392 0.509788978126257674716725887265  | 1.719975188844860447545670467662 0.119447117527393079083886107128 
0.320101619027102657355499104597 0.815968189284262734872754663229 0.894534218096064037695214210544 0.593141722831017403905207174830 0.319982447457039853588867117651 0.680668272359575610153115121648 0.668349187740913563970934774261 0.769203156887240169226060970686 0.673762770261621568579357699491 0.576129920691256458553652919363 0.331666321376069106463546631858  | 1.309396718243015511617954871326 0.720119139869753288607512331509 
0.918275030914834644590882817283 0.598866495442733182130723434966 0.160331245541394551423763914499 0.182210351357257493987162888516 0.946941665378981056733209697995 0.164423762184252808538076351397 0.311256825895839028817135840654 0.235930665941234352089850290213 0.855675904529341835313971387222 0.540248641909927940218949515838 0.811096033071162736405312898569  | 0.239241844445840651234291840410 1.853393360287577396050551215012 
0.392898315951882182162080425769 0.384957107560186528871781774797 0.161906968723945610122427751776 0.602725700481718362766514474060 0.651815325261010158897079236340 0.428401228328281646895447920542 0.013073826896937035257906245533 0.562279629532630664812131726649 0.111661052115294978648307733238 0.320239884287527587503063841723 0.548338112037811242771567776799  | 1.298885713106591843768455873942 0.921734863790761749235969091387 
0.755002590059309142134225112386 0.049435501025358874471749004442 0.731803339713238187869137618691 0.967929501048013563035965489689 0.722526962501639502534089842811 0.464174410235147050229898013640 0.581237354600379063640502863564 0.429581230004375314024400722701 0.359856822452574220960741513409 0.478781400385871691582906350959 0.188464558581960872629679215606  | 0.621383067520437371022978823021 1.534139158890554188729993256857 
0.846445084442120077028448577039 0.262726829761341207358782412484 0.853666976893373785628682526294 0.007044461373455490615924645681 0.253888717205841274449085176457 0.787605226668544489143641840201 0.236846975203251375319268845487 0.951704107582957092859032854903 0.219668437542798855588443984743 0.398127926010962696068418154027 0.999861734739575069852435262874  | 0.520687977256738543374581240641 2.116681041226430526336343973526 
0.267630077246451492101186886430 0.139531628036754895560989098158 0.543706221805658529433458170388 0.588179107743801665719729498960 0.712738771311562047117149631958 0.945822225239274061436844931450 0.305028746652093118996162957046 0.092525415661242504938854835927 0.146548690686881144529252196662 0.971809498923494885502805118449 0.439493630528962953007976466324  | 1.770060344539319041601288517995 0.791293466656578070583805128990 
0.410401936860772309501044219360 0.313886161099274474395315337460 0.919483521595916286628380476031 0.093274688485607271104527171701 0.157379300810797317922151705716 0.377141106620108246261224849150 0.982041948735393077640765113756 0.068070677860797346170329547022 0.303401666706676564899680670351 0.859391925488205643546280043665 0.173229878409083326573636441026  | 1.760096960955920275537778252328 1.323256711564769982913958301651 
0.986829181549223832803363620769 0.162045233984370540269992488902 0.335095623235266870665327587631 0.512283697224255263336090138182 0.884695006522623117461989750154 0.424894719153135369538176746573 0.849540858221068617694982094690 0.165838826876020917211462801788 0.015211137635434468506900884677 0.455812696376568737832712940872 0.608453899372427997604972915724  | 0.036777002938085438799031834378 1.777385878905324290144562837668 
0.077626002101863988968943885993 0.292309709184275234861161152367 0.557527564187241253534921270330 0.408640801402365028138774505351 0.544690888639230763601517537609 0.487962666114771792535975691862 0.272201929193577996102249016985 0.982715715832465974699516664259 0.496739451650478613942141237203 0.120393880721163526459349668585 0.543043417735443512128767906688  | 1.476757270511175335059306235053 0.180965623880701281800398305677 
0.403334904273135563812502368819 0.680437098484290459055046085268 0.020215279824231657812561024912 0.918793093970574403783757588826 0.275321529444289225807551702019 0.352151968680628257857279095333 0.526809388429821723320856108330 0.370127579321730237893461890053 0.232289099134941778856955352239 0.984650597104140601345534378197 0.811817380869882754268473945558  | 1.556928948909920062959599817987 1.143683927704962632887486506661 
0.531077728664326897956016182434 0.466080219703794540464514284395 0.295869398559526430858568346594 0.155211207124320793582228361629 0.537181423836909033298070426099 0.760337858012862355394645419437 0.604562749546470712402879144065 0.874346761493303148427003179677 0.989093783091028910803288454190 0.942754178878484339065835229121 0.290008056139608783041694550775  | 1.250323598384176948528079265088 1.378769512132665964188049656514 
0.770842743363830962266547430772 0.516148617322780722815878107212 0.412837590001316812049481086433 0.137164020986565660109590680804 0.605070621328748003975306346547 0.063248854764818673857007524930 0.792749148416508120362777845003 0.951249698026048307042401575018 0.332582537058383920225423935335 0.803102299087353088680174550973 0.754540082414282053946408268530  | 0.639420749300509627666144751856 1.698976352587052485176855043392 
0.177394636880229938924458110705 0.523278242365384116396853642073 0.981205968559928365380073955748 0.418614786818828576997475465760 0.129025320593608938679608399980 0.694329651096747824112753733061 0.628657403039111883913392375689 0.254873279622572113112255465239 0.851249946830098025429833796807 0.734107137879124849177969736047 0.088532219010835078165655431803  | 1.767333446160991305973197995627 0.505623807782282552736319303222 
0.349555530305790895795325923245 0.267519508047632470493226719555 0.637798058038534065872227074578 0.028542271316450040785639430396 0.075125076113454980486494605429 0.135037908207012335992658336181 0.377645094503717970724210317712 0.433490596885659940085133712273 0.327644732304655406096571823582 0.591793719709395205086366331670 0.070752367214751643587078433484  | 1.578744673704488343801699556934 0.965940477814001496881246566772 
0.877334799396937370374871534295 0.265675197409949603866152756382 0.395514851605190287386903946754 0.294115560884360860427477746271 0.933537181861799680859803629573 0.397784067836212784641247708350 0.675797928224982413780708156992 0.603631696095829894943562976550 0.729777317481568488233278912958 0.960567434039784728838640148751 0.796970590785202048778046446387  | 0.325799153522755569056812419149 1.669886899792496715022593889444 
0.377548000692959462298858852591 0.946313868253735535063242423348 0.887691699076688323089001642074 0.899383365798374967425843351521 0.731795586696412314609005989041 0.529437673433015731916384538636 0.739308853286290812434344843496 0.611448688587310940079078136478 0.509263581992824398980701516848 0.962363323834953376945122727193 0.179049023654435757180181099102  | 1.617156450397623679293701570714 1.089936765989504285911948500143 
0.445396250108029079228799673729 0.535502790604379441674609552138 0.871488823576616056243437924422 0.010394772917617700613845954649 0.667734003159628386470103578176 0.498633587532147259935300098732 0.017712516164248626182597945444 0.934798469222171135584176226985 0.127304370862370674899466393981 0.150908386318452159002845291980 0.447617319398661450691179197747  | 1.600763950024705728480967081850 1.347283944451089343630201256019 
0.562710808325599387558213493321 0.184235377774726316602027509362 0.041066786125869114698616613168 0.182711452339873403616365976632 0.806637952020059501023752090987 0.729274037240736916487549024168 0.523077692926159798503249476198 0.321812273397082293513449258171 0.994798284592834036743624892551 0.477083530423524138086577295326 0.840291948312966496814624406397  | 1.237217677578792862647105721408 1.508572486792474798278362868587 
0.305156184212679093548103992362 0.458749034384098308692045975477 0.583146021208420961556839756668 0.539622285509075538811885053292 0.263549084630396279749220411759 0.367250321586100270110364363063 0.765756593726031553615030134097 0.829011144772508146161271724850 0.574081203545146578903768386226 0.135953897992580508002902206499 0.750030428534566695475405140314  | 1.298230445539650501629580503504 0.674781211719865492426606579102 
0.114766811091497444863307464402 0.832804043279590899828690453433 0.109880183109634543825450236909 0.892470395735930566161187016405 0.215072615496339381024881731719 0.869159976204922912756956066005 0.874357658855092978456013952382 0.206699624555408689730029436760 0.638755160642702435325190890580 0.802172306192368012034421553835 0.900464470269435324212281557266  | 2.097006275223638915861101850169 0.382187664446164199194555521899 
0.106021919940769038248618016951 0.582535514864009229540897649713 0.440634331414276658733797376044 0.148649565487991353052166232374 0.989815387923940193104499485344 0.475759768655894532685124431737 0.244198367001210669968713773414 0.743506988266792845365671382751 0.133352179062445230783851002343 0.604967820109289178276412712876 0.309442352115448571225897467230  | 1.657526867687342475576883771282 0.278623270678048096105072772843 
0.785472362069812746199204411823 0.756722012485118611380130460020 0.863336243905148847943564760499 0.834929959880037486641413124744 0.388753404422512716109849861823 0.125242120428318060021410929039 0.719725853725831754559294495266 0.258144394657447762142510327976 0.276550727463359180546831339598 0.240917694843252760961149760988 0.923955647682896952233022602741  | 0.617129351615487875548637930478 1.761506821600990813081466512813 
0.382063071582358304567605955526 0.140602315856433790486335055903 0.076689532399104365367747959681 0.224102437156050271482854441274 0.288639705826460257753751648124 0.374428127438168445451083243825 0.331996885473142100408949772827 0.519038515936939504058500460815 0.232885163422313468117863521911 0.096784960046173651448953023646 0.171804005150233862764252990019  | 1.497962910322019558506667635811 1.025126655512694329175360508088 
0.853781214274809130415633262601 0.273703669092972390330942289438 0.754149923439262792612680641469 0.506827072145277668369089951739 0.503914077680951422166799602564 0.930826633845994066973617009353 0.440257740349995430051421863027 0.448839083116828518882357457187 0.416228044266748753443607711233 0.491886033877118933332894812338 0.838216083628138264316476124804  | 0.325365494378614450443620853548 1.391605911073262813459905373747 
0.908848395596693947595667850692 0.727817111527276239257844281383 0.751868079879496775674851960503 0.138383083097235015657133772038 0.645057539048872641274101624731 0.585717953028632720702262304258 0.832271497117240244278946192935 0.306758275169560334916241117753 0.283133790255428507975921093021 0.667579306847121856094418035354 0.009236959894595386799664993305  | 0.248027480714912401671412567339 1.720416308683422101921678404324 
0.410731509713775366776644659694 0.586853117139467528318164113443 0.874945896395018962721223942935 0.235665464484677400491818843875 0.968932696510616864316034479998 0.740284289320259247801914170850 0.812680354420798778392054373398 0.693094438712449800732429139316 0.156128736992460659394055255689 0.893214307848699817782289755996 0.293586328192693812866309599485  | 1.554971428347953210646892330260 1.170301976805021570982034972985 
0.918505928856980347063654335216 0.957195409735932756234433327336 0.926081564283343539045745274052 0.660936292895236476852005580440 0.373374040548821284346558968537 0.581342770628596738902160723228 0.613086855608575120868408703245 0.690832774434726459844569035340 0.408646197726012516682203568053 0.617197372513336617316781484988 0.098929281326929796591684862506  | 0.213356266037283359704446183969 1.657594050734969348681602241413 
0.473023009009311934391917020548 0.067452572504508978568082966376 0.813370927442274904706209781580 0.701786588686992729435587534681 0.499482231043149482729859300889 0.096331420988464699917130928952 0.550105819426322639742465980817 0.492600874102054220315949351061 0.284104605625374873056898650248 0.478709566437784062031823850702 0.697652477282348471021578006912  | 1.161832057752265612293740559835 1.067314588905536432150711334543 
0.380489361244272572548652533442 0.460563595246568979746371041983 0.588321143288297321305435616523 0.546718667945018665932366275229 0.004745069562650527927871735301 0.779321447454758953199416282587 0.075465042568007234535798488650 0.834885273638152014541446988005 0.878799178268543812464486109093 0.147383309193411804471907089464 0.291651023083357330278886365704  | 1.602417258139761102597731223796 1.090803236079788129941903207509 
0.628887830200346442666159418877 0.278845070870184841282934939954 0.070930510592726037089050805662 0.831686611606597736567891843151 0.883931364341639991266674769577 0.332789266074090761549086892046 0.210426854181095634999110188801 0.733027970829105868233455112204 0.174978432745067635778468684293 0.725132354269220513742766343057 0.932021943275991304744820808992  | 1.100694552180126795093428881955 1.669284868527804555071725189919 
0.889200639857119057296586106531 0.494456535150746390172571409494 0.775101869238108420745447801892 0.380611553222319543010598863475 0.193565621375240581869547895622 0.807935284858148250464182638098 0.913772991257690847533012856729 0.080663694424453424858256767038 0.058329034210547803240842767991 0.414787149924150000401823490392 0.771122619663568542591747245751  | 0.329289591554364047265579529267 1.872856645174272971487994254858 
0.459700773292729181207505462226 0.634430541199986208766858908348 0.032048462694890034185846161563 0.094528969678636443063624028582 0.510412260035870701813109917566 0.781400244001977384300516860094 0.806901410093086468577894265763 0.075856931651921755133116676006 0.406770518332240982317671296187 0.365901310497823928358229750302 0.298044576264244298613448336255  | 1.367491795205062032891873968765 1.204464328778892534543842884887 
0.342320218235288464825316623319 0.881348984166283599961388972588 0.812585948829873672139001428150 0.005025695892403092557287891395 0.321229551750356279171683127061 0.169494266204003096731867117342 0.299035252726813638446401455440 0.476169320767226622592716012150 0.564936575180093214498810993973 0.616988782857895046163321239874 0.322160327033724769307809765451  | 1.477115951830588969073687621858 0.880846033089285107564592181006 
0.045776445322418979344547551591 0.817198523624728778713688370772 0.087017894652289484724860813003 0.370314528362664319161012826953 0.747272984759868919013570121024 0.980936072889370791472174460068 0.324473013602281312728337070439 0.097398934266566428163969248999 0.340481899100325335894012823701 0.884880504751116347961215069517 0.262986519702522514307929668576  | 1.997906502499077197043675369059 0.143908517324739748666218019935 
0.980800494605940542669486603700 0.728610292357437572263734182343 0.950337627440314136606502870563 0.071345415511766319127673341427 0.327763570181687668991799000651 0.889197302430739355827427061740 0.563533704625102771501587994862 0.875943180018253997332067228854 0.248963033501993891150050330907 0.367085368095898090246009815019 0.272211856999224011133264866658  | 0.057228996683364903585999883262 1.897031391357273832909413613379 
0.172296208117021620864761644043 0.729325423915689441400900250301 0.563413029597590764296910492703 0.106547726722951097144687082618 0.437620756495483931303169811144 0.166500006497821928519442735706 0.099727621535082633386082306970 0.733856020608266490512505697552 0.317388215657583572237854241394 0.430640720563243206697734422050 0.038063068501447361313694273122  | 1.727714034596327996595732656715 0.479353745716589729752854509570 
0.749550036448869860805643838830 0.769061942992367519877916492987 0.113728475072695900394137424883 0.781801967678433129549375735223 0.831062616561663247694013989531 0.735555994581320149450220924336 0.748093361470234086141317675356 0.517573215901501626490244234446 0.802367605872721156856641755439 0.422101396245990301281381107401 0.093357184733294573675266292412  | 0.686483818646372645488895614108 1.654010984546728568744811127544 
0.514263616070385509715379157569 0.540374091830649661005736561492 0.832729487775381471692526247352 0.591904127834666837770782876760 0.606081236606412332434956624638 0.192487526003862541301714372821 0.038548564271742691289546201006 0.398436568682271285979368258268 0.517261161322812412777238932904 0.588304306425458278795304067899 0.728388229664835407106693310197  | 1.043619774542578371168133344327 1.091464855235087627605139459774 
0.386557803061485572015953948721 0.048954826150842123411166539881 0.620764491913794458355368988123 0.978211041767501399135653628036 0.867207597816674891078037035186 0.542671045923848183178961335216 0.266336317704903180469955259468 0.604925904519005186443791899364 0.367307288849614721470970835071 0.460618913829801357451287913136 0.558699098359950241388105496299  | 1.372784491070815127145010592358 0.953761972137317171060999498877 
0.635253107624142998588467889931 0.436074011369928626891123712994 0.530971323681116658121936779935 0.495034082406306197299272753298 0.297293174596072518056644184981 0.957452468018690439066631370224 0.683455654014391456030352856033 0.210414469230251199860504129902 0.968648799413626804266641556751 0.754950695676411598356025933754 0.583991901691563342069457576144  | 0.902405778237406197561654153105 1.398799775741887518876183094108 
0.000937194250854034294206940103 0.176855226536105192280956543982 0.057592900572108973733520542737 0.816856264581689472947800823022 0.188288964730320529383789107669 0.232520023718407742308045271784 0.191184974684418307333544362336 0.051051897952680391767898981925 0.825714816044238020253942522686 0.364518725180399627561200759374 0.382242747599255139334673003759  | 2.004484819707712528469301105361 0.002950886993445949856712529069 
0.308443029162566162426628579851 0.555029376712745659006031928584 0.146548860054290130960907845292 0.394988605191734620802890276536 0.204584670900203491328284144402 0.253059279063927888842044922058 0.220280041305429108433600049466 0.844915137854030717790010385215 0.738645742231598845251028251369 0.882942715503043373814762162510 0.545614816656758705448737600818  | 1.495600218761581556847772844776 0.787202412007701801677228559129 
0.785423396154238062649710627738 0.248737586083818129623068671208 0.590966933583812803476575936656 0.429226010070307140154000080656 0.134894625431753567568193830084 0.221692299690053218341745377984 0.210147603951950756595579150598 0.284741137604404670469193661120 0.397119331741039971461759705562 0.677336331712155015338794328272 0.560842987017247551762011426035  | 0.483914882579808580675972962126 1.380924917999581724714630581730 
0.684436100970442495849965780508 0.238521744314539319020695984364 0.669768012604935236709025048185 0.312178221103929232072005106602 0.396122185869558052218053489923 0.871347712513168559667064982932 0.400341233618801695115507754963 0.147027247544185613037370785605 0.615703775975770639661277527921 0.820053356128351396137077244930 0.752310392121099624773705727421  | 0.758716284213472591524407562247 1.403172458118375320879067658097 
0.890459194713169921442386112176 0.745547927526878595472226152197 0.246296496322488067676204082090 0.706326241012259714580068248324 0.528226457948383298912631289568 0.548561028582637888462159025948 0.988722169540197981518758751918 0.758501195461676047671062406152 0.470209558072006927886832272634 0.186872569950523370607697870582 0.323600862538699018955412611831  | 0.274995705575333981851571252264 1.582392526231555685001239908161 
0.616012239518857640518945117947 0.373156799601666477883554762229 0.578334520267150153927104838658 0.518520952125385292674764059484 0.920341802614478510236040165182 0.795062788814860255115490872413 0.179704185439511832100833998993 0.425373582425436325138434767723 0.944033660923279782650752167683 0.235215500055069526297302218154 0.692739253186795522765351051930  | 0.963707143924485531982782049454 1.399119256458017934718895958213 
0.734976020584394262868954683654 0.394238467933190506187202117871 0.504529410478564699360504164360 0.459036743373324895856057992205 0.006762782741439821165840839967 0.513953800293169393853531801142 0.316688679905647418877379095647 0.190084713648960956788869225420 0.894220545962845392296003410593 0.787113621195082657777675194666 0.315213838082231134762878355104  | 0.670459684056819993358544707007 1.516395418586202303856680373428 
0.061865016133294759015370800626 0.267366071045113784521163324825 0.813213770551449499635054962710 0.761737825830087089684639067855 0.643357779422903064414640539326 0.691626651826565463920815091114 0.364399334989926160233153495938 0.602056542926179716346268833149 0.497632146272643183237960329279 0.135469404591811226623576658312 0.740402440047162713199213612825  | 1.490419761828624345412208640482 0.145292670261271406051406529514 
0.003306244259469792723393766209 0.977028759418139713943673996255 0.577202200519534969203050422948 0.001883717936367546030851372052 0.366818302034603860306560818572 0.941304490245476799259449762758 0.633073447251016219183838984463 0.299015096070123220783898432273 0.629968642479390439348208019510 0.858089846158254232477702316828 0.103345573518087263664710917510  | 2.054654150133688794710451475112 0.010670811462967307384208659471 
0.430334089444647460709347797092 0.184431480189193308660833281465 0.438960169967145930058904923499 0.715012687396933799277576326858 0.786823202752550798777519958094 0.345364390117294917104118212592 0.066874543635110583750247315038 0.105810223082080767653678776696 0.584816027024343654261429037433 0.825968716266055835717452282552 0.480542834927046413895368459634  | 1.335948944742416433228981986758 1.071448487895848566964218662179 
0.632754359554503764684341149405 0.575028276007680361203711072449 0.541492192707245578731090063229 0.343139602094943541032989742234 0.793179070878492709084639500361 0.812885883404907971794273180421 0.484069092179959525878985004965 0.530311379407599758906144415960 0.602142052804053307113463233691 0.393724157116672301981452619657 0.105007378105003823520746664144  | 0.760686181240766479128012633737 1.169025054574336364154873990628 
0.536148621774936273709499801043 0.401183836960477435695793246850 0.028702653928677435146710195113 0.822331302552246512505007558502 0.074993630326023463794626877643 0.601675992508713619599802768789 0.403261510896410158011349267326 0.548856155845550475191885198001 0.720239077559972074027427879628 0.209403615000150367109199578408 0.477048989108951104753941763192  | 1.113264152340005086472274342668 1.247455049650538771999208620400 
0.441397354779057948803711042274 0.332670935624403085739686503075 0.128983466275583325000297918450 0.068329503415222703210929466877 0.150134459119319885189725027885 0.021259732894982619200163753703 0.808877472047687007261629332788 0.684746262867735211443687148858 0.651400312411851700744591653347 0.210091060639562954293069196865 0.401164191455416485609930532519  | 1.499664385139166000726618221961 1.246184844205051378551729612809 
0.583304602301467411962221376598 0.472194822414531145682303758804 0.465735096161431272321351571009 0.965634465074126424610767571721 0.912601836316799364112739567645 0.558079816924992755389212106820 0.697339103561409601184095663484 0.226707131582980281336858752184 0.309233690312703757285817118827 0.383106495958115189637283037882 0.220930474444497093600148218684  | 0.994740340618498253277834919572 1.296249718684223672937605442712 
0.707382491080242203906891518272 0.997562815188087981255193881225 0.382341751772530713537889823783 0.657839736476967473777222039644 0.277034886702072213893188745715 0.916740084515790698560522287153 0.084550490187098148453515022993 0.775938554976656646999799704645 0.141222453398320624273765133694 0.829142522515194713150776806287 0.422663298914940810391271952540  | 0.887915974116654127534786766773 1.793756589104962273495402769186 
0.173864084552263875593780539930 0.958187590405778166768868686631 0.870944779680412395350685983431 0.327443974717061436763287929352 0.847251418330781547183505608700 0.571467255863160161766245437320 0.938920400444166247666544222739 0.044062235879060551724251126871 0.696385053555262700797356956173 0.878300246522023542183887911960 0.226914931462232516423682682216  | 2.079740640021400466252998739947 0.582543505639657954731092104339 
0.018077341002362246058510208968 0.807772179484180341546561976429 0.114948811472004308598116040230 0.077430815137935482539432996418 0.219334240736182906061912945006 0.745421774419442684234127227683 0.271821269143478261298696452286 0.803498993044181375466905592475 0.124853124813052218655684555415 0.701110434132294457754142058548 0.300174901380737324529945908580  | 1.925069416377263253892238026310 0.054678623255147246196017363218 
0.503528413109208372588909696788 0.706320167360642514609025965910 0.894465418862958827617148926947 0.191946868713541718420856341254 0.150314953214570223849477770273 0.481433497330625570498341403436 0.837494844536953664260181540158 0.079933056548691538978346216027 0.271170660195396706626524974126 0.357101955576355933885679405648 0.886919548746204711164864420425  | 1.356105064715064312252934541903 1.371221202650972026404474490846 
0.593894575892507603498415846843 0.238820164699198755897668888792 0.947557124071764178552257362753 0.104829656832619022566177591216 0.480649001787057272849779110402 0.478004862825226695122182718478 0.481285357163537597102731524501 0.037412421169225495987120666541 0.579607502913933814170377445407 0.096077349631444874944463663269 0.006272056947947746152749459725  | 1.222677018146722360825151554309 1.649371835403983688195239665220 
0.697387913807350656725247972645 0.878813338663322340948980126996 0.951519569116324959168196073733 0.382569467839113386276039818767 0.724793215802248980139665945899 0.934235536972527924604037252720 0.294505057646031076501458301209 0.303727608861366960013583593536 0.749209465966503174172430590261 0.151492638719544103764746978413 0.816762128975907941708101134282  | 0.899223564973051892046385091817 1.747067343117943760688604015741 
0.071268041659573455604004266206 0.277050203787904791852270136587 0.088623810017862680865619040560 0.899694294259017368631248245947 0.466637599030541139200067846105 0.462478232952737045025060069747 0.563413234092003278874472016469 0.218380190730036005675174237695 0.397014889358485945081156387459 0.189502510293007020436562015675 0.438469838088428431888132763561  | 1.565483971374340255167112445633 0.175987929553727329157197800669 
0.711694829852735466602098313160 0.108676754524056562445366580505 0.380042901330584825814185023773 0.340520902072860565112932818010 0.793902205303117725065931153949 0.889251801304364875022656633519 0.078705777241932395327239646576 0.190617587840524294051647302695 0.406605376486263381252683757339 0.996447292519370364516362315044 0.754318947142705198416479106527  | 0.885559629377394075255836014549 1.819899568033212622353289589228 
0.554827528641098410844278987497 0.077703289887050885909047792666 0.120678827053968262816852075048 0.873264749426665431997207633685 0.392809687312762889632722362876 0.937800550277936295628933294211 0.613295457518150399778278369922 0.808692427242659661601464904379 0.793688721484352655011207389180 0.668539358016168705489690182731 0.196879686534021658417259459384  | 1.274049028209864209415513869317 1.514831010785266052209863119060 
0.049317654406191735461106873117 0.509087285983335746664124599192 0.393134826979883555964079278056 0.100606100456472447035594086628 0.137483960752366130009249900468 0.687383151860419872036800370552 0.148160619864860620964464033023 0.500901725672001418843137798831 0.905459761790920580892816360574 0.599666680461684364900065702386 0.700940621287980292208885657601  | 1.671021805148165340071386708587 0.129710281328492937902296944230 
0.124494391520617142532501020469 0.396692040475226548323917086236 0.304866177952062500366992026102 0.604114388748280717322813870851 0.060970787545862492606829619035 0.901695370333268186868735938333 0.365927058583430664384650299326 0.135914008448352774394152220339 0.342800211476884442163282074034 0.023073407491555286696893745102 0.402728683643404750114314083476  | 1.791060901166681373908318164467 0.354785640620068176698254092116 
0.080170517253883133435010677204 0.039306155611670945404512167443 0.390607008275681621967123646755 0.073502772050657583235988568049 0.094712819985364404828942497261 0.462807133635530831838877929840 0.080896229977669875665924337227 0.709631737498066073044356016908 0.041341890428146399472097982652 0.937568112416427013044994964730 0.806235068061814885709281952586  | 2.268842842268346871037465461995 0.287238930126508473783530916990 
0.509010074062372197545300878119 0.679102280042604533605299366172 0.216026510552243422580431797542 0.397210164827891176742014067713 0.584385623352302374655664607417 0.474591388493651678004425775725 0.129646800294661801444817683659 0.504910006152995194383947819006 0.630520233935939700131712015718 0.618404938694352424022326886188 0.212027317164213968680996913463  | 0.963446885568605582150780719530 0.991111581605417457652151824732 
0.054629882395495599212154047564 0.717950143410563512702537991572 0.793094232172782298562196956482 0.353503531701091944228210195433 0.547193542002254673661809647456 0.539792685467492816542289801873 0.713979607257295256772522407118 0.330881587848821823172329459339 0.587643128038498829823765845504 0.487247949035955585372903442476 0.007975763978045335989008890465  | 1.477541607638442888728036450630 0.127103559377405250785386670032 
0.571519173566908733619129634462 0.586899758918068670254797325470 0.421503820413867913430294720456 0.921457450200122707428818102926 0.290172987032528695294786302838 0.563774996512558246308799425606 0.026310337178349740838712023105 0.775812961496258779447998676915 0.094756674308689170516117883381 0.070420387352040592077173641883 0.506089452826264718510174134281  | 1.177366789962800641689000258339 1.476802368303700152551982682780 
0.184664723311012579642920172773 0.250236295556566901154837978538 0.886164245337717204620275879279 0.267876555373080194044632662553 0.548191838632176242640525742900 0.818733516581175990722840651870 0.596121322980859957851862418465 0.628820604219589185390759666916 0.692191819642733463524564285763 0.815085555604905920290548237972 0.592922568217927548062107234728  | 1.475649876694345108418815470941 0.440466363301374896899176292209 
1.000000000000000000000000000000 0.499995277029670504020941734780 0.499995558201192236147392122803 0.500000245526265318929404202208 0.500000067756810828711877547903 0.500001602450937610022663193377 0.500003923864229649076662553853 0.500002702847497482174787819531 0.499998072880548094509833845223 0.499999043071167881269190047533 0.500001466653344994739427420427  | 0.000000000000000061232339961908 1.000000000074151351725504355272 
0.000000000000000000000000000000 0.499995277029670504020941734780 0.499995558201192236147392122803 0.500000245526265318929404202208 0.500000067756810828711877547903 0.500001602450937610022663193377 0.500007280583713353827590708534 0.500002702847497482174787819531 0.499998072880548094509833845223 0.499999043071167881269190047533 0.499995159465869531967285865903  | 1.000000000133041355709906383709 0.000000000000000000000000000000 
0.000000000000000000000000000000 0.499995277029670504020941734780 0.499995558201192236147392122803 0.500000245526265318929404202208 0.500000067756810828711877547903 0.500001602450937610022663193377 0.500007280583713353827590708534 0.500002702847497482174787819531 0.499998072880548094509833845223 0.499999043071167881269190047533 0.499995159465869531967285865903  | 1.000000000133041355709906383709 0.000000000000000000000000000000 
0.520681779096429986353200547455 0.496922115387859519852753464875 0.500188828237994931313892266189 0.510490174641031635438537250593 0.508258173217966957579960762814 0.493452195653759195792531500047 0.494749924569484078595849041449 0.501992053500686874478731169802 0.501288647542892151776072751090 0.507087510182957834636852112453 0.496521904372068334510004206095  | 0.683989042323859819383358171763 0.729939304693178137029008212266 
0.597961185242611104051491111022 0.498915212140555563991028975579 0.500112948058766937364794102905 0.500998540882036880184102756175 0.514400691203923288163935012562 0.506756753375260826643966538541 0.502688872052470481222030684876 0.506531000634598660425922389550 0.502083545510012108081809856230 0.503118510929383755403421218944 0.502472635697392755460555235913  | 0.590565200456925731842261484417 0.807392976611269297393391752848 
0.364169066578270472778200428365 0.491852006204684277790306623501 0.496406959154679250367792064935 0.507970449450455996398545721604 0.500691724313111707900247893122 0.496522955515063535436581787508 0.498327484390787500689867783876 0.503784225617568304222970709816 0.502527092395766095123121885990 0.503536277779033980550593696535 0.499535397746421971909569492709  | 0.840961962724213751840807162807 0.541448295037146309915954134340 
0.088070414942323732576667794092 0.501306584101492647143061276438 0.504090322748038000000292413461 0.494810973721643732048391939315 0.507171849166137000963772152318 0.499237336387409524895986123738 0.502981684121475258741895686398 0.495310117828032470121968344756 0.498441147110981919166050602144 0.497201653073813476524378529575 0.498157248949087305689431559586  | 0.990586745994316286711978136736 0.137919413482554736871676936971 
0.146064338842601448842373201842 0.503510851910036749679022705095 0.505789346104659309766304886580 0.501561284140473628845313669444 0.497223755569430214684700786165 0.497742772527067944832168677749 0.498171502169356239519970586116 0.502514782562922146524897470954 0.499073664006990658226214918614 0.498664801605637086900912890997 0.500964623173526302224445316824  | 0.973866891756798747081802503089 0.227446534575072217831959164869 
0.421741218858756039544743998704 0.492146193914587803952542799379 0.503035456924309620774238283047 0.491951327706090457692056361338 0.500609066400354185688570396451 0.499228136998990268402565106953 0.499094460290972152805011319288 0.502013283002313626113277678087 0.506134084293777819496540359978 0.496377488407422629013154846689 0.494823513961419825246679238262  | 0.788648422658363323911601128202 0.615200649773807839437722577713 
0.343123790261389449707252197186 0.497633962166395216186742800346 0.498532715123583991534417236835 0.499130408465092156866660388914 0.505334527461954285953993348812 0.498370155699122241443888015056 0.498614796400473514470519376118 0.497675302146322995344718265187 0.502627505809459695917951194133 0.503649638326177151448348467966 0.506218987516395713122108190873  | 0.858324729375224748650907713454 0.513313117618243941464584167989 
0.537425232512306672028046250489 0.500979646369547615414319352567 0.498211678594407125775234135290 0.497650206744120027213540424782 0.496243336732134276978456455254 0.512285011927342881499214399810 0.493206294845685011551950083231 0.504690206477432456999565602018 0.502721099590025866099551876687 0.504184174090010261970462579484 0.493903387855267050898788738778  | 0.664542812099946256232385621843 0.747658234953608169526262372528 
0.301337463433228480713665931034 0.501830815041473643489666756068 0.486981361270215851178022603563 0.497677697091814141838739260493 0.495830111077366519900522234821 0.503183180433066534753550058667 0.500615642366534108198550256930 0.502992430976356375005309473636 0.508329861029776286507342319965 0.503797050921807376688832391665 0.510357877339999266297354552080  | 0.890412293292814904788201602059 0.456046555666200004175436788501 
0.039884092550417318823186008103 0.500363005308051222996823526046 0.495521968569307802443546506765 0.503076782974485658961327771976 0.493791650224273459546253661756 0.501679558256548974171096233476 0.497787583170459235759608418448 0.502199413106457770439305932086 0.506003376208554622728286176425 0.506629554756339750554161582841 0.498998015768452873874849728963  | 0.998199570006316316828076651291 0.062618937320326376050338978985 
0.232793395063250085907924358253 0.499309416423232066417625674148 0.494191518878500768430228617945 0.494748741753676612997736583566 0.500691724313111707900247893122 0.496184225402201473098529049821 0.503129439738624117950394065701 0.508245476659838546495961963956 0.500482268563919974191378514661 0.497858846187655024184692820199 0.501346164034880859006193531968  | 0.934034614081282965614150270994 0.357633675978549059326638825951 
0.845407232262598951066934205301 0.505264328349320668287703028909 0.505127503412420075790123519255 0.501031232475846688423359864828 0.502443060800289109657512653939 0.503666568349057985898298284155 0.503079525237975277995872147585 0.506148904337099692085644164763 0.504505670999813138344336493901 0.497481536978890803712971546702 0.502330057489079995214353857591  | 0.240491191806704279754214326204 0.970809817333318170184952577983 
0.262977503465147477434982192790 0.510094273792664920641470871487 0.505949079798511558436757695745 0.504401177423436153368641043926 0.498556459924797745753011213310 0.511161447661599988023795049230 0.495608739261562292188756373434 0.501862816076862450209716826066 0.497622088555269792564672570734 0.494549776514230488011492070655 0.499175491487666267431677624700  | 0.916200448047232107740001083585 0.401573252308978334568223544920 
0.827827474848299105225635230454 0.499814149090074710812814373639 0.504861372289582499561788608844 0.497686745289869003627813981439 0.498366221491436500734550918423 0.511576124438547275019573135069 0.500230897215682035472639199725 0.500013926539196629228456458804 0.500446169382132821645825515589 0.492023656332850389816258029896 0.494166146825023577804358865251  | 0.267233575445846638363178726649 0.963905333333021530073381200054 
0.870042681352527047522471548291 0.497962950879344112831148549958 0.497944373602675294243624648516 0.502372971113575705892628775473 0.506648723447783000395361341361 0.499653670847365505292003717841 0.501862098775346598955593435676 0.496653182496762379827259792364 0.502412071399660153936395090568 0.500952234660234418939239731117 0.504761178754075445773707997432  | 0.202742401626657270385933884427 0.979336671858582974437013035640 
0.853109931039398583507704643125 0.489250485273330759650178833908 0.510959266690543145728042873088 0.490055708189368333105306874131 0.491301416449026528976418148886 0.496420286220048467829002447615 0.495886869750643721754812531799 0.501093513823858471845085205132 0.506066631868874350352882629522 0.491053611749531715435779233303 0.485755395873329054445832753117  | 0.228866513817973793454285669213 0.974239436060348795720642556262 
0.220827034376658626335654389550 0.502034011008336333858892430726 0.492059431415761638906047892306 0.500442012796204371838371116610 0.510286728886088725154479561752 0.506547172812511603545715388464 0.500640364652906399989262808958 0.495266613788742926516306397389 0.494671655536382370854653345305 0.497265849989583119672431621439 0.501003484046975033905368945852  | 0.940699252056345747163845771865 0.340053680770487865014928274832 
0.187322861402825835419605482457 0.505531158530435620335197199893 0.507833029330466367845531294734 0.497180922509979472678764977900 0.486045114651669662997335308319 0.494217370528311938926435686881 0.500585164053768627567819748947 0.500511867777821861658082980284 0.501603576893776881284736646194 0.495763325265750010029108807430 0.499439739330760967828126695167  | 0.957355562346618227387295974040 0.290119764170163940697477755748 
0.167757062579746041297568126538 0.498779495650357729275015117310 0.507462440956215510290405745764 0.498353111301123141707591912564 0.493079560233761982068756424269 0.499688478705601124563173698334 0.500856806417302569123251032579 0.504770338544979324524319963530 0.497105829032405133194316704248 0.497442389594505207650598777036 0.494438142513086542617628538210  | 0.965652211058881992933322635508 0.260519254086860940766712246841 
0.491543815854807442100593561918 0.504647542776893498484014344285 0.500112948058766937364794102905 0.500998540882036880184102756175 0.505657356211074104912484017404 0.506756753375260826643966538541 0.500147157173658429840656935994 0.506531000634598660425922389550 0.502083545510012108081809856230 0.503118510929383755403421218944 0.502472635697392755460555235913  | 0.716553453740089163481741252326 0.697766023801715706831316765602 
0.612536199554774785092092770356 0.503459365951188231314006316097 0.512296621528776530141158218612 0.498766280314926147010368140400 0.503165136993148576216583478526 0.509329308392283963691227199888 0.492813685797097222884843858992 0.495492410530089577580525883604 0.496361394563826940906636764339 0.493424485297457804389154034652 0.498419848257185438278327183070  | 0.571965824032274361421457342658 0.820756127766481324847802625300 
0.583585406433127173997377212800 0.499398796799590205530705588899 0.492413147764489300683976580331 0.498839651024022223690934652041 0.496493138683600787608440896292 0.494131803352527931849635933759 0.497912208628911945318407106242 0.495334375888690725542318205044 0.504239546303724806008972336713 0.497586255851956982265704709789 0.498120679711652636356689072272  | 0.608544272083677229012721454637 0.793720867610984481821390090772 
0.402970710896974892989419458900 0.503003211617582435266626816883 0.498532715123583991534417236835 0.499130408465092156866660388914 0.501789159427867836882342089666 0.504679160319161379533170475042 0.500006108945271532384424517659 0.509992404761154927150812454784 0.504070672503836081368433497119 0.486804502784355774824831541991 0.505510848311047200631662690284  | 0.806553954874211331826927562361 0.591765758023094168294164774125 
0.107776995084290311277541718482 0.500715603850442225741801394179 0.504868099401478809262755476084 0.503945483200790356193010666175 0.496767548542369152819730970805 0.501798681755712294716431642883 0.493374570514268973031590803657 0.490327293645955286649495974416 0.502914474168628555794668955059 0.508024246793043143810564288287 0.500561347652237698113708574965  | 0.985964017028404082765291605028 0.168532668226599097183182607296 
0.381832418418686758698754601937 0.491781749602861362191674743372 0.499309898580883315677425571266 0.501452359274514924969423645962 0.507513764081841123321225950349 0.498933334553368634800563086173 0.505320050645237883735205741687 0.497372711066693229398083531123 0.500389814023091017425315385481 0.506629030329095897400293324608 0.498569731717963260386738966190  | 0.825631850440778802813213133049 0.564579688844132565606059870333 
0.652989928265686470076900604909 0.497633962166395216186742800346 0.498532715123583991534417236835 0.499130408465092156866660388914 0.505334527461954285953993348812 0.498370155699122241443888015056 0.498614796400473514470519376118 0.495913072901465246111740725610 0.501677830941377411733128610649 0.499936607702762880744984386183 0.506218987516395713122108190873  | 0.518540046821694300405169997248 0.855169985936164223083721935836 
0.980910521656636058551725909638 0.495185583896272929482762492626 0.511899086704447503493042859191 0.507176293989384130433961672679 0.497279777784271237450752778386 0.499579291276372627894630795709 0.496326271764227333616048554177 0.499653557278547599818097069146 0.493323371165045987396524651558 0.496231293779123283638199382040 0.504707044724898912235744319332  | 0.029990734987445213932666376877 0.999868715735512503250959071011 
0.290185862549754369776877638287 0.503035241773881147686608983349 0.499995558201192236147392122803 0.500000245526265318929404202208 0.513000184522304114587143430981 0.490211866142844232552278072035 0.502739299160535391131077176397 0.505175131115205178211624570395 0.493670272998632975181010351662 0.499999043071167881269190047533 0.498413831547645569397531062350  | 0.898214162058863396786989596876 0.440355795448827080917908460833 
0.133713659574082627257141098198 0.491236599668783691097218024879 0.496425616951519210751087030076 0.499597664572994482057310960954 0.500691724313111707900247893122 0.498434603254530039784242489986 0.503787984366298569050002242875 0.494610554888783693350262637978 0.500526130346663378212213046936 0.510393088649921944366383286251 0.501693460548582881308732339676  | 0.978265003591082926703847988392 0.208547558191460036258746413296 
0.169526009812992067837811305253 0.508078118388767596691479866422 0.502334851400404347465666887729 0.499979224458046489498741493662 0.500915571392570146969092093059 0.513167293919300049331866375724 0.502993447643835356331010189024 0.503375254613890765753581035824 0.497665961766658171416821687671 0.497203296120179216721624015918 0.500891990651485596863778937404  | 0.965023111747692396988895779941 0.263228333500606148653844229557 
0.906833992306083080947587404808 0.502200109809827544005145227857 0.501620647634012040150253142201 0.499959185227555669150945050205 0.508762569713685830485871974815 0.492305192175630013107223703628 0.494639457718420050280627719985 0.496186709300738271188890848862 0.502771129456481280506352504744 0.499315736486430128415747731196 0.482434549260113476609745930546  | 0.145896420353048478224522455093 0.989808743508155841617224268703 
0.430795057421284710574838072716 0.502034011008336333858892430726 0.492059431415761638906047892306 0.500442012796204371838371116610 0.505872898645464474931543463754 0.506547172812511603545715388464 0.500623327940466600338709213247 0.495266613788742926516306397389 0.494671655536382370854653345305 0.497265849989583119672431621439 0.499354755679709327864657097962  | 0.779807856783793829080764226092 0.626344461602288071766508892324 
0.028085872596120456390345054842 0.501792104827506357800359637622 0.501594740482344425558380862640 0.501717182173157860702872312686 0.499876900526082468267929925787 0.506819984571979631482463446446 0.501965220606508388812017074088 0.508721589878799118622509922716 0.499409380506721067849440487407 0.501495061370010764001392544742 0.493859444118992851890936890413  | 0.999202273671877971850108224317 0.044110613661338775315368110341 
0.665567407976758951271278874628 0.502888904744542841740440053400 0.501576954745048153583297789737 0.497236886121355747825134585582 0.499145179324083088090446835849 0.499127412758403943282559112049 0.500023696782278426198331544583 0.505206305569093072627140372788 0.501395988000241321635996882833 0.500432503987908949838470107352 0.505088021638112838473944066209  | 0.501532286873406119021012727899 0.865225721876854203529205733503 
0.507030383429520448146377020748 0.500334413714962344954528816743 0.494754716290304208392569762509 0.500000245526265318929404202208 0.496869658400900304773273319370 0.498338805124951933489541033850 0.500007280583713353827590708534 0.505624851546458975448672390485 0.502448702282145998054829760804 0.499751107070800171250368748588 0.502453486451895692255220637890  | 0.699313697866074779341261091758 0.714932276013659606661576617626 
0.057422796085414895550513847411 0.499698662291414130720568209654 0.501049932261359742824424756691 0.499959185227555669150945050205 0.508762569713685830485871974815 0.495375013398250685359158751453 0.496394579915400036007611106470 0.498959165921004088595225312019 0.500298942685685421594143917901 0.498528761065197945079319197248 0.500816550815768590787513403484  | 0.996050678814699996799220116372 0.090087739455434134860922767984 
0.618074225744089211787013482535 0.502242731143821119488279691723 0.499449878101825339715702511967 0.501182263545725370512684548885 0.505776470068639572019719707896 0.493265909510690048200842738879 0.492385390067102524103148653012 0.506045022163089219802145635185 0.500418437206200050759719033522 0.493998227057574512688375989455 0.498848820697468942064745078824  | 0.564705512553341781867288773356 0.825556003747750621890588718088 
0.721407616828098730010765393672 0.503807960049803438273841038608 0.499761088668109365595881854460 0.494752315638516737550389734679 0.491530228107323607922296559991 0.517190176060861150908465333487 0.505864898040028321268835043156 0.500983948580731253130693403364 0.499734202699827101401552909010 0.497052128177799756869603697851 0.502926895474371082883635608596  | 0.423973404916156926258707926536 0.906184760644854203626152866491 
0.117887454288611928654439964248 0.505259486426034576389554331399 0.500316424753150745807772636908 0.490523997483144458264803233760 0.500157347439637356423247638304 0.487035390550394686748347794492 0.501409655986509328329248091904 0.507169170246671185964260075707 0.523937592846590582951193937333 0.492395078708693034741372684948 0.506966779231286412965573617839  | 0.983904658273539123314321841463 0.184308200772017038993055848550 
0.251139643842879400903456144079 0.502924434455043978253740988293 0.501634244198908008094406341115 0.495800456028650471385077480591 0.503748015935483794969229620619 0.505107386602971053513044807914 0.500735734720666347818962549354 0.507082966878684482381345333124 0.504587175505803786634828611568 0.503614659506277373424154575332 0.499377683895643187383939221036  | 0.923335346192343919824452314060 0.384395963380007310572494816370 
0.504394399879948274190155643737 0.502914521607415232473670130275 0.499931310206639722970578532113 0.497722839100236513765196377790 0.500989140158554113746447455924 0.510346670671526947415941322106 0.498422401483554322609847986314 0.506538108225349947844051712309 0.501900227114995267641006648773 0.494914686712335349927371908052 0.502656649276181810570562902285  | 0.702351909499660975733092982409 0.712115720452585754252083916072 
0.570682525463966694445616667508 0.505369999869542674275635363301 0.498794943611269248062711767489 0.497655673721679958632080342795 0.501377976327915808596458191460 0.503640959953637223911471210158 0.501075235524247486473825574649 0.506026651621896195187844114116 0.493378540239796270494565533227 0.499545770230738372941203806477 0.507977787098542465926698241674  | 0.624528044610890842314177007211 0.781253469896689867191241773980 
0.484368472210646883180373833966 0.505856310512591278438776498660 0.513930451240144803293219410989 0.490548858306903146075939048387 0.502998552721275471455442129809 0.524734199984952964790352325508 0.498245189063704407850252664502 0.511027256072149604904097941471 0.520396633966500266055277279520 0.494682709993490676847471831934 0.502725521912189998730013940076  | 0.725351292897169264151102652249 0.690577660639294044209179901372 
0.884623403434774524534134343412 0.500085558634350335616147731344 0.502325654669437016153210606717 0.493740973789079662381595881016 0.506081759640089390295258908736 0.498728144595286693174784886651 0.496886550720973707573335786947 0.507619239920720999315051358280 0.498953348202272717326621886968 0.501898431713499570960834716971 0.498380112390422236323672677827  | 0.180271174609636014585234420338 0.983777852042158729162224517495 
0.773316040959354356054689105804 0.499952211708575844362201223703 0.501816687321996135473511913005 0.502147527805769433584259786585 0.501743156814185020664353942266 0.492533322032557951963838149823 0.503422767984786578843170445907 0.497520156201496754899693542029 0.503578682431367719019021933491 0.497825628775316220142599377141 0.505656513117642480992230957781  | 0.348644253442626894656797276184 0.937398209529654136140663922561 
0.687528830703939108914823918894 0.497412312622066699052680860405 0.512211064374371694007948008220 0.501573345279209159564004494314 0.500905284119156135602679569274 0.505543925689015405389170609851 0.491658295995108962639363880953 0.494656244033360614764660567744 0.490478495043682904963588953251 0.497305276328199430402321468137 0.500941388511003338201987844513  | 0.471539109352168916977632306953 0.882283731936842952059407707566 
0.274296626236672613785572139022 0.503664541108045260564551881544 0.499530582240583387321208874710 0.499980122976136920343037672865 0.504326135655299601090462147113 0.495579933129824290460874181008 0.500088368819588624525351860939 0.500630836910088250490957761940 0.499710932970624799320802367220 0.499074979719442868297818449719 0.500329408491582694473720493988  | 0.908653657677864545760826331389 0.417678398207782186624115183804 
0.563488667543072807575299520977 0.504900628587007127556773866672 0.505935832277727537409361957543 0.500000245526265318929404202208 0.496881547082499097633956353093 0.499176313747137889720306702657 0.492486315278081121515896256824 0.501897119060849661309475777671 0.503624805001083974964615208592 0.509431002348525785450306102575 0.492072195158057057451372884316  | 0.633378602394845224843322739616 0.774222781270327953251353392261 
0.313579085323534179075011252280 0.500255485786867515329845446104 0.495877185792394648000680490441 0.493924641954721133085826068054 0.494774032948049891089681295853 0.515621791595880507586002750031 0.490750146247847407465769720147 0.503338182231828468182754932059 0.502240051735547754496735706198 0.505350733536489404862379615224 0.500329408491582694473720493988  | 0.881522570118888459944628266385 0.473106472056309013130004359482 
0.443471472948372802402872139282 0.498194861755656581703277652196 0.494191518878500768430228617945 0.490737709133664157246101922283 0.496347070012524149706933940251 0.508297537392632281516569037194 0.493897422686785936285502884857 0.496641286663239811538517187728 0.498802086899747365578150493093 0.502899354819306698693992530025 0.498535545937527024840107969794  | 0.767229582541946064644378111552 0.641786424594155247014271026273 
0.693995994690978945662607202394 0.508803770726098836263417979353 0.506552384430692392847106475529 0.498143011292615400797956226597 0.511879454966935210080691831536 0.499554143850252430070213449653 0.501717661023309169365802517859 0.498393141064083500246795210842 0.493282104032812862559609357049 0.499711550239396395944879714079 0.508847576752236352426450594066  | 0.462555612970063589894920141887 0.887034908253224951835136380396 
0.017499745782529205206934364014 0.501648397056913220026785893424 0.501164537013202626702934594505 0.498353111301123141707591912564 0.493079560233761982068756424269 0.498318836702542733441134714667 0.500856806417302569123251032579 0.503666032370279737051532720216 0.503563031232905022882562207087 0.503903652778802335632235553931 0.500913823856233952902528017148  | 0.999722623104860597109677655681 0.027487835508349784535697679644 
0.464711792754889718715105573210 0.498864988985337931559627122624 0.500567091882377246392366032524 0.494971263724941101802556886469 0.497662821464393112513846517686 0.485607618191709444754877722517 0.503115737760311043658134622092 0.509924322211892877554362257797 0.493419172901354452509536940852 0.487858124413392546525614079655 0.500387940798628028105099474487  | 0.745597374477304009054989819560 0.667204626229882524768299845164 
0.753518553905866750319830771332 0.501228437876121257765760219627 0.501748628425265796870746726199 0.498002705983389304389419294239 0.502992544134883146078607296658 0.487028018251322081244580886050 0.500226570091475308821316048125 0.490345991858431695664677363311 0.508123597028254270213665222400 0.493994679171524120331326912492 0.499078434195318054733547796786  | 0.377715604439133600944700219770 0.926334145752918614036275357648 
0.060996294380076636343357421310 0.499208344679344051542102533858 0.508909586270788194539704818453 0.504745992936293852437756868312 0.498753194744540828686751865462 0.493462882625766652289200919768 0.496388171501154884523998589430 0.503619372175365009880465549941 0.504237579637559329981399969256 0.507945000417348468957356999454 0.492820041841532163751082862291  | 0.995717664075685293667561381881 0.095695462925477592364131851355 
0.812703250909584173911071047769 0.503889594337699309178901785344 0.497645919899262878516310593113 0.502947032859132225901532819989 0.497574898996985537369397434304 0.497031510907580742486544522762 0.500997734503014324758396469406 0.495459143966982096252138489945 0.495758074888706656846437681452 0.498492656899409303239423252307 0.497726849811591764982665608841  | 0.290005560319039679129105024913 0.957120147520575392796615687985 
0.628638706315369333310627553146 0.495373240389873070732562609919 0.500037118933148727606408101565 0.499364882690290501354724028715 0.501445344500837664192260945129 0.495906285137005797825082709096 0.497603834234567887762068494339 0.501661178220064285504520285031 0.503234751893574139280929102824 0.504662463897975754889557720162 0.505715319003691488042306900752  | 0.550871588253380450872498386161 0.834726638476702254010319848021 
0.578461705029516881637619007961 0.498508038383291773865124696385 0.498430389848044164136098288509 0.506875112384723824909826817020 0.503721796960448719993053146027 0.493904412231918110709472102826 0.498129648533325475323607633982 0.505697118968116310355753739714 0.504104210841382682772859880060 0.502643179737857992428473608015 0.500475470173461389755686923309  | 0.614914752775106099313973118115 0.788800245747909412052933930681 
0.714799582860153215335685672471 0.503354918307499232810187095311 0.496822434144518876308893595706 0.503206197896449825002207489888 0.495187550119964792205706771711 0.514183116531525818970749241998 0.499658482210218080066255197380 0.502180177169999630848451488419 0.502040752979192372862371485098 0.505944672221000923961753414915 0.502137160361332379743259934912  | 0.433288417828711192036905686109 0.901593604241526791476246671664 
0.196514679396807306899219724983 0.503920661143476111831773778249 0.504257586370879140602596635290 0.502010308195149246301980383578 0.498115375983646080371158859634 0.501105085360670887695277997409 0.500080260790320529906693991506 0.504845849348625086427944097522 0.499657963470157173713204201704 0.492223613320238506663173438938 0.496216005719966157805345119414  | 0.952868097980640094135651452234 0.303848361193663762946925999131 
0.009709459984509918178963161495 0.499999435420310722744119402705 0.499995558201192236147392122803 0.500000245526265318929404202208 0.500000067756810828711877547903 0.497146319446120699137026122116 0.500007280583713353827590708534 0.500002702847497482174787819531 0.499998072880548094509833845223 0.499999043071167881269190047533 0.499995159465869531967285865903  | 0.999891839500079981917224358767 0.015251117003138268957140866178 
0.074301490457497815222964732129 0.506848575216648722374657154432 0.505554916992858704993807350547 0.503041503943460699410650249774 0.502154460390261569990855150536 0.508176745735485879684745214036 0.501923856036172510997062090610 0.504896805728530684298505093466 0.497425996873438913681297890435 0.498876542777985931831352672816 0.504062250527128052901559840393  | 0.993405971636165840976673280238 0.116472237798589714485864021754 
0.209989264884016091361473854704 0.502072033654451965745124653040 0.495357083944758691540499739858 0.498957922302203704667533656902 0.503111436791753297015361567901 0.510309527424045117349749034474 0.498951667051452940615519082712 0.501565334068740487083459811402 0.492835953359242795457362262823 0.493786014811653961587012418022 0.504241144669539509415301381523  | 0.946331484620495766435510631709 0.323983857722431489722936248654 
0.245055106797653077244092401088 0.505018621531949207792422384955 0.491021338397091666738702997463 0.502820474717390109020698218956 0.502277515437749566551417501614 0.515301067121904821100031313108 0.497787583170459235759608418448 0.494486519138486513291752544319 0.504705676394081814706282784755 0.506629554756339750554161582841 0.495967726401310093908847420607  | 0.927260365256494689667476905015 0.375672551326962700368738978796 
0.743351308187579440378556228097 0.500832725935590472587932708848 0.500316424753150745807772636908 0.502901397292997098809053113655 0.497904307339045060221138783163 0.486330527337353324401902909813 0.501409655986509328329248091904 0.501433000981526544315158844256 0.508016136138767282481865095178 0.507604530717368662706689974584 0.501778525356751048391856784292  | 0.392440509715206442553636634329 0.920135888560751680209648384334 
0.878481662069209523480139978346 0.500613439779996838296938221902 0.504523662128141703320238775632 0.489662148816992770505862608843 0.505709347246930174257784074143 0.500939212384423071533490201546 0.500269179950248887855934754043 0.502152859416420405125336401397 0.499129582286423900683303145343 0.496377488407422629013154846689 0.504541538672519718211617600900  | 0.189761555305256401915414699033 0.982034316057594725002388713619 
0.472982450305992507821883918950 0.499698662291414130720568209654 0.501049932261359742824424756691 0.499959185227555669150945050205 0.508762569713685830485871974815 0.497579522432523735364640060652 0.503780510751865362450985230680 0.501183234609990480024066528131 0.503467254857384305388734446751 0.498528761065197945079319197248 0.500816550815768590787513403484  | 0.736554284802510172980305469537 0.676547531131312052110615695710 
0.207133405183445973296585407297 0.499814149090074710812814373639 0.489317018863380637228033265274 0.497686745289869003627813981439 0.498366221491436500734550918423 0.511576124438547275019573135069 0.500230897215682035472639199725 0.500013926539196629228456458804 0.495565462031313630486550891874 0.516562136274654859491306524433 0.494166146825023577804358865251  | 0.948087901636716412490102356969 0.319840837149631407321237475117 
0.282235354739777399846190064636 0.503931953402574794864676732686 0.496391314122678894982243491540 0.498198018168329870292154737399 0.513537539101779128003499863553 0.510998321221240670020335983281 0.505283202620741556110317560524 0.506580853598809111026923801546 0.503773333772191800328243971308 0.503496736347667006583606053027 0.500988122377062361501032228261  | 0.903719047672323250175452358235 0.429140199448449721764120567968 
0.767477080834911284945576426253 0.499331288390263638987676131364 0.492758643281660857482506798988 0.503172551591645200730340548034 0.500250589328006589617814370285 0.499856029079092989420018966484 0.500434758939972801350393183384 0.499297855538001378317147782582 0.497470005175001117603272859924 0.498044838458881811149581153586 0.501707857815151703206879574282  | 0.357206666858620625060183328969 0.934107656417388576564064806007 
0.802895637171893716832471454836 0.503699694542218745496597875899 0.501103137427068690001874529116 0.496603182625461048171899847148 0.506090734695904598261506635026 0.506620608753652224010011195787 0.499593953320377703875010411139 0.505098289127537292131364665693 0.505506235864971786853061530564 0.499497348011018527103033193271 0.497870777072417947106686142433  | 0.304739354821673524842395863743 0.952612840422058293476936796651 
0.476787584005854248037081788425 0.498932978367397972352392798712 0.495347414889352188893667516822 0.504344889466598722549406375038 0.499416105879745830797844519111 0.500335160329961170511126056226 0.497300385295239288918622833080 0.507976403241453322578990992042 0.497716175970262963978996140213 0.503541780164039387557295412989 0.501300214329352122888394660549  | 0.732510620483328822594160101289 0.680950192263528819580642448273 
0.731378181779906544335290163872 0.498467243142562965729780444235 0.482549912207288045351560867857 0.500770546781987069273611723474 0.498319729854011184144724211365 0.514746278536997614594383776421 0.498828110184140860461354805011 0.496198657760495154267488260302 0.500723232357228487110489822953 0.501320578652859172308353663539 0.506375190684272391550280190131  | 0.409780529288577999302845000784 0.912827025389623791795656870818 
0.956521497824095678907951878500 0.499398796799590205530705588899 0.497318682158927549696869618856 0.506240617651483204575413310522 0.513276906188503634353992310935 0.498906913477364544196035467394 0.497912208628911945318407106242 0.495334375888690725542318205044 0.506669014606978995729491543898 0.496962962172028233087672788315 0.495802638781695281799954955204  | 0.068264725536147416451449032593 0.997989405443510113613569956215 
0.547279825230310157380131386162 0.500038712581240663013204539311 0.497204175362434386276078157607 0.502204362103071177969582095102 0.493587618816621609418859861762 0.495866590277650509666074185589 0.493370541277230734156233893373 0.506174753624817452823947405705 0.503451896206450699722267927427 0.491076078782942293532443045478 0.505407486373656622546945982322  | 0.652869878363410705013336610136 0.757831445189412256091543440562 
0.459707893531919320473377865710 0.502372086966019537612737622112 0.502193339731654364577195792663 0.497180839886261993765259603606 0.494835717967996746580183753395 0.490705189223200832770999113563 0.500985498148309948973633254354 0.497998917396546225688780396013 0.508331557454621663083571547759 0.499999043071167881269190047533 0.500375836593963785325911430846  | 0.750568997322101694180673803203 0.661103761146477397758758343116 
0.895881712152918563418779740459 0.495091451400288096174051588605 0.505949079798511558436757695745 0.504401177423436153368641043926 0.501047053485498494751482212450 0.511161447661599988023795049230 0.491743430589544006092950212405 0.501862816076862450209716826066 0.490923962270393143825231163646 0.494549776514230488011492070655 0.499782877843672035389488428336  | 0.162883717469661126742153101077 0.987038824198583464308853763214 
0.918936286810462465979298940510 0.496811671060838844216078769023 0.500931570147080673649497839506 0.502266894547327868991715149605 0.500550494799795187006452579226 0.516477857070406942696649821301 0.491686564549312588034979398799 0.504898555321327768830030890967 0.500269106587989953460748893121 0.504357785285375670447649554262 0.499995159465869531967285865903  | 0.127041576717650483985266873788 0.992300827007869701290587727271 
0.076940624106781721480707858518 0.498407389720761928586512112815 0.502256330342770507257910139742 0.498930268845652113984812103809 0.493372211361169765719836277640 0.508372054102856907320528989658 0.497959661096288308534951738693 0.506580853598809111026923801546 0.501164593695927917949006769049 0.496784651856923997748083365877 0.499795177709244198283045079734  | 0.992886221729831874860394691495 0.120585984703169765697161608387 
0.679383196047705917308690004575 0.495185583896272929482762492626 0.511899086704447503493042859191 0.507176293989384130433961672679 0.497279777784271237450752778386 0.502266879307416869160363148694 0.496326271764227333616048554177 0.496599990190889462038370538721 0.493323371165045987396524651558 0.496231293779123283638199382040 0.504707044724898912235744319332  | 0.482764052197674209399025357925 0.876132739424286710594458327250 
0.372539980603680098703023304552 0.497251115855341319083038342796 0.499856753973464740248289217561 0.490523997483144458264803233760 0.500157347439637356423247638304 0.520789088224545504424156661116 0.498520572754314716945600594045 0.507169170246671185964260075707 0.523937592846590582951193937333 0.499574448285374117517676495481 0.506966779231286412965573617839  | 0.834614639500111055170350482513 0.553018663826757239654341447022 
0.139166387616135533988881434198 0.491852006204684277790306623501 0.501683511300464624049766371172 0.507970449450455996398545721604 0.500691724313111707900247893122 0.496522955515063535436581787508 0.498327484390787500689867783876 0.503784225617568304222970709816 0.499253597743861743385451745780 0.503536277779033980550593696535 0.499535397746421971909569492709  | 0.976373104178415607279362120607 0.216903261659280227613422198374 
0.392686621921237044574581886991 0.505546625217081158076837255066 0.504038493945738741430773188767 0.505988611814626509932679709891 0.506663437872699184971736485750 0.515031089347514514642512040155 0.499651808660134533202068496394 0.498168470282719488828604426089 0.503930259802885971431862799363 0.496492256129425768573781851956 0.493773068195384912115741826710  | 0.816061110749072948777893543593 0.578697668868239811779119463608 
0.391483455041866379442438983460 0.502792375556756487853249382169 0.494202256711113452336547879895 0.500357797564699113834763011255 0.502286058946319058371443588840 0.507498788999694916412863676669 0.499658482210218080066255197380 0.496295126408641373849661704298 0.498413772794580267611053159271 0.498755282262806021176260173888 0.499941060379568646965253719827  | 0.816906376070372308717537634948 0.576979899862044232072832983249 
0.646318710783677863318530398828 0.504374327247840592569616546825 0.491781434550406348904516562470 0.498957922302203704667533656902 0.493617720609235144380022575206 0.503204051109725658541549364600 0.495028662886731474213064529977 0.493080429319379565100689433166 0.492835953359242795457362262823 0.498772161800107416418370576139 0.498629647492762062555016200349  | 0.527560570718953458779765242070 0.849830602052178640803958842298 
0.402702410299808633009632785615 0.502082277266544640959011758241 0.489850196406339866150858597393 0.499652229535968661622291620006 0.502071662312415623041772505530 0.488671745172537419499292354885 0.501793839326183155336025265569 0.499952725195676128677746419271 0.499514992382726397135428442198 0.502695772794783279913133355876 0.503376032874569556696542349528  | 0.806726083478010558280857367208 0.591369197863254036917624034686 
0.335785525115856575695261199144 0.499398796799590205530705588899 0.497318682158927549696869618856 0.506240617651483204575413310522 0.513276906188503634353992310935 0.497830944144818710039857023730 0.497912208628911945318407106242 0.495334375888690725542318205044 0.503450237523465626843233167165 0.496962962172028233087672788315 0.491781076835264618907217482047  | 0.864388801012298979564718592883 0.503504402241734871914502491563 
0.701520030486279200232502262224 0.501300396555141358767571091448 0.496153771135100118971905658327 0.497736274389978194943040534781 0.509260008304106448484560587531 0.483914145791168037735729967608 0.501731280298106763204657454480 0.494372964334671594066605848639 0.499998072880548094509833845223 0.493952627787013265336923950599 0.497557435355977795143900266339  | 0.452062103006143856109844136881 0.892483428298076364448832009657 
0.791438787843994018267324008775 0.502580220965637258778713203355 0.505385466756645640451495182788 0.496930010394411481033927202589 0.499803361908640386701563329552 0.497215139850463894166665568264 0.503435230672471867308104265248 0.506997941529218953959912141727 0.497622088555269792564672570734 0.501714157622651923951195840345 0.504716318436814415093749630614  | 0.321824892676157603421671637989 0.946951812776984702679783367785 
0.961609967012821975629321968881 0.502778481626020234962481936236 0.504255391903742689052592140797 0.496731961359177853765345389547 0.495058463481261867844551716189 0.499969994218857960444069021833 0.492297594049241282743167857916 0.500334846123595911038250960701 0.503827232570664862443265974434 0.500004398601397448409500157140 0.492729444752027179177389371034  | 0.060277704032297922676075785375 0.998369864137460316655392489338 
0.543032325725967823792927902105 0.497603684813708480039196047073 0.503311805225058139789950928389 0.510297102474179253839281500404 0.505766616572214999791867739987 0.488867836705088598669988186884 0.494519187655610148457441255232 0.494656244033360614764660567744 0.503395089753412183775083121873 0.507843735113418737192603202857 0.500941388511003338201987844513  | 0.658002755835836450337694714108 0.753563167092839991667574395251 
0.946585253779131718943062878679 0.501889491506540497134380984789 0.498267082383102521969675535729 0.498742806077455524960129196188 0.502506734695721490879805060104 0.486072070724366256389004092853 0.498981506079619385740642201199 0.507923161642994447362298160442 0.512761097317593450561901136098 0.501751315471682834967737107945 0.497946743041506323379508103244  | 0.083842349901433341208267790989 0.996922960987237427588070204365 
0.707985757138704929758432626841 0.501267746482369269678258660861 0.502039017279072297128550417256 0.495966830236990896541016127230 0.493292354551151279729026555287 0.499571676726958346925755449774 0.496185876607425524476013833919 0.501156546386292367500914224365 0.503798537257406864320330441842 0.497436819642471272917561009308 0.496836581368177987449996635405  | 0.442828811414628098486190310723 0.896733435009631207890379300807 
0.936128158914271035762055817031 0.502563564574784349403557826008 0.509882652807940317529755702708 0.500566804086000849416393521096 0.499887599039052665794713448122 0.498035656729783227092411834747 0.493434580356590990479759284426 0.498355503392569121334787496380 0.498964146183252910127237100824 0.499193356284867051364528833801 0.497110293408532799563914750252  | 0.100177875650073272550955039151 0.995134688899445563059487085411 
0.740429696944590709506428538589 0.498142825989261406327557324403 0.501634244198908008094406341115 0.495593978666157120027691007635 0.503748015935483794969229620619 0.497232851341513237830582738752 0.500735734720666347818962549354 0.507082966878684482381345333124 0.500108581976039134886491410725 0.498643563670036371604510350153 0.499075756586867314013034047093  | 0.396568258570633047632725265430 0.918114880047212977842718828470 
0.931182381177874329836186007014 0.502559524374138755220542407187 0.502010587273725605861329768231 0.494959068402252622131953785356 0.493730023210938062661057301739 0.504149412528228202390323531290 0.495484561000531564811666385140 0.504048490502664980894564905611 0.504640248433485427703715231473 0.498664801605637086900912890997 0.498014301701151018697544259339  | 0.107904951320753200727509124590 0.994318706422833376024073004373 
0.782821895138540169156726733490 0.503920661143476111831773778249 0.504257586370879140602596635290 0.494143390380982538978571483312 0.508332772518516939896926487563 0.489912711956713486927128542447 0.500080260790320529906693991506 0.505978007299434318078112937656 0.496314741017562233160731466342 0.492223613320238506663173438938 0.496216005719966157805345119414  | 0.334685517686325872954711257989 0.942715195566521835246476257453 
