0.114660173523496000669297245622 0.247200505150855120994890512520 0.117660936964169460239304498828 0.293277948445604841332112755481 0.066573902722683930832658916188 0.989137838123286927682897839986 0.605502891131016851566926106898 0.392860249015696827434851456928 0.340252894087845980664042144781 0.791610519062037387705288438156 0.388036641895349032616024942399  | 745.123507691939153119164984673262 135.672743627404315702733583748341 
0.949260400000098480965959879541 0.809304693339512493110987634282 0.359852273393936883394417236559 0.577554028794837415183849316236 0.062265096866756075577598039672 0.928689884822127553754000928166 0.302354716743310047988302358135 0.861198101914869229567273123394 0.453891564949321035804530310998 0.903455912971247943055175255722 0.409153491830766435910504696949  | 83.959778583988779132596391718835 1051.195292393459340019035153090954 
0.947724312567219895342418567452 0.762831171206442837373629117792 0.890770907414860535489253834385 0.308865128281436973622930963757 0.205847657589576349401738752931 0.207633473394232326292296875181 0.460240526072251965317150279589 0.027155404691782680792755400034 0.343757508869081629399033772643 0.487048496522450635737300217443 0.009047201570295371197971689980  | 69.285481784167828323006688151509 841.869847358065499065560288727283 
0.785943509732800027478560878080 0.817773987819208958427452671458 0.898520800000196961931919759081 0.493050023403797554877314723853 0.085384435474947784072696777002 0.155108057589674830367698632472 0.499115078336971551564715809945 0.702145567320997643356861317443 0.604709433486620095976604716270 0.986235663843842202958001053048 0.434449024967856423096179696586  | 192.003301012616901743967900983989 549.348324579890800123394001275301 
0.240715504766028987049253373698 0.149676976651318294209147552465 0.428630415362296401937669543258 0.255197520623141826945357024670 0.103798011646782928352195085608 0.982503004044982364284521736408 0.754274904287235203881323286623 0.291455104765930506083293494157 0.571775513614896868652692774049 0.210145730015208753727051771421 0.627611677001045364931997028179  | 1042.205767884839588077738881111145 413.994025360243199429532978683710 
0.238153303580559749796918822540 0.331717427231369432760743620747 0.475503960626395882904660084023 0.168053102722486968900739157107 0.496087814719489372805583116133 0.520118455656069067494229329895 0.237752191426021997067152824457 0.841137815750874429099326334835 0.089464951741039744348427120713 0.783327208408728936639420226129 0.963024736156256278007958826493  | 1050.812678328811671235598623752594 412.524196212026765806513139978051 
0.374855668371656070014807937696 0.119136768627907896345163862861 0.427877052143519120974701763771 0.633634681504459673639928496414 0.673492364198985726808643903496 0.198556705096527119636107272527 0.878695097869886865282751386985 0.699616660662085831923207024374 0.612000808205317436971881761565 0.837377978215869567257811922900 0.737578582552011141615366796032  | 794.451671269607572867244016379118 530.575146036555338469042908400297 
0.411721148558101601722114537552 0.263159230413815170557256806205 0.070711824700877223826012141217 0.874130230358206916640995132184 0.732129512767836443387636791158 0.292187423349764996416411122482 0.531067589972293307987172283902 0.823639053213012561904804442747 0.249296305096428638670147392986 0.167909385819420942098645355145 0.696478557991760283130133757368  | 965.259528724839583446737378835678 728.826460059344526598579250276089 
0.034446779410480021788032445329 0.935496063843940683923960932589 0.118194355032141484862506786158 0.966247666847039887727532914141 0.727231005446155709392996868701 0.865480396832511877924787313532 0.028653203122011916548217413947 0.406152728390092976340497443744 0.107540565973955337675249666063 0.734832364305770591172972672211 0.628714696560711550077371612133  | 1183.285632888325835665455088019371 64.088811872800988567178137600422 
0.312298998435448726951335629565 0.691051832810285260322302747227 0.843476372065040225223242487118 0.840638781232967757794938279403 0.911791179344105140458509595192 0.880144673929028287240328154439 0.559325591998094062695656702999 0.279588090265131872236281651567 0.679078140042915445739879487519 0.378315371904616726261849635193 0.070243917761138807698273467395  | 979.875232219940357936138752847910 523.356521995143566527985967695713 
0.635238869239609149630609863380 0.441057181215915861116627638694 0.232557038878546284976778224518 0.377893459687347887943076329975 0.553870788809029179766696415754 0.510521185979866287674155955756 0.975657418918362551174539021304 0.060811748619027827800209706766 0.377174480018635960298922782385 0.855484170182300940332709160430 0.640023304065885478841835265484  | 777.331834856482032591884490102530 1204.866191558907985381665639579296 
0.490422072067196346267792250728 0.115578053708070394023366134206 0.942582848694174413317625749187 0.830015992133945501585401416378 0.357917923863559361841168993124 0.966903918525781724824241791794 0.819471986733057544682878869935 0.052675216207223374276225058566 0.557789887950737695021530271333 0.058500442509095695875487308513 0.884250179122772927975404400058  | 1090.832589305104420418501831591129 1058.493592718948548281332477927208 
0.884843858509198444295407171012 0.000467906939738416127738673822 0.238891361118597767010385268804 0.291072331551920582271009152464 0.059630384471218711439632897964 0.153174130284945420044095953926 0.269768264403983382138108026993 0.738775119116562350995991437230 0.192251966901058390924106333841 0.635666809372732455329924050602 0.657272299391844061489109662944  | 240.617064749726580430433386936784 1315.667755564379149291198700666428 
0.080011893661639743591251772159 0.478171050966256006020671520673 0.475825594779843541459740663413 0.611652951738085315369630734494 0.922897548138337464607161564345 0.198637210988066414962815997569 0.048234804526533614499328450620 0.140636647448173612851007874269 0.915360377572713046490093802277 0.576039480353488175801146553567 0.754509110484711031929805358232  | 1081.326464183883217629045248031616 136.623824473866250173159642145038 
0.632551390301189564446815438714 0.959226192942267297247838087060 0.955794922723769313499531108391 0.911323272404366724330770921370 0.641253312810430520229942885635 0.268253260446173480424647550535 0.219957705793913160796648753603 0.525904009757970025695783533592 0.639540252788054375265858197963 0.877991950860080416774167133553 0.999572059866876694300685812777  | 697.945524852528023984632454812527 1071.857307066336261414107866585255 
0.783784881824071799627517975750 0.152545145216906541385526452359 0.899722408721091881922404809302 0.078045194029185638306955752341 0.898868234241780972304525221261 0.052759870780025086567377456959 0.862174537630961412837393709196 0.328939675492102345799594331766 0.714847522734127327481701286160 0.724662926493172432351741463208 0.914382591713708170466645697161  | 358.864032472275084728607907891273 1015.689706054710086391423828899860 
0.361068943223359362093560775975 0.310031458392984848870810310473 0.870789799191678204337563329318 0.402123001139790048341637884732 0.055580646121415000493470870424 0.178218673922627024452935984300 0.784421955761049893851577508030 0.337832182156824534224881517730 0.532596432751125670179703774920 0.626547474091427636366802289558 0.245303605721144069029548973049  | 975.090591411981904457206837832928 621.110420699140945544058922678232 
0.122475956079657999353571540269 0.239319301251721072709699456027 0.507287449727848782643491176714 0.907085239254312170054106445605 0.253451721563853538121691144624 0.191723070374797743831152274652 0.839906884874781378691466215969 0.139492096121033304356728876883 0.773492271741771042492530341406 0.328332623899741715689515331178 0.365164370927512416109550485999  | 1210.956710671046721472521312534809 235.887058691653777486862963996828 
0.753508124473083573668930057465 0.561443003066135370993094966252 0.250584008514725953276069958520 0.612866089745352615736351253872 0.327847411796388210625252668251 0.646111803386743566157690565888 0.085056001326758612357537003845 0.737141703650086022037157817977 0.791617524592438281949569045537 0.416676928327886497704923840502 0.099954957550063894267111663794  | 398.958549308593148907675640657544 978.385870797134316489973571151495 
0.332678718850839660881035797502 0.710491317002625244469982135342 0.788847316324708724977199381101 0.401934011558709447520243429608 0.760965810718324697781156373821 0.312872466539600990742542307999 0.272452288194116487574092388968 0.799633367913272996574391981994 0.738499854739047112417438256671 0.226079788125105651808155471372 0.455452257924330083938002644572  | 778.101869631021827444783411920071 448.171162172270555856812279671431 
0.787380774289394125275975966360 0.146214284248008308253474751837 0.516602190963050267313860786089 0.648284225727055019028455262742 0.439893781034672470831026203086 0.534327125834573202212141040945 0.682827872105358779641903765878 0.629791521407368715124164282315 0.987521222843086410314583645231 0.122765067121269888517076651624 0.944392014895472864388636935473  | 443.374457070743289932579500600696 1277.811355556885018813773058354855 
0.210076500842920954603698646679 0.538111080340838543456527531816 0.691631684137164803871655749390 0.266733329796706275516271489323 0.776284662363917576932692554692 0.023456145042725196070421134209 0.024959715617223543482339209731 0.260144144557009182605611385952 0.560567839434880088589352453710 0.445670237807871072455156991055 0.383976101340610886936133283598  | 1221.753861519102656529867090284824 418.463873822688697146077174693346 
0.013239513126615420901543984655 0.051835191803518698705488532141 0.119704464964918044778130479244 0.107237437315845229868216392788 0.675120879411747476517291488562 0.191622659147726359663010953227 0.699598315086360833525702673796 0.239165145907197840280389300460 0.645504751794382936047611565300 0.735372849520143700985386203683 0.765986901629997163354346412234  | 1166.518003991791601947625167667866 24.263081353812058438279564143158 
0.438677935944865482476018314628 0.306191993619253088887433023046 0.402789588902431661132652607193 0.789736331455549667168725136435 0.954480119249578762286034816498 0.818322671530052336841265514522 0.960857041286168445104465263285 0.768161379549713085879147911328 0.391717212710662954222584630770 0.839810812993054711661500277842 0.772110879415959572291683343792  | 778.492090980838042924006003886461 641.306215996966898273967672139406 
0.264821079194754172014825144288 0.404871214984097838041066097503 0.388694498432094026618699444953 0.709130618914805999075667841680 0.193168001574682945964411828754 0.165214850878271257705875996180 0.608010708765546636911381028767 0.038901539652686278891735582874 0.986914642217907811527766170911 0.809947506129947147890391079272 0.052007924769250424290589762677  | 690.298655358051519215223379433155 304.945946362185566158586880192161 
0.380227382618011144899128339603 0.077924255018184784837842471461 0.342092232107801930141022239695 0.037104192132240809698373595893 0.744590794379023535043415904511 0.728347752855780017355868949380 0.811468849877316378282898767793 0.026664181556917965210118381947 0.354603687571556802637928740296 0.552674802184809910166052304703 0.370265687849866242942198368837  | 1242.704486250051331808208487927914 845.190111874540207281825132668018 
0.766000200924878971164844188024 0.426810604942410631856830605102 0.861862114812608437475205391820 0.387590163931823550313993109739 0.314325526127919196994753292529 0.831791714042540597517927380977 0.094929293678737924899735389772 0.169709084190080017329194106424 0.837659529042324435543775962287 0.345074561687924608044397700723 0.026324870908707609373777813744  | 431.041252535276157686894293874502 1119.396760820854751727893017232418 
0.241887685673571550815097452869 0.067696540195667620487540716567 0.727010054697834084969088053185 0.597196624393562691679449017101 0.849530427039924429521988713532 0.662494122954120023827329077903 0.494574351528174305236973395949 0.917156998938602918691742615920 0.923903999642827322702487435890 0.739322720073079198144228030287 0.084074248373308679838089574332  | 1025.351504108945164261967875063419 409.486465442217820509540615603328 
0.753517191434443178721380718343 0.032523901052565418190454238356 0.023736130530670696003880948410 0.527669514307168130429204211396 0.956460556717443899366060122702 0.573266877354344894790472153545 0.453835853421793888884394618799 0.559925498668122356704657249793 0.744881519314316786761764888070 0.602401795225879554962489237369 0.427161550152429736471049182001  | 536.155762374800701763888355344534 1314.894974125759972594096325337887 
0.059796653296173229996668396780 0.362369627523386417244921631209 0.467242933241234448260570388811 0.125471461379015325476871112187 0.438204796180437172736787942995 0.758480281725622207389392315235 0.376407416698566255064406504971 0.492340290689733506290792774962 0.892790507191344229198648463353 0.128103925126423101588102326787 0.640904662544931946754900309315  | 1248.435471482500133788562379777431 117.609575818095109411842713598162 
0.993850006644876104999752897129 0.588575040673358751419641521352 0.004580291079675391507919357537 0.720854663848352839039534956100 0.200678238548611886926664737985 0.855008293159872478916838645091 0.453397304202573070419646228402 0.900767834149762913753534121497 0.992749303516687553461395054910 0.625384168535549456180433480768 0.163598405698999416202354950656  | 8.506421546163663194306536752265 880.519274641099627842777408659458 
0.999649054789980895385781423101 0.802065461516435207478536995040 0.025220536408437133069071478531 0.847082592886684748734182903718 0.706320252663525272041056268790 0.656724497498300752162947446777 0.376046953338842637748484776239 0.079179247316702228154383647052 0.968667144989358352979991195753 0.533984580218974103082985038782 0.349097178482227321616448989516  | 0.691353173574664969791570001689 1254.124697638218776774010621011257 
0.939592615069244518899438389781 0.086105392152902138214187743870 0.603346617748686586679696119973 0.260955386366565678102347192180 0.657913831874444632319409720367 0.773719687679821466197438439849 0.716478760389991031765077877935 0.068895706482954843785648790799 0.285925415870506127724581801886 0.183306414223545766084555452835 0.760767887917755625259985663433  | 98.708613740446921269722224678844 1037.143809981832191624562256038189 
0.407139732517015962010020757589 0.860137724831671279801525997755 0.528020459517187235043422788294 0.154395095201008691887523127662 0.548046340945907761721400675015 0.606753260535109140150211715081 0.853605246004597084663600981003 0.088157021816016034598817441292 0.226354841887036917214004461130 0.347982302835727508316665534949 0.091129508306814877016677201027  | 1070.075681485308450646698474884033 795.942753211856938833079766482115 
0.828385047304412314161936592427 0.118145754759007126644121399295 0.185878846309770806577432722406 0.352099404027535034522600199125 0.497524895359056529287045123056 0.718493584824121622744996784604 0.718620603009912040093354335113 0.176311746801353197433570585417 0.059208218643468257802453535987 0.354979246674425819030318507430 0.810543592421330338915197444294  | 262.937070511033027742087142542005 951.644577540789896374917589128017 
0.827807152755603126159655857919 0.597440558562659429497898599948 0.860716939016681559238008958346 0.672657779031424651883241949690 0.700613197958863787029315517429 0.905350963256665308698245553387 0.294014573614653773603322406416 0.139144057512090468797794073907 0.537227146719533421581616039475 0.937243563811962498988350489526 0.651666751954253387069115888153  | 293.949473584419536109635373577476 1060.137511582348452066071331501007 
0.710935953209620330461859794013 0.196835489104024818907134886103 0.728936838127677622090061504423 0.520441406353754465463623546384 0.304625093470765717640347247652 0.185731440236291844847471566027 0.581654351957645698867338523996 0.250173560165236730234994411148 0.815363977209062062989630703669 0.172785431680874124182878404099 0.880384396425776261096984853793  | 348.402116893081426951539469882846 713.831656899751578748691827058792 
0.731126145478476319183869236440 0.792803025327356247764498675679 0.433148233610962551942691334261 0.060473273311785202821511120419 0.913002748663139906959429481503 0.043820981358566379881835928245 0.368282508524091056756333273370 0.380574452613840819026336248498 0.889291840608891992481233046419 0.621623830405665156462191589526 0.869912585797482540428404718114  | 451.618277402261639963398920372128 1004.959714449526700263959355652332 
0.922894161019708780813175508229 0.876353707562933847974306900142 0.443459141991388361425663333648 0.351210851841882942814265788911 0.877816422407431518060150210658 0.333163839650842619199977434619 0.783531928345250316958470193640 0.040623401650745072366532895103 0.766327950878081809449327010952 0.840955948141578146781682789879 0.013021070095350251172305888758  | 171.628661020093801425900892354548 1410.105961275904974172590300440788 
0.945360323078133002461242995196 0.305494449883994545480447868613 0.620973258549058715338730962685 0.064376661748093977344353788794 0.658020311512336419923485664185 0.805617854346772133133924853610 0.132490765442786817551734657172 0.690925710119377201046120262617 0.974404794060585000003982258932 0.921251751812438346433964397875 0.206183322349937969697464268393  | 76.175015916281950012489687651396 885.352707518283409626747015863657 
0.727527972765176889069493881834 0.937822777996972778424833450117 0.796304071468490803908935049549 0.257154055967475425603652183781 0.554140111414782365883979764476 0.416198151207222255543172195758 0.805980217861247849597816639289 0.753695218374283104623145845835 0.896620162161217426621817594423 0.885338801076171577619788877200 0.869980005068042183680177004135  | 449.072107799301363684207899495959 984.375018834889715435565449297428 
0.183814419008674567734828997345 0.783576515049544619628818509227 0.214946956469759919983175677771 0.683651834921707002301616284967 0.788218952461097299710957031493 0.517277690209551721522984735202 0.592153248652900310311508746963 0.009746122862289929855705850059 0.040294666238087306631143746927 0.189458686306399060050864591176 0.756721351417891319179886977508  | 702.641663651872590889979619532824 208.709639188696172595882671885192 
0.871551273514917901330534277804 0.226964911261024582245227065869 0.332945300546608313752017238585 0.975179970666167128534596031386 0.247516909890075575972900878696 0.111128452556615631152681089588 0.826434341199058453142356484022 0.473093689401669736938060850662 0.815643612544417306864374950237 0.116217367423199435805258872279 0.026273998858491354191357913805  | 223.557631138170080475902068428695 1092.923683511440003712777979671955 
0.991014906486762270354518022941 0.573479136923346177745486329513 0.167396432833208375079436791566 0.094239907357886898431331701431 0.118216883181082699216801756847 0.099880093423543314656853908673 0.252404449189647772655575863610 0.249050260668530087926342275750 0.248802699488677836470174042915 0.003274947233060321316600038699 0.905065656840045695830099248269  | 14.757735708187672329927409009542 1045.558679936278622335521504282951 
0.116035763577595485429583277437 0.864251907131167396158843985177 0.837411750487069395099126722926 0.325075010965728106171468425600 0.830437883680605004599328822223 0.884973855552711241578833778476 0.579797257562761569893439173029 0.147970452861526546861625774909 0.448158062410768609495903547213 0.390539709805520662833089318156 0.611310605341977453264235009556  | 1168.853978660498114550136961042881 215.436351491872187580156605690718 
0.911548779138481424233475536312 0.805289164981728533554417026608 0.683674919044129247858165854268 0.386743678581573990804542972910 0.321958243849335357111840494326 0.687763334680165150381014882441 0.653815124950739789966291937162 0.644215712971569653966241730814 0.636288540407641489693446601450 0.621177305579364347210002961219 0.180539471775614246418228958646  | 129.210076994692542484699515625834 923.986188443798937441897578537464 
0.878510858209498923798719260958 0.098911192892164434553592400334 0.819399927790539606142772299791 0.262257738200820655904976774764 0.679865939722482326423858012276 0.267078237687172204140040321363 0.179308239181684925256377027836 0.155320810685376065052309968451 0.609661428743637490157425418147 0.608750898556364772318261202599 0.423393211104149291834630730591  | 173.021075926047359416770632378757 895.621221927744386448466684669256 
0.836425201455503919412137747713 0.721634695204630860487782229029 0.063631191527685704301120495074 0.442227744908347042418483852089 0.427453533512486383294515235320 0.439690662617484462337813511112 0.151135445552334379826220356335 0.127880277864252156483360067796 0.462402242472459645838966935116 0.382058285886921700225116182992 0.354726366079120780661071421491  | 387.635241497043978142755804583430 1475.297676230247589046484790742397 
0.952301831343981830535483368294 0.986856961057594128661207832920 0.215729049148387974632612440473 0.019305690288918264663209356513 0.280480165633003708514081608882 0.990146710988827116750599088846 0.569184320946047761502484263474 0.981724461801505632330133721553 0.823966708051375396060223010863 0.749744846154669630777789279819 0.506374334833957995272157859290  | 63.496489611371629280256456695497 845.891017137717994955892208963633 
0.255501008574802623840582782577 0.000986549031565475686988975212 0.603440315761097245683686196571 0.766806692152919300298208327149 0.442746110644364199160349926387 0.152343724050275186598923937709 0.708279790244042084523812263797 0.297022616858434229669683190878 0.262659431941268506349729250360 0.148908362869517807425268074439 0.529490493251559724008359353320  | 1036.575747286227624499588273465633 439.895484758898703603335889056325 
0.450562798902607752893345605116 0.731373087700147417322682485974 0.399886717523979862143335139990 0.106229194700947382479228053853 0.668457644391246885717805525928 0.373334959317736081452210328280 0.654069001982742537215642641968 0.067104219461593728190962337976 0.639452843777858714879869239667 0.356572763724238850358005947783 0.128766012054829293020929981139  | 988.819770784961519893840886652470 846.044827393682226102100685238838 
0.592536858058206439281434541044 0.563898919215736982302189517213 0.159689735044693303933627248625 0.678879390690916850736869037064 0.663637921926074958456354124792 0.412501547028765624958168700687 0.712574700041011865891960042063 0.457317704693362303558501480438 0.900471108312322687794448938803 0.126370594245715062164947539713 0.573765769514235413062408497353  | 661.375487302278088463936001062393 888.219099599533706168585922569036 
0.572726332335113053062514154590 0.534140698276125980292761141754 0.991664946005739289525138246972 0.696080445812338965971832749347 0.039803945093504600194478371122 0.044906250851386997346992302482 0.459422633473005270765554541867 0.089067283154723564386756606837 0.727989283904179163009473541024 0.287622146617527052470109083515 0.312848987566123115655614128627  | 641.213357799325649466481991112232 807.427210574007403920404613018036 
0.630284197333355278303201885137 0.086963037093558681611682459334 0.426768832230711825381774815469 0.716581246417266726211892091669 0.830456975944133812816971840221 0.890304930255130910765615226410 0.318086539875430673873779596761 0.411465161022609771102054310177 0.037170146113657764885829237755 0.049056630140595691713656378852 0.355029900262479936046133843774  | 597.041003841418614683789201080799 909.792890317923593102023005485535 
0.427220779517330062624580477859 0.030713983425984192621172041981 0.232665993876793320005447185395 0.451081164638624909635211679415 0.456263278237936220627091188362 0.668475845150537484329333892674 0.252116366007047232322690888395 0.803236798468263235584174708492 0.059841079714794243038511467603 0.801501209347380560998885812296 0.162940652285080700423236521601  | 1138.608187508127002729452215135098 904.064458618647904586396180093288 
0.418524100134024301667068357347 0.769602520190624583840133254853 0.019266157607388700867545594519 0.241688812160535060336030710459 0.656753712900469355240318236611 0.823612026038608724398670801747 0.176799289206462817425347111566 0.321366303902428041006089642906 0.945107602701629079255951637606 0.091595865941171528135100743384 0.543480227917610747567778162193  | 1056.870279768945692921988666057587 815.875254059575468090770300477743 
0.208869018953257046256055673439 0.183492326134281014127225262200 0.251658611173586788112288559205 0.632923938500090765835182082810 0.179835553151972304952721515292 0.261493535402386956256748362648 0.001054426455426082931410292076 0.231995263161785203465115046129 0.874254228238667829842256651318 0.770528971045972177478233788861 0.512885252620318810024002686987  | 1075.387773031594633721397258341312 366.054405874763290285045513883233 
0.732639488928745419293875329458 0.828724293720658589101901725371 0.277556345678314664304764392000 0.270201424902880016354345116270 0.025640093243998296479446707963 0.217733821312470210429523831408 0.432313570254254209146438370226 0.904377257865570438610802739277 0.110822857411064235044761971949 0.991482683663695074649524485721 0.685176594631726199047250247531  | 339.858343333789605367201147601008 761.100807755698042456060647964478 
0.995367171152387153476581715950 0.883288604313101077813996653276 0.507712227464009679955836418230 0.646964649809852798689746578020 0.638646319081544122653326667205 0.685162601375339908038597513951 0.231629607870637466149332794885 0.775676610711270808629080875107 0.048002203685169608782246086776 0.123034637100694732581018797646 0.656691808471357885146346688998  | 9.208957270167797304338819230907 1265.425722119759484485257416963577 
0.517828730805665382597169354995 0.500026504948047900711571855936 0.622356870917966320533309954044 0.178706932559621556322326796362 0.398274420247657467974988776405 0.226476272763048935843244180433 0.585502977155793025154650877084 0.627527509460540033892073097377 0.897123951481810122388083073020 0.052117794874016465378474549652 0.427041416470329227017543871625  | 548.481950149455656173813622444868 580.096396272120045978226698935032 
0.084425925558898384792883007322 0.023898986455001547390963878570 0.358400207847433982522034057183 0.149041485436459675284481818380 0.176647376228755925708924223727 0.538152970124918694772020444361 0.636203702527088132967492128955 0.713477994830991613106618842721 0.315919255229900719506019868277 0.495478024232441138785532075417 0.085834381852562313675036875793  | 1093.924064784304164277273230254650 145.928245341068105744852800853550 
0.081549145462536554163079927093 0.594966802702228902965941870207 0.115095207694425383238012727816 0.679809048203924404241149659356 0.639136664484420635723438408604 0.822347493895804526609083495714 0.833720842914127735490126269724 0.647777955475618893999012470886 0.185025993890179152323582911777 0.885357743159778776131929589610 0.835515537446935296905792256439  | 1043.911488917619635685696266591549 134.458274181454981999195297248662 
0.776606498846642123723427175719 0.850514929207985437287220520375 0.185775499343981631561462108948 0.001741106788996749088482829393 0.859333613465036227907489774225 0.283272084817794533861956551846 0.727729881636814512901878515549 0.572669887286145540272741527588 0.355278981136606941682032356766 0.971698599800734585940631404810 0.679447915922486433970561847673  | 408.926965505697296521248063072562 1117.118291971031794673763215541840 
0.387810580080659939028464577859 0.421877845611447366280799542437 0.565415504347316244526666650927 0.043679516379315219687384796998 0.570067393680914524800584786135 0.551820559666713061908183135529 0.136539946226850172905642466503 0.225654709789365082173162591062 0.289313794186566997090892527922 0.471665814581178732822763777222 0.632470987645886606465239765384  | 1121.944638813563869916833937168121 782.765366397992011116002686321735 
0.664510967501112603805779599497 0.845750372071324196809882778325 0.328192003351636119035106275987 0.212498920903675836413526667457 0.224735165974052186754761351040 0.726169363690756797247161102860 0.344255424642745500030116545531 0.169394069844995609486204557470 0.479447907587870925105733022065 0.071762435333722285335511514859 0.112727325758163798852251602511  | 596.433307851396307341929059475660 1025.021381353431252136942930519581 
0.344451070532515113420402030897 0.970589627766774043493569479324 0.727163639825012309003682275943 0.611231871881439681182257572800 0.494473453745603475084635647363 0.066136308846173608166907342820 0.161657435164278551198435707192 0.179379309003050546600377401774 0.269823314443076056612369484355 0.796520587665995316584144347871 0.627383920266410988197947062872  | 862.197158648893605459306854754686 518.072532393036226494587026536465 
0.123300988121050170143178092985 0.482624220048538776772772962431 0.015298080702811800435370059859 0.793386292413096438913555630279 0.494155490544168407573977219727 0.621221922010451899076599602267 0.423042789501566707244251119846 0.458856630199422355076421808917 0.541102318517033276101813044079 0.666121467601939687419587698969 0.297158591258771198617694153654  | 826.915607816742976865498349070549 162.190761811134564140957081690431 
0.778752493874263151951709005516 0.073048173585817832709210506437 0.657290036256481635668080798496 0.888743985698262184413920294901 0.556108444992782224858274275903 0.116498009755374831719620942749 0.078196433540542065188105880225 0.289142672290433333515125013946 0.810041164636456034742195697618 0.500068606919435887370184445899 0.117987265637583882416095093504  | 287.801855262261767620657337829471 794.511950487586886993085499852896 
0.625357257945452049696655194566 0.938031584080905256328719588055 0.920378528258265049544206704013 0.087443173632375748027811823704 0.536522478963901261472813075670 0.343153653813753733992086836224 0.731499219245196674599185371335 0.668091872176115098014292925654 0.012809184381756377746341968304 0.091368669128853330363426721306 0.998389499899172916386191900529  | 604.675428970398002093133982270956 906.061031519105767984001431614161 
0.548591780812552998192188624671 0.549439509477372967083397270471 0.139450747317858003704316161020 0.567445129717570551086680552544 0.837425377992494612833240807959 0.788146979649963275171842269629 0.052896060089620777766583614721 0.401251474047328859917627141840 0.782619763043288951820386500913 0.302686161121707764110055904894 0.844382463613079226050217584998  | 812.778388230954988102894276380539 947.389638759681702140369452536106 
0.852602362129190161077474385820 0.101806381879560259307027081377 0.673200287800534424853537984745 0.574094925487338425540428943350 0.978693135213797860139095519116 0.625134956200377289725622631522 0.836225655189296812608290565549 0.538324095197879382013184113021 0.128428715489880218569851422217 0.596261484571852129477065318497 0.110491803739293792396836124681  | 221.639989332287626666584401391447 940.110205747766940476140007376671 
0.391255550919685446409346241126 0.016908580803638884049178159330 0.244794511600543440721367005608 0.944715981066795440490579949255 0.481771174692593895372283441247 0.855597659783996156157570567302 0.621431252206927742243181000958 0.752955338867070000929970774450 0.613225407512318909653004084248 0.895907117211442338700067011814 0.996132730830974200131322504603  | 915.686501018023477627139072865248 646.256959658924643008504062891006 
0.770362012464110068599154601543 0.812907572643402409617863213498 0.036141623569072023336445909081 0.454302063113221965551247194526 0.443297721954840406866082958004 0.504101508053203639647676936875 0.310449537076635473376029494830 0.184906208436078745016573066096 0.663842951730139074761893880350 0.579663170439704500402910980483 0.496928542455571831126803772349  | 330.399583983797640485136071220040 875.883110384013889415655285120010 
0.341770099509053126851654269558 0.809886724518971257147370579332 0.696187622712690301618465582578 0.519613898160262377423634916340 0.098359142213210293270719830616 0.786783238178401234108605422080 0.186320697483521202642009484407 0.391377932174828635503160967346 0.338413330261783329433455946855 0.385164092386854006733187816280 0.652684663601110659492121612857  | 550.136827267289618248469196259975 327.418048746946453775308327749372 
0.553306778646398766952074765868 0.369088734853747935105161559477 0.754537557074168141468817339046 0.801283754423422589496794898878 0.333844916536741309620595075103 0.609598338134780370900500656717 0.897149965994125220269950204965 0.472170225966653478444357006083 0.117779952685629019093482838798 0.180539511882940151288323704648 0.272939191689485660674563405337  | 597.270398964258902196888811886311 706.714276361332167653017677366734 
0.604877839423988428180223309027 0.331430188291481298001883715187 0.764208200968367168393058364018 0.282505512501107558520629936538 0.105521058040114912301987715182 0.737866512976086519337570734933 0.751540857019478147904578690941 0.942108018006359015927841937810 0.420736708661289426913754141424 0.719113871564465156893675157335 0.052842220657902116975890294270  | 782.932051086547176055319141596556 1095.162304694875956556643359363079 
0.631744488416784877315990343050 0.592109847999432781229245392751 0.391409202420396673538505183387 0.112682439838845960267121881770 0.101060102709828014688753228256 0.820147497783505152746386102081 0.419110422330328691309375699348 0.003627069377538538752503427531 0.998757151217317118430116806849 0.523962504864320721686965498520 0.652582059778481049505671762745  | 318.311142546884752846381161361933 487.488268614552623603231040760875 
0.632368060760462258329539508850 0.763202431879586362661882503744 0.849424223689233537371023885498 0.111867533663359108864199242817 0.739893307084836471254618572857 0.027944024575527914855399558292 0.079385150395963832714585350914 0.925976438754052555424323145417 0.828122313420226352498332289542 0.554820524449212815198961834540 0.921033390847763699937900128134  | 758.794893264041547809028998017311 1164.572087289712499114102683961391 
0.090772852954506100253695421998 0.643345402054788184642575288308 0.887869409743477500107644573291 0.506249294213777512041474437865 0.395374035758004560570100238692 0.073638257644675242374887602637 0.571230434391323482756774865265 0.919302907931454638124080247508 0.381537023009315467980684388749 0.653927512383793541062004806008 0.029344273782078045265109267348  | 983.141396190619389017228968441486 141.139655689043422626127721741796 
0.716506675075266885599489796732 0.122169496313705883139277830196 0.038081322543836226834912395134 0.484420692847507772249571189604 0.497730804471421262036301413900 0.157256658909288749015331632108 0.444226201391125563588957447791 0.038394802289665186378897487884 0.254563073128887595864000559231 0.444816878269259308176231115795 0.050057314974775612981261474488  | 665.860568605899629801569972187281 1395.103305123130894571659155189991 
0.410396797443717598063983587053 0.673435348013861068139362942020 0.639160110446319373878054648230 0.217651648296637412194343141891 0.231617218762309007296096297068 0.356166821261473587334478452249 0.868469760361683773552954335173 0.346272035460554739039196192607 0.147883437173141674136900292069 0.133539312726447478851810046763 0.250207465407469409335305954301  | 1306.481992303909237307379953563213 982.208393372345085481356363743544 
0.938182335615639240167240586743 0.362064928638318628273395916040 0.396175764763579074667632085038 0.978890606396122131549475398060 0.782066175239668925911473706947 0.934689729482820919059804509743 0.505896264906117276716202013631 0.841500492308028369414785174740 0.079736303473195158098008050729 0.614187257488815863126774274861 0.377804987631574662465538949618  | 90.608746149592661822680383920670 930.185691626011021071462891995907 
0.318385553610327054485651387949 0.799366908714457924389762411010 0.701470736219641510800215655763 0.066457959070975403115255630837 0.388783914129208540977344910061 0.861733502099326420520242209022 0.694359219991743548128226848348 0.471955492158752765163853837294 0.686350764087529041646007499367 0.574761355387208960898703935527 0.942889415781364426116795129929  | 768.379055901390188410005066543818 419.885983710146149405773030593991 
0.509806089328340705790765241545 0.637661944336008090772338618990 0.568066958598138271874233851122 0.033309107119685932296704322653 0.677462492881096167707255517598 0.789164259151654556845301158319 0.984613178448633719064275737765 0.875640758103198191264482375118 0.812427020075765171647219631268 0.949607970308882887167101216619 0.102319417586451022472715521872  | 737.611905009103111297008581459522 760.692668818387573992367833852768 
0.744364508682131220673738880578 0.719695768933509172349261007184 0.685053784133049847859808778594 0.796260068251779751236085758137 0.090798699838313345900076001271 0.055442287261917022611612537730 0.176661300190338765858655278862 0.560203853137144047735773710883 0.972861386110506543012377278501 0.363706550887246571335253975121 0.835635442056508637165279651526  | 442.639035698789598427538294345140 1042.428282432857940875692293047905 
0.730545932232496642022567812091 0.129354021117978668087289406685 0.579989703960629321422004522901 0.663550260164170735421862445946 0.322857714141787655037774129596 0.191007267480587605845698817575 0.250697968655942182714113641850 0.358719178021487117291599133750 0.148926134277813759787534308998 0.374566707304271218070823579183 0.125755315539874068520020955475  | 543.627350846688500496384222060442 1206.759256278444581766962073743343 
0.412456958329435741106294699421 0.293856347177128052194916563167 0.234526097713990910875736517482 0.062370406306159753562212699762 0.249635945349771071199995731149 0.709636196654337525480116255494 0.750701792469715023514709173469 0.024294016211278135486395512999 0.437525957298477097268118995999 0.817601134494430614729765238735 0.345524167499820511473274109449  | 1079.755516206694210268324241042137 817.238710909419751260429620742798 
0.435660357827211353054508435889 0.865835294163132873634936004237 0.335912026838478761092687818746 0.259429893011229872890055503376 0.281743798138697099098237686121 0.030808959827572812706364402402 0.149097778016965110126079707697 0.495343496606941435800308681792 0.324063386731266778184590293677 0.584170237759877308825195996178 0.360879955050526946003230932547  | 995.090504381635923891735728830099 811.848828163792973100498784333467 
0.263095237031736872701515039807 0.442311643058264203354212895647 0.620852148790250191190409623232 0.383606145703968115512338954431 0.726793852845494803283088458556 0.734977233098862647864280006615 0.166004561448860665784366119624 0.061725227606050148132510457799 0.925313954097604751680705703620 0.664793460287973925204596525873 0.926763374187700605943973641843  | 1250.905043490224898050655610859394 548.551025829812601841695141047239 
0.374171601433688660875986897736 0.249393426305838494805300342705 0.930424774088646877601149753900 0.754886672999834584807388182526 0.796012394250687149721557034354 0.894917502051641666760417592741 0.529394893309571235029409308481 0.823763608093541432886297570803 0.868363054280305135534945293330 0.511572055325241858980689357850 0.146375694472619333197371815913  | 1009.356939460729108759551309049129 672.532579679162154207006096839905 
0.768474066067451722084058474138 0.316894466928892448720489483094 0.221238617105906532067649550299 0.702005565351537463847364506364 0.807401121776619490333359863143 0.389649999565320537264767608576 0.631925325175992314008510675194 0.413948901178951111923254302383 0.208562145855410552286457459559 0.064030087933823920387510497676 0.487143004231830989425588995800  | 214.603721025070456107641803100705 563.841258699540958332363516092300 
0.629062886889154126990320037294 0.307762723526290304931762875640 0.688198804872471092686225802026 0.000242519043932576394695388444 0.779211422565690647878966501594 0.995815119469880438707320990943 0.228281621960590985764838478644 0.542608455246835430507701403258 0.288206241184859379700355930254 0.521760559406279078586976538645 0.567297303546906217519563142559  | 415.865754430763274740456836298108 631.068764948985176488349679857492 
0.354263238837891014654246646387 0.189536332365859427895316002832 0.490955826943778150805997029238 0.964849331209804650377748203027 0.809570342721666280638714852103 0.447092212665427646278715201333 0.687942374830321945466948818648 0.934413387165946240919822685100 0.952244912583884994816685320984 0.946931053871575834079976630164 0.054533091176326320415057580249  | 1114.903195984687727104756049811840 693.525904748164862212433945387602 
0.378281555124440282966702397971 0.133709144558419201764820627432 0.754543258814813988522018917138 0.038595047973023710596862656530 0.734734714054930071469584618171 0.386793138883170017905399618030 0.065910108136169709425189466856 0.697032332137013765915867224976 0.122185005041138494696895122615 0.638557133002841226243617711589 0.852411042027409582289010359091  | 1181.514292980329173587961122393608 798.302525155083003483014181256294 
0.682096122758932277285737200145 0.576161535250755862946903107513 0.565350340633975156912072179693 0.305056567306908998915560005116 0.930068170841837016382669389714 0.719824550587904954390694456379 0.376671395428113786607582369470 0.180420679449983190067996474681 0.577158668159295618060866672749 0.194130781888734338380686494929 0.821543012195875888004081843974  | 403.674600098159260141983395442367 740.042776769318948026921134442091 
0.262361375752566128305431902845 0.842957061981466249100947152328 0.568296420793118262082543878932 0.052857862961805501811340946006 0.836364754000989196747184450942 0.593330277202968603411648018664 0.679214187124021040453669684211 0.821769006972240534381057841529 0.998119979797654210962321030820 0.790110672094817223509721770824 0.506877881848015632293424914678  | 896.342013313980260136304423213005 391.835539554626564040518132969737 
0.669205590523449078688145164051 0.835787762845061510397215442936 0.318146396285000299108958188299 0.203049887314934784932063394081 0.430464778835905281795248811250 0.923225054653681986849278473528 0.612540284404998414125032013544 0.568381690596954425309661473875 0.145089163978165291979394169175 0.386876624096923027451566667878 0.777104570678595396593379973638  | 494.300786299882759067259030416608 864.094314221733384329127147793770 
0.995405550477125089514629507903 0.669412814747902262801915185264 0.702487955457238522072316300182 0.966613280740200031537767699774 0.878795791872309384196171322401 0.635084511868516443655607872643 0.098048633164957044172638234159 0.358914635380916391405037302320 0.267716866747554793626306945953 0.232764084204085786033999738720 0.380161575326786072004381367151  | 8.257367980275226670983101939783 1144.144131270662001043092459440231 
0.343598472463601978255098856607 0.247665376966798356228594002459 0.202807285127962200199647213594 0.416588317769929772360626429872 0.183743251568235232973336223949 0.635445329300264427629940655606 0.773807277483331779066588751448 0.509644720636140080571863109071 0.070175442405886800933956237714 0.707321878049244290309616189916 0.295219498662009249834170532267  | 679.487413370066633433452807366848 407.049280565439573820185614749789 
0.799056964572160466353523133876 0.569944790156850067397442671790 0.635643752559006736113644819852 0.227580215384598494310353089531 0.753211269847704922852926756605 0.497875603555804402411411047069 0.545336167581466746412388602039 0.479110034994338573888228438591 0.835216146507817946975649192609 0.553826145448321094377774898021 0.029597291548480342271432164125  | 439.246477195684576599887805059552 1345.078737770110819838009774684906 
1.000000000000000000000000000000 0.599949380164272461080088305607 0.499999998623366026517800264628 0.500000000698120672382174234372 0.599949387918179977141619474423 0.599949360770952178079085115314 0.300101257278308497511432051397 0.499999986332259394039567723667 0.499999999752307133782380788034 0.499999943087491960369561638799 0.400050618684055447893399559689  | 0.000000000000000550843019481602 8.995949197190910240351513493806 
0.000000000000000000000000000000 0.599949380164272461080088305607 0.499999998623366026517800264628 0.500000000698120672382174234372 0.599949387918179977141619474423 0.599949360770952178079085115314 0.300101242831451120451902170316 0.499999986332259394039567723667 0.499999999752307133782380788034 0.499999943087491960369561638799 0.400050618684055447893399559689  | 8.995949197307972156067989999428 0.000000000000000000000000000000 
0.000000000000000000000000000000 0.599949380164272461080088305607 0.499999998623366026517800264628 0.500000000698120672382174234372 0.599949387918179977141619474423 0.599949360770952178079085115314 0.300101242831451120451902170316 0.499999986332259394039567723667 0.499999999752307133782380788034 0.499999943087491960369561638799 0.400050618684055447893399559689  | 8.995949197307972156067989999428 0.000000000000000000000000000000 
0.697706202509494222141483987798 0.599908290388416642890945240651 0.500042897171940281531021810224 0.500011349741442234773103336920 0.599966936168727094091934759490 0.599904580895083916480814423267 0.300091509605510009528472892271 0.499976527012464366794830539220 0.500005019970194086731396510004 0.500038223673724191442602204916 0.400028075829975848787256609285  | 4.113706863284398274061004485702 8.002194749301910547956140362658 
0.724919817931538812416647488135 0.599939543758040261245412239077 0.500076319920142342567714877077 0.500030008904447043072138967545 0.599935588188471813353430661664 0.599973750704491992635780661658 0.300099136123143261922763258553 0.500027342850067668678093468770 0.500016255619257443676417551615 0.500019199085009136140911323309 0.400055386011433422588368102879  | 3.768016140102821598389937207685 8.170751969897606770132370002102 
0.775829596032246993075887075975 0.599889403967738821243926850002 0.499978936288089814699020507760 0.499962674460603440085293414086 0.599959606905040354618563469558 0.599997121879644379482954263949 0.300112402179747050912084205265 0.500008808506098190171940132132 0.499983653401586736197970139983 0.499996111949316923706021498219 0.400041141979894654401306297586  | 3.103222128672621593636904435698 8.445527517448832455215779191349 
0.128273366010762501776554245225 0.599906929922370268926101744000 0.500020164086741436548777528515 0.500000705264730282983975939715 0.599931336701849504677852564782 0.599897324706189283283208624198 0.300083546056200411999981270128 0.500042754306058934155032602575 0.500034862259570944686970506154 0.500032702535967210621947742766 0.400009144668228899810458187858  | 8.816157802773689766695497382898 1.800815892059010048242839729937 
0.757483100764023031814531350392 0.599934760824839430348731639242 0.499976090633324654621816307554 0.500011271938235357659152668930 0.599994377223979524771380056336 0.599946280244044949370163521962 0.300110921774004335560448453180 0.500008674592839374994923673512 0.500000146423940305950850415684 0.500045697272760714113815083692 0.400024774346997902263467494777  | 3.345103299749338177093704871368 8.352140779318425245492107933387 
0.320500264421712866003133513004 0.599995405071429455112763662328 0.499994635166031486939175465523 0.499991396108568408873651378599 0.599956068688368815422506941104 0.599951081129744157038885532529 0.300164792268231062077887827400 0.499988752201286690279857793939 0.499953398243420499280631474903 0.500013975535604116018362219620 0.400013196345209542936771640598  | 7.881566923401768676171741390135 4.340996856953653448840668716002 
0.863766452292041742033745777007 0.599930836658284727391787782835 0.500010790155538953349889652600 0.500017795095969774799016249744 0.600003310145990620405598292564 0.599934838421537386388138202165 0.300098148172653511611684962190 0.500053247605509287865288570174 0.500037220689334649392776555032 0.500003673770921697183666765341 0.400064139732292822770887141814  | 1.910779362545694137764940023771 8.792360515665393450035480782390 
0.454122596095910935343198389091 0.599949920120825486158366857126 0.499980042315669948038703296334 0.500009688527684792447303152585 0.599970184942498097058205530629 0.599923149222699736426989147731 0.300112643979567772500871569719 0.499986885533870883957519026808 0.500002503969414147100280843006 0.499989481232488819362203003038 0.400066218774546789038737415467  | 6.802935933085910491513459419366 5.886870653112965534603517880896 
0.626104255613497251431454060366 0.599944358143776779179745517467 0.499991595346119921394745233556 0.499986914564391649040686615990 0.599978340150276956421748764114 0.599936076693971531703652999568 0.300106545561105664265966197490 0.500028572267164683751161646796 0.500015024120023521270184119203 0.500023027199392178232528749504 0.400051599145013925262759357793  | 4.985215442839123767271303222515 7.488990417396799159632791997865 
0.575515694170590785816443712974 0.599944090113139982811674144614 0.499959692052496906811143162486 0.500002263192977358663426912244 0.599994068700929528148435565527 0.599942989426592077073507880414 0.300129745585927976136986217170 0.500022963727566160940796180512 0.499955398311642096320639439000 0.500010714211987172816975544265 0.400024940599425560261437340159  | 5.564565744872909114349113224307 7.070390717689148729618864308577 
0.849866805467161645637474975956 0.599978223613089167720602290501 0.500013846786663829213637200155 0.499979500245776975475564540830 0.599910661601466888015465883655 0.599956944665897329294068640593 0.300123525464015217245616895525 0.499962667086672751803888559152 0.500006933016049037732386750577 0.500016959650933623393598281837 0.400058229869422077307206109253  | 2.102136487373849504933787102345 8.747965224368325465320594958030 
0.923226884848555640061817939568 0.599953085810770114782997097791 0.500034520552298467066520970548 0.499988859743370261945472066145 0.599910423344927279387661656074 0.599929692738566999743454744021 0.300115548921960517692042458293 0.499964869025680380687504111847 0.500069158720762962921924099646 0.500053408797236031979593917640 0.399995267166262435942769570829  | 1.082603415735828855659406144696 8.933627599105919969701972149778 
0.934776615123183995947897528822 0.599951766177355350073696627078 0.499985438378100999212705346508 0.500032378667094823398997505137 0.599936701004769035172614621843 0.599897491336987997989638188301 0.300101621164386933582335359461 0.499993583491565030119119228402 0.500042331328233391474213931360 0.499987185975515613378661328170 0.400052836694178237664232256066  | 0.920170945191434941357044863253 8.949979534525663638078185613267 
0.223213092313180261339056187353 0.599956995892880540210967410530 0.500082976508014476202390596882 0.500032080208687501610143044672 0.599939942835388650976824465033 0.599929576028545130661484563461 0.300067110498682121377811427010 0.499967871277951780850656859911 0.500004648412473051699578263651 0.499995320620341243689210841694 0.400058457871836303798573908352  | 8.450623055630293478657222294714 3.090679160662177960006147259264 
0.511605093493448515040711299662 0.599950981173602904128472346201 0.500022267369506057121952835587 0.500017515405520529547800379078 0.599971300916635530420251143369 0.599932962182286866337221908907 0.300162851840655886537234664502 0.499997368767786276588793725750 0.499962414836889912361783672168 0.500008539068600321719770818163 0.400108114895836142199669893671  | 6.245478803622221519731283478905 6.477433496759660513930612069089 
0.282127421655851806647774537851 0.599926444273294334763590995863 0.499978289041318635366195621828 0.499989242388302113084819211508 0.599993257363665488668402758776 0.599890909761766621954848233145 0.300081560716282447209835027024 0.500005865296366924788173946581 0.500005087083647881129877532658 0.499990879433130419595698867852 0.400014033610378960670317383119  | 8.128418670905954712679886142723 3.858173727272623754203095813864 
0.537426421499624940025796604459 0.599933915867857048276334808179 0.499972358438822372939114302426 0.500021063534444976106385638559 0.599991672864180092261676691123 0.599927682014777308161512792140 0.300100288117428559697685841456 0.500005396531522761094379347924 0.499998656936157914731921891871 0.499980039317698909950848928929 0.400061995585538732189689881125  | 5.976918037922136939243955566781 6.724485943378626373601036902983 
0.653143685587042721607531348127 0.599948747084808386986765071924 0.500078583361927675454694508517 0.500044995574125072934634772537 0.599949387918179977141619474423 0.599908691701272589469340346113 0.300054514650612669246498853681 0.499985181916923537848163050512 0.499988824470427306589925819935 0.500018434830528213375089308101 0.400110902156271819318789084718  | 4.664110977625063547691297571873 7.696187507857636056485262088245 
0.077668979755747602489179826080 0.599917185937529406913881757646 0.499976845420023796595643261753 0.500058463477242698402847054240 0.599934073781509202838435612648 0.599951958652005901129200537980 0.300146739391929706641803932143 0.499997013341571039379829244353 0.499960531600346702596482373337 0.500018072269067581636647901178 0.400058450559299227933252041112  | 8.930895574704690531575579370838 1.095026827858045059826963552041 
0.112150977432484907914123084538 0.599940193466688809209585997451 0.500025368462040709083282763459 0.500015499395959461814697988302 0.599948938215543514651528766990 0.599925692598983650860589023068 0.300073664653686900116724700638 0.500016415018640247858172642736 0.499976129159732329831911101792 0.499998439644870895648409714340 0.400030186304766111060615685346  | 8.857407407078499161912077397574 1.576721889368635887151981478382 
0.329155436667131207073566656618 0.599940514220995035898909009120 0.499984937468976375907203646420 0.500024724179640167598392963555 0.599953155716957953202950193372 0.599935003793179100206600651291 0.300105967680733332070275309889 0.500010822366266260985412372975 0.499987600907142892836532155343 0.500023752140718036329758433567 0.400057350318091697882749713244  | 7.820421178693597319409036572324 4.446949609693075622374180966290 
0.425799229573121995606754808250 0.599942545372042945750479248090 0.500074260901897216236022813973 0.500014591419221998691568842332 0.599924813875472473512218130054 0.599964427718481463358557448373 0.300127424217770166769980733079 0.500031164439868391902166422369 0.499999482656916682810077645627 0.499983534833084775073075434193 0.400031166479877076103122135464  | 7.059054166435500654586121527245 5.579293546841268991443030245136 
0.160666693080182915176479241381 0.599942489893855790406007599813 0.500043306285476107930776379362 0.499941184231026181095103311236 0.599881381457970874748752976302 0.599920443157904270670144342148 0.300097334574770113757580247693 0.500019917929127588607229881745 0.500044278898674421363068631763 0.500001130464026277699929323717 0.400131845803972152619820690234  | 8.714765514150217384781171858776 2.247302187600714873383367375936 
0.983818260890922835493199727352 0.599941112279621657776829124487 0.500001471688777510138379511773 0.500017977649261702310923283221 0.599895476729218724010195273877 0.599969371476560486833307095367 0.300051435590598769564962822187 0.500015528199056369373920460930 0.500041906729687624100222365087 0.500012774949072924535187212314 0.400052218002167170318728040002  | 0.228678243518645601950467494135 8.994690643638277194327201868873 
0.837336170700474724526429781690 0.599940514220995035898909009120 0.499984937468976375907203646420 0.499996943738846066906944543007 0.599953155716957953202950193372 0.599935003793179100206600651291 0.300080761500961246124319359296 0.500037220933178705450927736820 0.499987600907142892836532155343 0.500023752140718036329758433567 0.400057350318091697882749713244  | 2.273796297053572779134356096620 8.704480607911493805772806808818 
0.091215506631919573976574611152 0.599942545372042945750479248090 0.500074260901897216236022813973 0.500014591419221998691568842332 0.599960563167710736465210175083 0.599964427718481463358557448373 0.300127424217770166769980733079 0.500031164439868391902166422369 0.499999482656916682810077645627 0.499965310136925522588313697270 0.400044229590711175603701121872  | 8.905530515069935759697727917228 1.284797277090128586607420402288 
0.011933070869766623789409720757 0.599994515473982192865776141844 0.500023228158296029199902932305 0.499987922209968516096267876492 0.599966628966181025894854883518 0.599950711903735056651498780411 0.300086407278778499740923280115 0.499985162634798141478853494846 0.499998802125701524712297896258 0.500036997890444534498044504289 0.400052440070817860728880077659  | 8.995324249037100372561326366849 0.168631921012202479204233895871 
0.564148451806116613127528580662 0.599936754841283503836280033283 0.499957685070980317743050136414 0.500006391859929677501384048810 0.599954121906716819623284209229 0.599982920543442710403780893103 0.300123221729719946715420064720 0.500008850702126639298228383268 0.499972377317264959906140120438 0.499992008116534436545919106720 0.400003886371034844682270659177  | 5.689782390270826439859774836805 6.969743739143077654318858549232 
0.646232374235155337949265685893 0.599984905417469627231241702248 0.500012329726432391829860080179 0.499992470974639557912411191865 0.599937680210530954738601394638 0.599898110306685605763732382911 0.300083118952548744129416036230 0.500034127623877222568182787654 0.499966180016173378231059132304 0.499974479869498833473073773348 0.400079915525582863189413274085  | 4.746555435317792337457376561360 7.643762125315741506881295208586 
0.305639766017761049798906469732 0.599929071004622338492140443122 0.500028783151236111415016694082 0.500026315647465247060665660683 0.599941553765835355882529711380 0.599933919608631627262695928948 0.300056880010399262825870891902 0.500054341561034787488893016416 0.499963765400093018698157720792 0.500030259327386650269886558817 0.400056436247564428665413061026  | 7.980604588818744460354537295643 4.155781610943379611455839039991 
0.439114360782695722917878811131 0.599944357190444477190283123491 0.500083046801985453555516869528 0.499955456090024730197995950221 0.599874362744934330748947104439 0.599956969529729655654648468044 0.300036576455512848937701164687 0.499932840535758815647682240524 0.500052782120499639262334312662 0.500041603726919192673960878892 0.400078401887617507437511221724  | 6.943821401044456109730163007043 5.728176306788378191470201272750 
0.441203576543599651493821056647 0.599968508029879110665660846280 0.500028783151236111415016694082 0.500026315647465247060665660683 0.599941553765835355882529711380 0.599933919608631627262695928948 0.300080719050871524977708304505 0.500054341561034787488893016416 0.499963765400093018698157720792 0.499968298071292338580207115228 0.400056436247564428665413061026  | 6.921847001885812034061018493958 5.748326615818989182571385754272 
0.674893058628149411504182353383 0.599973052316218891100163546071 0.500003461050001707377532511600 0.499984648824055355476048134733 0.599945607113156587075764036854 0.599920998617144984876858870848 0.300122673082488855555993723101 0.500010593798351998806595020142 0.500048602070402359309753137495 0.500005027107219723880859874043 0.400064777458238596263839781386  | 4.397392196571932920790004573064 7.849015722256146077029370644595 
0.612833905928709343768900907889 0.599965618611162598838859594252 0.499990362596846205089917702935 0.499975915830998707267696090639 0.599937880164432058016643622977 0.599971025063009255617885173706 0.300138052777691122230407927418 0.500030381755430020085384512640 0.499974997323846814811787453436 0.499997277734352041367316132892 0.400039831784800792302547733925  | 5.140418708964666016925093572354 7.383726231614719637263988261111 
0.821678005449156589889980750741 0.599957525278409509184029957396 0.500073145772440885714615887991 0.499985791010325475447473309032 0.599978536916939697576367507281 0.599874068346754940606047057372 0.300054811724175696241445621126 0.499965713180473503296497028714 0.500012474756713287682430291170 0.499995731245551633392665280553 0.400045031479580370792348276154  | 2.487867079745386789113581471611 8.648314212470229023210777086206 
0.584693390958005765334348780016 0.599921050392038579524012220645 0.500033740091699985264028782694 0.500015449469622508260613358289 0.599865869119341366122455383447 0.599956969529729655654648468044 0.300096201227476155892759379640 0.499963922539658600641132579767 0.500050735415361824465207973844 0.500041603726919192673960878892 0.400106703761341164771181411197  | 5.463283286762145252168920706026 7.151472018162618127234964049421 
0.531330078157607244015991909691 0.599940538933453115788552167942 0.500003467467944662239176523144 0.500016896734888360853688027419 0.599962226184093450065404340421 0.599989783494544903774681188224 0.300107790004430108332655890990 0.499930830306326123846361042524 0.500047576052038533767074568459 0.500005163531414997812873934890 0.400056061920992855895917728049  | 6.041707807514538508542045747163 6.667682661395005538906843867153 
0.211873205685912169293771967205 0.599968327266204082270917297137 0.499981247223065972118405397850 0.500018108548743178687345789513 0.599966917954323442074837657856 0.599960115122683212973697663983 0.300136713416572498136503099886 0.499971482460124239111110000522 0.499990173010277760834441096449 0.499990111592337915791262048515 0.400095281058148899422377553492  | 8.503392568606841450673528015614 2.939343822144468099111236369936 
0.503189724775585545124556574592 0.599974872749305720986967571662 0.499976304075202604426664265702 0.500066115394691257378667614830 0.599945676796204918623800494970 0.599964575314928971749850461492 0.300101046042468011521009429998 0.499991273896977783675055206913 0.499991188889240989468021325592 0.500050132283095027929675779887 0.400078585550497523026791668599  | 6.330434235622952598987467354164 6.394190329359656033147984999232 
0.482625953347402714133096424121 0.599979729739311795633227575308 0.500027179106610542014266229671 0.499996978630684152378194085031 0.599869555874622650826211156527 0.599965903088475416282676633273 0.300089872138338320528561098399 0.499964184604148875745721625208 0.500063432749185521331014570023 0.500047231075897880003822137951 0.400022014455447771918983335127  | 6.534716743328559118708653841168 6.187429303004392977527459152043 
0.875725541691441122793548856862 0.599942946654507536230482855899 0.500005820882443718922161224327 0.499992541124377465333594727781 0.599935401745164798015252927144 0.599887575274124951185683585209 0.300087821727091863532876914178 0.500029676418257462700012183632 0.499967407204853608870820380616 0.500032422640572793426372300019 0.400094326568410485478466398490  | 1.745319491010423496035741663945 8.826876754820863979489331541117 
0.680399691091947755872126890608 0.599953156029345957556131452293 0.499981802409777076334762568877 0.500004108734593000207269142265 0.599938073178149067210540579254 0.599900774988637808249336558220 0.300086259496806839752736095761 0.500013284040129013519049294700 0.499999460654285743377300832435 0.500016988864137479353644266666 0.400056414859659148497428304836  | 4.329221126432119426397093775449 7.886548657724961941539731924422 
0.272596038712821897576077390113 0.599923715630562459644181672047 0.500009919354563070470476304763 0.500016598547589397050217030483 0.599929762665170951407844768255 0.599905257357488341796170061571 0.300066557582434334516818807970 0.500047018462792647319758998492 0.499970601333205699745576566784 0.500015112329130317903036484495 0.400032346383136783174450101797  | 8.185247416143290877243998693302 3.736038203393296619481134257512 
0.140935128176338991812244216817 0.599970946699382445821413512022 0.500042383255564937272197312268 0.499912389773568222040012187790 0.599957424068200517730531373672 0.599956523530697394264166177891 0.300076078205570584422900992649 0.500055383623736915410518122371 0.500018137399640627549501914473 0.500004721420417852506545841607 0.400051182879535949243887671400  | 8.779123672117574272988349548541 1.975911030863204187468795680616 
0.401508185439067966093773520697 0.599941379908870864312575577060 0.500026811520146052814084214333 0.499974757061106223066104803365 0.599986626677518786188159083395 0.599885430425587395930620004947 0.300124202646166848840181273772 0.500036242051674517661297159066 0.500016108808350789871610686532 0.499968640248717788310273135721 0.399995297943580629951298988090  | 7.267408479792487163706482533598 5.306431769215183003041147458134 
0.037769503587464635374626453768 0.599986371325544332044898965250 0.500005092205869638988247061206 0.499952939712258015436674440934 0.599986619851689995108756647824 0.599972095335905564184031391051 0.300098079924548566399522542270 0.500001142575568824355514152558 0.500032104850952063834768068773 0.499953201153295834213707848903 0.400089086854416464689165877644  | 8.982137617890529668329691048712 0.533520149137692301088975455059 
0.150467676924530197046792068249 0.599925409078166382847996374039 0.500016548920534376065916148946 0.499970669053262761760692001189 0.599953385677451045410180086037 0.599941162077248457684675031487 0.300059730334556518105415534592 0.500030981914711736280310105940 0.500000286043019270820764177188 0.500010936716015041980654132203 0.400060560736864967434911477540  | 8.746746762391842011652443034109 2.106705245664455272702753063641 
0.896407837311845812067190308881 0.599918575197321057856925108354 0.500009256473128105291436895641 0.499985139451286753065062384849 0.599974433872504375742096272006 0.599982379413744770779715054232 0.300111136744016737676332695628 0.499993510330979495925873834494 0.499967817496011657230070568403 0.500023559415749718759514053090 0.400048175313901910321590094100  | 1.457539705364410576038380895625 8.878029835212444709213741589338 
0.169870954040648391991652488286 0.599931423699287647011146873410 0.500002650142314153391964737239 0.499980405223639512435340748198 0.599975014144985552277944407251 0.599985695826873777214416350034 0.300098589539560867134326826999 0.500000295645265269151025222527 0.500007595829307205370639621833 0.499977014363540195329704829419 0.400059195669403622197535241867  | 8.678230102891568265022215200588 2.372204437211728134116128785536 
0.909578735189123577242753526662 0.599948935839931918323486570443 0.500007054693883179474767075590 0.500003756647579455929530922731 0.599915401691779370807466875704 0.599976891498808728719893679227 0.300102186720642483130916389200 0.500011323986551792231125546095 0.500004179128457848513278349856 0.500014506221412635689205217204 0.400083157237113073989576150780  | 1.273528238950200286438985131099 8.906024560915284382645040750504 
0.602707701710993859478548984043 0.599982013848117889942557212635 0.499974103864782581929659954767 0.499988021040286001461794285206 0.599962174385220259331674697023 0.599947147959792648208576792968 0.300095140637221424739777830837 0.499993474722633113316305752960 0.499988798364351505476577131049 0.500003197681931799145615968882 0.400036487100779991621379849676  | 5.256968398291831157109754713019 7.300694792293359824952858616598 
0.964649793717076375898500373296 0.599957687310655130019654279749 0.499995503534579888160749305825 0.499968112295756661467294179602 0.599914290164965890994608344045 0.600008320762128288805570264230 0.300108924625165307542573600585 0.499996843051653594436345429131 0.500008660891312017859888783278 0.500028397989366490961060662812 0.400051128312589598934323475987  | 0.499344293543211470431941734205 8.983417397260947012682663626038 
0.549338825123665497329739082488 0.599923179881332369056678999186 0.500001525030919991010591729719 0.500026315647465247060665660683 0.599962165514464351723233903613 0.599933777050905892025411958457 0.300134946946127079137056625768 0.500014052276813170117009121896 0.499989927038711368112444688450 0.500042757236435875256574945524 0.400071835392693753163939618389  | 5.850208948317402679606402671197 6.835326916694280718900245119585 
0.890287964050972435714470520907 0.599968327266204082270917297137 0.499981247223065972118405397850 0.500018108548743178687345789513 0.599966917954323442074837657856 0.599960115122683212973697663983 0.300136713416572498136503099886 0.499971482460124239111110000522 0.499965832186135217263256436127 0.500003963456922884134314699622 0.400095281058148899422377553492  | 1.542883921361864585364287449920 8.863997428820249879777293244842 
0.243077925001787986669654628713 0.599966188233735042700800477178 0.500091881450276054543735426705 0.499988624305446049955747866989 0.599986063414475023769512063154 0.599899058713539101717060475494 0.300070386426333934881682807827 0.500058056343457679737696253142 0.500003953139499635049958214950 0.499986171653235056400177427349 0.400049115494657492320129676955  | 8.351277550993611242802217020653 3.353300746098733853273188287858 
0.207264011697309180615178547669 0.599927269063539991833522435627 0.499998290579612314488144875213 0.500041386421048672517031263851 0.599971621065501170555478438473 0.599944259977233218528169800265 0.300116448872966345984281133497 0.500048301350278556753892189590 0.500026139828352089722329765209 0.500018193749226069755309254106 0.400024816409499495151180781249  | 8.524684536936858236799707810860 2.877780815333858210891548878863 
0.786829610882705310359597206116 0.599975159451096917706536260084 0.499968704057460189282835472113 0.500030147328111906901426664263 0.599938399621344653489529719081 0.599950578268082734822996826551 0.300142638327590638436248582366 0.500015008824725937230937233835 0.499981440273146948705118575162 0.500010748400119942047581389488 0.400059726485090139114220164629  | 2.956627624390341324556175095495 8.497280235253768410075281281024 
0.391381740524139876136189286626 0.599986371325544332044898965250 0.500023615248977093550308836711 0.499982256821953130465630010804 0.599986619851689995108756647824 0.599956113737196594648537484318 0.300149991744544875071909473263 0.500001142575568824355514152558 0.499938122139605978233589667070 0.500018789569125488014833535999 0.400081636596813283723861331964  | 7.350594778339743839978837058879 5.189955334419929400269211328123 
0.949427513567019931706170154939 0.599908598768773004827892236790 0.499986648094033814260228609783 0.500021422627993983311966985639 0.599951321492114497679892792803 0.599879983429063567967887138366 0.300090320186325809626026739352 0.500035406418857908406039314286 0.499960850803296497080197013929 0.500045012660980003893484990840 0.400063386609668114601845445577  | 0.714069889214066111371437273192 8.969983433182054710641750716604 
0.637285252798058476919607073796 0.599973186515678880148527696292 0.499952844168390309054217368612 0.499993432516395108766715793536 0.599929264003039586228283042146 0.599951362039396252079370697174 0.300163219922394974847890125602 0.500014705096655243110603805690 0.499978961179003256187769466123 0.500008077316174137649795738980 0.400091717567080007444957345797  | 4.853627613177251554077429318568 7.576485412722131052021268260432 
0.422008285878392286338822714242 0.599982411075715260651008975401 0.500001525030919991010591729719 0.500026315647465247060665660683 0.599991584976044101118475282419 0.599953203522858857787980468856 0.300096451764945815199325807043 0.500014052276813170117009121896 0.499989927038711368112444688450 0.500016295751328110341660249105 0.400049837086996040724784506892  | 7.091415022839808735000133310677 5.536583918108749280406755133299 
0.880487402756701897921232102817 0.599961512511561823046690733463 0.499953408722855541235219334339 0.500072874214866680553370770212 0.599954601797053177492102804536 0.599949479701354815297520417516 0.300170837326791117849467127598 0.500029175466968012209179050842 0.499995903944167929822128826345 0.500011811459707633531479586964 0.400092516174736623213448183378  | 1.679469244592148635675243895093 8.840854434586773891169286798686 
0.410638313927693232585625082720 0.599932866863588598604906110268 0.500010850346043644876203870808 0.499987922209968516096267876492 0.599987508416503168007238855353 0.599917270514259137748069861118 0.300151723935592140701800190072 0.500004073138072269166798378137 0.500033181570781914970780235308 0.499979727391948236547847272959 0.400003188297120448879695686628  | 7.189978136172352485289138712687 5.409669905293484681862992147217 
0.489681356843866211203675220531 0.599944752361613153901487294206 0.499968057211382432836188627334 0.500025653344880582906739618920 0.599927625079620052694906462420 0.600007099895657813881655329169 0.300120113142099464997869517902 0.499919811606550579252683519371 0.500008812912613342938072946708 0.500007901292020107142377582932 0.400053795600331496551405052742  | 6.465125638724745549268391187070 6.258870847654704583362672565272 
0.347978398737294969400579702778 0.600000019651192428860042582528 0.500050572300058226993257903814 0.499987609794925846884439124551 0.599949371964611177787674023421 0.599959443488219945628259210935 0.300057271407092096549007465001 0.500045416440568657456822165841 0.499988052919363601400704055777 0.499957076649608200824559389730 0.400035829345379567723028912951  | 7.687149021518988156742580031278 4.677178522591018960952169436496 
0.027069909305104337265968084125 0.599948935839931918323486570443 0.500007054693883179474767075590 0.500003544056648152604793722276 0.599907975138888271970927235088 0.599944259977233218528169800265 0.300124331620282958077439161571 0.500008770322576845401840728300 0.499980512114150621449937261787 0.500005514795014871509692966356 0.400056157228638131773124086976  | 8.988380361072426438795446301810 0.382428257084347578143024293240 
0.521716864160827853424962086137 0.599933452037091030639714972494 0.500090072463727053353466089902 0.500016753648772405149713904393 0.599956165759032211681756052712 0.599884415811446358723912908317 0.300042588084157180183808577567 0.500022875159512603104872141557 0.500031687286871751041417155648 0.500034375880094916766438473132 0.400056061920992855895917728049  | 6.143017241959789487282250775024 6.577104218135104041209615388652 
0.664380772378753148288410557143 0.599967348335031069872513853625 0.499994151098925532217265299550 0.500004420691988027414254247560 0.599914834046121780986027260951 0.599891684083935228244399695541 0.300073775785128282755920281488 0.500037500777348209446415694401 0.500006065117875375669598270179 0.500009125438852009004619958432 0.400048479586291361176364489438  | 4.526633235828464663086379005108 7.775745654317032240498974715592 
0.948231234254786170545514778496 0.599927230878072315078952669865 0.499960278706916616542343945184 0.500080963223658137017935132462 0.599941282490669913762815212976 0.599960919172865314585862961394 0.300132944639317555957092054086 0.500031164439868391902166422369 0.499967807565085353704859016943 0.500008008265315329055056281504 0.400092197639022650879070397423  | 0.730946871374478668315077811712 8.968903786572154146483626391273 
0.045267643643565391720073876058 0.599934760824839430348731639242 0.499976090633324654621816307554 0.500011271938235357659152668930 0.599933307611736466036234105559 0.599946280244044949370163521962 0.300076788747868028472964851971 0.500003991916501244752168986452 0.500018958883655217917407753703 0.500045697272760714113815083692 0.400053444755512521702200956497  | 8.974053834671114060483887442388 0.639188931449906516668590938934 
0.413591787088833096053264171132 0.599932866863588598604906110268 0.500010850346043644876203870808 0.499987922209968516096267876492 0.600000854913616543662158164807 0.599917270514259137748069861118 0.300151723935592140701800190072 0.500004073138072269166798378137 0.500033181570781914970780235308 0.499979727391948236547847272959 0.400074299417380929710930104193  | 7.164725915890353569182025239570 5.442908945142374221859427052550 
0.803546981294935402928558687563 0.599957636496557977778820713866 0.500064774363479291885425936925 0.499964875588469692679893796594 0.599945456669002674665591712255 0.599925219449433222429490797367 0.300083545143806529331698129681 0.499980803585575672709495620438 0.500001117624209623357955933898 0.500017316606343409368662378256 0.400040580887605801141404526788  | 2.732620438922253036651000002166 8.572362888627825583398589515127 
0.232586486034788597621059125231 0.599926449603159661627671539463 0.500056497518274301050666963420 0.499982931198572844166960749135 0.599967716272881590455767764070 0.599977070487249020125375409407 0.300089130389104008500567033479 0.500014510180684990103827658459 0.500027192238589490713707164105 0.499992310774724224575749076394 0.400052083874924191420063834812  | 8.403375160797271092860682983883 3.214447558168276763979065435706 
0.197931249155578886655959536256 0.599956975055519703410311649350 0.500028876816694389795259212406 0.499934386560493770890190035061 0.599905115802577215688984324515 0.599921707831823636247747799644 0.300084551576882352375008622403 0.500013219846320300376874001813 0.500047907523260004580833992804 0.500000115779060561038704690873 0.400123232075467960555670288159  | 8.567641439604882336311675317120 2.753047238624892756320150510874 
0.022238695089685928119038749173 0.599954179375143170638295941899 0.499946863764547388964132323963 0.499970914519920262009122780000 0.599894467156607547053681628313 0.599996192520108939660872238164 0.300174311373078761544519466042 0.500008282434972528562866500579 0.499941046231651031739318113978 0.499969319515515597807109315909 0.400046131972016327793539858249  | 8.994159656302766592261832556687 0.314315988698929071887278041686 
0.746615628147578536122352943494 0.599961279725359064585177293338 0.499975024988890015542608580290 0.499983095606204575034325898741 0.599975381162660581502166223800 0.600000978682190710955524082237 0.300120621325877523499769949922 0.500045587173272632064424669807 0.499994452462967475803168326820 0.499999943087491960369561638799 0.400003823461906105052321436233  | 3.487429420810046920564673200715 8.294405258307678607820889737923 
0.738157497024398256968424902880 0.599900782293751655416258472542 0.499985077776229969170884714913 0.499979142893303973860241740113 0.599942897812441255922522032051 0.599992989806040877276416267705 0.300101242831451120451902170316 0.499970660425729851450427076998 0.499995809011387570830464710525 0.500029568572122107283917102905 0.399996208753908677469013355221  | 3.597366091005818500292434691801 8.247451148369282947214742307551 
0.633755293285759968568982003490 0.599975995065620826274255250610 0.500105473637453612489878196357 0.500013037860175146853691785509 0.599972583895988842428437237686 0.599989719478920546791300694167 0.300056619721983997006731215151 0.500058410848056689168572574999 0.499984247935159942244354169816 0.500028176063802010098413575179 0.400042106880895753651117274785  | 4.896766687092954484228357614484 7.551312292398576708762902853778 
0.294806162606524979619138093767 0.599970946699382445821413512022 0.500011416691166332704199248838 0.500025393108064597491591030121 0.599903324181557451311164186336 0.599915510219194536567499653756 0.300079198930518764587560553991 0.500062750174783743339901320724 0.500001762819936468318360311969 0.500006890643695633968945912784 0.400040334757644999719161660323  | 8.050107886098125220541987800971 4.019348319135287006531598308356 
0.840165123966057802995521797129 0.599975995065620826274255250610 0.500005708405220183898620689433 0.500013037860175146853691785509 0.599972583895988842428437237686 0.599989719478920546791300694167 0.300124758353985776615502345521 0.500058410848056689168572574999 0.499984247935159942244354169816 0.500028176063802010098413575179 0.400042106880895753651117274785  | 2.235341735002502439044747006847 8.715465437039842555577706662007 
0.462417513042983840954036622861 0.599931182303060750449219540315 0.500021425972540511928343676118 0.500009553561492570139535018825 0.599986255541056556772616659146 0.599945276928062987131795580353 0.300097899999104134050043057869 0.499988036810241676111132846927 0.499983681906802313044124730368 0.500012312807163850081337841402 0.400059726485090139114220164629  | 6.725751307097377562627116276417 5.975091996231696178654146933695 
0.597652899244250801480404788890 0.599972108752613753068771984545 0.499940501645190993329492812336 0.500008598689485328492310145521 0.599880258600394955514900630078 0.599988398749554452393795145326 0.300144244210040656017923765830 0.500013219846320300376874001813 0.499963452325015655919315804567 0.500045281931625784643813403818 0.400007459774959606146893520418  | 5.316547812866691202771107782610 7.261152403149673695281762775267 
0.906784972825079083058597007039 0.599927344328718192834060118912 0.499990362596846205089917702935 0.499975915830998707267696090639 0.599937880164432058016643622977 0.599971025063009255617885173706 0.300138052777691122230407927418 0.499985292579952889102656854448 0.499994055546734927908403278707 0.500018655636054520918776233884 0.400008764690815699083259460167  | 1.312659109836392445913588744588 8.900755374838832167938562633935 
0.362329264107068116373966404353 0.599942545372042945750479248090 0.500074260901897216236022813973 0.500014591419221998691568842332 0.599960563167710736465210175083 0.599930671872313192594106112665 0.300127424217770166769980733079 0.500031164439868391902166422369 0.499999482656916682810077645627 0.499965310136925522588313697270 0.400044229590711175603701121872  | 7.579365914080437249822352896444 4.849002542551470007481384527637 
0.292159138170177412607841915815 0.599904209745553806953921593959 0.499951752092166856744626102227 0.500026225463379936364560762740 0.599945290465484060149492506753 0.599958144603853882337318736973 0.300129792502238479379172986228 0.499922970511560815776164190538 0.499982146643803915253556624521 0.500037366928157367418350531807 0.400061482533758228097298115244  | 8.067571957262462234439226449467 3.986247751244819781391015567351 
0.058383254498480405270122162165 0.599922497347353589347562774492 0.500017588380339605969027161336 0.499957942979632308233561843736 0.599972959381928405697692596732 0.599899152001254432065024957410 0.300099127937080267791714049963 0.500003837389803695856471676962 0.500014381482343450713301535870 0.500003559659022656092020042706 0.400043371494327337778429409809  | 8.959359288444655788907766691409 0.823957962149066136525732417795 
0.304484929931321868235016836479 0.599944383704942518775737880787 0.499991609947555981641187372588 0.499935959686171105254004487506 0.599995700841506107714451445645 0.599983431665164101964649034926 0.300033708326038761615706107477 0.500020434201834729215363495314 0.500007016120095904021525257122 0.499980088360003960268329592509 0.400063948426314763828770537657  | 7.988777218628698939539845014224 4.141633356863966497485307627358 
0.664865784200879161858210864011 0.599896810869815388933545818873 0.500030009519587315125477289257 0.500004148034259188193573208991 0.599946627754396444309747948864 0.599902854278357877682026355615 0.300078563879145387982561032914 0.500041861942794096940190229361 0.499956196831797705648625651520 0.500007843788318306899043363956 0.400009760677821624152983304157  | 4.521162981636918765104837802937 7.779975076895553343092615250498 
0.750006697052677195891590145038 0.599953429565779128296298949863 0.499940594406098559598916608593 0.499993432516395108766715793536 0.599940552464891085904241663229 0.599974345658304764050683388632 0.300163219922394974847890125602 0.500008674592839374994923673512 0.499979882092002836380117969384 0.500008077316174137649795738980 0.400108359117659295733915314486  | 3.443420580424204846536895274767 8.313400023879117028968721569981 
0.396684350363129878402901340451 0.599898484649746155383809309569 0.500020251649314073638663558086 0.499986980606250186465189244700 0.599942999204154281400747095176 0.600023909872137384269308313378 0.300098048574151399225939940152 0.499982899242926770444483963729 0.500002692317356278728368579323 0.500001125910403465546494317095 0.400024097939681411162382573821  | 7.306885043433772430887529480970 5.250837317576134921637276420370 
0.610917026698532872330815735040 0.599984905417469627231241702248 0.500012329726432391829860080179 0.499992470974639557912411191865 0.599937680210530954738601394638 0.599958628208323907493593196705 0.300083118952548744129416036230 0.500034127623877222568182787654 0.499966180016173378231059132304 0.499974479869498833473073773348 0.400079915525582863189413274085  | 5.162772731706661843986694293562 7.368421450255845606136517744744 
0.052725459909742471154014964441 0.599941112279621657776829124487 0.500001471688777510138379511773 0.500017977649261702310923283221 0.599895476729218724010195273877 0.599969371476560486833307095367 0.300051435590598769564962822187 0.500015528199056369373920460930 0.500041906729687624100222365087 0.500027251585228649233272335550 0.400052218002167170318728040002  | 8.966870116830508052885306824464 0.744347462504492796142585575581 
0.267302108910202063096761548877 0.599909628965721419824319582403 0.500039143107318895253854407201 0.500025812253703461074394454045 0.599977230509427084115259276587 0.599966048096234993991515693779 0.300085586849691055011390972140 0.500015528199056369373920460930 0.500003631045339846927788585162 0.500045111729455982185754692182 0.400003166693515044283202541919  | 8.216287209207607133976125624031 3.667957904862097606724091747310 
0.354688745805948391076611869721 0.599982623654111923983123233484 0.500074260901897216236022813973 0.500014591419221998691568842332 0.599960563167710736465210175083 0.599960919172865314585862961394 0.300059307060072444350851128547 0.500031164439868391902166422369 0.499999482656916682810077645627 0.499965310136925522588313697270 0.400044229590711175603701121872  | 7.637336861754867811669100774452 4.757890805169415315845071745571 
0.338221883538537659852352135204 0.599980816230716751391582874930 0.499984935928983409425541140081 0.500030371850406774036912338488 0.599949313106899695391405202827 0.599934838421537386388138202165 0.300193817191722334136727567966 0.499959563264931683423952790690 0.499980086717107807814386433165 0.500005045058450114936476893490 0.400152408355091082636789678872  | 7.759923823331964953808892460074 4.559999901445543457612075144425 
0.523035572098075718372456321958 0.599937880518316424272029507847 0.499966138436339080364234632725 0.500006044217724099354427380604 0.599975182288605357605604240234 0.599977696034997953766776390694 0.300136713416572498136503099886 0.500003273292275896011460645241 0.499958556173190293847596876731 0.500027848836076871386069342407 0.400093305534513221655146253397  | 6.127937065604895927606321492931 6.588263424787635713641975598875 
0.728594650239682062320412114786 0.599922104588881399678257366759 0.500088219345806495041983907868 0.499995566531743984572955241674 0.599972213622397831933596989984 0.599895294454475092038592265453 0.300066192060791880891201799386 0.500040517531381234483944808744 0.500036727351060861224141262937 0.500024083621921633380225102883 0.400039278652311869333146887584  | 3.721434444976869038157474278705 8.193788123222287111957484739833 
