0.869854294334084010564822619926 0.132207361981566351438743822655 0.958327541922117998041130704223 0.371321210314082383874279003066 0.096297979267943811798602382623 0.148608437767078216396043899294 0.279658268403180865213641936862 0.440824913050400057912270312954 0.774589865958734025142007340037 0.905368820815667718626684745686 0.945372022822344448833575825120  | 269.891895861000989498279523104429 1301.758208058001400786451995372772 
0.582766150483032152607165699010 0.170404770035463504207484675135 0.083870159556831969105417101673 0.093473647838868578752169469226 0.506099325600788851886591146467 0.367597665890007974098807608243 0.610976276710586518881029860495 0.075253259425250740299873086769 0.958199610740682605758422596409 0.814212691655320286443497934670 0.717912256399782733318204464013  | 512.457418430840561995864845812321 666.616950599819915623811539262533 
0.452501909833783577674637399468 0.482486308440549405140984617901 0.555841486782376881237155430426 0.550051374067464626804735416954 0.604181145194705004897173239442 0.832168611005928426926914198702 0.579941819053956919560732785612 0.128478905582304459009890251764 0.303107882079851287393523762148 0.263625011499055039720929016767 0.107441297698778526203966521280  | 770.969203191057999902113806456327 663.727655727118076356418896466494 
0.188104827023200860125484723540 0.479816945543562356490951970045 0.165532300966064305214331398020 0.440571506675123014673545185360 0.053705421556955013073775262455 0.186947295677737157504338938452 0.126543857455775787812513044628 0.633559865455455728522338176845 0.221952553421173037762059720990 0.228249478886639378671929989650 0.260419342513267371153062867961  | 1299.772840057699113458511419594288 395.630662946781285427277907729149 
0.547107718157092914879058298538 0.761251514561276265702360888099 0.408755581508862930739667262969 0.242232142162847496891231457994 0.018462732101162226960866519221 0.071192628195394513923588419857 0.829976567521248931313948560273 0.964341567674060762271892599529 0.222982153585201348100497398264 0.190404876297830094600271877425 0.606229282835028970843893603160  | 702.500207634328717176686041057110 814.995148026864285384363029152155 
0.024766064282787825234777301375 0.770222714898917137915645980684 0.891504264770520027383327033021 0.930765678301879506584270984604 0.708036931091955201722498713934 0.225952846846225852139866674406 0.253877617372662900407931374502 0.648046008502958237329494295409 0.271808955360211990104346568842 0.723419469401171411071516104130 0.354516671596392773935235709359  | 1273.303954099542806943645700812340 49.559637956295084393332217587158 
0.909985427522196133054421807174 0.536762441399739054226358803135 0.332222133277592313049808581127 0.097343744091925921146923883498 0.125365523727160477207576150249 0.592513544609424291920163341274 0.004060631229856226376284666912 0.128223043219433674444474036136 0.849871123981259524171605335141 0.494930102814581385217707065749 0.262097033535953483074365522043  | 143.456746096018946445838082581758 1007.814259203538654219300951808691 
0.178588713896620454590902227210 0.949612203947347910393261827267 0.525285309784676801569958115579 0.833958430295787866981527258758 0.940664346235408399543587165681 0.649176140752077412976461801009 0.420441974490349257287391537830 0.077155035233625435253657087742 0.009747394126392139312997642264 0.459395289195820288874472225871 0.916295871662988870021138154698  | 1306.734407104539741339976899325848 376.502122568645063438452780246735 
0.756397476142390945419435865915 0.811015629369671531279095688660 0.530586079152926881619123378186 0.516942980157215958847416459321 0.854725162400144844454530357325 0.029200113363849866665589161130 0.508194341728295251314762026595 0.629439008811748745841896379716 0.224188847656783152295645322738 0.132196299293833696708588831825 0.697236594175833390707452963397  | 367.204495867387777252588421106339 912.334961020301420830946881324053 
0.266321411746694880484653822350 0.146658547972909447665301740926 0.063643428266227042300329230784 0.068850528153814316567604691954 0.545907318410717712353630304278 0.996018137225461064332421301515 0.023677221438652362728305433848 0.573806012833123935124035597255 0.769962901807480837312880339596 0.596481888708636831530895960896 0.565370775086967536360305075505  | 1186.252662368415940363775007426739 527.383037337334826588630676269531 
0.853926843235928267894507825986 0.135106788628129081963891167106 0.119750048932207975305175295944 0.177450851939028320103375335748 0.709009866689009893292450215085 0.399152454972518055953401017177 0.618845895139108370663905134279 0.763614613631916738789584542246 0.093980460589422665229619724414 0.130327823939609621639590386621 0.777789128228362436345832975348  | 197.531986544468082911407691426575 845.727685570293601813318673521280 
0.839525847223905663518905839737 0.065900721530897432565154758777 0.950685196119016473481622142572 0.061722095460933434907246919465 0.523663016455609975352558649320 0.458153312819138514022654362634 0.132204905993972610112052734621 0.826193902542607161443299901293 0.921124089981457450093671468494 0.492134131728472645761485182447 0.951846154586316939294476924260  | 365.937206245687718819681322202086 1420.837212694125128109590150415897 
0.353130315238711078862365866371 0.959914534697709265209653040074 0.980031587059859599087019432773 0.805557557607279317579695998575 0.529426091819869437671286505065 0.242991122551320937184016202082 0.368145168544615541961206872656 0.610594939153874083359596625087 0.840549394056711918210567091592 0.152681258031072131231553612452 0.662417015552968280189816141501  | 1173.256734223189823751454241573811 726.932110150155608607747126370668 
0.680687805430061909639505302039 0.752796950924564445273290402838 0.677417132933310295328510619584 0.788824440869247411889375598548 0.078514917244833393183967018558 0.446472246267361816407515107130 0.105775992356138770489337730396 0.766035534837644638272990960104 0.999991393299861086596536097204 0.871042691633226229264153062104 0.345197321765237430390982353856  | 559.344622861236416611063759773970 1020.053063643134350968466605991125 
0.654524416244436801903816558479 0.111797273679910103005852306524 0.715720212915103237705238825583 0.585992783713008447143977264204 0.015986550165601465245401868742 0.218119663831373045148609435273 0.044379921013254497452749092190 0.526971779256159900128864137514 0.985886949554762748171299335809 0.724821381030255618149737983913 0.701245585204856136662954213534  | 392.730753679931183341977884992957 651.222156565215868795348796993494 
0.472689773075160801774075025605 0.439062243502146065665669993905 0.424653901014463874830084932910 0.031592733755699597963939595502 0.610328014103270644064025418629 0.540330977894274977479938115721 0.317142367364554922382069435116 0.988204468233283894740281994018 0.364292289101964983366599426517 0.777797734928501349749296878144 0.968483155590679434254752777633  | 858.520864050005229728412814438343 787.850158745280168659519404172897 
0.720703399765660002174172404921 0.296160779874579671577805584093 0.949924821781023331901394612942 0.807942803540506737647319823736 0.872160529106130066878677098430 0.116218355828371144866650865879 0.608074238711234116294690466020 0.876744168968202952640922376304 0.965162352472312745632621044933 0.093248763820628965959258493967 0.367243365683948330691066530562  | 388.454599613318180217902408912778 827.881135613667879624699708074331 
0.235093153667453647059915056161 0.278786001855003462424065219238 0.332867784532118515805620972969 0.090363848317723372005616511160 0.818337221536857062353931269172 0.336552434788915943997267277155 0.000266925050603439295571206458 0.300218416162436940730628975871 0.835538890666517208849484177335 0.674212547319684385449534147483 0.316395516328096926272905875521  | 808.804136722352836841309908777475 313.038791503757920509087853133678 
0.974999215996063095523993524694 0.708933977342630861073757841950 0.068121041103587409715203193628 0.782354137370253721606161434465 0.496547424486338484506120494189 0.297833188815632032842017906660 0.893875005731514571394313861674 0.883773037471489941729885231325 0.262968452921992112969462596084 0.468453152797034477750059977552 0.689362063772124056271195513546  | 26.563630607133212890857976162806 676.068322526955739704135339707136 
0.018548509859281137046593812556 0.348476847231154907014172295021 0.350899630045554800084062208043 0.737200548310598002821336649504 0.885251879299254529342988462304 0.954016072695531125447132581030 0.708634557719302837774932868342 0.985620024504159308875728129351 0.424602964867818677419109008042 0.865706694538338927813470036199 0.798477225755476416324540878122  | 1207.973542817124098291969858109951 35.205396526636022258571756538004 
0.122666727174049139392764118384 0.449654685018400779306091408216 0.322658756413068736890181753552 0.542206972999683234348822225002 0.757976840524021255873776681256 0.820594942878216437875948940928 0.690371279417651861898264087358 0.470417283370450411972285564843 0.894024697457011408019411646819 0.705514702668687321285290181549 0.252250246968625524424112427369  | 1121.955451039139688873547129333019 218.899136172944423606168129481375 
0.606798716102455615306610070547 0.931376311921742194854800800385 0.459465956309351830633147528715 0.521260899060575266794614890387 0.379017807517773142045314216375 0.722822359411979586951702003716 0.922728096272671827193789795274 0.256527794753009907857688176591 0.571203807843856936621307340829 0.381623341179789021815338401211 0.810490188799634969640806048119  | 638.850194406669743329985067248344 899.344558451634270568320062011480 
0.413079307316664534610595183040 0.534390558776642099481080094847 0.967697121143674232612852392776 0.368682536518456283047839860956 0.013893678375847207107085523603 0.458059952050920204946748981456 0.542241575638415684856852294615 0.014943947788300770973535236408 0.983841267902032523551270060125 0.845978232957646514300620310678 0.080974518539051687504581877874  | 1054.655439864679692618665285408497 799.863959107051414321176707744598 
0.003419274673943539788467660401 0.815870794134961885291090766259 0.175555421267798106299551363918 0.565171112564596289651319693803 0.838367232506280202208870377945 0.372614106670939304599698971288 0.504755229953716799684571014950 0.540146093510012526017760592367 0.545725056524362650556270182278 0.432834269019114148413507336954 0.447344702015424200425286471727  | 1353.777770716654231364373117685318 7.271188797527346814320026169298 
0.966853506051365885198833893810 0.540409441245919830443256159924 0.324121240993933468210741466464 0.350861320522612429861908367457 0.986318951551856892834280188254 0.339952021200846554727093007386 0.527560072453239103928979147895 0.882361389229402992562256713427 0.850762746750038156839934799791 0.814635957853443892773270817997 0.276688494216402625092143807706  | 65.929388906390428815029736142606 1265.111730501306738005951046943665 
0.368680166479349091801509530342 0.319239481739125197101714093151 0.726336178864721349057731458743 0.582421419256223149574225317338 0.255423830313620148224629247125 0.852004046911371659689393709414 0.097803176699511107372586593556 0.389269467503294608334840631869 0.165368609158674795267529589182 0.706525190444262873867842245090 0.173964447083341466893102733593  | 826.835886212667105610307771712542 540.679155542284661351004615426064 
0.484031609906317994429514328658 0.492612450257985945434313634905 0.980851457814655436351358730462 0.054896566523839673834572749911 0.371961038889367157089793636260 0.936409144720814934359509607020 0.916575773552163353130595169205 0.063052530242932114390441711294 0.854063268726549917886359253316 0.928128799570231977078549334692 0.562316560566626377770660383248  | 1009.015936707918626780156046152115 959.625959275875175080727785825729 
0.719754600923198206707809276850 0.691008626927271607520708585071 0.000002370039107191246330330614 0.694654196636722010005371430452 0.731723773186198855889017522713 0.959820156382192535282626977278 0.759520117474680622748905989283 0.131837220990660863861876350711 0.748175056258135406928033717122 0.691705051035757079169741246005 0.838050665515268744520938071219  | 492.268248843556477822858141735196 1045.077427650131539849098771810532 
0.109345603690699011423248521169 0.001590974184456639406448630325 0.081139502658278295221805365145 0.345754782248294256774556743039 0.391762648856283868248340240825 0.449858663429877125849998265039 0.168185054620645368927966956107 0.609315911803547716196760575258 0.516258495466950795282912167750 0.384292171772492086034844760434 0.112790237324815967312474640494  | 817.407261712953868482145480811596 141.794734168725710787839489057660 
0.612280641675687853364706825232 0.761804680427307090440081083216 0.631106719599414223154099090607 0.295310324624585285313571603183 0.339949651161739363480762676772 0.795836299267040248039961625182 0.922541232847210457279629736149 0.091242629275357534091028810508 0.682798736862783028911394467286 0.528513437958267218164110090584 0.676975115443592012631768284336  | 530.661749594623984194186050444841 760.834556906407669885084033012390 
0.481188816223856452580776021932 0.616990575174022337634482937574 0.580830445071766510167776687013 0.174284327655341853002823881980 0.506249264663077402914836966374 0.706040527843227239124246352731 0.939410804073417482484842366830 0.997183554538029426339562633075 0.097209278640715157671081669832 0.657705951616390671610190565843 0.099739438133825908394669568224  | 510.910009093947678593394812196493 481.574989888643301583215361461043 
0.379822212933169978121838994412 0.368570816138967582986651905230 0.293091886096532583394491666695 0.740854319289952933935694545653 0.641098820096229649045938003837 0.576626122390423989649832492432 0.249555449278729302164947512210 0.058226969459509669846397628135 0.005587566723021519798919598543 0.471073931291268843679631572741 0.036955864060415177796414809563  | 1141.500062223712802733643911778927 775.296714149863532838935498148203 
0.162495188969004389356598494487 0.323027254595515178614562046278 0.213465380412865557424595408520 0.114733198012176518254534585139 0.378989711310426025114850290265 0.585235789819338769746082107304 0.625587956327583460947039384337 0.042134528414908167803787364392 0.752294246962339596684898879175 0.840867110977239318181375438144 0.012136325049983853752166851336  | 1037.759162659562434782856144011021 270.791223877810580233926884829998 
0.343885022568065967796258064482 0.981400064524452386827135796921 0.965932569315124278652717748628 0.023191832717316285261688335595 0.156766777333344542455506598344 0.427330735330692434992272410454 0.968217091707318067150822571421 0.939632373076526805633079675317 0.134736722493762783869897248223 0.054563267865306297466077012359 0.606693074952666333565787226689  | 1242.329942513254536606837064027786 744.982105822899370650702621787786 
0.290730749136038246760449510475 0.594150855538999045357684281043 0.132815135655580895956973108696 0.016922396566224184866200630495 0.681103101254863729785427040042 0.543551521536784432164779445884 0.506006839456018764344946703204 0.057210780535199567964355082950 0.486378909543359050360322726192 0.924680868481252415946869405161 0.640321705246617134399400583789  | 945.077781922046710860740859061480 464.334753052798248518229229375720 
0.604854250124038483882316086238 0.236945422503700542371518622531 0.192884263130889466175688085059 0.540316695347953124262119217747 0.682848695125910953862558017136 0.782644026740072940029335768486 0.569852819207336991347290222620 0.128992186933397090520259098412 0.718073578539863865977110890526 0.965002715640063124524772320001 0.325258945067863680655761982052  | 647.849376641405910959292668849230 906.138214203660368184500839561224 
0.761877741186301249420864678541 0.002361136960494336634042156220 0.146703463750953888578010264609 0.508283684440648753088964895142 0.559703725824199804783631861937 0.649523748727392047364048721647 0.377123868204645940060970588092 0.462036045186237087634140152659 0.965067091835250079334684869536 0.979745083525215609832059726614 0.676116279425645338996275768295  | 462.526525325961529233609326183796 1178.351301546318836699356324970722 
0.398346386114262762667692641116 0.573143675166248423025194824731 0.509878947888138034372218498902 0.142044288806725482743331667734 0.392351526688449303570394022245 0.085271260979630336684920166590 0.359285833288997213941229347256 0.969650220222266656655563110689 0.271014291769902326834085215523 0.883144138116586763231907752925 0.625811444028202101819147173956  | 846.890333337370520894182845950127 611.947187465093747960054315626621 
0.016397348884389262302363476920 0.640673624247260597996955766575 0.261314091531015035840823657054 0.154405640372850205821464442124 0.280627271579738546414262145845 0.459933407266669314061857676279 0.379928647252327000849447813380 0.485212973766370736505848526576 0.677439399660660357405106424267 0.144657029766429245931647074030 0.325663657300788167425764640939  | 1340.224034963998292369069531559944 34.527646031245474489423941122368 
0.614405772013783435525624554430 0.456698856229935556960697340401 0.618576010451961422198507989378 0.171224153366725695413208541140 0.401507232730058949421447778150 0.113655312767569460774552680959 0.971939519555569231279434916360 0.127093076254361836419093378936 0.955030648258985759291306294472 0.369307413476714807565315368265 0.721710112007451720650408333313  | 651.946865588149307768617291003466 941.408652343857966116047464311123 
0.611133978475498440552371448575 0.176486914246500203873324608139 0.899643071100692526265163451171 0.421534603594895918021734360082 0.628238386367222734207871326362 0.289225547627598444933028076775 0.669058779666727776458401422133 0.338144931287536865127663077146 0.479789741873692388018923793425 0.647819545407203323250655557786 0.617220711419872003489217604510  | 566.104326177530992936226539313793 808.542576945168434576771687716246 
0.676697479659706169208277515281 0.532297691737170453052385710180 0.051584828210713196128267554741 0.941127715372238382585123872559 0.622635723342303215588344755815 0.205899714837920244647762046952 0.060528812456178138212692374509 0.851411779067680618560132188577 0.007805563969646378552624810254 0.549023203171283502577182389359 0.443315737855277003376386346645  | 733.968667186442758065822999924421 1318.831637517896751887747086584568 
0.203836261689533615459879456466 0.788168835880686313721810165589 0.530910310331227042190960219159 0.215864612441949099697069414105 0.185628189878937810419756715419 0.937751229694101295919494987174 0.341411833855043922447691784328 0.981788744142303881901057138748 0.214085358449858986773506330792 0.287666512740665236691484096809 0.536607607010696874283439683495  | 929.819107294071272917790338397026 308.323379027281021080852951854467 
0.992854078840057274746300208790 0.644093380111143032351606052544 0.477708160713144036613186926843 0.748329579842568093361876435665 0.408348579055956117933590121538 0.438800931880088618264323940821 0.862577250424067520917503770761 0.471539684822740112757344377314 0.084128217310251107718954699521 0.474251878233107548865632452362 0.606600208044137056972999744175  | 13.003474808775873583499560481869 1158.412093939114811291801743209362 
0.907675653058652054383514951041 0.175260272596684418822121642734 0.383055317486039381691398375551 0.870596922398831907230487558991 0.897790700325620361077483266854 0.786311329676631420859678200941 0.189341846560260540499598391762 0.613618814403941836843614510144 0.387518669334410925664258229517 0.507624753557592733876902002521 0.323467465734833203860887351766  | 81.766450366951076489385741297156 559.859894178212925908155739307404 
0.639879307235803329589884924644 0.906788992260635251518863242381 0.777441223483752885670128307538 0.150530225654078697594684399519 0.540895967785030351571151641110 0.260710200610771658524811300595 0.899343999407448246863339136326 0.617212491449624867101420022664 0.176279860584463210493311180471 0.533092494109620895770262904989 0.202445601426598620342645062919  | 552.567635550509635322669055312872 870.342508552954086553654633462429 
0.925697483693033396079385966004 0.143909175152061141744752603699 0.765867442775553963763002229825 0.799583959646747999272520246450 0.822844397351880862956363671401 0.189931890057346230982204815518 0.953621078742060257482648921723 0.221494234293014957692946609313 0.359681356611022962077583997598 0.829696923451335166532771836501 0.816317592355122689795621226949  | 138.423833917757548306326498277485 1180.617372406622280323063023388386 
0.280544082323093579844908163068 0.207442844596393838330072867393 0.575985305206145770107184489461 0.278839197618302558900893473037 0.160310006210348410249366679636 0.190881608200965224853007384809 0.440892776357273530329905497638 0.953375157839087328248695030197 0.388322513333216989828144960484 0.919395115561072007182019660831 0.816574218255594064252989028319  | 890.733461824554410668497439473867 420.077550296287256514915497973561 
0.111000886001522136581343147554 0.275262559286545416270541863923 0.822632096149534697282490469661 0.264439403903894976188837517839 0.672933489104534654501321710995 0.062993290777319521644983524311 0.648695287470859249800980705913 0.894196327252904876736749884003 0.520630799491047291382983530639 0.385105973751122099280053134862 0.547994296447629092305930953444  | 1190.681755939285267231753095984459 209.736759791548280418282956816256 
0.345563349145349252289349806233 0.102511235162945801846490212483 0.663154077802438068900414691598 0.321805395119474590970298777393 0.507472132058328861958784727904 0.029031840349912130250231712125 0.422737206202976611990607125335 0.946625892977137395334352731879 0.554249595718505405628206972324 0.935144952401616214032742391282 0.720484191674731322407865263813  | 1015.489383602349903412687126547098 612.599316080680409868364222347736 
0.090214774005041187265874214063 0.666440337482230749088785159984 0.875267666367533281324142535595 0.718263871635495654288661171449 0.996270796706876682335973782756 0.226410510302913592362017425330 0.554219200672305345456436498353 0.527584573113603960692330474558 0.638896166856716019033513020986 0.681814801935551328959661532281 0.540591509941911296799332831142  | 1199.229761901511892574490047991276 171.088464050793902515579247847199 
0.595914878704432049438821650256 0.420304093630204711473652423592 0.792849788306315472752316964034 0.720333162188935061109873458918 0.526777812254908162081790123921 0.631815683622585666512350144330 0.714022102234686095734161881410 0.330649516261110831827352285472 0.406959717248358554542164711165 0.869691699377985294461268495070 0.726294486604588174216701190744  | 515.870213658742841289495117962360 700.536812253934613181627355515957 
0.272297892194777624297330476111 0.855501113531414447699319225649 0.188624423613261371635019258974 0.493869668728117661160581519653 0.315613941833431943528864849213 0.722628904721777876041244326188 0.957104361132210645912721247441 0.161912003030303397466127535154 0.365175914888766661725583162479 0.288989645141990103560658553761 0.472104719144806117547830126568  | 990.196780442000317634665407240391 451.400819619825369954924099147320 
0.593447757350994087310880331643 0.282040586207623400483157638519 0.668524525199462926750015867583 0.252629395474329943027669287403 0.270143502471004048892666560278 0.928362125281924188691107246996 0.367418514997996714654959760082 0.888815115868461624870633386308 0.671083871516436003545891253452 0.217344780186518260478578667971 0.938603631896990697747185095068  | 748.002162420678587295697070658207 1007.564056122887564015400130301714 
0.376216748558357627629789021739 0.390856185607660444603084215487 0.466304281588060143270979551744 0.318847708445067490323765468929 0.535162171621794469089650192473 0.107123264369544668461742276122 0.223996988255359519293108405691 0.597145234586294759715485724882 0.773232949371312816566614856129 0.355308276785964660682282101334 0.801225128863051083705215660302  | 705.242498992221385378798004239798 473.180161716263853577402187511325 
0.194335618337424631540955033415 0.281819909016539194013262203953 0.436223285427872253805503532931 0.327746271507413755585957915173 0.973781114828583649334348137927 0.284075698201301296563769938075 0.599222447831679772001223227562 0.271477651858719304378553260904 0.792999686067089704089028145972 0.869507638425475293253441577690 0.378570098517913788960242982284  | 861.671920175870923230831976979971 271.522180907583901898760814219713 
0.481700461733214013726467328524 0.655807316343868240693382176687 0.344116413630577433480084437178 0.135921626647247717478705908434 0.165511402034525523241370592586 0.395174393789618605410396412481 0.795487344639316362737702093000 0.299836452878813886080422435043 0.645694711122625775168160089379 0.129149252018293414501215465862 0.499064942823464807730715619982  | 797.711781909498768072808161377907 753.121046813211023618350736796856 
0.500192836745449787017037124315 0.387399294750210287929803598672 0.299534050390693029619626486237 0.033794032816892749515602645261 0.286405619293905622235740793258 0.629358089624796890326763332268 0.188130888201719748131779397227 0.081100216687465365161813224404 0.689767197310310331559435326199 0.200627067286086813169276865665 0.800448071283904383221852185670  | 378.875961248135922687652055174112 379.105559354193474064231850206852 
0.412532947782148107229716060829 0.289954426681549137789772885299 0.770928933741115929301201958879 0.614336186127135808199284383591 0.584245711651346755211022809817 0.231496888350748997176253851649 0.723303713833936101629262793722 0.275909477726817398135494840972 0.421857435547201897740876574971 0.638767179018176811666762660025 0.247067496540064213128573555878  | 834.488095787710790318669751286507 631.758898057896431055269204080105 
0.891791242784195636872368595505 0.966111444842610356253942427429 0.931448413694857202393961870257 0.235628121231101439470023706235 0.073329231552651918946139630862 0.937591368961453897057367612433 0.967787144961497869388722392614 0.585102061169593068434835458902 0.274208060098499295520468876930 0.111457931552740752145780334104 0.993708551051337818371678167750  | 204.810459164187193437101086601615 1193.325714756675097305560484528542 
0.481371837732634810791410018282 0.023690337645724146575787472102 0.037791844825864617796185029874 0.202852181087467720033146179048 0.669739512074165488364485554484 0.014976736180333016790200417745 0.039980763507970307202299409255 0.069695972233153602459765352251 0.593598160698657895117946736718 0.956712662970711891219366407313 0.842933282715037202059704668500  | 942.435530676815687911584973335266 888.835326119817977996717672795057 
0.164459555504046783802607478719 0.097048917090513220351510881301 0.244130383863052080606337312929 0.199399957191915166987428165157 0.463725980094761403016434542224 0.559859223408214923267678386765 0.226507221326161967134282804182 0.708103342161171878110792476946 0.161362107056795545112493073248 0.913962881653871739295880161080 0.225984776646950491496568247385  | 1027.489958316890579226310364902020 271.500648662795754262333502992988 
0.275941363197469535784023264569 0.305825499339355211247948318487 0.552422195084257938724192626978 0.262715281648181475659953321156 0.591566244798932272530578302394 0.985278707114252028098633218178 0.411360704613299876797327669919 0.674790461129977314769234908454 0.160646303778116505966977456410 0.730752099050750780762086833420 0.818934787083490212111769324110  | 904.806727344506157351133879274130 418.744996685240323586185695603490 
0.333241763710837246570406477986 0.927995651026078727241497290379 0.449876630623089024396676904871 0.487196794560833534859511928516 0.987366504487696916569916538720 0.523903756642020934641834628565 0.812183497632055995119060298748 0.861998212138986974473198188207 0.412259957692014844532479855843 0.085705389483268668016080482630 0.977828361130323897576488434424  | 804.102906584229231157223694026470 464.094829134281383176130475476384 
0.740126668195659864757374180044 0.655507050497387666609938605689 0.929802621891746228222075387748 0.520907036468393980221947003884 0.674876087313272421397414291278 0.376220900162565596858144090220 0.599823354055341040336202240724 0.862847355485199418723141207010 0.436667470422763437376545425650 0.833062247273221312404700711340 0.750619738681884030029323184863  | 529.731072058112886224989779293537 1224.804837266618278590613044798374 
0.204755550562233934464018147992 0.704550081115027371225778551889 0.274856530061388992791648888669 0.219862881451076463967808649613 0.527779941619499481930688489228 0.052614259020273390632382870535 0.545792215591132667817930723686 0.781414663066601899998886437970 0.094714450831724916746168219106 0.430673325023022357527224812657 0.381215136825397205022625257698  | 961.538968928392705493024550378323 320.383413954930858835723483934999 
0.011343527607244552335430398671 0.266302022732728183029848878505 0.459273288996255302230053985113 0.808218929597373736406495936535 0.630056601516468695045602999016 0.705600184857767986912335800298 0.033227254847899456713378185668 0.785141206894229948254348983028 0.314139527598530698959677920357 0.363137421161751072773427040374 0.839273892774706098407477838919  | 1127.324331279353600621107034385204 20.089209849167694699190178653225 
0.472763252066133898843247607147 0.801802456402373908694869442115 0.057959731085947541195935173164 0.887016163683904901304799750505 0.710422177052863035306984329509 0.191497823162223412829519020306 0.147010519510477832838546419225 0.108032044757843115334594585875 0.184959883459618112944156109734 0.037520124016888312112882886140 0.238527312879112329824238258880  | 719.822633313563983392668887972832 660.722190618717377219581976532936 
0.497322326003056369714272477722 0.068661493797691819374051647173 0.475853266953588982524081529846 0.721064481754968733540067660215 0.064630467645765632411780643451 0.003964568034682258712564362213 0.231941610622518279427595189190 0.706659772834246857620144055545 0.300564182589038719761731499602 0.663688833531793198616810514068 0.376989247033908791983947139670  | 684.595280132247467008710373193026 678.860441817911009820818435400724 
0.816233157722681568202460766770 0.457039369825612329378827780602 0.719104580066020071527077561768 0.616916356227324880201479118114 0.489204736478660695553344339714 0.889401177002478005029217911215 0.671349532322976005893622186704 0.289656950912285604537999006425 0.725030202515378197070106125466 0.565659855222265917085167075129 0.167235426545345622351135261852  | 267.889010170495566853787750005722 902.121866737921322965121362358332 
0.466022768235915041401540293009 0.777534204058332623077376410947 0.151201387653384644593757002440 0.051926674665910499406606959383 0.331549777265304657092315210321 0.481161747945367035406150080235 0.777450095031919641286322075757 0.862772840209206637318573029916 0.724013552188775499907080757112 0.631197972994647082956021222344 0.710779345018205832573698899068  | 944.081658191998599249927792698145 848.327496292805562916328199207783 
0.602613189200934984413038364437 0.082284041962346510246106845443 0.991985771874692168204035169765 0.173017231690856365666775218415 0.986495604791747915385258238530 0.416310898620574576511899067555 0.295936470415569252701004643313 0.424738350596052693930460009142 0.691787888838775066879804853670 0.549616941862420493869478832494 0.747733049550755701773141481681  | 507.719874682734143789275549352169 704.882989588645386902499012649059 
0.236142601180107991609702366986 0.890724304540601918844799911312 0.420993395447989859903259457496 0.932887972994530412229607918562 0.040296435508838768235762017866 0.095083844844567333431939459842 0.776482267492538458242279375554 0.703798135514251077538006029499 0.260070028984968670826560810383 0.375754472669905692505665228964 0.773308773814280869807191720611  | 937.247848600012730457819998264313 364.529127245297559056780301034451 
0.437463520803044736418030424829 0.765073921935383149950382630777 0.118451292554033749127029295778 0.982346425683419122165673798008 0.011978796159990090508529192448 0.058924378931661913760819970776 0.720164168042498942234885817015 0.004627712173469467060726856289 0.238950482935740504686350504926 0.685201358195133725104142286000 0.266616215860261074332981934276  | 820.492900832251393694605212658644 673.282444552559582007233984768391 
0.709306320274856627605686298921 0.482961978885912079917375194782 0.726192051686722961356679206801 0.068211341030670835650084882218 0.956513204007947592799609992653 0.631053096814137237657860168838 0.194573106067718271106059546582 0.948547935022839738827826749912 0.861861719708014839547161045630 0.907165397560376951524574451469 0.090268295566009348895875064045  | 511.431035297601056299754418432713 1041.087759693069529021158814430237 
0.004225430244051753270184690336 0.713737866850339908175726577610 0.286852752730527349456224328605 0.213098484711270907965285914543 0.498815322261947913240476282226 0.765471298871929550777792883309 0.803848461277544723557753059140 0.003849384146276557672194940096 0.297491707784471537401316254545 0.706151632844736365512972042779 0.363662706265194479726687859511  | 505.087203627946792039438150823116 3.352459630044200444842772412812 
0.397082683767212785141964559443 0.725369556014431093871053235489 0.463710911415999738061088919494 0.503533625905835835467883043748 0.690118846933851615155219860753 0.227725129384898417050919761095 0.468225146588105101130850016489 0.060734792024637829221944684832 0.355043835794702222763419285911 0.799185114527915962945314731769 0.374280881472093152062541321357  | 871.720986866206771992438007146120 627.259267564834885888558346778154 
0.983558906980224967320225459844 0.330725099881980511007384393452 0.928662542750478658959423228225 0.326558568658498860060035440256 0.808231092114039983975715131237 0.563383782781267550276993461011 0.204982813252303164297529747273 0.494598730113039120048767927074 0.571906011392360968947912169824 0.769459389668004312134996780514 0.139971813018573199016714170284  | 27.292943317673710623694205423817 1056.582083503917601774446666240692 
0.058922289090646784437410587998 0.754788586288839269400341436267 0.585263741916206337023709238565 0.286609240145558996637475956959 0.595213467515662175699731051282 0.216630542136663106767002773267 0.776902582788571050009807095194 0.770725336347635403555500488437 0.624466566170495895882197601168 0.911572380065558851569562648365 0.910121205746940664660371567152  | 747.941420149432701691694092005491 69.424006295360356944001978263259 
0.108681097413818927854833873425 0.742633144706497994036453746958 0.737486241148690324642700488766 0.027850661257468933840186764428 0.304494528155638377597824728582 0.386342013953678287130344415345 0.385164152241572188550833288900 0.656878906455711675249631298357 0.412566667447337831475806524395 0.518362284173648379947962894221 0.234766040576047441135187909822  | 1030.718439026721171103417873382568 177.689546055484839826021925546229 
0.573766053831766709159012407326 0.227930463639880565018813740608 0.458309898422431638564944478276 0.913551580345741576216767043661 0.478862058726370554140316926350 0.208634993761882547858022007858 0.787218842009613450905192166829 0.653904289508147607001831147500 0.929249050056165315503164947586 0.592937369917559076171187371074 0.772616117596716889259766958276  | 607.908521861898634597309865057468 768.061555799272696276602800935507 
0.813797175948872242301490587124 0.553589705669059073400717352342 0.394852528492016907613049170322 0.947485702227353621118766113796 0.490238888236208092408219272329 0.440374485330636167290663252061 0.756240263868999451624119956250 0.968701821841023935633074870566 0.414020962286343774394481442869 0.717401975016381476812910023000 0.570992239532887135844418935449  | 347.577516815853925891133258119226 1154.271064789124693561461754143238 
0.812362815708332131059421499231 0.693896502174431217824235318403 0.752792514826732150901023032930 0.580300628474159418956901390629 0.105073884358835911712048982736 0.291431232906561588080762703612 0.015736671386668565908451000723 0.363271017630478421089890161966 0.982240547658390861229804613686 0.486067523510425592014883022784 0.129673239034481468934245640412  | 238.039036706516895947061129845679 784.101243287369243262219242751598 
0.161851216371280193229154065193 0.812647624319489447763942280289 0.472812064196686754335985369835 0.041623761846603102299013698939 0.821778013644646199153953602945 0.286663694552362957601587822865 0.330350851016999236264837236376 0.868226302301496444258077644918 0.942870558224534915936487777799 0.496100243460596890265890124283 0.391279122397437451041923850426  | 976.713539745142043102532625198364 253.807088539794705184249323792756 
0.171640905173610858192034811509 0.925123425440358193583278989536 0.333954159083037716015951446025 0.551702013328906226696801695653 0.806041385479518868173443024716 0.280090267882736276838784306165 0.365447673549150087168868594745 0.396829996060669265567355523672 0.155091266543169958858072732255 0.252525492917656579905383296136 0.087698530321341117144129384542  | 1141.184338205093581564142368733883 315.356516682581741406465880572796 
0.098257224605399096084568100196 0.296458682051151445335790413083 0.100903956026252128452824763372 0.006049994529683799804331556516 0.167011231915279445559008308919 0.965440828364967251751238563884 0.957802573459177297721112154250 0.642585355503802357901577124721 0.262586518900559839906350134697 0.904389815295220445001689313358 0.870926617724337326365002809325  | 1114.926604245387579794623889029026 173.459647018095694193107192404568 
0.057489462208462183134827228059 0.003573406094579456571125319897 0.775844797053742762926731302286 0.565115462795849898824940282793 0.106420326247598451274711806036 0.204538250540093224927318260598 0.162660436361505067459631845850 0.133930694403607497555697136704 0.351954301467231389644041428255 0.174162243472217870277063411777 0.657271549165162172201348766976  | 1178.059740706260527076665312051773 106.673912790811741047036775853485 
0.441371009256774637918852022267 0.665093984505391033756893648388 0.482043403868760322872333290434 0.808615202307684466376258569653 0.190527276880309459627937940240 0.009686676856984766104119444208 0.196259785715198975530881853047 0.016799719293423609478566049802 0.528264950051248294293770868535 0.487087883530679111032668515691 0.899264697470720353322803930496  | 434.972617567132715521438512951136 361.421298695326754568668548017740 
0.908257809024269002762252966932 0.601885446472349427970982560510 0.984134299638140919164186470880 0.818204607550066742582828283048 0.721548231756513058776647540071 0.223930524769400784990125430340 0.663688051761403219330759384320 0.780210121863029848476855931949 0.362169549056989392710192987579 0.039324820930206061397882422170 0.997478661701392987914971399732  | 139.033787457882397120556561276317 958.098930072852908779168501496315 
0.267851876275196021381930222560 0.892583149826263078097099423758 0.886608028823515192939908047265 0.323997981610758545301109734282 0.471475065575051810462525736511 0.174920396668840627540930654504 0.387143319203684499463236079464 0.958831480827970983327190879209 0.235725773624232970426817246334 0.559433580270092822850358516007 0.611169341074719985051899584505  | 932.019721821356029067828785628080 417.042763884904218230076367035508 
0.397193984580431092012986482587 0.192646147001983125690571796440 0.404164548057334371833348996006 0.182876932277138526394821838039 0.147236220814900509168410280836 0.037545654463949751367124463286 0.921037123747289299124929584650 0.038655994131159054916224704357 0.240701763533817225670929929038 0.090716495861307477888146877376 0.695319913151472790424634240480  | 821.834607834792336689133662730455 591.580916310903489829797763377428 
0.964248585164373395173242897727 0.778366135352349775011759902554 0.297263586520653877443010060233 0.213837176421335373177612382278 0.317930221716578031987410213333 0.838662454750746522158522111567 0.662455628828555687093171400193 0.177033904798390762103110773751 0.787018924268533370813827332313 0.698440068337191188874157887767 0.205645235632541667492034775933  | 40.116910159494580057071289047599 713.604332750426920028985477983952 
0.105660404235298210906535132381 0.870874062794040337820433705929 0.411421217727253374363272087066 0.997881129878326333937366143800 0.605522128799650394270770448202 0.013382853438060449136060015007 0.869563498478523100310155768966 0.490719295587298542926646405249 0.566050759783389811907738931041 0.860608703339561298406579226139 0.667556045490451777091323037894  | 899.971908913414040398492943495512 150.756023974632341833057580515742 
0.511168950611041950082835683133 0.288814386486668128739552230400 0.853956022385693347409585385321 0.424284645235859181333637479838 0.010093348348065411812513048062 0.345757830044825187343349170987 0.941547667112283326318333820382 0.699713920228433705617021587386 0.862290916131815299294771648420 0.210459737432859617101144067419 0.569411807938004832507772334793  | 788.753023630583925296377856284380 816.926185659588327325764112174511 
0.686937914193721410605064647825 0.780947624588216982033372914884 0.453123918816718207480676028354 0.060053847847798436099253649445 0.177039266790514293603564510704 0.781621190404034105192465631262 0.945448627389910534191130864201 0.366162275145709870116661477368 0.068714284682794279923712110758 0.045118581291330173144160653464 0.536585281240869793606407256448  | 729.970527359224092833756003528833 1362.783204953765107347862794995308 
0.525090101511531348599248758546 0.892995597446292421750513312872 0.894062545790470397655269607640 0.293280198429207161758824895514 0.895654870821071980024896674877 0.496752478511430117791292104812 0.028562645783093643103711656295 0.894943933488992038327580758050 0.149168828749024151569813056994 0.995605992923039084807612653094 0.101957669032558095878471249307  | 342.752351739765970251028193160892 370.892701724745620595058426260948 
0.567906397919490157910615835135 0.727851778582649044935237725440 0.526899262227613962572547734453 0.536982597128361049954037298448 0.385538535934028314677846083214 0.602401780980757250993917750748 0.999994638007876468499546263047 0.005397733864499265621361701051 0.752991440947280654683027023566 0.839482960486831797375373298564 0.036946119552503930982823021623  | 682.072711265925818224786780774593 845.651519952989929151954129338264 
0.825755481502710164676273052464 0.874835936486383580756864830619 0.472791028366794985338117385254 0.712526531353357972520257135329 0.119320307647590051480790407368 0.576283300049315938551330873452 0.595064424766226562901749730372 0.069298281271959694116446826229 0.832046057556467655302867569844 0.772612112001459738763742279843 0.362000121862017798513022626139  | 282.821490048211558132607024163008 1007.383806390929976259940303862095 
0.293208393563629043931939577305 0.751998353353135251531114136014 0.696432866653210136398399754398 0.483194086120451449239965313609 0.808775232916464137389311872539 0.556009131178255011640487737168 0.097312139247676454623103836639 0.862296278123938830795225385373 0.205062003568360351479782366368 0.816420366990724177824745311227 0.847454953706889613229691349261  | 866.145661989994323448627255856991 429.746588511110076069599017500877 
0.744001505035713051050549893262 0.627368437314008042804402975889 0.185217911361414855342388818826 0.704248238423719308265447125450 0.069094659050676132672208495933 0.826128319742320482710340456833 0.789878975096393931565330603917 0.473649859916567717021962380386 0.975820300019370479027713827236 0.704539223684402138303539686603 0.752477989510071609835506478703  | 358.146418165860268345568329095840 842.110574495343485068588051944971 
1.000000000000000000000000000000 0.599949356636161001965490413568 0.499999988647464199686965002911 0.701136676164333505489878461958 0.499999994508657785718952482057 0.400050644581390835163858810120 0.500000013941077292578540891554 0.400050613805908561460000782972 0.500000000070709216259956519934 0.400050641222663649898549920181 0.400050642638986597710015757912  | 0.000000000000000630570217183922 10.297993145827021521654387470335 
0.000000000000000000000000000000 0.599949356636161001965490413568 0.499999988647464199686965002911 0.701136676164333505489878461958 0.499999994508657785718952482057 0.400050644581390835163858810120 0.500000013941077292578540891554 0.400050613805908561460000782972 0.500000000070709216259956519934 0.400050641222663649898549920181 0.400050642638986597710015757912  | 10.297993145827021521654387470335 0.000000000000000000000000000000 
0.000000000000000000000000000000 0.599949356636161001965490413568 0.499999988647464199686965002911 0.701136676164333505489878461958 0.499999994508657785718952482057 0.400050644581390835163858810120 0.500000013941077292578540891554 0.400050613805908561460000782972 0.500000000070709216259956519934 0.400050641222663649898549920181 0.400050642638986597710015757912  | 10.297993145827021521654387470335 0.000000000000000000000000000000 
0.629685437413376347670634913811 0.599948265792956458852813739213 0.499992622306305645185631192362 0.701136676164333505489878461958 0.499991162294343371996774294530 0.400063574571811075841765159566 0.499980900395015914750018737323 0.400027730188184382775773428875 0.500009310340318924303915082419 0.400055138495664874831447832548 0.399989285840432029495161714294  | 5.658634626827022451323045970639 8.605178961164240192260876938235 
0.878444987702404533891353821673 0.599919974111313036857495717413 0.499953464815051651370936269814 0.701136676164333505489878461958 0.500037638354274061036619514198 0.400047661089046546756264888245 0.499966562948663317822450835592 0.400084010984037952152192474387 0.500013150090845681638995756657 0.400041474868202295844810123526 0.400075227978504144310534229589  | 1.954637039325737735140364748077 10.112307489256425085955015674699 
0.662178793289676326239145964792 0.600040258050453911842225807050 0.500000892359754200988675165718 0.701136676164333505489878461958 0.500047384652673065907890759263 0.400071997086020647582671472264 0.500022797526989748462256102357 0.400050603345440347613504172841 0.500015963320646794620927266806 0.400022182842652007650485757040 0.400054021498032263970401345432  | 5.212993460469248496735872322461 8.883943637963774619947798782960 
0.612426305263044756799217793741 0.599963820306162909368197233562 0.499950427521774432015888578462 0.701136676164333505489878461958 0.500003725267110121777136555465 0.400020728626000576788612761447 0.500045655809068012587204066222 0.400054221863258119284978420183 0.500011087147511634753982434631 0.400063952910485520764183320352 0.400045880051680458056040379233  | 5.889923522353006646312678640243 8.448777989808219146539158828091 
0.857410895248301274662594551046 0.599969986733666749145754693018 0.500002791926509093656250115600 0.701136676164333505489878461958 0.500049016637478804803151888336 0.399998915145485467448338567920 0.499983608035241389178082727085 0.400150560637341889957951934775 0.500000213618370659141021405958 0.400046840247218704611498196755 0.400077037752589403929448508279  | 2.288014472937927923368306437624 10.043937444445687034999536990654 
0.681327309594847996265798428794 0.599958551696764263994054999785 0.499969242533513824611191012082 0.701136676164333505489878461958 0.500036866579201211280292227457 0.400015936252664017214186742422 0.499972655477700700377141629360 0.400126262472404736758591070611 0.499975018450967478855773151736 0.400042569561016081447490932987 0.400001888322492171745636824198  | 4.943514522187489212967648199992 9.036798364081247925128081988078 
0.442039140093670568365524786714 0.599937536395452108983761263516 0.500034272184503580938041977788 0.701136676164333505489878461958 0.500000030718786403483022695582 0.400014260687839851016178727150 0.499984134066830787634927446561 0.400061526551099944093436988624 0.500000207732330337329074154695 0.400043341066447455389720744279 0.400076841222100465511601896651  | 7.914242658069349900529232400004 6.590043357131906809343036002247 
0.767977162055702544662949549092 0.599957951489195950856014860619 0.499942401630998012329598623182 0.701136676164333505489878461958 0.500000076865311338103481375583 0.399986871747924910280858057376 0.499997950112104849740291001581 0.400135038977070311982942030227 0.500035839688616423615030726069 0.400033249572659455051137911141 0.400034266536082594445389304383  | 3.671829534102649450488797810976 9.624614851969678142040720558725 
0.287255134056736305403489950550 0.599972310548333442881130395108 0.499990638281418542376854929898 0.701136676164333505489878461958 0.499968146995921125519402039572 0.400045683016759801020612030698 0.499963065898775593787206616980 0.400020863432762885381066553236 0.500005311372277883030790235352 0.400024982863546374467489386006 0.400106738110206139324986907013  | 9.268704737418760331024714105297 4.491241513601115009635122987675 
0.649952424763869052171116891259 0.599906007830417142834278365626 0.499978147027651309564078019321 0.701136676164333505489878461958 0.500017301902356270382199454616 0.400018469017195954506860289257 0.500075553592565058558250257192 0.399991653886418885299747216777 0.500019183247511711520871813264 0.400023825710883074169288420308 0.400107568273748270826217776630  | 5.383118549394941609875786525663 8.782977717559488084475560754072 
0.786287176928132880426858264400 0.599966430665627159513064725616 0.499976323614107320825183933266 0.701136676164333505489878461958 0.500007498349184897890040701895 0.400028280436399041875006332702 0.500080916279135201385486197978 0.400083995336869724379624813082 0.499986611430305927239459151679 0.400042114462766440485808061567 0.399996690681241717779670352684  | 3.393258738950553521362962783314 9.725441356142454196742619387805 
0.508827157552601438972317282605 0.599925722967354135839457285329 0.500028384864016572919354075566 0.701136676164333505489878461958 0.500065175434935338394382142724 0.399976102855757298382144426796 0.499990922743607624223471930236 0.400054627831141207394693992683 0.500000230358409680775366723537 0.400020782738583713378233142066 0.400066398171892489976642082183  | 7.181825522187815558083912037546 7.383800582294788306114696752047 
0.112083865620681066843644657638 0.599931415841664428256763130776 0.499999153716266908631382648309 0.701136676164333505489878461958 0.499929998813057940854065464009 0.400112107580237963411207147146 0.500054776321304461639272176399 0.399946422315569205530039198493 0.500004051997577581012421887863 0.400093422027655687411851204160 0.400025222245166789392101236444  | 10.143729348368589526785399357323 1.804599000573044786932541683200 
0.944886388012265543423495728348 0.599955487541062648659817568841 0.499985937602684560321364415358 0.701136676164333505489878461958 0.499956548385339372142510683261 0.400057979145555797639843831348 0.499964744698456253768625856537 0.400012406884772853121745583849 0.499992485631804928214450001178 0.400014650854641995447735780544 0.400033098168671719108147044608  | 0.890519012048124336544674406468 10.260713608033544375075507559814 
0.959191073451682862938127982488 0.599913819265807668479340009071 0.499932753187055045618336635016 0.701136676164333505489878461958 0.500027584653107481926781474613 0.400065330455404044585066003492 0.500001330231356289068855858204 0.400028873033832332861692293591 0.500003290340713335559996721713 0.400036825027899500817341049697 0.400022541138045195641126383634  | 0.659779330710506872748055684497 10.278464236344147408885874028783 
0.090479042121170083490255819925 0.599942536002876281031603866722 0.499932333146319574090910009545 0.701136676164333505489878461958 0.500003551724667594235995693452 0.400036633485030046486485844071 0.500027269914227856517641157552 0.400072781296911594850485016650 0.499994616615220266453434305731 0.400073582414896711245688720737 0.400008335993176866729470475548  | 10.195806849344373645749328716192 1.458906555543238781069703691173 
0.912033461496451258732065525692 0.599936126889742737944288819563 0.499975610791835611834699193423 0.701136676164333505489878461958 0.500031302381916731292221811600 0.400141776924259562342456320039 0.500028190410848560887302483025 0.400011501818647974282328050322 0.500020858978334370448237677920 0.400010223867003189557323139525 0.400088066843172940334483200786  | 1.418858565588368314536182879237 10.202940353293159958525393449236 
0.171855108044799032018801199229 0.599930304408883174893674095074 0.500049521758247905722782888915 0.701136676164333505489878461958 0.499970949628940786180208988299 0.399953766433531532342726677598 0.499992832456934821472316343716 0.400083811052296789423365908078 0.500017625180741775992032671638 0.400022982405014826401412619816 0.400026870903112730104567162925  | 9.928059203326004222844858304597 2.747130033087969547267448433558 
0.355185268643741614003062068150 0.599978069396574831273483141558 0.500025652190545732977966508770 0.701136676164333505489878461958 0.500002938021124831990960046824 0.400080342905799080099882303330 0.499997464218861376039626520651 0.400054042228514594725652386842 0.499968731609968075613181781591 0.400066101739579960128168067968 0.400061323602544705035910510560  | 8.736989763427969180042964580934 5.452413608644124387581086921273 
0.366280903316630768173922660935 0.599953822132178959947168550570 0.499960780346246302929813509763 0.701136676164333505489878461958 0.500010353912015204080887542659 0.400019776785259684181994543906 0.499986243636237948084755089440 0.400029306504595005833380128024 0.500001981528462535742107775150 0.400050036415317999960450379149 0.400008652430920319531537643343  | 8.640853982883202277776035771240 5.603994972561050502690704888664 
0.753281503056497880876918316062 0.599963385203657217914496868616 0.500012310472526255722414134652 0.701136676164333505489878461958 0.499979027292540234572726376427 0.399972256569603279441338372635 0.499975755042594727228788542561 0.400134741477484012772691812643 0.500019588564951211751008486317 0.400042657553138558679250991190 0.400128592850760911314722534371  | 3.893354189440721757620167409186 9.538153363257098504845998832025 
0.097493479875150335089983855141 0.600009803753854376040521856339 0.500000915699409298476041385584 0.701136676164333505489878461958 0.499946474922332961821069829966 0.400132001349416011048987229515 0.499934093305098081749804350693 0.400037479564724240965745138965 0.499981139264161600355151904296 0.400038718526389225349504386031 0.400040057663935300080737533790  | 10.181036685119353890627280634362 1.571452523400847400836255474132 
0.494547459094249464151005213353 0.599937625964541920708938960161 0.500057483910485656153355193965 0.701136676164333505489878461958 0.500057447473688521100143589138 0.400162047219027317002115751166 0.500018819656377622173692998331 0.399963378418570436600987250131 0.500004610186664200099926347320 0.400035350045987669886926596519 0.400013293864077856820671286187  | 7.347932383911559561795456829714 7.223130636669152337958621501457 
0.469873729382733418269424419123 0.599951404456795289732440323860 0.499951864430965842167609025637 0.701136676164333505489878461958 0.500022828812350272897901959368 0.400072367640953163725470176360 0.500022572342948001811180347431 0.400120427350721508119590907882 0.500009404183417882627793460415 0.400063931470455602656954852137 0.399982366289043766993671624732  | 7.620080448770482739462295285193 6.930977398655134180671666399576 
0.420490585555982565590937838351 0.599933583840352446792110185925 0.499981208313123093311958200502 0.701136676164333505489878461958 0.500025054726158546536396443116 0.400083034684205918196653328778 0.500014968684467708825991394406 0.400074036753734763038892197073 0.499993767663595767292150640060 0.400038281259669059597428031338 0.400024285470931606489841669827  | 8.132758630228906326919968705624 6.318458260360367617636256909464 
0.601080182007728280879632620781 0.599930706740101737928227976226 0.500009363768668779748338693025 0.701136676164333505489878461958 0.499999563642517907968709778288 0.400064561633525828110435895724 0.500008035048647880849159719219 0.400042179110314810586146450078 0.500004275745684179099725952256 0.400049678280756659809469510947 0.400010118543003112545619615048  | 6.039144826373894936466513172491 8.341898099143278955125424545258 
0.832587204590284235550257108116 0.599959470028829433552175487421 0.499985233620453439762343350594 0.701136676164333505489878461958 0.499992524986622666194335806722 0.400047271128529113859428889555 0.500055260681371294140262762085 0.400089155763907855511973821194 0.499984385813705689560748623990 0.400035297147233070980121283355 0.399990211048224075796042598085  | 2.677437948735916339870755109587 9.945693730122895814815819903743 
0.687184059170166117169742392434 0.599946961435690484520932841406 0.499978147027651309564078019321 0.701136676164333505489878461958 0.499976255019359550058055674526 0.400071866185353675060554223819 0.500022152200875313887706852256 0.400100239348943786943380018784 0.499993543731853729017444720739 0.400056530107401386864296455315 0.400036439478221872434460237855  | 4.859387471633804800319467176450 9.080431981902846061416312295478 
0.706699873256014354794274368032 0.599911295199095917496379115619 0.499995024363884488227682822981 0.701136676164333505489878461958 0.500033281869782131323631801934 0.400089208472259261206716018933 0.499924686499690629215564285914 0.400069655542604873943446364137 0.499986472407780824234180272470 0.400044335517018512238252014868 0.400013589096386290577811450930  | 4.579396057222111515727647201857 9.226341880375343862397130578756 
0.074150624645080764896221126037 0.599962039398515667443234633538 0.500011602042645275645327274106 0.701136676164333505489878461958 0.500029599013900649673303178133 0.400002814274175222397644802186 0.499907709516321352438694702869 0.399991893646517659988148807315 0.499984190712543075107987533556 0.400051774172887841807266795513 0.400014910620619446035561850294  | 10.231543501061171497212853864767 1.197143042476129792817118868697 
0.237866712671729124695119139687 0.599963611306495447905717810499 0.499952532196937859954033456233 0.701136676164333505489878461958 0.499978083663384587076450316090 0.400147605691494989699208417733 0.500000720075838622769026642345 0.400071958158100149383074040088 0.499999090589080541491284748190 0.400026271024775503803994070040 0.400042553290093139128913435343  | 9.589955240303396521994727663696 3.759807905021772977960381467710 
0.271856931163656501126979492255 0.600047448697739405076845287113 0.499967150787191061400704938933 0.701136676164333505489878461958 0.500066131785597667303022717533 0.400055388217515406346080908406 0.499990762674769106954641983975 0.400096585360397716257807587681 0.500005726759976454331990680657 0.400059194950692809111814085554 0.400061084636305130945999053438  | 9.376370889048542878185799054336 4.266562569853105557626804511528 
0.527858291523402245459806181316 0.599966090314729916244118612667 0.499978303813307101144403077342 0.701136676164333505489878461958 0.500033281869782131323631801934 0.400054140469272012659018855629 0.499999144632673919730336820066 0.400010249024087716218645027766 0.499985396134154991276687951540 0.400044327904657437411373166469 0.400074728627380804546476156247  | 6.956841456105331999992813507561 7.593988169431357349026256997604 
0.055327481753425444832572566156 0.599924580531480566847335467173 0.499856614770201157504914135643 0.701136676164333505489878461958 0.500037538367247180737251710525 0.400049867435549932892513425031 0.500013060038538181828471351764 0.400092589192075798187886448432 0.500048663831792139511378536554 0.400052041884826570239397369733 0.400037791390140007319331516555  | 10.264448857740939402560798043851 0.894317565530074354285261506448 
0.457748257658321444640847630581 0.599980841475935888773562965071 0.500002208801807679350304169930 0.701136676164333505489878461958 0.500002186249487001745706038491 0.400089958979355397872268440551 0.499992981788184021052501293525 0.400050065187516734610539970163 0.499999909478645920835049309972 0.400070002995247198107620079099 0.400034347521736499686539900722  | 7.749159093658367858381552650826 6.783241281997243632417848857585 
0.716037170760272401182078283455 0.600038186453700439493275098357 0.500032512716423016563282999414 0.701136676164333505489878461958 0.499970272225237932772756721533 0.400180400700048843898315453771 0.499917434175645936100806920876 0.400056868221885575387375411083 0.499995534543649922110120087382 0.400057312791880281821477183257 0.400025586104891361927116122388  | 4.445504190251936549316269520205 9.296525120736429670387224177830 
0.925200694523336641950095327047 0.599937208824895984449199204391 0.499991680574092600686242349184 0.701136676164333505489878461958 0.499942208655882180945440040887 0.400062466713903719384148871541 0.499974199415885445230145478490 0.399990293923340178849912263104 0.499982949789524400152629368677 0.400038718526389225349504386031 0.400051119309620173414288046843  | 1.207370623103720008728600987524 10.228647881119018236972806334961 
0.347876711918207681684123144805 0.599951404456795289732440323860 0.499999503762598107581283102263 0.701136676164333505489878461958 0.499981568966160472289317340255 0.400072367640953163725470176360 0.500022572342948001811180347431 0.400120427350721508119590907882 0.500045965147703608266738228849 0.400057715397386326472428663692 0.400031931239654470200406422009  | 8.799849244896870814613976108376 5.352265473758706093576620332897 
0.122132394802273738787512513682 0.599882862947257788910349063372 0.499997133813812277836063913128 0.701136676164333505489878461958 0.500049383625489785032414147281 0.399963242924725903559846074131 0.499936001361419968258559265450 0.400062506061226008657882857733 0.500004525764369711637868931575 0.400011740311275176829042266036 0.400009563565416337294067261610  | 10.113325234605692770628593279980 1.964350412851857630158747269888 
0.314808477561020816359871332679 0.599918920498273333663519224501 0.500014856376025829121090282570 0.701136676164333505489878461958 0.499996300205919397274811899479 0.400018985384160197238401224240 0.500009027404805905803186760750 0.400109521623189468009229585732 0.499987756177676545554788845038 0.400015722281983288066697923568 0.400089661280023434208885646512  | 9.065852191142194982376167899929 4.888147549479818998463542811805 
0.143160706798994313837525282906 0.599930607504675861285647897603 0.500033160847805469018112489721 0.701136676164333505489878461958 0.499984759586456384283792431233 0.400030326655807122460117852825 0.500000057830400801428538670734 0.400082018532247285502734257534 0.499981082794157150051006510694 0.400023935843035804982292802379 0.400049644448872754320944977735  | 10.039506627094628044005730771460 2.296489021882959669085266796174 
0.481123404372761798164503943553 0.599939283760930974764846723701 0.499945055523020820409385578387 0.701136676164333505489878461958 0.500030974668403849214826095704 0.400158136890841120703043998219 0.499948439919886744586818849712 0.400058779248702089947897775346 0.500003437585497256812061550590 0.400030985758578649935657267633 0.400045690144773313789983149036  | 7.497162187244297726351760502439 7.065241583765226707214424095582 
0.847938388324436687071283813566 0.600026940930332597368135338911 0.499937117923662355245539856696 0.701136676164333505489878461958 0.500014712982891018633324620168 0.400069460845609403687461735899 0.500004441128529264481983318547 0.400102993039439691624892248001 0.500003477405858820503681272385 0.400050488612110066721783141475 0.400039014696823624905874794422  | 2.437061912866977930747225400410 10.008202270535660360906149435323 
0.546470246818109628428317137150 0.600062589135664348205523310753 0.499955474612224781694180819613 0.701136676164333505489878461958 0.500090837192919690501469176525 0.400043311190251493769665103173 0.500010956731504419003897510265 0.400122938275729589374662964474 0.500013082136500530694434019097 0.400068001184807231496165513818 0.400054278352258319007006548418  | 6.735061811055823355331995117012 7.797778947729062437588254397269 
0.428290909613815884426912816707 0.599980905128394526037993728096 0.500017109279761395868035833701 0.701136676164333505489878461958 0.500006761552281298044420054794 0.400063658399286314892862037595 0.499947816532578026560429407255 0.400059424769749594208434473330 0.500003586805156774452996160107 0.400051951635579050581270621478 0.400034154927795371214926944958  | 8.054832545025108814229497511405 6.417710174320451876894821907626 
0.585248151372108726953058521758 0.600019183347924811577911441418 0.500010108511437789680087462330 0.701136676164333505489878461958 0.499970949628940786180208988299 0.400153946255598358394678371042 0.499996896172598626062466564690 0.400068137541780666222024365197 0.499992908787184830998739926144 0.400059088519597039201869392855 0.400012681948144988020032997156  | 6.246619327849201042113236326259 8.191651326885851958081730117556 
0.265506183584083177429135957937 0.599881206505410324858473813947 0.500060365040019716431629603903 0.701136676164333505489878461958 0.500049016637478804803151888336 0.399948300618958030305805095850 0.499961454000406202435868863176 0.399984706432170211698462480854 0.499966817210047542729967062769 0.399993408969609498537778335958 0.400077037752589403929448508279  | 9.421095150580434562925802310929 4.173980634163797276414697989821 
0.561019029278270853211552093853 0.599949356636161001965490413568 0.499999988647464199686965002911 0.701136676164333505489878461958 0.499999994508657785718952482057 0.400050644581390835163858810120 0.500000013941077292578540891554 0.400198415389072414960480728041 0.500008728336347241238968308608 0.400050641222663649898549920181 0.400050642638986597710015757912  | 6.554231856000135358897296100622 7.948576319415227686704383813776 
0.895014841507208225301894799486 0.599945078061146164216665965796 0.500018795649966985017442766548 0.701136676164333505489878461958 0.500007186791535329639657447842 0.400007314187420637274783530302 0.499986225296729314138133304368 0.400045607704398065163076125828 0.499983507810612959332274840563 0.400041784929998534003914301138 0.400004940765707805994111367909  | 1.690718791952928068411665663007 10.159246106881198556948220357299 
0.901830208934413790622386386531 0.599952647739278255301087483531 0.500020763194471418167097453988 0.701136676164333505489878461958 0.500059754694384794859729481686 0.400013551578013104581543757376 0.499930998167213314076207097969 0.400146714416672488745518876385 0.499983418376855059950258919343 0.400030358529850249560411157290 0.400077168925215220784963321421  | 1.582343409784931820283304659824 10.179850322342510082762601086870 
0.255731979688355925972587101569 0.599917254561813773072742606018 0.500010880381625777424403622717 0.701136676164333505489878461958 0.499964429793334663720827393263 0.399981758765476314021469761428 0.499978471588713058171293823762 0.400174617740718108205300040936 0.500006387447833544612763034820 0.400077307612766774891355225918 0.400021501474281782062547563328  | 9.482707790260629820977555937134 4.028272413449972333410187275149 
0.761799240499011931504469430365 0.599883701304907202001004407066 0.500007321224638423551311916526 0.701136676164333505489878461958 0.500067538498908947808274660929 0.400018985384160197238401224240 0.500045837823837602265086843545 0.400015684779276292637462120183 0.499990181729255078746376739218 0.400052059487185807107323398668 0.400035664991354400488177134321  | 3.764848012096238427659500302980 9.588002946932324022100146976300 
0.157035558573426936579409129990 0.599947111814962630305103630235 0.499997847840458198298563274875 0.701136676164333505489878461958 0.499993699527520041314687659906 0.400103788075221400433179042011 0.500087176612532879893535664451 0.400025587066536181257703219671 0.500014732613843326802793853858 0.400059088519597039201869392855 0.400038450665264055938763476661  | 9.988489816673268961721987579949 2.515089166362993733372377391788 
0.010741670058427296025049813011 0.599911774019863286433462690184 0.500038325823930929203697814955 0.701136676164333505489878461958 0.499972334586757771734966127042 0.400035867937000078065068464639 0.499995318536176736046172663919 0.400074653912032229818862560933 0.500008222463673046576104752603 0.400070066491798770336174584372 0.400079984413697742340332297317  | 10.297666793149018005237849138211 0.173768774146854293460862095344 
0.340285951932463359703717742377 0.599916264937037979620981786866 0.500030140146581647542234350112 0.701136676164333505489878461958 0.500053043576987987783866174141 0.400028231073085827063096076017 0.499969055673722184707230553613 0.400021507352873173513074789298 0.499973532194152525676145160105 0.400023120654076913549346272703 0.400007351600863370055805035008  | 8.863337032309306806610038620420 5.247137922437650203733028320130 
0.840783512160946155944429847295 0.599914321469896982819136610487 0.500000885919234194787463820830 0.701136676164333505489878461958 0.500053628628584823090363897791 0.400060293679908141051271286415 0.499976668869182683252461174561 0.400080196365704354732883984980 0.500000213618370659141021405958 0.400045525706184956771238603324 0.400061155117852007556678017863  | 2.549010074456311780721762261237 9.978707983936727643481390259694 
0.209039775174483466457786562387 0.599904946872791722256579305395 0.499998063992526831089691086163 0.701136676164333505489878461958 0.500034162861833664237565244548 0.400025912834032326692579317751 0.499977411512407265981039472535 0.400120727719690483237258149529 0.500005783272473358636034390656 0.400037268316634442300028240425 0.400028949516738951963645831711  | 9.749644083534333205420807644259 3.321628365340679955863834038610 
0.045644059608841658359779103193 0.599942632883860516024299158744 0.499955012128401432569546614104 0.701136676164333505489878461958 0.500010515475119987627294904087 0.399996603199694100716499178816 0.499958527017134779502072206014 0.400087026866645156797375193491 0.500000213618370659141021405958 0.400046107694707275825862780039 0.400008042859322121564957797091  | 10.273501445540270893275192065630 0.737849334243638965702416498971 
0.451343921958326566024055637172 0.599960626969484933646015178965 0.499942054315825057386746266275 0.701136676164333505489878461958 0.500008864683183840149638399453 0.400063468729742299778706637881 0.499987831678767924437067904364 0.400023992256405946932318329345 0.499985851566927652633864909149 0.400030500257960386356614890246 0.400042159653915596617679284464  | 7.817308366437333511100860050647 6.705204087136364066168425779324 
0.304653122543839915969954290631 0.599903974300276532360953751777 0.499998524213881412325832798160 0.701136676164333505489878461958 0.499973574082729022016735598299 0.400005662205565826194941791982 0.500087029436014018912715073384 0.399963562232747482649841685998 0.500011928492015034208861834486 0.400059738307085910324900623891 0.400071211824666261858141069752  | 9.144771972285457906082228873856 4.744003183646521293326259183232 
0.518452776361514766634286388580 0.599973473602482876287922408665 0.500017299185476438161401802063 0.701136676164333505489878461958 0.499987599953006234265728835453 0.400055132795354928543218875348 0.500019265147928715364855634107 0.400074653912032229818862560933 0.500008222463673046576104752603 0.400041060271853321506085876536 0.400028305207703160917276363762  | 7.068045769836790448437113809632 7.490141087492583338303120399360 
0.570735934162781455292190457840 0.599955799345653240095543878851 0.500028780069297296151376031048 0.701136676164333505489878461958 0.500041097931752553940043526381 0.399998387851698666839439511023 0.499974897994440004023175561088 0.400188309032865452419258645023 0.499999726429110724623683381651 0.400047357203765607813750193600 0.400028117165891317075221422783  | 6.432580319785570210910918831360 8.048221806136224287797631404828 
0.534765657176603292910499476420 0.599997840557747963430301751941 0.499918690392809172973187514799 0.701136676164333505489878461958 0.499971135956933487864972676107 0.400190552824684853128189843119 0.499979304353552311823705167626 0.399929435659348242459998346021 0.499984889859035719350544013651 0.400056271986545086694064821131 0.400031532357799313182056266669  | 6.879413529464810217461945285322 7.675018726801713597751586348750 
0.129450968519234904663406382497 0.599963228132542436554786036140 0.499982557776322333875640424594 0.701136676164333505489878461958 0.500007330214766065878961853741 0.400031881488369489563439174162 0.499930063030600058127106422035 0.400002430838570066651271872615 0.499989765138559971724419028760 0.400047813725580791999192342701 0.399963703548481264160585624268  | 10.088880490861470207164529711008 2.080234362998488961693510646001 
0.411182496364651983711269167543 0.599946961435690484520932841406 0.499992045019806541361617746588 0.701136676164333505489878461958 0.500015143086151470086520021141 0.400082156533115462782035365308 0.499985409239363409739098642603 0.400039005627016996946565541293 0.499990927179410959979577455670 0.400061246215874632969899948876 0.400076672586749559901164730036  | 8.224044343779914001402175927069 6.198707873541021484697921550833 
0.327577501165757178913651159746 0.599927386223771064166498945269 0.499995809490642373340563153761 0.701136676164333505489878461958 0.500011202518785946580237578019 0.400003330029793158217898962903 0.500048833997722264044227813429 0.400090916585454980936020774607 0.499989689402231263226639157438 0.400068723509603985100113732187 0.400013589096386290577811450930  | 8.966003605814448107480529870372 5.068997896550887283240172109799 
0.334173186127643240261875234864 0.599943062041454866495371334167 0.500017062218282015706449783465 0.701136676164333505489878461958 0.499999994508657785718952482057 0.400037254022285071464182237833 0.499967592087358303487576449697 0.400048653586513869306884316757 0.500018688185885351593640280043 0.400022158365575641880695911823 0.400038957226528768540418923294  | 8.912012052792443128623744996730 5.161040598648193089559299551183 
0.182025525071521365738647091348 0.599937536395452108983761263516 0.500034272184503580938041977788 0.701136676164333505489878461958 0.500000030718786403483022695582 0.400014260687839851016178727150 0.499984134066830787634927446561 0.400064704637940804499152136486 0.500000207732330337329074154695 0.400043341066447455389720744279 0.400057507099087050761454520398  | 9.880510605592512263228854862973 2.904675481977547768508429726353 
0.394626037727759060302901161776 0.599949954095873705384178720124 0.499991683093508942903326897067 0.701136676164333505489878461958 0.499939610805998579934339431929 0.400045538012972601293881780293 0.499946502738977560653665932477 0.400033471614354818601810848122 0.499926894461419801807267049298 0.400038069648617156115477655476 0.400012202129875760192589950748  | 8.384280806269210017944715218619 5.984058502309909322036673984258 
0.203989144610749795205606460513 0.599960662186632021075638476759 0.499963442177972783309058968371 0.701136676164333505489878461958 0.499983806611199899094799548038 0.400067221036559728108983335915 0.499944508719190550127819960835 0.399956257604498099933465482536 0.499995163462218339400777722403 0.400062946184519874215368417936 0.400031089205465095748337489567  | 9.776567178222022036493399355095 3.244467106521009114317166677210 
0.556892205929822137200346787722 0.600009080032835040441341334372 0.499993656464452873589010550859 0.701136676164333505489878461958 0.499999994508657785718952482057 0.400166559593101156533379025859 0.500000013941077292578540891554 0.400038810079460793733829859775 0.499979335577861949690969822768 0.400074169648885979988506278460 0.400026092595191951062361113145  | 6.605221095217379989605888113147 7.905445481753917924550023599295 
0.801955523830411798336115225538 0.599968997567632666978454381024 0.499991328503871512722867009870 0.701136676164333505489878461958 0.499983112240855009922313456627 0.400050281251327133347217568371 0.500026161069625274535610515159 0.400019774020397567149132100894 0.500004189840202561967430483492 0.399973542021832662030078608950 0.400008385789359099948825360116  | 3.152767772439659665906219743192 9.805606601173931125003946362995 
0.724829072845318722606577921397 0.599936489848296949922712428815 0.500002139785492349943751833052 0.701136676164333505489878461958 0.500027767755791940906817671930 0.400030525979351236909309363909 0.500028694667701167908546722174 0.400045882248247774981564361951 0.499996518823239588513729358965 0.400009832787239782980748259433 0.400005851342684126681348288912  | 4.314351878283971153393849817803 9.351947701387926414895446214359 
0.249898065941084490670931472778 0.599925711606220879446027538506 0.500049521758247905722782888915 0.701136676164333505489878461958 0.499997857999704864440104756795 0.400042327692041232989339505366 0.500002703150115301866662775865 0.400030916132772806914630336905 0.500010556831878560934967481444 0.400001413806670425010736380500 0.400048559628240762986450818062  | 9.515834467271945484867501363624 3.939802741473696023888351191999 
0.373343274148985604377060099068 0.599957222662241829169715856551 0.499970210857022367978430565927 0.701136676164333505489878461958 0.500014028732472470828440691548 0.400059467745569885543943655648 0.499938247422015480392332165138 0.400028837216079347083308448418 0.499978465509453129378414359962 0.400060054058303582458222535934 0.399987955180394205711991162389  | 8.578972136857206720605972805060 5.700048556369259777909519470995 
0.820624892034338859758690887247 0.599969075850157462781453432399 0.500006403911750552104820144450 0.701136676164333505489878461958 0.499982160568285316504244519820 0.400027311515753936088657383152 0.499969727702837707372651721016 0.400083563280821397079023427068 0.499948474635571904478581473086 0.400045619861607693046323674935 0.400037814513822476136795103230  | 2.863677179748247425550289335661 9.893077329257833341102923441213 
0.378335239199688477818028786714 0.599945078061146164216665965796 0.499987508611725695040206574049 0.701136676164333505489878461958 0.500013266247102405870350594341 0.400048369755953481252674919233 0.499942909030871740494461619164 0.400045607704398065163076125828 0.499983507810612959332274840563 0.400041784929998534003914301138 0.400004940765707805994111367909  | 8.533372060268836989394003467169 5.766710497570847415715888928389 
0.698351723037177407604758627713 0.599927029333924166643043918157 0.499968404030247337566095211514 0.701136676164333505489878461958 0.500016895436140806907587830210 0.400050281251327133347217568371 0.500079195821768962559872306883 0.400019774020397567149132100894 0.500018794729079618655021022278 0.400016907212398853399548670495 0.400008385789359099948825360116  | 4.700038791154755202228443522472 9.165602293856837334828924213070 
0.295331102767093844896351129137 0.599948897944047265795575185621 0.499961850446277056292387896974 0.701136676164333505489878461958 0.499993395774835480693809586228 0.400017444255839516031869607104 0.499981279193434380303528996592 0.400078143963867149945912160547 0.500010341817736070346711585444 0.400033873365978065450576650619 0.400081429559207224500028132752  | 9.210510248803664978822780540213 4.608219015389262374071677186294 
0.474858582553645047763524189577 0.599940825425641643953156290081 0.499956654251631771312958107956 0.701136676164333505489878461958 0.500001520066793880836542030011 0.400126711473364760074389323563 0.499940638537121173623489767124 0.400025911874834105841358677935 0.499998516888500110777471263646 0.400023264711697412732149814474 0.400077789976194142518295393529  | 7.565539473023240368831920932280 6.990396735365527192129775357898 
0.023095887328745789979222990951 0.599922580402101557339733517438 0.499997050800184639207657255611 0.701136676164333505489878461958 0.499996612052751754351476165539 0.400024113319236818142599076964 0.499982767888416501644854861297 0.399945042888255830604293805663 0.499992725122830605766210965157 0.400060054058303582458222535934 0.400037048754831980890145359808  | 10.293824890723547227366907463875 0.373612929895280887482300613556 
0.161462662353805491699532126404 0.600019183347924811577911441418 0.500010108511437789680087462330 0.701136676164333505489878461958 0.499970949628940786180208988299 0.400153946255598358394678371042 0.499996896172598626062466564690 0.400058194467724004272923821190 0.499987977034396624542722520346 0.400059088519597039201869392855 0.400035828408697335945021222869  | 9.971801558640811080636012775358 2.584758949942239869557170095504 
0.987717019047469113601778190059 0.599942298080070823829146320350 0.500002208801807679350304169930 0.701136676164333505489878461958 0.500036712159242169306594405498 0.400028391400185534543254561868 0.499992981788184021052501293525 0.400050065187516734610539970163 0.499999909478645920835049309972 0.400050678124686975856150183972 0.400034347521736499686539900722  | 0.198686213556148044689919629491 10.296513256093243526834157819394 
0.933341649057161215630173956015 0.600019183347924811577911441418 0.499997847840458198298563274875 0.701136676164333505489878461958 0.499993699527520041314687659906 0.400103788075221400433179042011 0.500011846771346135653857345460 0.400043792166811074118015767453 0.499992908787184830998739926144 0.400041510046093784502829748817 0.400038450665264055938763476661  | 1.076469150486050629922374355374 10.243206903903015358991979155689 
0.218561576203215451874584118741 0.599916299404908315295870124828 0.500008779756508592306829541485 0.701136676164333505489878461958 0.500037713798723748581664949597 0.400045726352311170614939328516 0.499988617312697003480792545815 0.400036683686514793478750107170 0.500005703613642049631948793831 0.400001465267316336227310102913 0.400011394555624399949067537818  | 9.698329674680758571980732085649 3.466880229129327695147821941646 
0.034014806432821703685576153475 0.599922045964019989838789115311 0.500002899178096371635149353096 0.701136676164333505489878461958 0.500035004974950902933983343246 0.399990043423071817141334349799 0.499970270681660167166882047241 0.399961638450551437706792512472 0.499996668563857826761420710682 0.400021504706701558351511494038 0.400050380918268555507921746539  | 10.286317629293288078429213783238 0.550124974964936952481764365075 
0.408098981297246421462432408589 0.599936633200660929254866005067 0.500004150203411601438574507483 0.701136676164333505489878461958 0.499966794527019975369341864280 0.400020876278384340807292574027 0.499999537814972416782666186919 0.400009026207265028229898007339 0.499984034692471268623847890922 0.400023009291817777111077703012 0.400087777844573444507858539509  | 8.254570559253346928585415298585 6.159248426262616149529094400350 
0.232562456900038433404986903952 0.599999913294069209257486363640 0.499936016610180056218837307824 0.701136676164333505489878461958 0.499954346771567526008794857262 0.400162310361221462695624495609 0.499989785661236640912363782263 0.400110533979122884318258002168 0.499998389933637321647097451205 0.400074279187790926570755800640 0.399967169625603857774365224031  | 9.624447600149240500400082964916 3.681114093473716319948607633705 
0.742761740845457651971628365573 0.599939576608755076314594134601 0.499969242533513824611191012082 0.701136676164333505489878461958 0.500046560539395668065765221399 0.400158724045508118472014302824 0.500036797820260447977602780156 0.399996956222575417161380073594 0.499977019741908390582096899379 0.400023884049793498896008259180 0.400085000137905322237230620885  | 4.050461585995699387297008797759 9.472597810757477532206394243985 
0.973404291097096696638857338257 0.599967540577961755410285604739 0.499974367919540974014580569929 0.701136676164333505489878461958 0.500035070456573582653447829216 0.400026619782905934474825926372 0.499976084810410392744728369507 0.400118961875325973576167370993 0.499985942337231981102974032183 0.400056054214451450867784387810 0.400055137712780561898284759081  | 0.430156691523733702986476146179 10.290642205319583624145707290154 
0.970036595402602674909076085896 0.599937030641430890653964524972 0.499995447867708053824031821932 0.701136676164333505489878461958 0.499999994508657785718952482057 0.400050644581390835163858810120 0.500000013941077292578540891554 0.400056212228060870117474223662 0.500013752841911185420542551583 0.400050641222663649898549920181 0.400050642638986597710015757912  | 0.484514246463252751251360450624 10.286666502882813034602804691531 
0.821909168534336154188224554673 0.600014097661555334539684736228 0.500000885919234194787463820830 0.701136676164333505489878461958 0.500055838765453231076207885053 0.400060293679908141051271286415 0.499984671555638582329805785776 0.400168093233794874841180444491 0.500027001288477324081327424210 0.400041459302179602808280378667 0.400033693421021296909856346247  | 2.844607816681517409307389243622 9.901946584238865867177992186043 
0.651762912448219600136667395418 0.599968835912132902876692241989 0.499942932589158062217649103331 0.701136676164333505489878461958 0.500012928667480816002921528707 0.400042445251803269190560286006 0.499947284211207265691712109401 0.400164172018130814834080410947 0.499992824248067291303954107207 0.400057043513188936856295185862 0.400011580390303378429450731346  | 5.358524659772918141698028193787 8.798917644672680893336291774176 
0.548904109266607598272003087914 0.599978481914702821420348755055 0.499992069930310367720238673428 0.701136676164333505489878461958 0.499958730802839035334272921318 0.400152773884358659017834725091 0.500031830604182547794778201933 0.399966574329901569662126803451 0.499975011090847853978402781649 0.400076203797921581273300262183 0.399996819246037249584446726658  | 6.704732989241802165736316965194 7.822924713438648147700860135956 
0.984449705891059290152611538360 0.599997148688187986742548218899 0.499993469347357388787855825285 0.701136676164333505489878461958 0.500002511926658343988094657107 0.400104664479920990594052909728 0.500018201195721934126936503162 0.400046089785822345241683706263 0.500001118065068750340174119629 0.400044487422520578245865863209 0.400029215276903049591794570006  | 0.251546748348054516331018248820 10.296125743775174754546242184006 
0.593091525881130454678213936859 0.599930607504675861285647897603 0.500033160847805469018112489721 0.701136676164333505489878461958 0.499984759586456384283792431233 0.400030326655807122460117852825 0.500000057830400801428538670734 0.400082018532247285502734257534 0.499981082794157150051006510694 0.400023935843035804982292802379 0.400049644448872754320944977735  | 6.143548684099757295484778296668 8.265734372044752475972018146422 
0.226253175366007114321931226186 0.600036664889833537550600794930 0.499986353814134865114482408899 0.701136676164333505489878461958 0.500058154787385578110558981280 0.400066635423195093856918447273 0.500069712510639474700724349532 0.400081611348574228692598353518 0.500010442867889759455124476517 0.400047289916327764025538726855 0.400001601430037656559335346174  | 9.658116952579154812497108650859 3.584682564324742415351465751883 
