0.885911073526439385439346096973 0.564723384066965317096276066877 0.481760237457889761714113774360 0.003407424079641119263328619127 0.107235777305919710578052672645 0.442833159099511819434269455087 0.380857226681368454812570689683 0.664984004631514968863825743028 0.664238905206634422384581739607 0.113936046916420452568274868099 0.422059828252584368080135845958  | 1.632166960552699830344636211521 0.000014057156554182176046640870 
0.223129866841666135712785035139 0.213921040170143350600540088635 0.150740481619100585852777385298 0.259364636598470865713750299619 0.712323159404455896748231680249 0.309489456231108572836774328607 0.076140869424845658564038330951 0.191484444518896013143205436791 0.585906071277680351450101170485 0.096914200271773109918171940080 0.000734265982247239712421560398  | 2.037066850597920808496610334259 0.000000000000000000000000000000 
0.688397993247936379468399081816 0.641323632343188898552455157187 0.892672346923804704843519175483 0.770231607514655136625947307039 0.295599406355275595714715564100 0.820130082144098992991132490715 0.375258726134217290848482662113 0.892917102251220451414326362283 0.842272640160297680900214345456 0.670521501391801555413962887542 0.364347445613417586507409851038  | 1.726025927771153378742496897758 0.000000000000000164864350751120 
0.145428589682050413145475431520 0.750995241444034400402074425074 0.446259733683332271425570070278 0.862219829254702307963498242316 0.245272424857864823621866889880 0.518729273196941731427500599239 0.073277123213202566276436300541 0.317209860254000108881200503674 0.152281738849691317128076661902 0.880250829012466207146303531772 0.124032019127330639385320409929  | 1.884682008874015490818010221119 0.000000000000000000000000000000 
0.579462278473827030467191434582 0.740145852746697641144635326782 0.813678564729949260758701257146 0.681852231539064712606545981544 0.328744232625951204873615552060 0.966548674435086629941338287608 0.484697301386878720563800015952 0.356332411632160894754406399443 0.883126889154590588582038890308 0.702208629140615991914842197730 0.215389572134637830025383209431  | 1.725682897228408396728127627284 0.000000000000000000000005439987 
0.200375938453547730588866215840 0.336331647775839348568638342840 0.252412182635606718861254194053 0.660976043622587439152482602367 0.580613329844809511470771212771 0.135584801823503631190703799803 0.146254731434573237436325143790 0.590961781993431856108145439066 0.796726186662420343687074364425 0.269778089402893050952059184056 0.342879037829199928566481503367  | 1.552442604597628728058111846622 0.000000000000000000000000000000 
0.089889021042812711215219678706 0.571278203145273555385585950717 0.519218783851773224569114972837 0.898644594674506635989530423103 0.627637224692043860230228347064 0.747396636798894453690422778891 0.224935770083809383201867149182 0.101208769890801630886301154533 0.740581788639612215163765540638 0.117607376827656651130382670090 0.986189364107320387553556884086  | 1.917042402630189101842006493825 0.000000000000000000000000000000 
0.340125725440762138873651565518 0.677282774789166874818135966052 0.569855669061107406037081091199 0.959267758579436247146077221259 0.567717899508492274129878296662 0.714282682511629851696000059746 0.312303772406410939943555149512 0.706687838336794049709510545654 0.524266769957228317977637743752 0.773385663619985730399264411972 0.348702403019630069458401067095  | 1.473907949164055430912867450388 0.000000000000000000000000000000 
0.481217152041141349450015241018 0.103380695854132342859088566911 0.772330808211889596748278563609 0.673994221712591268236280939163 0.999510489345168506858385626401 0.174632528538695930286905877438 0.689572635561956248650972156611 0.404885102050796863437653883011 0.655315058928656823944436382590 0.022823249236529008499019255396 0.838880489834214815303425893944  | 2.028764684518102878740819505765 0.000000000000000000000000000000 
0.622538475919040990014252656692 0.827489200622628873205144373060 0.341726506098302573732894416025 0.651461457836784330055479586008 0.396693005373979223904257196409 0.525429542807442473417722794693 0.788614512123668620624528102780 0.168844206642960736886038830562 0.389904856734205051971287048218 0.691122802177409512047745465679 0.426990274833562000189601803868  | 1.413501027526452569205162035360 0.000000000000000000005794764853 
0.987629244756209279110237275745 0.771195030594465369411238953035 0.557595347768455096293394035456 0.808282521632919914722492649162 0.461590580110912362954422860639 0.146744242089404730577939517389 0.416329253454735925821239561628 0.107153551100464095036102207814 0.864892987352096187514405301044 0.687563978900543104622045120777 0.067065771806283702716200423311  | 1.632648792113589930607986389077 0.793479520373715274672576924786 
0.732397713311058740082160056772 0.896680307932732234554862316145 0.071155394051877762784386050043 0.285910718593741286497333931038 0.095935178962110123634943192883 0.828242764709830159297609952773 0.575779227083359157468578359840 0.951967276515943594539237437857 0.948763170184695914244343839528 0.596284507373115335582269835868 0.745615656875129428904358519503  | 2.139111925825284643565282749478 0.000000000000100242376450802086 
0.986159972611757362770390500373 0.142865394227545405847479287331 0.971638513823226968035839945514 0.796522868914026904718639343628 0.156687334743174755402606024290 0.504021250773491025221062500350 0.245097258225881686755087685015 0.377522527867823587399698226363 0.357056410165249804578024850343 0.241548851919165974422298859281 0.616324164689045161935609939974  | 1.606256207121225410006104539207 0.659909508591271842803394065413 
0.415816716953589238237043446134 0.705265036405605894032078140299 0.941596508401532528154120882391 0.102830181412436272303523310256 0.103477134486818167502519827394 0.403661916968214962153638225573 0.308949923088686739802710690128 0.827072294218826664646826429816 0.447044022153169851030440895556 0.886913213318271220764188456087 0.673775305734345075769908817165  | 1.887576929963356242581085098209 0.000000000000000000000000000000 
0.231204693249513537622874537192 0.596110849223173144828535896522 0.665301485225026967285089085635 0.253827611146433818056777909078 0.553791028984215505381882849179 0.992091643209641715905888759153 0.012156871899785981483432806272 0.885883605960714026750224547868 0.313600274309585924648047239316 0.069933864668312195611576953524 0.746080392837043304687938416464  | 2.009364754725091017917293356732 0.000000000000000000000000000000 
0.154870865905420207475629013061 0.141778630814865858056350589322 0.103017485227314020690414508863 0.519994071709379834800301978248 0.043914060676968458274416207132 0.312852118967917758318719734234 0.703491634132249132882463982241 0.555943064263409447711694610916 0.860491684681716439975218690961 0.620021749653113851685759527754 0.845484499992787519317971600685  | 1.837613629153324490417276138032 0.000000000000000000000000000000 
0.222905002198387158784953498980 0.839950700802364225161511512852 0.689799869370568141668798034516 0.430633693737083156349854107248 0.574415153563396341240832043695 0.021988198099143652086695510661 0.959875633306301878633348678704 0.936606298284909932760911033256 0.710400901412401308832045288000 0.396202846535378405690153158503 0.672559698302171438122343261057  | 1.877364947341600975860842481779 0.000000000000000000000000000000 
0.072931529559233210235902333807 0.225558120986183663347901529050 0.641652003008606697243010330567 0.014908703928308897346255434968 0.401003765546177004530647991487 0.725103186516501851954785706766 0.333608467190855129125282019231 0.044204291197332046259305116109 0.538057217786916841539834877040 0.060381100425635714223915329057 0.555325032271872798261824755173  | 1.824378757691459629342034531874 0.000000000000000000000000000000 
0.085243286752492042346318612545 0.096112008408745008836149281706 0.879925179214049113518569811276 0.263526433684453942341008314543 0.713862047597646820484840191057 0.878316229351603583452856582880 0.252657140655430323405994386121 0.425055824054026198943745384895 0.927037580011969342130839777383 0.737169007449435143008997783909 0.520803791837112228790829249192  | 1.858086694080710810084156037192 0.000000000000000000000000000000 
0.199908002687794739138382738020 0.992741786922855529162745824578 0.180896081587200607820875575271 0.328232907998031842033981320128 0.350439640201035018662878428586 0.997248167971477084137177371304 0.484879840414537022219576556381 0.979991807118730795522765220085 0.025729573470980149352271837415 0.208023175050126463148103539424 0.094489765479784493251713684003  | 2.348991963210792732752452138811 0.000000000000000000000000000000 
0.586453598542993059794525834150 0.017774198474821978344095896318 0.423882063300634825964152696542 0.163988881462919344755846395856 0.049325685283463815977711419691 0.989629586534602312397623791185 0.677626834911805864258838028036 0.607834544026286116569224304840 0.194965925599087652742014142859 0.918446919980818177187131823302 0.485735994748952015775955715071  | 2.105610260278774070741292234743 0.000000000000000000000022022338 
0.319146908965251996370682263660 0.489891866682773402530415296496 0.437891906814227627187108282669 0.393519071976195733419956468424 0.693755290101111810052714190533 0.609435993105266859970470250119 0.939358130313432848623733661952 0.225521060997864286612468731619 0.771893222712129234430733504269 0.692567891183440642599578040972 0.047201956088253060883630496392  | 1.649223767130426843152690707939 0.000000000000000000000000000000 
0.017534945936057200199797989626 0.547162237528822203991296646564 0.428455105385315837551729600818 0.383229567071355026186552095169 0.301221123215867025990633010224 0.169619585727935784369435623375 0.994878605913868230281593696418 0.548427631252314529142211085855 0.382754265513829849965077301022 0.947490488245586681692600450333 0.890277361153404389604304469685  | 1.783203330604940406445280132175 0.000000000000000000000000000000 
0.177665088427926831649017458403 0.394189184465097097742614096205 0.944379524719201945970326050883 0.223970180914873417954424894560 0.440424322537375956265748300211 0.859138068679234589986037917697 0.731300533952914388891031194362 0.317601586906702482160369527264 0.797810877136002294385264121956 0.295282730839247942178360517573 0.428014779975665504707649233751  | 1.639942434258733205965086199285 0.000000000000000000000000000000 
0.300173895739414886563167783606 0.133694125498947546937245078880 0.310697962061974641834183330502 0.803277402672212814671581782022 0.568793062586161246585447770485 0.101650273343181996033024461212 0.810372221390795011153329596709 0.030850967557111919070678140997 0.659595543797811934005892453570 0.711735499965954643286636382982 0.638963110297406378101925383817  | 1.831452564443254882320388787775 0.000000000000000000000000000000 
0.127496837321417588739791426633 0.246216974872707994315135238139 0.769799696997822247013232299651 0.104946160564261870007385368808 0.765659405619728894443198896624 0.237202512374429907993089727825 0.748696475347051526583186387143 0.463665391646173263850982948497 0.600845333074115695026762296038 0.687925117612949721390691593115 0.023864178126004054192321746086  | 1.768263768210902364685921384080 0.000000000000000000000000000000 
0.061877086707107897822766062745 0.137718011074812740623940499063 0.259824946477248186482711389544 0.383057328039137168218530860031 0.806158590433054045298888468096 0.370565067727271602038285891467 0.123870787654682290579444270406 0.448804722104747089161946860258 0.882195669792645631446248444263 0.016350988531141141812952355394 0.357939402138245266193905536056  | 1.857359619174166365240807863302 0.000000000000000000000000000000 
0.835426737562867560704660263582 0.789491995087909459449804217002 0.255732729749937437446760668536 0.055004148343159031675497772085 0.399819888730113537356203323725 0.889932445349606360274208327610 0.782768225632585634699012189230 0.145551753139399941971987573197 0.198794012898535155109414063190 0.426611969507231125753321521188 0.576819755353811136622255162365  | 1.811180342785510877234855797724 0.000000044148772559491566585087 
0.706264066852147376351922503090 0.920515346593197891778004304797 0.162093094207765520131658831815 0.302706311462563215641807801148 0.599313122201986403503326528153 0.348243205913777220672500334331 0.511442996473648436861481059168 0.427245809408730692346978230489 0.171411943184565651598916247167 0.979210057870918415545702373493 0.417978225946769255116919339343  | 1.712596330514139397749318050046 0.000000000000002120732898666347 
0.117343136967806405124292723485 0.952758559923729375640277794446 0.967850665109345253966921518440 0.779301067498251787135643553484 0.845917543593244558586263792677 0.410552332660681473797126272984 0.140918522207505558796469813387 0.876827318165226299306880264339 0.566183746826554701314648809785 0.440169097398871222992511320626 0.700884867814186462986469905445  | 1.948796567667187229488945376943 0.000000000000000000000000000000 
0.669397219518896857692880075774 0.063535630145674870661309796560 0.184430813971063978229381064011 0.603566311411963374311540064809 0.934496200911866692351281926676 0.149383353145065123079859858990 0.115422185732396043178482614167 0.089402336600467258165281236870 0.260679308204219029043713362626 0.852452234941438402593405498919 0.082667028836189482277063689253  | 2.284684336514665403683466138318 0.000000000000000013284233189645 
0.719739785128043485507021159719 0.142481809509441781358418666059 0.430298768115407792578253065585 0.838307925323708791331966949656 0.591264000229019814902642337984 0.277953244061437731993180477730 0.180720369840523975568657988333 0.471643337131964157649122171279 0.875432466323635583016482542007 0.481112083973018966887025271717 0.269242990736312859390011453797  | 1.602062320185141608419598924229 0.000000000000013132586565439148 
0.349322897689038236457292896375 0.554847861935750974460290763091 0.385606928824262173982617696311 0.336284258584438666694893527165 0.705501631378542382044827263599 0.179201914220622260387472124421 0.211055552227533249620705646521 0.049410659753470032029554204200 0.311189783774835082574838907021 0.487417418753343878456973925495 0.445584758647928347308209140465  | 1.513327524053708295070919120917 0.000000000000000000000000000000 
0.068063111651759489184598805878 0.079426065371576037854595142562 0.582966526334519730134786641429 0.456831312692544622144907862094 0.917944437798369428094247268746 0.673135071149939645529514109512 0.835981809179710877444335892505 0.893458699123127919605735769437 0.798489688030394439977044385159 0.946334888814805097467797168065 0.241910670644170822107810181478  | 2.012897273269873110734806687105 0.000000000000000000000000000000 
0.471646475950710408753252522729 0.698607674373032394576910064643 0.429978169809213550678350657108 0.291069681657493584125973029586 0.074268074076242807102232745819 0.435416890828963176751642549789 0.697625403944604038919408139918 0.355128194599021451693943163264 0.390758437645401190962957116426 0.389695084039351380411630998424 0.181979800765552979235906150279  | 1.458699974523066211773425493448 0.000000000000000000000000000000 
0.617950871497746523353100656095 0.116367702319304489044782258134 0.524140246040387336456944922247 0.351529674577346962216495285247 0.692552040452520500934951996896 0.197477747934026615084235345421 0.416267265450527612635767127358 0.424697499024508151599377470120 0.958993535818310482987669729482 0.284177340805795042300019304093 0.773404896313238388039223991655  | 1.643082291072267775433601855184 0.000000000000000000003214949074 
0.900571138865270959250608484581 0.958652292164697383825000542856 0.139700250950676396755056885013 0.161285830419806264224291680875 0.986883562403944147867207448144 0.298242946400563035957986812718 0.397375263055721350546889425459 0.440015575494672406264839992218 0.783486680028414927967617131799 0.914114796137291407696068290534 0.958564460043637045494335779949  | 2.208933726745494485754761626595 0.000098198541931311157399814293 
0.165152777896399594048659764667 0.203627128058709194746711546031 0.718333387086692143341792871070 0.589133929059237893000045005465 0.655061668180234923930527202174 0.859525877650186287404210361274 0.356858619300949531094602207304 0.113712035840808467490603561600 0.071150153302816265821206798137 0.020887259623420195708831670345 0.109069575833449006196929076395  | 2.032749833753063839481001195963 0.000000000000000000000000000000 
0.795248724565780995554575838469 0.809561630021281342095562649774 0.556260173827273662894299377513 0.959292145633672044269246725889 0.533434820199263248774457224499 0.674695978759904613220044211630 0.906575136719183771738528321293 0.500246741629831404019057572441 0.548959625759083746920907742606 0.801895095149498415842970189260 0.688159795922295480785635390930  | 1.635824662088896985778774251230 0.000000000288505936232668484364 
0.784492878235740986880841774109 0.471413709765576505184014877159 0.125916903761093990077313264919 0.355934686989550663760439874750 0.846282961769725283751597544324 0.042563735764369114988880937744 0.495602316948835164289732801990 0.033899818344451659868354909122 0.275983048198542912921027436823 0.110829647462736713414699352143 0.597063611874326327644268985750  | 1.918997200437752681523306819145 0.000000000086715104561954600147 
0.007298126485855482847853181738 0.728891521474606340902369083778 0.541968044556065620120932635473 0.136291866625246838040652619384 0.238185602300354570814988619532 0.882832445251264363861309902859 0.750001520264603538379333258490 0.052418399099126711249141408189 0.783930599175963638280961731652 0.224445270554154641118316249049 0.098676043715772543407638295321  | 1.981981673185278625126670704049 0.000000000000000000000000000000 
0.270492496242401903039365151926 0.355207372714935409874215110904 0.689872120654229759040276803717 0.860966658642850157789894183225 0.619392651019311291094027183135 0.041440576066170686786449550709 0.593732613724947122513242447894 0.740922944264045812978736194054 0.418512479188456243406335488544 0.924664641699185385625980870827 0.889169729697856681127632327843  | 1.817107626584753221621326702007 0.000000000000000000000000000000 
0.092797480595972481332012193889 0.121269775212365815697523885319 0.581835802573382410152191823727 0.926170146705628583028158118395 0.317557833094120667283277725801 0.220566752675702693053949587920 0.875526433540453896675614942069 0.188317708051551901959896895278 0.270885739358816657329498411855 0.056651176734322294947787668207 0.011318125389817357273614106816  | 2.169150211163723085405763413291 0.000000000000000000000000000000 
0.585116359467126700977246400726 0.457584130111501119486661082192 0.688799649391270141229881573963 0.178227447484327838900242113596 0.984823858105674854179767407913 0.045608478076333613948634138069 0.880854090610520112925030389306 0.507519049692913060134458191897 0.208162481424551293329727741366 0.947236851658249667806899196876 0.365980399047284743474506285565  | 2.030765384377727578169015032472 0.000000000000000000000016904554 
0.546749068066391119558034006332 0.236747174063237308949680937076 0.234664911777184848062915989431 0.264447159196342873599405720597 0.116393589058740531960722819349 0.178044483854714497006455076189 0.813333065668748966814405321202 0.400456614658089016245412494754 0.922511939411184811454802456865 0.326177872515509670314770573896 0.950646949751533187900065513531  | 1.965898772983486031407096561452 0.000000000000000000000000018556 
0.717573396084788983628754976962 0.956851685088938919143686234747 0.678707736513745718553991537192 0.549385952909084429585107045568 0.704604997766936524961067789263 0.765177662158928684199565850577 0.006809921022793097300507270120 0.903076508565443525355931342347 0.716926220861241580983858057152 0.890513562291221250077910553955 0.323255644584152235232465955050  | 1.991774807783225575974483945174 0.000000000000012077943840595764 
0.989226973667650666399708825338 0.143123052587838639482242797385 0.624219484579612848840213246149 0.033339836234032027562079747440 0.806775664288985838723533561279 0.329285454528604248913836727297 0.624529355205305281018013374705 0.240467995333741746399880412355 0.111331576030436418811575549626 0.488713115039767664882219833089 0.170285541184787669877209737024  | 1.574363465446720899976185137348 0.926170241796119952937260677572 
0.795091902696856145382753311424 0.631188852821849222252126310195 0.208596750620839599399403141433 0.360706148005181748139591491054 0.541859016161956974499958050728 0.326140480631369467090507896501 0.483712710284615376998829106014 0.505708077199887973129932561278 0.049841255711529197647280398087 0.108241616824373831917682764470 0.868190138605885119993388343573  | 1.645487817732105728651958997943 0.000000000284542803510409964625 
0.567070567820279869408750528237 0.365544004807117905997415618913 0.189000473816677172500533288257 0.841700805517836214697524610528 0.421388993496720765108420891920 0.847514254376488085362950641866 0.700743385403927221410924630618 0.878877026895947044415891014069 0.322707496452944386788885822170 0.125512403713542997074625873211 0.435417492035954700746458456706  | 1.718194607973661858224545539997 0.000000000000000000000000623595 
0.748034059023469644067461103987 0.439573009080328702680162678007 0.633258306374493651347279410402 0.907796838437900932561319677916 0.817338335849532748866863585135 0.271474049506791992314447270473 0.074316134026719549154904598254 0.438799229126569434455973350850 0.820469795315621697184838012618 0.900805694040003990252785115445 0.609331779260415151711072212493  | 1.800887008484160833887699482148 0.000000000000697820263303266388 
0.088661546483053799150297891174 0.111637168693465849145241008955 0.183841948101966523587691426656 0.515604523950259352460534501006 0.923476856641092469502041240048 0.585420927526072332192086378200 0.055562254188955439992980700481 0.016182835457314359572933426534 0.011636535395274205662019539886 0.000548148131207848443580132880 0.863714569954107669325082952128  | 2.489497759558661371670496009756 0.000000000000000000000000000000 
0.707705560551883938735784340679 0.876185425556143204772752142162 0.617572562633540433907342048769 0.367202655208657136043370883272 0.696027148154110597566557316895 0.716732516767404348456693696789 0.423129659484208997533016827219 0.839857526523644426497128279152 0.414396981013048115727315234835 0.731486312058218235421236386173 0.974622107381234448197915298806  | 1.665965665237254533792565780459 0.000000000000002529570089297398 
0.730383158781845231999341194751 0.599264971360424447688330928941 0.272044601522127948989293599880 0.430221847468491125354717041773 0.142298532529402943502816469845 0.968108186334356024538294605009 0.582231220558795503627891321230 0.464420328185456865455194019887 0.052679362635418391924702063989 0.852007303148570760420454917039 0.555434032425005663746730988350  | 1.748867515463062183300735341618 0.000000000000062223129973894337 
0.364995856675910057553835486033 0.325285903862569503175450336130 0.133995244965952275961740269850 0.545203567940577560335668749758 0.229941691742947651455608593096 0.333540730195270085367553747346 0.182849878741836446849333697173 0.605974979685540038332192125381 0.702382744229333999541609045991 0.595559965512310274249330177554 0.333637078010421528340145869151  | 1.456750036730634967341302399291 0.000000000000000000000000000000 
0.464950901699094254482247379201 0.902875147592648419347938215651 0.308531867077476484872988748975 0.545293734327404799877569985256 0.841252202038300866959730228700 0.932017601497316605652088128409 0.470691042792213409917678745842 0.238238574756826193556946691388 0.436385365854547124797591095557 0.556652416624996759786370148504 0.236654243334483038729842974135  | 1.650097590500031685678550275043 0.000000000000000000000000000000 
0.556203136268460185398510020605 0.818846091426056466033855940623 0.190318620087689849285084164876 0.789481611675140193540300970199 0.040217359585494771856417628442 0.825620562446007788537372107385 0.682642105262044274205379679188 0.828786656653437758812685842713 0.394573168445667810111388007499 0.161331825724773669783473906136 0.112145595039573664486454163125  | 2.016494610427895128879072217387 0.000000000000000000000000105696 
0.542548347545721676432606273011 0.933291601091267075673840736272 0.902251753509562881561123504071 0.793152000561462178218619101244 0.408200649689927863583704947814 0.877835925156804197655446841964 0.998605324485343559537398050452 0.482379379515731510075227106427 0.260795269266004825503557640332 0.736383532624408254640968607418 0.293997792927298107201750099193  | 1.991124030159116653493356352556 0.000000000000000000000000008691 
0.042612554735427687901960780437 0.035390358187644910259450625745 0.874018711200030939956207021169 0.323452441103346477468960529222 0.777789566246666175253210440133 0.792749608883655310087590351031 0.424202968599962093598776391445 0.227058800189410603387329956604 0.169365197886526486215075237851 0.726647375771567904934045145637 0.970422688230242247442447478534  | 2.012018532199772558044514880748 0.000000000000000000000000000000 
0.163954078137795833391976429994 0.021849649926378611475286106725 0.002655220394855883903062476747 0.296650090651680575781767856824 0.431288976685707203806430243276 0.389697878180374268630714595929 0.197774329995612174748487177567 0.824546819072529801886162204028 0.596954641026966714711932127102 0.851257698494690018264918762725 0.728567369074685999841278771783  | 1.915914744264671565332491809386 0.000000000000000000000000000000 
0.608877354665350312146188116458 0.265919312342048796971027968539 0.509903376139759889618119359511 0.967233490838269927003523207532 0.608565160393970128183127599186 0.692901476545547234664468305709 0.445488965873170883469356340356 0.012182397254585031198814704112 0.329593616435586156399040191900 0.067289045447956552514767736284 0.829555760496892280464464874967  | 1.888017925274509067889994184952 0.000000000000000000000841604793 
0.848423403195814218591408462089 0.026364541949894015893107734883 0.767631961748761582065014863474 0.037562139190638887953355151694 0.528970471794327212755604250560 0.251353128576337070398949435912 0.439088778473063490181971246784 0.196798838450055635362900829932 0.336785006652243867897311702109 0.515190954012606949774522036023 0.691290649051031658167687510286  | 1.731573876911337572792604078131 0.000000197617261060791351935309 
0.509805908814998542943897064106 0.173684384434876881719844732288 0.184274645896111866072430984786 0.142281337347879066612676979275 0.367932549017044308037327482452 0.031371833647073632533874842920 0.873814219121761381892099507240 0.567893792720457590839089334622 0.290894566751237371171612267062 0.281815395672713076002935395081 0.713018938299841531502920588537  | 1.852234501065314065115785524540 0.000000000000000000000000000016 
0.968101312739688357744682889461 0.044462950703138659491742146201 0.475029037907532258877552067133 0.751425024296772159360102705250 0.025117647134893728022575487557 0.386640829409323205645421239751 0.698088328395083390631725706044 0.918012069310189415816125801939 0.287558597298504414752073898853 0.773623849780186612079546648602 0.827169071485551965494664727885  | 1.947053203849315128337593705510 0.119708480507766709677319738603 
0.506658695913771661700764070702 0.311364571343824225735374966462 0.786844181836682032837870792719 0.257604592250830322086585510988 0.205423232284262402558283611143 0.055492992647733108135810198291 0.456614270055485493848834721575 0.565582807379893082178057284182 0.977443479372928636372819255485 0.437672802323448628669666504720 0.327061958992637236143252721376  | 1.728908342738911585456662578508 0.000000000000000000000000000008 
0.552900374042207265468107380002 0.541802063400071531873436470050 0.922770540135131267511781061330 0.133536122486437869305575532053 0.941476452248775075304365600459 0.420371318738277155446780852799 0.625541567845261825553393464361 0.631505288040502765767314485856 0.149276976137767136698641934345 0.541997163198387865712390976114 0.074799553415627606511861813487  | 1.854640447401567637797370480257 0.000000000000000000000000053588 
0.199195470464342050398443006998 0.260973265834989920364250792773 0.726197567846814662217980185233 0.742126289957645179917733457842 0.993748536325506748312363924924 0.233665546188801087623687635642 0.141305845802322527227090631641 0.880170736596758374048476980533 0.949608146632713867596464751841 0.713847169678103021794868254801 0.654214009259187601053042726562  | 2.026497261414289319247927778633 0.000000000000000000000000000000 
0.736011582111428253050178227568 0.857212686903474629929178263410 0.589380963305671801144569599273 0.826130485616972776163891012402 0.108601293511942365022093781590 0.740278096635323512586523975187 0.626417340471682515534723734163 0.870523248012960215724831414263 0.656273827827451250449541930720 0.081513650259338765735606102680 0.818824336601921221046040955116  | 1.907347578180999647656790330075 0.000000000000146222625617976601 
0.502465787504750793779351170087 0.400229484491904652365690253646 0.552229553832430108961659698252 0.764144381299903807658324694785 0.660443261562508543427441054519 0.955962038437438210713992248202 0.924263532984682667503761877015 0.053893051109703327128386263212 0.632318003977864084852456016961 0.946998334888793591446187747351 0.557050549281057794104299318860  | 1.915679042919599339711567154154 0.000000000000000000000000000004 
0.597517401665721203940506711660 0.132630172577494431784828066156 0.521593010139402069036407283420 0.348210545380787772629105347733 0.466112029342061306991240599018 0.630483784438512717684943709173 0.456981513867950717155963502591 0.237165382737605123786295280297 0.567149554310488412944835090457 0.670788131165185985693710790656 0.471386723782868499732501277322  | 1.282070293425064066994423228607 0.000000000000000000000086913553 
0.722977726798150310827395514934 0.420304752630380473732429891243 0.733306637994533216939885278407 0.389246898416344966342705902207 0.656226937438373347788456158014 0.965098306282753282125952409842 0.675543249603064555053322237654 0.225013443153084469194880057330 0.488104112088684538584004712902 0.442481549437763521659405796527 0.252197135575548458952255259646  | 1.485062042633443546435501048109 0.000000000000019070244814106731 
0.703922716553932126259951473912 0.128680166181093458277473473572 0.609496117380150748132905391685 0.472155526186104679275956641504 0.885455000808013314994582287909 0.675193816460261220235850032623 0.249686952158245656363533271360 0.492626632764763150440501249250 0.476681786940497898008572974504 0.425039450175059174696912123181 0.168862027800939840105343137111  | 1.508437732591083602073922520503 0.000000000000001340125081528499 
0.186424555738288644235467472754 0.117994239522803301412068321952 0.103152758818822465336495497468 0.688296540881561891289663890348 0.006971458640790295646638696780 0.237170442055337549192017831956 0.214296310574586867936375256249 0.691175521544697968323589520878 0.405970400656274210682283865026 0.593810893448836751851160897786 0.014361675416066255195346457185  | 2.022689550079292519768614511122 0.000000000000000000000000000000 
0.957747935054141130706284457119 0.300032418256881650009404438606 0.060221664745971681398373220873 0.531763095381415085149967580946 0.346465921057287462581086856517 0.452108006798577988227805235510 0.168438050301690012133803975303 0.957124187517602864616605984338 0.697311382730547935082654475991 0.064423916516294643663798069610 0.120835614725223305931933737156  | 1.951158677658929363474271667656 0.040888243834970729173594605754 
0.707590722402435257087915942975 0.352730982338462228931064146309 0.161785989642499128393637874979 0.348117789819258005579172277066 0.527331025619690252348448211706 0.768684972986388825866299612244 0.230193924096814828139656583517 0.352853243735901545008459834207 0.979612609620488017370121269778 0.065416323126594289050217412296 0.129166833349313558976234617148  | 1.882939637277886379962410501321 0.000000000000002812997043650565 
0.405943077214314218537083434057 0.775558702940392086233600821288 0.089214480159463316333301463601 0.596005272692401666390082937141 0.433335210901338196975984828896 0.329077328545777092472235381138 0.772905436354506480967074821820 0.319666061786994526450200737600 0.485357361920160657042799812189 0.554885752845000523869600783655 0.639498800037637482596153404302  | 1.417237582574706999949398777972 0.000000000000000000000000000000 
0.007844551455870152345539736416 0.901905394977715491044989448710 0.119424543847642450344892495195 0.723669011165514186600944412930 0.327076026641003214656677755556 0.722355926538555404015085059655 0.723941659778374324574201637006 0.246487862843683069868916390988 0.433035333146268297532799351757 0.816008784065038295096883302904 0.206811946117800626865346202976  | 1.740461633344792868882677794318 0.000000000000000000000000000000 
0.052577916396209012361850909656 0.973985925469508906360260880319 0.282353463667247672752580456290 0.231412755700398209413037875493 0.147955961895874232858716368355 0.618291037882185201546292319108 0.257840310643359771347604691982 0.076893072110497118210048483888 0.820905457094330270884086075966 0.694695613629071728745145719586 0.472390573133980473663484644931  | 1.861409316917778111744041780184 0.000000000000000000000000000000 
0.745146665411881126139803654951 0.420722864708334198802219816571 0.523918543925544932804427844530 0.444560526079571971536097407807 0.332683462950935537882912740315 0.444769039136175825532859562372 0.630048160876599649959928228782 0.974955456191992531067569416336 0.340482256737920319089596432605 0.874347751881540236063017346169 0.274555389256166959555116591218  | 1.499878410581735543871673144167 0.000000000000394777288795320420 
0.536722198273423933834180843405 0.954974043524698501528291672003 0.295539873423048993217321367410 0.553345100150181345988187331386 0.486331509319141153113719155954 0.998781168396416618726618708024 0.734562205853716343462167515099 0.721772298977128246022516577796 0.988523251016097170840168928407 0.308261376254983288092148541182 0.711247463585242489791937714472  | 1.924867043434227209530718027963 0.000000000000000000000000002854 
0.303168129806411612570116176357 0.344067814747582190193497808650 0.175282407984067467587863120571 0.909416666975793264171556984365 0.884516802466205120936137973331 0.440221973403570943084162081504 0.874897022650818700917341175227 0.855309201043561007082871583407 0.579930296653007992802031367319 0.299016543299717163506556971697 0.133496799574329916282522390247  | 1.896705156053538843252681544982 0.000000000000000000000000000000 
0.627350005721548531489872857492 0.582702345574218516510711651790 0.768694967640815685072652740928 0.031536153217954221439356388146 0.169010826388374058026897728269 0.237610150459233171460482481052 0.247706694447266451142297682964 0.588987178013351653227402948687 0.081446578211321951634715787804 0.485039647140672380842829625180 0.064054665380111841521681981249  | 1.913927049233979715836539980955 0.000000000000000000016944778115 
0.665724549214525618268112339138 0.571106000082005182960642741818 0.928244625893986596842921699135 0.803888147148292042665218559705 0.443008629898117733958429198537 0.348423643667566507176047707617 0.192376269644291997273910510557 0.380683483690759327799923994462 0.819798590978253027827804544359 0.617081372090419466580613061524 0.165216368758873133337772287632  | 1.643948993668451930005858230288 0.000000000000000005513983242029 
0.121706321408617035295662844874 0.390421744351215016521905454283 0.817210520358023440046224550315 0.749981117376717021372201088525 0.676074071495360140460206821444 0.598512007658645428520571840636 0.805944629803618473040671688068 0.102872106278687147629113951552 0.626641057434273784920719663205 0.685568211242815306327713642531 0.455275620062101982199465055601  | 1.519613630777598700660746544600 0.000000000000000000000000000000 
0.469934396384026120685462046822 0.231485208042937151695639386162 0.887620550935655727720074992249 0.915225509237135970153076414135 0.070536542502430021883697008889 0.291553575955598609503738316562 0.373348655309561738846468870179 0.796146981371805173566258417850 0.927577892564223960292224546720 0.891448872606989461964133170113 0.686086757715992145989503114833  | 2.097077834711035038139925745782 0.000000000000000000000000000000 
0.178851445988709056855725521018 0.053576086575450432292200275697 0.518994922624578247649651530082 0.067306282108181680889913423016 0.690240856026853921711960992980 0.198822951155458560457134353783 0.256797193384915578562299742771 0.773985666849389519761359679251 0.196144437021030015877443020145 0.506855742140056131361802727042 0.941781794478733225162159214960  | 1.935540278189151530696676672960 0.000000000000000000000000000000 
0.127426725512116534311246596189 0.298760571256789564387190694106 0.800050945175017069743717001984 0.281390275452718330306822736020 0.322384641222097201307406066917 0.177170151944836429258600674075 0.548827170028727051587225105322 0.789893002255723342130977471243 0.111690991831110641996360755002 0.267907684008306667955423563399 0.738146656650301657975887792418  | 1.661871019848138564256601057423 0.000000000000000000000000000000 
0.679657127475015720996509571705 0.242157868177994450853418584302 0.625036701159582985809493038687 0.389432543322667301666228922841 0.829428721042988259526396177534 0.125069987536110316383997087542 0.690442627663905406087963001482 0.620975639822794467370670190576 0.360284178705503888018313318753 0.391230701909483613576412608381 0.925561884387587019418219824729  | 1.606795388782353173340311514039 0.000000000000000042762985564008 
0.883566002211158885160102727241 0.875428725879290214884065335355 0.622554391864600487060954492335 0.377313500238570576073016127339 0.798461062483628358776854838652 0.524554354350900142733848952048 0.780487465056589946321707884636 0.449470905489437355662118989130 0.136741041214088254740488537209 0.665382617806378640068487584358 0.358243404552915478689101291820  | 1.521330027716992105979443294927 0.000010051780383314532703081974 
0.963577524034630483740215822763 0.149473894285354069744187199831 0.235568381762120249156566842430 0.828378674324435571030278424587 0.902121032632931307837509393721 0.543919934266573479320072692644 0.671076993835694857182261330308 0.237135264900318554204261545237 0.270473232784194994593462979537 0.325802579010488257971189796081 0.787620744079225443279312912637  | 1.727096838623151997538229807105 0.066422723857538931713229146681 
0.128014202187863412873980450968 0.635428920413419362489548802841 0.191877556228891466005848087661 0.067686464162253434651006500644 0.821509450916887984384118226444 0.458336130901287219785444904119 0.249431312498489377027510727203 0.415656971964440069555735135509 0.057384836650618775699683737912 0.805040753264644970421670677752 0.462044107705737894242759011831  | 1.765576738398864087287165602902 0.000000000000000000000000000000 
0.940517166703874085698089402285 0.836473421140386586003501179221 0.131916381167364260562635536189 0.086816259459976952150839224487 0.348791477620400858228322249488 0.133703863203685435756540300645 0.887771969622792034293468077522 0.567771057564537162676288062357 0.596830690172611810773162233090 0.501011391749983103771626247180 0.409183894690820726403046592168  | 1.749032210431868517019893261022 0.005964747394984802088269137954 
0.916355289167506192882228788221 0.837415957080357542530180126050 0.261418341134803888792248471873 0.193999800629568897036847374693 0.933192431307218850378148999880 0.622756163501651971436956500838 0.799466188905906482986551964132 0.901948047804216668232868414634 0.141799389410994236548901881179 0.509904912423146949862484689220 0.826181165560540109460418989329  | 1.953173722853347893391173784039 0.000493457610854481352503919656 
0.070387972614645244462394657603 0.160510284158862592818195480504 0.436796333534696490374926725053 0.961987641343241772773353659431 0.392637973183535882171213415859 0.693671205596612994170868660149 0.100679427869036497433796739642 0.003037178010402818983948236564 0.777610648183586605775019506837 0.790472346988378316012813229463 0.366746833862018672967053589673  | 1.967342920452338494996524786984 0.000000000000000000000000000000 
0.648462502535370965972560952650 0.826384487071299522753520250262 0.912023385156929378148049636366 0.640702691498127419045260921848 0.349920133637004582283225317951 0.737884562528476006804112330428 0.614379101398666582767305044399 0.471007043878288511606911015406 0.423854531206271589738321381446 0.645821354668231206730411031458 0.618109289764716463011495761748  | 1.430135356653949418870297449757 0.000000000000000000346723932250 
0.809247754852879253029129813513 0.121489583614246221543453430058 0.907176180003390841832811020140 0.384713117382191494009191501391 0.496348489558045447012091244687 0.856793339314953494856297311344 0.721985766367827075384866475360 0.956705408781582278265886998270 0.802003575254242151437722441187 0.684433459522151288467739504995 0.150044819715495769685276172822  | 1.955216462232303165080793405650 0.000000001974535929639957181804 
0.469726587278367913036447589548 0.483453878631993294590074583539 0.260431772388677429397318974225 0.436768092463471480080272613122 0.555996513459001362456035622017 0.247069278124664615248207155673 0.217850923927532580393062744406 0.858946127644135803969049902662 0.886632290351316521004321202781 0.938176850812532214796135576762 0.492500757961234603143907406775  | 1.678764686372521852675276932132 0.000000000000000000000000000000 
0.191594602412126335799769094592 0.643309051370087425780752710125 0.384752045776689644007717561180 0.811702847692972628834695569822 0.715579983498261129604145480698 0.414753071523714988977360462741 0.405599558246171221220777169947 0.285006050096040741692604569835 0.787919146055319874477618213859 0.869475756778957831194531991059 0.268384397360403093024672216416  | 1.512909407314248388942701240012 0.000000000000000000000000000000 
0.476076824636711304350455975509 0.286751513819200720689650552231 0.492261054064873859736906069884 0.909184094551542587581138832320 0.433239433207935564773549685924 0.663911335405565017353524126520 0.447040664551401456527912614547 0.530541370058921990526812351163 0.572621423060845735619750485057 0.507800706217882868998003687011 0.761830212184054444968239749869  | 1.321917579142848575557422918791 0.000000000000000000000000000000 
0.888207636258767307957384673500 0.419522627195694775004142229591 0.997393640128039993264508211723 0.965168087860314938275507756771 0.926181714835503377969416760607 0.898799117900405453163159563701 0.056253972354573522629550552665 0.018254972960100368517544211500 0.360815304572190465037806461623 0.830190143709396588533877547889 0.939771998073921421834597822453  | 2.561716109938604546414353535511 0.000028582561152734090682619658 
0.853105186253843128518781213643 0.431099355366679537482355044631 0.097961603562990773319540949160 0.004087435493171587275185174803 0.947609244763410907275158479024 0.288746333159891510611316789436 0.292794073376017260912362871750 0.354962910702840694909809826640 0.153892089463229297940927153832 0.577423396654650034065525687765 0.961925881060485044038443902537  | 2.060424231406364103946771137998 0.000000407694395526195264546171 
0.000000000000304553922750336965 0.500005334860030736798819361866 0.500000073261460342699535885913 0.499999919330507469616975413373 0.500004223499652344919752522401 0.499996093076042869007835633965 0.500000572450421509884677107038 0.499998931359554865672123469267 0.500009650908088465470768824161 0.499996296860120259530901876133 0.500000658608347303690777607699  | 1.000000000170331304616411216557 0.000000000000000000000000000000 
1.000000000000000000000000000000 0.500005334860030736798819361866 0.500000073261460342699535885913 0.499999919330507469616975413373 0.500004223499652344919752522401 0.499996093076042869007835633965 0.500000572450421509884677107038 0.499998931359554865672123469267 0.500009650908088465470768824161 0.499996296860120259530901876133 0.500000658608347303690777607699  | 0.000000000000000061232339967797 1.000000000170331304616411216557 
0.997833198533880416647434685729 0.503222500219959512079981323041 0.494027166254907723619282933214 0.492227439094797547536330739604 0.506520965023977476349159587699 0.503278821472233572897891917819 0.499620853320935476293840338258 0.503482061363719868296584536438 0.498153422899858699945951912014 0.494857532472813999024907616331 0.511143704482381444620386901079  | 0.301638973560029222120704162080 0.953764194180721225357899584196 
0.998137214254051885475860217412 0.496514618568889676275546207762 0.497542396866393121790395071002 0.497767032784136642664662986135 0.497672613150380194202426764605 0.497227811313835310613740148256 0.497442184109318730200754998805 0.500027800019810175768952831277 0.492206713056560107855119667875 0.496151651102398782988700531860 0.507306425524028270501730730757  | 0.264072698351626722335083741200 0.964680846186915075257672924636 
0.993877895869249239346743252099 0.501531812896463646822553528182 0.500728308907882668776778700703 0.497181390545916923606739601382 0.494808189902301354123892451753 0.502467497472752655518490882969 0.504272861689024409770354395732 0.502863572433199457201169479958 0.501185344182343839314341948921 0.500293223059833369603666142211 0.491074369512835562368024966418  | 0.660077033597818774168786148948 0.751399556169009663619817729341 
0.988158890624893149201568576245 0.504212257849150913280311669951 0.502706744381405501442827699066 0.499673416989467766846644281031 0.499134083091032909607065448654 0.502892885007610535019750841457 0.500256139241251340799010449700 0.494166174383086687083022070510 0.498607889578257357232615731846 0.498572319491027982074626834219 0.495602063824260530289222970168  | 0.888316579103526571259408228798 0.459431265584567427584516963179 
0.988860372658102337872776388394 0.509449540721512383889546526916 0.509436272668476353153721447597 0.495114256272856378959801304518 0.505306762114101637450858106604 0.503349461551373944523390946415 0.497177752584118726186801495714 0.497951260241302540165975187847 0.501499088777585311227369402332 0.489531403976255441445886162910 0.503373979499363799483546699776  | 0.871894241685239990147238131613 0.490463576232392228781975518359 
0.982858935808124112298855834524 0.508581459199988872299513786857 0.499448434750496883527404179404 0.506622868742558685184462774487 0.499720511532452171810092522719 0.501791602580279993972567353921 0.500740257590386428354634062998 0.488922341809923277633487259664 0.501298611987492148678313697019 0.500242765819550072592392098159 0.498164358940310247891858352887  | 0.961635727394158146275060516928 0.275237600726987829968805954195 
0.995866805404520549771518744819 0.496134654761114568533031388142 0.499580332627201195716537540648 0.498784584288089638537400105633 0.503607937824493312461981986417 0.494077735079221425085194141502 0.499651111510765966183811315204 0.503862882871167094833708688384 0.488118834905786336264554847730 0.487224256050368842441145034172 0.489964330877392495455779908298  | 0.508091069246159543482121989655 0.861866201739087567368358122621 
0.997315674918049066555170156789 0.501200703091639998554285284627 0.505590390550883062026343850448 0.503353918775946596042558667250 0.497770612689078739698800291080 0.502957201906092832288663885265 0.502495500321911148233766652993 0.504849471666736548947085339023 0.498453600461972790025555468674 0.502306921557423624591365296510 0.502153287389085156711132640339  | 0.361870555593190590393248839973 0.932335356394493386389399347536 
0.997657900480946158161543735332 0.497528849297448672039934081113 0.507349575472927916131027359370 0.510543260322636305303944936895 0.498618552846331830608050950104 0.500310307002895471306658237154 0.491407189236865271642074048941 0.499519629038394030740022344617 0.504189855582575008341450484295 0.498675401960894826292047810057 0.501073717618917280347545784025  | 0.322549429487551386763755090215 0.946835556973215308751434804435 
0.977224701039966503479661241727 0.498597347629632647869613037983 0.498138369062051222790898918902 0.501179107174935078994337800395 0.502381029286010361012415614823 0.506875252611329263352502039197 0.501990733358203211622594608343 0.506101907177395560211152769625 0.505496281365896193982223394414 0.495205821763060660689603764695 0.494755921035417878250939338614  | 0.987899203023561711667355211830 0.156264202784711786486937512564 
0.999376753681097240722408514557 0.508392747874546802044903870410 0.499948211188943336669154859919 0.501382767889215208434450232744 0.498479194119298862908351566148 0.498959570688459419507410075312 0.503157710482030284815380127839 0.499174644558957769646667657071 0.506533881967503041288125587016 0.500974616557135155048285923840 0.495431702309075128187743075614  | 0.094811360545097894680921513100 0.995646850860780863179400057561 
0.986682030828462286464741737291 0.489272737924770162454279898157 0.500094322479953445892419949814 0.498259619928696773083487414624 0.492207525063829476330568013509 0.499034777085891168013631613576 0.499693847109213773460822949346 0.514923548187105506457328374381 0.513249992390935605435231536831 0.490687162607866322883154452938 0.502168767654893488661116407457  | 0.917335577664235013450877431751 0.399793722411200980193513032646 
0.997076026608160748132547723799 0.498707223925929976626747475166 0.497182237446225694377233139676 0.508448398782309740617790794204 0.496608047347501746493492191803 0.499566224603171793461342531373 0.505328904523712707508309449622 0.498112354682810454242769537814 0.498544721111904065580233691435 0.508889949249234363470861808310 0.496861439760234280260675632235  | 0.388344137900492492043724723771 0.921748423979207753831133231870 
0.993588868677721559485860325367 0.504125444524935573120671961078 0.490131545298467197202541001388 0.512034967212075087239497861447 0.497404561888516061340936857960 0.491794948398269760048151511000 0.496878954273690831566767656113 0.484419432770197666560108018530 0.495402824401173114132745922689 0.518554211464854475366337283049 0.514285793121411760608907570713  | 0.678868847188565993633346806746 0.735832166273635790432194880850 
0.995250284601440604603794781724 0.503154899755942741634839876497 0.491025841609423419065194593713 0.497474895073889644692144429428 0.497133122830032359029672761608 0.500788837161288080679355516622 0.507398810048356518898060585343 0.502772058496748552869348714012 0.500137957342026484575114864128 0.498855241912564695283549554006 0.490922081432461687722224041863  | 0.560665298583059357184765758575 0.828346683851796550257517992577 
0.996764969732161443261020394857 0.494852162091891423223444235191 0.497765321961260165384288711721 0.498488909158756876571771954332 0.501615978153727604116340899054 0.501355521403528237023294877872 0.491602746062647311120485937863 0.491679736771127195993358327542 0.501838549013631340933727642550 0.503405852529323571964425809711 0.510403668762828055527336346131  | 0.421309312012777825717790847193 0.907249095313032105636352753208 
0.995993689271961746278805094335 0.499052995320454717553815271458 0.495660264467137290367304558458 0.491363945104854926704263107240 0.503057997816344859565163005755 0.500179360279082607654288494814 0.498721976639790454122191931674 0.509764106036912134634064841521 0.500615697036986162515859177802 0.511108716008821573062448351266 0.491353276156973162169805391386  | 0.496532089130040044100411478212 0.868478251429889214207946679380 
0.991139176266840449258666012611 0.508680566076567419742104902980 0.505568035989466646462631160830 0.486463959755375541238464620619 0.501653313893290930813861905335 0.500394905125963185277271350060 0.491051069689606489721001025828 0.506387269573779885689646107494 0.508014534648552174012081650289 0.497396293023099567154332589780 0.500666420698899883312549263792  | 0.799465355418405354548383456859 0.601518904165568302211397622159 
0.995641232072285498055919106264 0.505833026240696925768247638189 0.507055928094315211396292397694 0.502031928226408075133235797693 0.504031832110916622191609803849 0.504016132719318110666506527195 0.498055329265174762110035544538 0.501451803138549978555715824768 0.503508979326305450285872211680 0.495846912929849947815341693058 0.500834630251038026571563932521  | 0.527819249823885838779347068339 0.849540938616376251069084446499 
0.995481222326885406559426883177 0.499139946273843893020938367044 0.488979225950965101787915045861 0.504866990952012373305990422523 0.495393533773490379878978728811 0.492821620236075175203183107442 0.501495566969524131373248110322 0.490142713844058219851973490222 0.492219091384653750775868275014 0.507251395088858414439414445951 0.489583135132275804046741995990  | 0.541703286652827409319854723435 0.841211736500774631686283555609 
0.993306605238320705630883367121 0.499139946273843893020938367044 0.510573452144438499900047645497 0.498795425728264685272250744674 0.521231694722612770576120055921 0.491736302297915872649980428832 0.495865194202104786480589382336 0.505870626747462637240460026078 0.490972647206419088306006415223 0.493734058018684141000420595446 0.496050340825368196728817338226  | 0.695472103405635366790704665618 0.719695201664397821161855972605 
0.996555372896202773524976237240 0.505728910686750299241509765125 0.502416510453037146177734939556 0.491821384423118290740717384324 0.509198372367720808462365766900 0.499296744649803392324116657619 0.505005813112548662680012512283 0.501836512737341533529900061694 0.496778649984869924427499654485 0.491648305687580611245124373454 0.502593224632900348325392769766  | 0.442640441058925970807536032225 0.897040361116310358546854786255 
0.987109042933246305651096008660 0.512746124908810219089616566635 0.502964097029215184697648055590 0.491794004856349165066831119475 0.505197596338371690549706727325 0.502495743064175215408795338590 0.506977423059432497076670642855 0.502784727321178182002370249393 0.494373535240707151494632398681 0.494737879023101567721454330240 0.514285793121411760608907570713  | 0.909848010783476990326334998826 0.416365645575462572924863025037 
0.957033746217724745619648274442 0.495584008630876926559949424700 0.498278303508065067983778817506 0.501951840491887235629064889508 0.499946736698384353037027949540 0.499870230339518384354846602946 0.501909901672539349171131561889 0.501717866249032584669009793288 0.490464286230697987800652981605 0.499670762157254200186429216046 0.506042336468215059319675219740  | 0.999971330727669416305047889182 0.019448555864965647033137940980 
0.983841450895077462845961235871 0.494686553688954477880912463661 0.505923522152536109253162521782 0.504516192750113945386658542702 0.500133897083533951466449707368 0.500807337760328374898222136835 0.507005269235206168509932922461 0.508069463685817401810140836460 0.501497767898772872641188769194 0.504809944047466818695113488502 0.499844368630006641307517156747  | 0.953137847919068303959022614436 0.303275868457628439145423726586 
0.990099933181558311545700235001 0.500884791600425094415527382807 0.490577532575331598518886266902 0.499237341536526435525900069479 0.496964511149054377625589040690 0.497090526328950399470585352901 0.504864772501083525213516622898 0.490671031198058493760782994286 0.510166020503606376657046439504 0.501743147233734143597416732518 0.500645926937346774643344815559  | 0.836298593639352216833060538193 0.548867397665750322843791764171 
0.994092629934985372308631212945 0.498577928567610351162642245981 0.496122208199051728527706472960 0.501420845880146903716934048134 0.499381279291380042462122901270 0.501522459660066255437982363219 0.501981903109541049978759019723 0.503081582466878618475902840146 0.485315001485864538910419696549 0.505520918132584595738876487303 0.502496363072470919597378724575  | 0.646103929424273970560932411900 0.763626168008343042536978373391 
0.990904426435468832501385350042 0.498577928567610351162642245981 0.496122208199051728527706472960 0.501420845880146903716934048134 0.499381279291380042462122901270 0.501522459660066255437982363219 0.501981903109541049978759019723 0.496526194163753320509613331524 0.492070859538567328961278235511 0.505520918132584595738876487303 0.502496363072470919597378724575  | 0.808175956250997140628555825970 0.589174302327675758483849222102 
0.994656992911515880351203122700 0.499120291147345851445749076447 0.505564087769330594568373271613 0.499484723999950919193224763148 0.504527942574412580079012968781 0.502139368436218203051168984530 0.502982421004548041487680620776 0.491619326544911250387315249100 0.509380132898215820524967512029 0.508317249506181290108486336976 0.504575337100246712473960997158  | 0.606573166708547995007450026606 0.795422971134526535230691024481 
0.991888048792768595163238387613 0.507182299540997916231788167352 0.492592058392973708436102242558 0.496898876892755747558538814701 0.504827955750626222730659264926 0.506806892049516566345346291200 0.504375381305572800805236965971 0.499079582964475465534093245878 0.493223141951338261979032040472 0.496513855660566771899055993345 0.502429234963722604057068110706  | 0.767849617160127895232335504261 0.641051032798730768824668757588 
0.999237071023564960015050928632 0.497334944636526776751139777843 0.500907350141929330611390014383 0.497145584729613621011168334007 0.499727510502216865084790242690 0.505549783190382018283060006070 0.498850832516045783471270169684 0.507597510331160739482925237098 0.497535961632615209015995105801 0.500431608936316552060930007428 0.495225389450792863321737513616  | 0.115184981457540164262454140953 0.993480009263600583047093550704 
0.965798014746783506367933114234 0.498503933706147095428207194345 0.496912456698510307528948715117 0.501823732554163903785138245439 0.498870557453358232091744639547 0.494001061183879208726921206107 0.503220328301771768764183434541 0.506922848835929973354552657838 0.497314689564032852420183417053 0.502894190193294843282956207986 0.502853573605729020634669268475  | 0.998963688059496757176702885772 0.048377071153020145821699316002 
0.989139866161867886695802098984 0.501065786092971920950844832987 0.500995297355374513692538585019 0.493065579818628141328673564203 0.511542876221434350547667690989 0.502363029345905598432864280767 0.509110003641011887864920026914 0.479259542653011350044067739873 0.489998604811982374496182046641 0.504028709465129454159182387230 0.503985352695451194193765331875  | 0.864992130932200953274957555550 0.503446103467377281681649492384 
0.999866574825294063266767352616 0.501921271917022071562541896128 0.498089623043318552308988955701 0.500739983938431998389262389537 0.502650556374463319819767548324 0.492240646364796863299062579244 0.498504530142026003325383953779 0.504235464182930415155681203032 0.493340674527679656780065897692 0.497539704184726816471595611802 0.494437262055234971747097461048  | 0.020822731484079162744826874132 0.999959862453916992208746705728 
0.996848555675377334672759843670 0.505515374475615009153273149423 0.496585040426295087900854241525 0.488095670993475061472111065086 0.492207525063829476330568013509 0.493596353595059433860825492957 0.502848066333628440638392476103 0.501980939040529872130491639837 0.496311312852880326396132204536 0.490705547804758279717418645305 0.500416011816850359039676732209  | 0.412651033092116759082301769013 0.911325811293609788776848290581 
0.996172144355639055390838620951 0.505446342555687433417688225745 0.496495965889432289142035870100 0.495285191499161669970163757171 0.502005624959849905408759696002 0.493693535875794675682470824540 0.494147956968204349337270286924 0.501713338616922688295574062067 0.502662698298002585950428056094 0.494139712590089097421497399409 0.496892007731494833588925530421  | 0.479839062035066377109870927598 0.877580190471229371063088819938 
0.972784866971261208412613541441 0.507215146044445841511105754762 0.505986962308040522096064250945 0.505705591614805327616011254577 0.503955053800939967167948907445 0.510664093926554762958858191269 0.496967943906846842949676101853 0.518017970268656813281893391832 0.491550681293345337330435995682 0.504209115214576897301412827801 0.493008123832055167312660159951  | 0.995772558978399335849474027782 0.099402430036304084692844185156 
0.993496567168995259322628044174 0.503500761032697585761752634426 0.494560325797079147758239514587 0.498246586086849241326035553357 0.500365327637808721128465094807 0.491265060051967461518529489695 0.496318816801127882243349631608 0.502099743777223217477967409650 0.503608827399294689541875413852 0.505928304787023552790969915804 0.494931894460973742511100681440  | 0.683822844837818522023553668987 0.729940200020537610647863857594 
0.984506877948650660492546649039 0.507940343308258768217910983367 0.504851387497433412576697264740 0.502701221576326018336544620979 0.504832413323889950262923775881 0.505523589355003744039152024925 0.504328785057748252285136913997 0.496778382222698544623540328757 0.496125747474809752901592219132 0.505022783923342211132023749087 0.500819283591298902713617735571  | 0.946375936162862640976811690052 0.323740908518154180129045016656 
0.999053178717640988359960374510 0.491533898739189345494793315083 0.501207592021000292170640477707 0.496851620532322790779744536849 0.498803502225992845264812558526 0.498585992485481965807991855399 0.505298410542314169191513428814 0.500533872386019762501518926001 0.500224734843602636402692951378 0.499563249800261011124291599117 0.498762002762401901456712494110  | 0.141506717045867674853454332151 0.990055089223186968183654244058 
0.991383316760030552927673852537 0.496703591208667805112497717346 0.502964097029215184697648055590 0.493439499871029307875858194166 0.499605986777997834735742799239 0.502619629383323496263358265423 0.506977423059432497076670642855 0.492384490985583400668446074633 0.495918606037417109000386972184 0.499210248058948369287435298247 0.499127918823143001958442255273  | 0.789458321796038586803945236170 0.614120884589595239511083946127 
0.978758063406558131980261805438 0.507037972533246228401537791797 0.507974419037045543667829861079 0.497080792145928929137710383657 0.501879853989398938551858009305 0.506730568602952846646303441958 0.501577645059001597793724158691 0.493406215440585660392258660067 0.491475862057216106304480263134 0.492144326727234682206102434066 0.501797790315571701214025779336  | 0.983557698867391083652478300792 0.182544467516241898374929064630 
0.985717610403590849266208806512 0.504765139917675131897567553096 0.501169481943148920066732898704 0.496860811956549686119188891098 0.498743644728798229959210175366 0.498449503530728033062757731386 0.503858901890416710500630870229 0.492248699246196907974848500089 0.495178013150042561907326899018 0.498311027779697435224903756534 0.501115028264210171649040148623  | 0.931474429503956868892089460132 0.364192080908280646500685406863 
0.975475496901031857710506756121 0.501801631087640975792396602628 0.500460496346107674980885349214 0.496504291645100015450964292540 0.502271358234551046351157310710 0.500941651575002033780492638471 0.503612413514092138733246883930 0.504250549705639650177602106851 0.506465870403439266667078300088 0.514608686961251948766005170910 0.497376848830500317699687684581  | 0.991724868378473178864851433900 0.130811963058351604649587329732 
0.992194184710405990834658496169 0.505336774838237245965899546718 0.500341685894704069070826335519 0.489775485999429327499399278167 0.506289791887988060992142891337 0.497988367255963515489725068619 0.500971416366869259917393719661 0.497853044330611116397022897218 0.494770771213058790927163954620 0.491325178329247491681996962143 0.503002720416129700531371327088  | 0.753710555794041892063717114070 0.657653640980851772468440685770 
0.998956005818813275176637489494 0.499139946273843893020938367044 0.499342946131055065439596774013 0.504637770049534917227163077769 0.510348109926980209039015790040 0.492821620236075175203183107442 0.490617438678855988243299179885 0.496938515309658823682070760697 0.507294478131880555160648782476 0.504644148005091719433323760313 0.516401584234599586586966779578  | 0.155264508041449700304070802304 0.988503057645998883806726098555 
0.985503299303775670558991350845 0.494450826667405751724260198898 0.494782519020666444742317935379 0.505553613883651498106530652876 0.497690842017865009427879385839 0.505476075358878396137640720553 0.500590263535058199728666750161 0.508183254267521200553403559752 0.502083269218757677343489831401 0.501496346511379753607684506278 0.497108024007047122339031375304  | 0.934425946883669200637712037860 0.356736683071677662670850850191 
0.998781490285809869789090953418 0.507182299540997916231788167352 0.492592058392973708436102242558 0.496898876892755747558538814701 0.499791180091000042384763446535 0.494939353361568468159248368465 0.504375381305572800805236965971 0.502868711809477564322889975301 0.493223141951338261979032040472 0.507394581203476580100186765776 0.502086422668899023946664783580  | 0.179378405166609744547656646319 0.984058735483826274581531379226 
0.998530910640616498064048300876 0.490869078287004156901929263768 0.494250873037101301488149829311 0.505747213744210721841909617069 0.493732933553359842893115683182 0.499492605285867363740237578895 0.502077023460279159294827877602 0.499405422412337929305437000949 0.495444481804217629061781735800 0.498546554413166920216582411740 0.491115223033183223577680109884  | 0.213176214787422713126119333538 0.977316178791165390826733982976 
0.992073411148034600692824369617 0.500712316345159891284311015625 0.496209364576088551856969388609 0.501020178164462204328799543873 0.501578903504630635445948882989 0.497845596372318566213976964718 0.504439675441896162588761853840 0.503776279315679142989381489315 0.499049249700628638759525301793 0.489491764319380240344514731987 0.497584555057096367125524238872  | 0.759300005033182956459825163620 0.651008371890209658339188081300 
0.978207508024107386113144002593 0.502693300890566407979065388645 0.499490661836033023046610423989 0.496570881712060374635342441252 0.495749886392380545441227468473 0.507411970116082300386040060403 0.492355440484701367687137008033 0.506634303423944554189972677705 0.487205590378559150188664261805 0.499978200085917312556205160945 0.500660030821154622415747326158  | 0.985345611827515899250329312054 0.172661149281762960061570311154 
0.999534004918426033370337790984 0.504097399701547876915697088407 0.503272307375228988846060929063 0.503739327206284670523928070907 0.496601833559654093352975223752 0.511591313571740702315082671703 0.491231847361191298340088451369 0.500401254480851043204836514633 0.487331916167688061758411777191 0.499516716124162429846222721608 0.497826833949208125140728498081  | 0.071505031124248025209411139258 0.997871205170649200333343742386 
0.998312981041056479725170902384 0.494892544907457543335027594367 0.499825889433633208103202605344 0.502124259589379340340542512422 0.497924651043351262913461141579 0.502005172429681678636370634194 0.497970119287055534851305083066 0.501290986844086017271138189244 0.496451633484878585012012308653 0.503495536768625795431830738380 0.493358619441096990509976194517  | 0.241650753093543224636619015655 0.970480421837956130914903951634 
0.989386968597616989207210735913 0.498577928567610351162642245981 0.496122208199051728527706472960 0.501420845880146903716934048134 0.499381279291380042462122901270 0.501522459660066255437982363219 0.501981903109541049978759019723 0.503081582466878618475902840146 0.501847950905823236844582879712 0.505520918132584595738876487303 0.502496363072470919597378724575  | 0.857552747998659103956242688582 0.514542467584690244031264683144 
0.964013864486456872882058632968 0.502484238602170507625999107404 0.507039373648609070777126817120 0.494692777982929099422904073435 0.516363653855323789798603684176 0.499999153240301086320585000067 0.504051855779646063027144009538 0.507401748325369328362910437136 0.500845983235865488403248946270 0.494437508645131473805633959273 0.484165000758446095741049930439  | 0.999895960425780438995957410953 0.040238053433836670769174759243 
0.999155734733303435568529948796 0.496364244112228847338741388739 0.501386485189744823820490182698 0.499673416989467766846644281031 0.491636590815912322138814261052 0.513448794956111509435459083761 0.501388519704684898492530464864 0.509024272305350855560845957370 0.510756431385697373670495835540 0.486650012263054987382560057085 0.489659984001850956403245618276  | 0.126976702339309910350095833564 0.992662086309153868235455320246 
0.993126077390837802560952241038 0.499120719511314536731561020133 0.499490661836033023046610423989 0.487002755600244363609618858391 0.503573727486062994174176310480 0.496748048893534466241561631250 0.492395271142465729141690644610 0.511823047136422459857385547366 0.503696809875266660050385780778 0.499661730024091255142337786310 0.500518838727554316037071657775  | 0.705508750503838988343829896621 0.709272525179065138623002439999 
0.994935032990358569904287833197 0.500765224186013435669906357361 0.495379086326543593976623469644 0.496660987614533755429846451079 0.490016286721814242621775292719 0.499404529869229729666102457486 0.510670753809931987632353411755 0.508109732218373855161530627811 0.506844089235071959542722197511 0.493324442216838743302531611334 0.491379243328384174294143349471  | 0.585740052412867417963582283846 0.811089244554300314860029175179 
0.990577403696516922693149354018 0.502956913706933850249924944364 0.494387775387723216180546614851 0.502770769224283764486926884274 0.496726863752134817353578455368 0.500258268943664208272537052835 0.495496221490181465441082764301 0.496257237062953049377966863176 0.493274731942552224772668978403 0.498546554413166920216582411740 0.487995701714469543031071907535  | 0.820177320250790264921647576557 0.572606421587190994593186132988 
0.985049261989526137028860830469 0.501730678480956204801088915701 0.504139492242524744902709699090 0.503451203353492360292875673622 0.501456339414925511555054526980 0.498585992485481965807991855399 0.500937682752937374353052746301 0.515859019888316505664249689289 0.489678074146533692800886683472 0.507448384109622230297986789083 0.484076977185807111325743790076  | 0.940626687627683311099247021048 0.341511575014749879652953268305 
0.990715353558597078276193315105 0.500005334860030736798819361866 0.500000073261460342699535885913 0.502206472451642293997053911880 0.500004223499652344919752522401 0.499996093076042869007835633965 0.500000572450421509884677107038 0.499998931359554865672123469267 0.502854163309489510247374255414 0.499996296860120259530901876133 0.504696131645116730091160661686  | 0.815050369402310126432098513760 0.579450630824637213933669954713 
0.969772186516677403567143755936 0.503500761032697585761752634426 0.510030852684674851360568936798 0.505022050611356188021261459653 0.500690094057330781218695392454 0.517830905022114929003862471291 0.496318816801127882243349631608 0.497462482055204879838328224650 0.506518036538167737425908399018 0.508569649622641506425679835957 0.495519213762052823657455746797  | 0.997950381568635691564850276336 0.072941188916077870363352531058 
0.982463958405406789786695753719 0.498577928567610351162642245981 0.501664615701702953920460004156 0.495962783917482774587170979430 0.512676039508745406969580926670 0.495894023029845421035588515224 0.497750026743638995796459312260 0.500755406810122427607723238907 0.479664013713557602081039021868 0.485669847982144020637207404434 0.491660729289914499862135244257  | 0.965220834685879269798647328571 0.264830073955100386839944803796 
0.998229841562298103596617693256 0.499050438430723553029366712508 0.502138573774361107737718157296 0.498686405405912691612968501431 0.497250758257252345462262610454 0.494260474007042649446930226986 0.493550750801325877059611002551 0.508327025637556828563390354248 0.481912339343586182405232420933 0.493579827991623143468302714609 0.503507732965401411107109197474  | 0.252422279164952023666756986131 0.968174531317889552894939697580 
0.979653249479524701470722902741 0.511697620080032500311517651426 0.503060405614222161396753563167 0.503327613779883553668526019464 0.509312121707521603397594844864 0.505081735144783605662155423488 0.508540123922980646931080173090 0.500286040687386024394811556704 0.500968112809203169888405682286 0.502749832454157941086236860428 0.502526231634097042544340183667  | 0.980202931796192999946981672110 0.199794291632354653609482397769 
0.987858367479933829891081131791 0.498126808198767812019269740631 0.501399623522302828604324531625 0.491706308371308076221595229072 0.493201609299230681049408531180 0.512234489709028961712533600803 0.503201745614742068646307870949 0.516817983820045623311045801529 0.502725338473955840612461543060 0.478901931291806359780593993491 0.507031179485131433537503653497  | 0.895666297202978967106901109219 0.447116880872350130893266850762 
0.987544415325500524183155448554 0.492274861358212467710160353818 0.498664460227561223693015790559 0.494778364700602879544533152512 0.499720511532452171810092522719 0.497743447265681038249596213063 0.500613021352223408477755128843 0.519564949301097089850998145266 0.497235546284556795271214468812 0.483114896334982335535102038193 0.501268345675619619861151932128  | 0.901784175155414535751674520725 0.433968584075523244880656648093 
0.997394022114346245899696441484 0.490261928754011255815470349262 0.501723456591523730985215934197 0.491970144187521885026370682681 0.503315704124367657712468826503 0.497937664599670370968453880778 0.487781644115914847503745477297 0.500858124174346608370456124248 0.508014534648552174012081650289 0.495280494149794914271467405342 0.500666420698899883312549263792  | 0.353138081803614167775151599926 0.936014246420068696252769768762 
0.999783933111762945777911681944 0.506877795111257523075209974195 0.504147713670264230323425636016 0.513051979542428537861553650146 0.498342608115681484637349285549 0.504470765326230030645149327029 0.500694806912126311182476001704 0.502814147166168567970601088746 0.491315722013948241730929566984 0.498311027779697435224903756534 0.492122103012884670736326597762  | 0.033586591985286282091571763431 0.999842369755349458237958515383 
0.999694818155670517079158798879 0.498715636651071436702409300779 0.499948211188943336669154859919 0.501382767889215208434450232744 0.498479194119298862908351566148 0.498959570688459419507410075312 0.500890380389387046555782490032 0.492765924541181787876809039517 0.506533881967503041288125587016 0.500974616557135155048285923840 0.495431702309075128187743075614  | 0.047209179500313815103229586612 0.999009759280865661246195941203 
0.997521445664933725794298879919 0.495980256988765078052239232420 0.496858370792891357314857714300 0.504598734963367601125128203421 0.500079650076658888124825352861 0.506613279664451243711198458186 0.502403514802177042497532966081 0.504684432512354508304497358040 0.506760285740202598425696578488 0.503240650271176037655607160559 0.501165786020332904016072461673  | 0.338453646552940856651048306958 0.941170315681639446658834913251 
0.996982366735989056216737935756 0.505336774838237245965899546718 0.500341685894704069070826335519 0.489775485999429327499399278167 0.506289791887988060992142891337 0.497988367255963515489725068619 0.500971416366869259917393719661 0.520700934443696361597631039331 0.494770771213058790927163954620 0.507165265831660772022360106348 0.503002720416129700531371327088  | 0.398612198587087351864255424516 0.917876156806095910845044727466 
0.986260664509877704730911318620 0.499730631497136534857617107264 0.493805631155992907910246003667 0.500970873519590020883640590910 0.505327949166234802191866037901 0.508212707101272531673430421506 0.502075750793960495776957486669 0.507715284806325550803762780561 0.507534116967077175708311642666 0.501618951154272796344457674422 0.508636257676579717212916875724  | 0.923759844887268921631573448394 0.383840993456553869478398155479 
0.970770694598852013079692824249 0.508796289113946476057037671126 0.499136894016154575304256013624 0.491573490977951166325254916956 0.506365401031732553782660488650 0.502679162240859178645280280762 0.507243239071695217745627815020 0.502507183514538491309053824807 0.491600674135115545126950564736 0.490521959836673127064443633571 0.494437723760915215365230324096  | 0.997177263386445522641565730737 0.080817644324555487633787720370 
0.987399728846546809180040327192 0.498396128471311539165355952719 0.493409889220636777018569318898 0.498103834138274248477529226875 0.501352976291424501376070566039 0.506980859288828078490496409358 0.506477972147631905208697844500 0.496705338424365039351471295959 0.500108991310792450057931546326 0.518825084074339137885090167401 0.490691625691096866557217026639  | 0.904435793906906870809336851380 0.428000337734340152717749106159 
0.989819363150187481181774273864 0.502054994293602674382270834030 0.496185368177226249208899844234 0.500235143173634377866676459234 0.503533060366116003159220326779 0.500397227614337247736386871111 0.504328785057748252285136913997 0.496778382222698544623540328757 0.496125747474809752901592219132 0.505022783923342211132023749087 0.500819283591298902713617735571  | 0.844906851314556006649070241110 0.535103182731193838250760563824 
0.996292695278865547692248583189 0.505027258336222195644893417921 0.503756066235760524563147555455 0.501082513283265029713220428675 0.504707184706021383391316703637 0.499870230339518384354846602946 0.501298717320960651733230406535 0.499802622836890364510509243701 0.503558721428174815848421985720 0.505274934421534593909086652275 0.496173376108001162876348644204  | 0.468326430688346395658783194449 0.883690862280352318336440475832 
0.992627802109196322177808724518 0.497927458274898648848960647229 0.497068726235547986291862798680 0.505165943709352860402361784509 0.501368641816640980835018126527 0.493362210136159162754410090201 0.500034617764653632754345835565 0.497714188643543720136364072459 0.494831761471252018491640001230 0.500900033813670542137685970374 0.501313713276542505248301040410  | 0.732127137977914066446771812480 0.681344134846573745711850733642 
0.991710752817490659438703914930 0.501200703091639998554285284627 0.499822456165552597706636106523 0.493695425966784839921785987826 0.497367928892041510913202273514 0.496072380656708278312549964539 0.503067154202961996922738308058 0.474633849186291256749825606676 0.500373784048336323060368613369 0.495733300750466787665260426365 0.495607312023012946955446977881  | 0.776067631704211557952532984928 0.631844702215601738970462974976 
0.984111655773330040730684231676 0.498170742577908609582948429306 0.499083417701571607771882099769 0.498146925843154175783666914867 0.504539050954587509068005601875 0.497845596372318566213976964718 0.498928112146587277031528628868 0.502607711385600008924257053877 0.503347424659876363506327834330 0.499221548918401702987779344767 0.506424774600047422623561033106  | 0.950378129438832153219607334904 0.311398820319184366223197457657 
0.980898545362528739843810399179 0.506379258721580072233336977661 0.502191148082945959529865831428 0.502117874720421686340898759227 0.502065696019400875549365537154 0.498959570688459419507410075312 0.502421983492660095826920496620 0.496429790085551547740294608957 0.501382049187236056297933828318 0.497130980379992370998820661043 0.486399354879299805620718188948  | 0.974311891517584793831474598846 0.226394644651231019549797451873 
0.981657228341340282185001342441 0.497281216504241174725109431165 0.495532512571125349776224311427 0.496619678930130592497960151377 0.501558384481967323154094628990 0.495444635435668079281867903774 0.501820177688558244355476745113 0.494810850980002936427837312294 0.507436253924550717542274469452 0.497223388790169251727490973281 0.502262086283189690405492910941  | 0.969887700099319349789084299118 0.244209987294328023654799153519 
0.986162806699979466173999753664 0.499274510255726999830017120985 0.502616039730835240106898709200 0.497078628102573805147557095552 0.491365771996639832952524784560 0.516362435482281778575952557730 0.507005269235206168509932922461 0.508069463685817401810140836460 0.501497767898772872641188769194 0.476638266318886782979546978822 0.510769520888110672984794291551  | 0.925988404504048401300053683372 0.380551581687299356193676658222 
0.984883450286449635413532632811 0.508420884070718503977559521445 0.493409889220636777018569318898 0.498103834138274248477529226875 0.501352976291424501376070566039 0.506980859288828078490496409358 0.506477972147631905208697844500 0.496705338424365039351471295959 0.492773074801062860306188895265 0.499295930258242481869501716574 0.490691625691096866557217026639  | 0.942272768603046873003847849759 0.335921919409085278918070116561 
0.992387440753996541431547484535 0.506003437804680378242494498409 0.501265270784574057394422652578 0.495919388771406843829936406109 0.501063790970589839623983152705 0.499498664132674685678381365506 0.501569684275266269857240786223 0.486042797396403658538588388183 0.494441518937405954936537000322 0.499561531575538175786732608685 0.493016715336685895643142885092  | 0.744385481899371370673179626465 0.668248429467812710136342957412 
0.982010597460707068684371279232 0.501354863166436626187305591884 0.492645798796919054396425963205 0.499741393067189565435626263934 0.494237671481304041698479068145 0.496472380303888072283768906345 0.508809694182524752115170940669 0.503261429877047583580917944346 0.505264245526130806318576560443 0.506336600783577450712868994742 0.496968092191268695501094043721  | 0.967743764314246246449613408913 0.252993988757009735657277360588 
0.998655425914405037168819490034 0.503243949583068395092766422749 0.495121638230317850926098799391 0.494158358232586913949546669755 0.504560313830291540249106674310 0.503623884107383568142779495247 0.503002888437245387898144599603 0.508587084127860356019823484530 0.495292158632044343669065256108 0.494905168324523914158419302112 0.502090213610454916270953162893  | 0.196506385765563978962333635536 0.980744889595273505733530328143 
0.995049754370845862538885739923 0.500765224186013435669906357361 0.500791103788137736962937651697 0.496624245713828071924211826627 0.494876893281878948993579570015 0.513271712561210402547828834940 0.506103019544528409667805135541 0.505223267440487733281884175085 0.501577797571280292743267636979 0.497601502005252993576789322105 0.492894778397069577291489395066  | 0.576732350558788464667259177077 0.817347175445428786311197200121 
0.994814002240928196840741293272 0.500608135448780244836086694704 0.489807121889335561615297365279 0.494939981464119604925855355759 0.509305659804127786038918657141 0.500574021599885066180490866827 0.502362056151167024609094369225 0.505676955173046893676769286685 0.499433044580322949013151401232 0.480508075038074855545033869930 0.505151854567016056485329045245  | 0.595081851422475494040043031418 0.804487926914265627509337264200 
0.995560710029690598688034697261 0.506141948879933911698003612400 0.501552735672889493656612103223 0.499312805642366186464897737096 0.486971211554124372433705048024 0.504093307668950552091757799644 0.496784160513077444054630404935 0.490120142871149688801324373344 0.503876293246980355711173160671 0.504926927981127371403147208184 0.496870755195579771879010877456  | 0.534868170323523739462245885079 0.845390147652655299381763143174 
0.994534243261246064804481648025 0.501354863166436626187305591884 0.492645798796919054396425963205 0.499741393067189565435626263934 0.494237671481304041698479068145 0.503075142782263395879738254735 0.508809694182524752115170940669 0.503261429877047583580917944346 0.505264245526130806318576560443 0.506336600783577450712868994742 0.496968092191268695501094043721  | 0.615472526528703878234694002458 0.788493211146038319725448673125 
0.992543319744144780791827997746 0.503370211056085370415758006857 0.504332291959165512906793082948 0.504488123638056507047622289974 0.496373910521095584869044614607 0.504693015816986778609987140953 0.497199332504674851307413518953 0.510010837278546458328776225244 0.495297695105932689330074936152 0.502585078284093711431523843203 0.493008123832055167312660159951  | 0.736551616531639252727359234996 0.676782209207665186312397054280 
0.993043434811466174672034412652 0.502107204097855475133371783159 0.505774143098481343550076871907 0.501510076721189412829460252397 0.490513858901883648133690485338 0.497845596372318566213976964718 0.504642182336965783306936828012 0.497030820539530238111325388672 0.497252507366925500242871294176 0.502452797992406607896498371701 0.482039305749617008611807023044  | 0.710194139436486571170803472342 0.704717638223683273679398553213 
0.994222977567936649911928270740 0.504829636049952235055116034346 0.499580332627201195716537540648 0.498784584288089638537400105633 0.503607937824493312461981986417 0.498347934589472074673466295280 0.499651111510765966183811315204 0.503862882871167094833708688384 0.488118834905786336264554847730 0.487224256050368842441145034172 0.489964330877392495455779908298  | 0.637418537686832320510177396500 0.771115782927992543527295765671 
0.992929245174512531413313354278 0.507641416955079027850672446220 0.498822461744488021562204949078 0.505560194001720586420844938402 0.498494435413808556489811962820 0.501588571032350216682971222326 0.501422508125568655579229471186 0.484981075689655649618714505777 0.500314868801059908776096563088 0.489810267503948681966363665197 0.504041892547077430286606158916  | 0.716421474621543152849767466250 0.698303051431079069288898608647 
0.998420104464305180336225475912 0.498577928567610351162642245981 0.496122208199051728527706472960 0.501420845880146903716934048134 0.499381279291380042462122901270 0.501522459660066255437982363219 0.501981903109541049978759019723 0.503081582466878618475902840146 0.501847950905823236844582879712 0.509744150322789080220786672726 0.502496363072470919597378724575  | 0.227742341759863381467354770393 0.973865001960645737533184274071 
0.996397802587251191219763768459 0.504212257849150913280311669951 0.502706744381405501442827699066 0.499673416989467766846644281031 0.507601803374930438117473840975 0.504510230110953417081987026904 0.500256139241251340799010449700 0.493448868864468592754235487519 0.497522937645480223256555518674 0.498572319491027982074626834219 0.495602063824260530289222970168  | 0.458166727313474964056183580396 0.889061803028434294304815921350 
0.990378255702935916815476957709 0.495911085722803790520885058868 0.501609136578150760499283933314 0.501020178164462204328799543873 0.501578903504630635445948882989 0.495809854517404446916373217391 0.500492333968273195310416667780 0.503776279315679142989381489315 0.499049249700628638759525301793 0.489491764319380240344514731987 0.497584555057096367125524238872  | 0.826970766669138046545128872822 0.562550893511716165740210726653 
