0.072575581750791706703296313208 0.198304062201979491852910086891 0.689386361923952417640748535632 0.654099914645218438735696508957 0.465066917501743115614942780667 0.403031406933476832321616711852 0.493091074138475415900018106186 0.904085414051729374662613736291 0.607439837744709665301456880115 0.969936018081157258485802685755 0.410006472070766236903693879867  | 9.045759421580417125596795813181 1.035720504063598612631835749198 
0.567105078653604710581248582457 0.748644266783546119548020669754 0.583218930297868642931291560672 0.921819586921861833239688621688 0.143854950910212942005728109507 0.819297832116623325759974250104 0.707120534794084876217823421030 0.627669127726006359502264331240 0.998811664651587993724035641208 0.700145469656795471635746253014 0.799538303651514126180188668513  | 6.099346848499956230682528257603 7.542680874132528856534918304533 
0.260350141941627533093139845732 0.450546435574999404316542950255 0.225908714782469877135895330866 0.249146491294027105922737064247 0.276534095190118955898128660920 0.284534166258682774675037308043 0.023857748073723428205994423479 0.492421482666307919195958220371 0.074014004515129294681230476272 0.724854707664217334794898306427 0.836914833672304125933294471906  | 8.649598070100548596883527352475 3.748664827232761620479095654446 
0.951883568840704574753885935934 0.997259532380114110949875794176 0.134210157307209421162497164914 0.958476268010538756669802751276 0.356584916910051230587441750686 0.843639173843723666479377243377 0.071582519194070437507093629392 0.288946562880357582514534442453 0.414241069588169752435646842059 0.282221585158993759634427078709 0.545423533770781010510120268009  | 0.727421919373500758254635911726 9.606054025220421621611421869602 
0.343936831491020722495477457414 0.545154877310462082640185599303 0.380357437043876145388310305862 0.543730924233258194888662728772 0.475606988684268539024913025060 0.213293668094966415438307194563 0.887539576530008922361503209686 0.776831752837416011914228874957 0.831910767312786236793442640192 0.821958266510844248742273521202 0.347720874086574371908398006781  | 7.934191165830842606965234153904 4.758736722649755002123583835782 
0.361389228529675365919615614985 0.737502793083247842886862599698 0.656840382265104327785820714780 0.330856760194533694452445615752 0.444555138922938075651813960576 0.136506157228424185312576355500 0.060446240208005708183236492914 0.535857318550639227794363250723 0.680989455200799675971268243302 0.995765402482596484468047037808 0.284883493494610950946821503749  | 7.974106745271693164056614477886 5.084965097009382262172039190773 
0.203220733012765109037900401745 0.239282098806847920435814103257 0.376664709611399750599503022386 0.763497513866336796617417803645 0.275566907883365130871311521332 0.231513546109816337192910395970 0.414375459631039944063957136677 0.111272088121579071362532431522 0.923313716819379459721517378057 0.967627536338727889386746028322 0.438391875430783284350866324530  | 9.107088990240555403943290002644 3.010094852308806245844152726931 
0.704779014320128460724390606629 0.878187840695895505227497324086 0.887757262764351740003121449263 0.539031302106871113011266061221 0.627693783993578446889216593263 0.693000987879189733753548807726 0.047866343743369843544144259795 0.937507847286705109368654120772 0.664408467456211626611661813513 0.301057515121664898138931221183 0.270894113639904898782617692632  | 4.291873173394052720652780408273 8.581934819152991167356958612800 
0.001494129897517626481828756368 0.849326663812598470215675661166 0.755255534997773647631902349531 0.117302818103203310151627647429 0.466974464232323915879874220991 0.308085005327733640889675825747 0.013379654996992451643222921120 0.182727523478353415242736446089 0.867846125527953815570469942031 0.434151445649201939147587836487 0.420623114671641262773960079357  | 9.504677674053933600362142897211 0.022307270006889597102617273094 
0.577527340971734193253439570981 0.941965561613092861037443981331 0.838951909913129734164272122143 0.597419147988373033797415700974 0.325536405330614675435185745300 0.348508274423137809350237148465 0.149137968843837565025012281694 0.138909779433596503039893832465 0.774091922767474405198129261407 0.683312406630362745296736193268 0.060331713408010467780684393801  | 5.991239131324831213021298026433 7.662221521359135145701202418422 
0.466608679443342944104244907066 0.655346252367586701303991958412 0.481530096381935224236769954587 0.689299603925164428019911611045 0.019203339125220875160948708071 0.593471775975681792303362271923 0.227772313222905586904687424976 0.667609800203807224328045322181 0.813037879004243069225310591719 0.417037367966657135376351561717 0.769069287363563169890312565258  | 6.932178921116678438352209923323 6.240618691077035151693053194322 
0.818658984135206657661854023900 0.799137368639665557346063451405 0.821531952253243935579973822314 0.436614997970235396707039399189 0.634094398121443303395494694996 0.088839054300425268628771391377 0.762763813698441262012295283057 0.774175747975541894696505096363 0.828717756905131386346852195857 0.664299952663308879152737063123 0.896519440351962626500892383774  | 2.716147545629159942848218634026 9.276063572607702312211586104240 
0.194875434065532759930761130818 0.827425549356341272222437055461 0.072422622663528168907021154155 0.972347531625991745585224634851 0.211470891497254509516778853140 0.358566739818205415524232648750 0.918304508161484234207705412700 0.070936691480529834308299541590 0.073285201898759311234243796207 0.603284313436097674454572370450 0.188456250893274557256518164650  | 9.427093212052488624408397299703 2.979369151627454748165746423183 
0.432289295845941334839324099448 0.986186247634210477741589784273 0.298643833967996652489773623529 0.667837095592658358533810769586 0.486553053074489705309702003433 0.576764657026757054936183521932 0.548633125356910111847241751093 0.779007071227528546941698550654 0.671387631950760677135292553430 0.646447366696099368077454982995 0.748809584066602806906587375124  | 7.155568621842441245917143533006 5.775060875042992591943402658217 
0.277665608949783981884706918208 0.942432469561167107663379738369 0.402543713922840273866654570156 0.498110855974273403212748689839 0.276085651759609640443215994310 0.176790437217845819439787646843 0.927438887936341993523114979325 0.415525182949268989673896612658 0.612375715149832910988436651678 0.987046511509251156546440597594 0.863324366007245269649672536616  | 8.465422385306840880048184772022 3.945675548072024252377332231845 
0.466890001474312144047473793762 0.049240800535993889397445855138 0.703113356290953950278321826772 0.720559505157224222671175084542 0.925634680383023433769551502337 0.741219260148415881594985421543 0.090845143177050169391861800250 0.264404753647332957378068840626 0.638030296739128588434653011063 0.097681655412802492755020011828 0.172211617439107289584399040905  | 7.302088111271012316194628510857 6.579469621116934341387150197988 
0.050327784573062750439476076281 0.543866343303459953695266904106 0.494182528409068289043659660820 0.231550684198603029528840124840 0.590728198326151865416022701538 0.486678161938831621569079288747 0.597385310757696075256717449520 0.901278868968789392823737216531 0.248774769714039889478840450465 0.006564374545281026485099573620 0.582499718915699848942324479140  | 8.900953959829086770128014904913 0.705131791000745633546387125534 
0.840379037847090115675996457867 0.209098256656282899257348617539 0.505457530151679601537750841089 0.162230090961260620119332998001 0.655453383527251465245910821977 0.197745003004260011536530328158 0.145302011097506400538748039253 0.332065941750343429639258374664 0.512439170259047505062710570201 0.924051497245941599878449324024 0.794258999106812746404671088385  | 2.301972578380604872450021503028 8.987803609335733412422086985316 
0.888504592221407984986569772445 0.126432216528889362905374582624 0.617509311019595608094334693305 0.942686709771029751614435099327 0.082582128617688765892523861112 0.317082441158307082318401626253 0.188278872901376681525675849116 0.184709470011929055566213264683 0.049062055938403292820737533475 0.847530715097813414082850158593 0.028890839235744092405866467743  | 1.729695520612781756142339872895 9.775081829833494495574086613487 
0.935868095015886081178280164750 0.820043995007140424924330091017 0.657731818127183287536752231972 0.066987395103326741185867376771 0.671332907066166217902036805754 0.765208796975081373403781981324 0.760071799422017524427985790680 0.467073704052326510449688612425 0.654980569758907726907182222931 0.350885195748197764586961966415 0.542838504228370544169024469738  | 0.938152916495945454755656101042 9.281261899144503502157022012398 
0.254981801429181142992774766753 0.814608764069545965291752054327 0.594127288628334859765800501918 0.308125369363427825675216809032 0.798532550377386129980550322216 0.008263014559361403499337939138 0.947322312489025875059667214373 0.449751423837751906908977161947 0.912972185400873437188806747145 0.123149561500703996763661507430 0.202797069475249336356625917688  | 8.948960192075922748244920512661 3.789093422890829288007807917893 
0.514975504067715861289400436362 0.558314433393182207865379496070 0.411506689191462604604510033823 0.932996380198968577879270469566 0.419690766835504880383211911976 0.926052403691529857354680643766 0.136070071993708019419955235207 0.488702970292022365050854659785 0.314354311742859438005837091623 0.115426014863373338492635866714 0.185398468088182388768814234936  | 6.446903366233407872698535356903 6.757575799255081783201148937223 
0.858213060908085134670386651123 0.962619025923309057368726371351 0.907248289532079477126558231248 0.840844619457705499954158767650 0.603617714375925151770729826239 0.837176641734078574863531230221 0.533533391372957299658708052448 0.504176155699686101563372631063 0.976729184756915724818782109651 0.344507575269060839495693926438 0.975532406820534547797763025301  | 2.078373581855684548713725234848 9.177034827787085902173203066923 
0.003282655028185366141713075194 0.414712241544346271737708775618 0.427711205703313890325034662965 0.524267695224506558027144365042 0.905575751966844477713891592430 0.255282492702408103646405379550 0.765018703176424175183001352707 0.123009652246873435466056889709 0.711460643104105394662894923385 0.540187868943721727355011807958 0.621513783273026643172443073126  | 9.196354402896163904301829461474 0.047420340818639057645089707194 
0.704617980143767086431694224302 0.472333350039000898767937997036 0.208774334195241606515480725648 0.708713881142857160533310434403 0.857960507443001896277223750076 0.919227179964312024473827023030 0.629897062318247935586157382204 0.121447178385950427248474170483 0.846709040048511663023589335353 0.566109319471454819350242360088 0.910474226160120303497080840316  | 4.276367106861419742358521034475 8.545525214492688093059769016691 
0.839076357249011417493989029026 0.590844633600149493624087426724 0.893413127819081553937508033414 0.370821344674072239655515659251 0.483995319334854845472193574096 0.041746560522181397345775621943 0.194468931135343803262571782398 0.147953482224449262005805394438 0.000139909253830561297604617721 0.491336426371143941693730994302 0.974787635123994133934388628404  | 2.343668966181795099146256688982 9.073316954761564190334865998011 
0.936800650120155564692936422944 0.706888709047695518172815809521 0.460663030159967679111332472530 0.210916432640263273867731186328 0.217338522548672696821370209364 0.278109564550706123142731485132 0.569475790327710340577027636755 0.225761963316363001297304435866 0.485528952545125402906478484510 0.063951289702231961520340064453 0.011504020859573471646797315771  | 0.926989720076435652629243122647 9.307058754224392771448037819937 
0.396509706451854238018484011263 0.996774063371959173629477390932 0.001768262208694082460169738624 0.012773080775775658146642399515 0.943763513914997020926023196807 0.162712046698885060003192393197 0.020180836364831256091179056966 0.934982624234734327473006487708 0.150038644133717036233122144040 0.827578924596085285791957630863 0.003142745774354804844108457473  | 8.277598766823922815660807827953 5.944964005915429616777601040667 
0.923375815173202330043977781315 0.452923570579319756390646034561 0.587467045104350993334207942098 0.198687042919148959541075782909 0.794619462542440424535072907020 0.554102270536160901315270166378 0.905671129698200738644686680345 0.433351078553399271520163438254 0.970712078616011386777984171204 0.395751819956663641875138637261 0.219089027598641683525215739792  | 1.119256918982697079911758919479 9.254218537565593649674156040419 
0.408382060336768937247597932583 0.197270313335668134868683409877 0.312204174691002922514826423139 0.861186444071042722647746359144 0.917458917755617942013657284406 0.686133548403250914660134185397 0.958735131687065367245281777286 0.826528203683680406932410278387 0.631126695236720491877235872380 0.760435582026403267263958696276 0.011497432652926131702031398163  | 7.882616746057270695757779321866 5.887168928913817822490273101721 
0.587701887825794688779978969251 0.970037312645879223893530252099 0.917897774094752483264869624691 0.896528274230503852137985631998 0.843059517603032437804699839035 0.399849468592903378727498875378 0.593851211688288360690535228059 0.094468779555629822652917937376 0.057985347817744670173567556049 0.004075556507982747156404457201 0.541048830163491922817797785683  | 5.871283654012294128676785476273 7.761305324868875032962023396976 
0.487799681449053834647600069729 0.052280969823198741863734539947 0.013646119304595138999047776451 0.905134347857669774306543786224 0.416923120479663400494985125988 0.652016872572092398563370352349 0.149942695665642222735414179624 0.799395404141874488246344299114 0.105216158015166594275058287167 0.184975817175893064714387037384 0.765383011215133746141248138883  | 7.089667029192467495590790349524 6.823008863561812020748220675159 
0.236338481345555906365518694656 0.990270829555767950758138340461 0.425071192949980969366663430264 0.973726201269117797032492944709 0.244814272604132576738322768506 0.123652562134327403953193424968 0.091923106631701889668306648673 0.750189175540813657505623268662 0.233727712907796925101422402804 0.908673966218724982191190520098 0.865390467355457659870410225267  | 9.216043209556520565683968015946 3.587713021168915439318425342208 
0.448848014071337009234241577360 0.046418214940859070516410156415 0.710887361470095124893475713179 0.742338492719241682671338367072 0.540456151231565762316222389927 0.000536781840530964338142894121 0.016427958073735871025178312266 0.318695206043918988214613818855 0.245809124291021419139724457636 0.419693623456767195278871440678 0.303165902321602342972539645416  | 7.294607510624520507747092779027 6.207390054654746691653599555138 
0.012294496159775070154296372493 0.546821163475869176373578284256 0.624847962725486816282227664487 0.927188088199849991255518943944 0.712407347134133117627641240688 0.713920859082932790506959008781 0.702875641549353002979216853419 0.539203588605018602208929223707 0.010246406485589609758335427614 0.777769719745129206600608995359 0.679027921607069706588788449153  | 9.407424435609526014445691544097 0.181700175714800182813490891931 
0.104646845290421564023120026832 0.469049760023415474030628047331 0.850110059289644781621575475583 0.132172156132937312911224125855 0.657510975873661696056160508306 0.053395060456722598374312838132 0.093931997715098858314775043254 0.041557389744008799148389243783 0.685380350464063758941790638346 0.295239705872470503678073328047 0.068106057992286639368728629051  | 9.590880778806914364054136967752 1.590892984091512030175863401382 
0.749115067501596398891194894532 0.001351623144820068844751403958 0.358313184381800597932965501968 0.792075157754176584212757461501 0.724828784372242407307851408405 0.499194620964902413540187353647 0.086988057007741370618703058426 0.391295298932233803768099278386 0.482100175626540061735170183965 0.226179422610115143932318915176 0.226092074859966296607183267042  | 3.506955618166395449719630050822 8.433363645757042448281026736367 
0.212501109810638744157529345102 0.746043271342911262777874981111 0.869079355978696233009372917877 0.775764512580717102707694721175 0.273542502844682622331617949385 0.959750950498764576757082522818 0.092678199667151961449462760356 0.180332652451074326727109564672 0.814741968503626123876415476843 0.823833077611448860722020981484 0.763467663607273250292450939014  | 9.359520584285753841413679765537 3.245617119636348135713888041209 
0.751178509068388566838336828368 0.642781303477808485524747084128 0.993223425217645283780143472541 0.539104528086745693471470985969 0.642223597458730366405177392153 0.224352800319559286812420850765 0.593866421671676580906762410450 0.746614503326119005599537103990 0.332705566449025824660168382252 0.911870603389368539204440367030 0.530194320533235008419126188528  | 3.541016984870726691525533169624 8.593733401820632167300573200919 
0.320641740865754032441259369079 0.398755887865520519675044397445 0.714686978389211247097989598842 0.843327991155436884618268322811 0.938156346502215687799264287605 0.429333138704670380647598904034 0.579452638106254025451846700889 0.917568206818437648308872667258 0.597437067294054879873499430687 0.864285953103443582712372972310 0.280813767678972703301099045348  | 8.309230170877944132712400460150 4.578951567090181029584528005216 
0.705582096416142223738177108316 0.098931550221256214783238647215 0.489390852655128827386477041728 0.664287550656016412276017035765 0.514290532369976904902841852163 0.451708400256368491909597651102 0.817204589424449512335968393018 0.091513928792387178035028227896 0.548625202546351498078536224057 0.735400491543260814708560246800 0.837244464112227859686754527502  | 4.051979135105381324422069155844 8.127861411244712286361391306855 
0.471157302611585060425625215430 0.037671443516046565491706132889 0.393319269888656064537713064055 0.010141805983031160209861809562 0.594489817607073867122835508781 0.243660065852304486000434735615 0.453138952430018115968834990781 0.052767036921869681087571279932 0.646726784503861118480472214287 0.308523868041528648298310599785 0.615064042516583864284029914415  | 6.982759914451183824724012083607 6.377065158204042738532280054642 
0.881757318239467680065502008802 0.588265588299723529708273872529 0.070182416164574878969517612859 0.174610952623426407548379302170 0.470360097843635749370605481090 0.428390649011135549173445724591 0.666042120081097421824267712509 0.363033568247257631966817825742 0.006628488186999348386052588467 0.671953734814886072257422711118 0.202553306522037068759800604312  | 1.732279101769878204564179213776 9.219112028317001161781263363082 
0.907380811934547670816186837328 0.155978961105417424093388945039 0.067947225475160633045845770539 0.604552153942683800913471259264 0.831033530430903222274707786710 0.583724615688645420696900600888 0.152124685719045138476701595209 0.089045500596721338659733646637 0.458731650959350423235605376249 0.477427283611365327331554908596 0.673914956361892913960787154792  | 1.356601080300368522557619144209 9.258741856124386160331596329343 
0.090232019823991871376733797661 0.099622935872627382813959684427 0.255062402855713354909994450281 0.867973930337640808829746674746 0.254722186081243973099219601863 0.109092540262618276081241219799 0.489177557807302099135426942667 0.931394947212957458049231718178 0.501252384856185950745555146568 0.274185279491973354915046456881 0.033628361601256151480754397198  | 9.228146178767984153523684653919 1.316791244899477852925429033348 
0.896378243699219146023438042903 0.582010040720581156570290204399 0.508308589550598988182628090726 0.446343306894816271856996081624 0.847156246313684690996126391838 0.986171058993546290061260606308 0.507789313103741757338127627008 0.396500516827306359601834628847 0.646354990946539476048826600163 0.378512813152877436451149151253 0.993730019000219733094070306834  | 1.450992358364743273213548491185 8.835580015917360086064036295284 
0.363756487154153651530918978096 0.303087250064664193160979266395 0.910518870110403777395902125136 0.571542332488713000770985672716 0.988597662996591131090440285334 0.585165022092377307139088316035 0.798044850840625707988351678068 0.537634244241242842399230994488 0.819346310234226549162883657118 0.683669095303626406234798196238 0.380504933383281729319946862233  | 7.904105589068358028725924668834 5.081767876509362125148072664160 
0.314080308807750174793227415648 0.036554054563318727488763215661 0.278232708924207261524941259268 0.888350057123054592800315276691 0.920082059460536560990817633865 0.219698813186281149967271630885 0.515877321933572940970691433904 0.020457429193453058324791982159 0.164164421711144314919295084110 0.806052789694730709157965975464 0.261025820988008194767360237165  | 8.574047170746800006213561573531 4.610324641214033292158092081081 
0.777466147952539987642239793786 0.074217206474940899951775463705 0.240795666788530149382552281168 0.527946280366239029113728520315 0.673205745578241643300998475752 0.580582353230332137705715922493 0.100447837600130207569293361303 0.873566628866973116096517060214 0.679382432770739619343203230528 0.136280712120650071561556160304 0.270885709589765322213850140542  | 3.265600229545158939004068088252 8.958515964211652971016519586556 
0.415953840569000976579161488189 0.940982094047963180116767034633 0.831419875774322081340983459086 0.976489477157036711574278342596 0.220742483139563683280925943109 0.569095498346765538144609308802 0.711696134026676308081960087293 0.985375062922613009774863712664 0.253727850298520296590254474722 0.869463939890111836561459313089 0.090325454004488436865472067439  | 7.834479809151432938563175412128 5.997682399126856189752743375720 
0.320984219732572961802929967234 0.730842441598059000540388296940 0.372126100419875371905220617919 0.606360579525154541613574110670 0.458224778627307260947532085993 0.834583567525500114037129151257 0.815918163596974221896118706354 0.545907153346409268479533238860 0.504946184285904320354632091039 0.314347586229480113750867076305 0.227475775033503579969362817792  | 7.913660004547370618865897995420 4.366517217932763372800764045678 
0.032201540474898870947129125852 0.494565029541402800816740636947 0.929099780753633863739082698885 0.047615568948627950973673250701 0.753745146318055225798104856949 0.821555373683588996414073335472 0.316891761101679159118305051379 0.250250811887461011018274348316 0.971972961276950098152838108945 0.395129870460668719545083149569 0.060352458509229878202972940926  | 9.549820870814818007943358679768 0.483462016667505989353514905815 
0.167090114673206890927303902572 0.187907254919718824659469191829 0.567365837390481630997385309456 0.189239617862477560450429336925 0.847572712766405778062051012967 0.909516742408418399357117323234 0.562232650566145797377259896166 0.329580854185644200882165932853 0.990134626097756487261847269110 0.715118667641598926287826998305 0.272519963666635667287607702747  | 9.275204979363774526746055926196 2.491897215004017507311573353945 
0.759869620245460786200908387400 0.013319891755026569413189463376 0.495744739891340158166599394463 0.178640716036838842484257838805 0.651482572476698273966633223608 0.052832268651502256595620110602 0.119821482548917890298412203265 0.857827059087150622929129895056 0.819388951018970912443251108925 0.020634897702304311195575792226 0.443980879292050878426323379244  | 3.511580316608380769594077719375 8.863935271182905140108232444618 
0.880629635538733301913794093707 0.664329761101115190413679556514 0.788582222237317886914809150767 0.653376645749082052283540633653 0.379855880484287977694179971877 0.864123421260270530019909074326 0.075858320514194610417746389430 0.691495199732374499212994578556 0.539883085704467635679293380235 0.100190827906731949603624798328 0.605865552090974035515102968930  | 1.763658790368086703992389630002 9.295360882634113863787206355482 
0.458322477931423333252780594194 0.612256480174414585704312230519 0.593040687770127972200384647294 0.962480038735967102780932691530 0.655942851488661271552871312451 0.164435591120275947929485482746 0.493074884694907011883913128258 0.385124701736986430056219887774 0.456520527142329490821737181250 0.408086824014532667526111708867 0.011566642772594559751553333626  | 6.847796964279160292221604322549 6.005150194696694754270538396668 
0.050584150249351922390417257702 0.681787099479223446252262874623 0.166985933409894649059879156994 0.089415385216940035384425300435 0.032973151446271109499264184706 0.663515115352597106834764417727 0.870394931403173033324094376439 0.107849540016679568132929034618 0.319271549946474109127336760139 0.368857258776855378989978362370 0.627207028968739255248010522337  | 9.673072522032027720229052647483 0.770218769924381763125609268172 
0.087716427012986875055844393501 0.961500285299507595482282340527 0.730917139931054227197648742731 0.235316232591991192357738782448 0.316476054638290427156732675940 0.599752611830178694596327204636 0.673638002696982929329294620402 0.825699034977480539332361786364 0.222043782946691914403913870046 0.887395261929649237231387814973 0.303349093103131295379171206150  | 9.583806094518566354167887766380 1.328921633591564566145848402812 
0.605233067740493901887077754509 0.484178097118745598415046060836 0.128056565787486920093840581103 0.969695472997474827714370348986 0.885846335241607607535740953608 0.030406097331977854913986902829 0.824853907640879513429865710350 0.155873835666373805608486691199 0.150239966299131277871481415787 0.336131339275371310293394344626 0.511772376761877922923815731338  | 5.519794137067958850195736886235 7.730180075776944548238134302665 
0.037122732132375935165669034177 0.700865795224331011858964757266 0.691876360449574456801258293126 0.648938740553233750496531229146 0.628807188668279337662170291878 0.759382265875904183261013713491 0.091742587902195804616667373921 0.866245083007484706349998759833 0.274491792929251410271263011964 0.383821769144282121111189098883 0.570927216001774096021392779221  | 9.452697847119235774471235345118 0.551833704057021812161565321730 
0.308907387071283290325141024368 0.987807620029634070313306892785 0.478301941617221504365886630694 0.527886285701174351459030731348 0.194740118122801120215115133760 0.607228549453299404348172174650 0.354718604405008575142232984945 0.631666619501449977391871470900 0.252212988348158861917625017668 0.861326676473463281880071917840 0.714452810973980612097022913076  | 8.200773383432538921056220715400 4.324081840198260806573671288788 
0.753745968151287137892779810500 0.655213556648016726136063425656 0.052292653084564100218756266258 0.332107356221940097640299427439 0.971638754903022650033506124601 0.221456190849939282827563147293 0.479042351348400230470758742740 0.559889284070569925866323046648 0.277114670874659574373310988449 0.760961945961254548898011762503 0.813224634083735464784581381537  | 3.567319315135979440611890822765 8.757670991289234763144122553058 
0.577678516155225474371093241643 0.159989923929280131176255963510 0.926408845520707902032597758080 0.328668434608656356843425783154 0.121450670212957190230440573941 0.145751716995808577870263889054 0.630958916854679419117246652604 0.614815233493392510055741695396 0.532676657524640662089154830028 0.671682473601681317987299735250 0.353020079392335039969452736841  | 5.824586185073671984469001472462 7.452734851159353191007994610118 
0.622851420645282316534974142996 0.413603754813506307996817668027 0.215949504846187689821590538486 0.230632778593590881399677527952 0.978113444247413754695230636571 0.492746551418939415789566282911 0.184235080763351155574980566598 0.928783775449191995043918268493 0.857088987926971079822635601886 0.234657705887218348550504742889 0.276160786171121386267657271674  | 5.321462963396846213015578541672 7.906237555698959695860139618162 
0.887641161140595547074383375730 0.114197844294348982430165051483 0.488948816623953619320275265636 0.702398343147571435629572533799 0.430713831267247826417587930337 0.970291917689238614386226799979 0.720493366011676128479734870780 0.643532876074571991154016359360 0.769006535650889611055447403487 0.038250558477133433932237949193 0.637224913469601972337841289118  | 1.650003043958598425433592638001 9.251564390909216228919831337407 
0.634787540637299030343854155944 0.855450520971939187830912487698 0.114282530887668043462213063322 0.978790613276613430393524595274 0.376595770859708522948494646698 0.376605160157594820447002348374 0.138920068082510561602305187989 0.067977907584807706342644451070 0.932542901024271286836153649347 0.857363823047009532274387311190 0.385594120893920755399619793025  | 5.325100112683902153776216437109 8.241086766638213489954978285823 
0.420555850760798377585558682767 0.776131866913442713951098994585 0.444466195081344550565916051710 0.857440910608673667603341073118 0.732507374225985663507287881657 0.776644008200828794841186208942 0.129175452803322099448735116312 0.306822753185420959987084188469 0.040468579949578420418276891724 0.169691758009163473630565022177 0.808671980504335863315645838156  | 7.688913323839515534530164586613 5.974892540427509501910208200570 
0.121739365452146697244018014317 0.289183932051105929694756468962 0.693880893971357326499571627210 0.266000149241018002399528086244 0.031469186108140534408050825732 0.652168303578065988723722057330 0.238219462633683987107247048698 0.156071497367045841642152481654 0.532762405519170756384994547261 0.285042171807527333626808285771 0.690308519621011029698820493650  | 9.339725151116997636790983960964 1.808108190528309622280289659102 
0.556239931766496775722430356836 0.830355383952266934421970745461 0.810076927832792503814118845185 0.201981577333971040744131641986 0.048280356337594865223650231201 0.326794170154677487971639493480 0.196276401223206331536630386836 0.080444979726142284981449392944 0.927834952701797388563420554419 0.235692206221542965849380379950 0.717949403131432073443818353553  | 6.349404826964542003508995549055 7.583467316808452984844279853860 
0.305525863790013119114519213326 0.367209451171806922076257251319 0.413214411096465505934816064837 0.736832937295890499918016303127 0.704291768448220611986698713736 0.689024179903535594071684045048 0.991364572496506002430294302030 0.530787073017205623948200354789 0.882179061110087592290085467539 0.104462507950431215952846741857 0.349745368829771696717045870173  | 8.382803834824041899764779373072 4.363314558707184431796122225933 
0.165142001350928158132091994048 0.558042599121171267739782706485 0.148435229324346495971553849813 0.566518843026916019134375801514 0.174623582823623779702870706387 0.090639711744915696378654956789 0.741183737430130218371004957589 0.736266499801064955299523262511 0.776918843320867247292937918246 0.146617726439876472355194891861 0.492720898059000989022138128348  | 9.036189661012084428648449829780 2.398059670516499153336553717963 
0.540439660691899748101718614635 0.726516791949912477122097698157 0.551915046818660548488821859792 0.365297923054178741431030630338 0.363429597104363288906370144105 0.392342515507431599530718813185 0.602530984737200348000385474734 0.351444400046042826346592846676 0.178327185512657471200270720146 0.277884907487130239367445483367 0.239560304342059104953932546778  | 6.141340753255489559592206205707 6.975689446805836801956957060611 
0.184721424100674713741909727105 0.344135525141585629782525757037 0.100858147890089844267436092196 0.473426586986969266668268119247 0.503733074253719492752168207517 0.671700619606767967972871247184 0.981447914543422061939281775267 0.442122693774255060006339590473 0.543858434377397115255803328182 0.954042019819946074399297231139 0.779321088445629528429492438590  | 8.686979915240090832639907603152 2.593817132392291835429887214559 
0.683737657512390462066775853600 0.317356029773791514791980716836 0.661541916642071292642413027352 0.321763564387682388101552533044 0.774879123336016939482817633689 0.830978478169027590105599756498 0.717015382621778996075079248840 0.325303967964597040563035079686 0.884247806175500139502787533274 0.539622217618774602243547633407 0.027640956302882879747073729959  | 4.552297219254796800669282674789 8.397001913672871964422483870294 
0.127649146829747817122324704542 0.228492986995790792192906337732 0.392697412154304870135490546090 0.603433620558130767719262621540 0.215597592916566327403415925801 0.487631498242786509678126094514 0.859086453410437655975329107605 0.900731146566665530350803692272 0.662339814176176155946507151384 0.805886934452374581461242541991 0.211099981530982083732794762909  | 9.232871852324969097480789059773 1.876506339258947386738896057068 
0.778721510675541739310290267895 0.464697571811956033904777996213 0.249162813253124504342395084677 0.513081666181552487060457679036 0.768876147357233308277102423745 0.966304614094113278888187323901 0.905288021632037365193923506013 0.059903460699088251217858669406 0.299983847493263788841488803882 0.167416930094403948459103048663 0.656191854516399608598931081360  | 3.219165974566825294544969437993 8.885547879723281639030574297067 
0.186894574331137874878550064750 0.524274090515777668741748129833 0.237648776224430924308705925796 0.134936610108572496713463806373 0.999645103353126729395228267094 0.999097364179069580281122853194 0.135846807129476498943176920875 0.690695687269870961522144625633 0.418798454076692583392116375762 0.338829157775393574603128854505 0.522381609924498557795402575721  | 8.979092286544849699225778749678 2.714455669777069424242199602304 
0.538248590689211048321283215046 0.889758166359107760534641329286 0.694705076311427527357977851352 0.039035502441763458847390211304 0.422537806353643463630476162507 0.468366248361869574878824096231 0.673246546417021751729237166728 0.577553820283283836367616004281 0.048753998187908709205373725126 0.719417627746541277211633769184 0.383753810019126673225287049718  | 6.215560724165627881632190110395 7.011191415460728215691688092193 
0.149939099679387566332877668174 0.005350062125671684043481945992 0.134868990056544513223002468294 0.250605032820239270741069503856 0.593329701944596665796893830702 0.582078772513206499361615442467 0.326206603785527460281912226492 0.748400999046023640559610612399 0.848926530348903640721403007774 0.608842502226190296354957354197 0.788819989054354242519195850036  | 9.303853423593729132790031144395 2.232716281884358000553447709535 
0.706111377071292234397503762011 0.854448821465093821814207331045 0.713675454199023007184621292254 0.520892516605138800045438074449 0.448595995801023050830735883210 0.436548647056794192344852945098 0.432364898204795955471979596041 0.989093267759154404217269984656 0.228333114169090745093626537709 0.162345983343073374527421037783 0.059303882929000462098656498711  | 4.156163414900272634611155808670 8.354232231382578532929983339272 
0.080943761792829360679490946495 0.099223713573736938009517416504 0.507731604055880803016975733044 0.634007157300688795054099955451 0.715699581273874008147117820045 0.311958319687440699397029675310 0.477824688185881751856243226939 0.452995071899777834723010982998 0.841210326308876488177190822171 0.907790855470375968039320468961 0.337968043982234234157147056976  | 9.041497846630544898971493239515 1.155826910863446244093211134896 
0.915431588289587372386790775636 0.448828787170076681789510075760 0.428825233037280262315960044361 0.145196281888032907581020936050 0.285421909980046573096501560940 0.614954290524337698897738846426 0.242099691468847910691408742423 0.982249807019898391047263430664 0.906464259570597619131149258465 0.533288342165344153578132591065 0.309915476520120303227656677336  | 1.238463997346919365227790876816 9.268088794000673757977892819326 
0.727412183016034386007220291503 0.635401193382427065259321352642 0.958091740648934098167899264809 0.323314092779906525620958746003 0.960634644305988771861848363187 0.039239389116332956675137211278 0.861854239009409828220498184237 0.736795678500468009808344049816 0.241592939560659525355390542245 0.930758738119348838502276066720 0.308728773370511078155686846003  | 4.087704570802427106457344052615 8.956015817466752793052364722826 
0.097559206655295716004161477031 0.796900946074310279065855411318 0.335173444530651898354278728220 0.144500914774519984007383754943 0.153253539475926237045655398106 0.040784693805480887185410665552 0.133446708521685941661871765973 0.606826838880055730029994265351 0.626592695206291905307693923532 0.882355729483756623388046591572 0.172823034905948080819371170946  | 9.652600150369856635279575129971 1.490908176400739026945529985824 
0.544533344944973518586550653708 0.986263271182988621177401000750 0.885491323222711734786116721807 0.490504255152088952662836618401 0.113234554276887666723894199095 0.471730253898807183610131232854 0.949853878642821447542132773378 0.366478875159680916873128353473 0.425550304842605364719076987967 0.817710943368340936743265956466 0.150185023673480522177214879775  | 6.153302134292118807934457436204 7.080561091219604641366913710954 
0.790494940203225859853830570501 0.410172397400585087012814256013 0.837106211226378515988244544133 0.380526136743222109792839091824 0.167457404912920715389645920368 0.324571148709955514810587828833 0.751202578194324788185554098163 0.800425632503395600991780156619 0.774344146948690026377448702988 0.731141205102178504127152791625 0.288838893083295467079096852103  | 3.097203421988798055508596007712 9.069192693480536249239776225295 
0.566473057686320058401463484188 0.256002198131332181496588873415 0.600662936943059388994470282341 0.299158638797057951919100560190 0.729462967301625964111622124619 0.751595436316758958028572124022 0.869015252743010724323369231570 0.434734005671790435521018025611 0.583434463522522706035999817686 0.943436601360439386354528323864 0.301861878173429021288143303536  | 5.960637204748049811087184934877 7.356198510733395146132806985406 
0.817690250014086128516055396176 0.807906716975453575990684385033 0.532819152576680665767128175503 0.550462246905403684849034107174 0.202133177889954440686892667145 0.481328102266187718427659092413 0.569338273587547294418698129448 0.917021790850704010544802713412 0.179556159925024050316721968557 0.508303140867115477163906689384 0.323215059706605689626712774043  | 2.523478444532515130305228012730 8.569693981035120700084917189088 
0.065759740972131774938702619693 0.046334551447356431275181876117 0.578027857088199925605920270755 0.897251341344594055549066524691 0.741626055008422935266310105362 0.403983741220059977550249641354 0.855231402563296772001422141329 0.757577442463281180984324691963 0.447621723811966187867028565961 0.589388571383425374783371353260 0.601096743584534132232022329845  | 9.319515482193406086253162357025 0.966099343396687681995160801307 
0.684401393009559599889257697214 0.067801073208625606270061325631 0.682597538176635376672152233368 0.580415401700207000956766023592 0.921268006993403498761097125680 0.747720700752867006855240106233 0.885150772893493198445469261060 0.856212031255058070300378858519 0.900689152517636926198463243054 0.970628863748456471860492911219 0.282191799336110382689923881117  | 4.679232848921348164594746776856 8.652661494775406580970411596354 
0.086957337693979397386101481970 0.771346470254246741049541924440 0.334191585295865678517657215707 0.589429547824720789783725649613 0.427319807365361459261521304143 0.650073021431931130642567495670 0.058799577494972665725470051257 0.370360405728630048827199061634 0.875909802538881732125730650296 0.531261450620014286094772160141 0.118851333874353870534434918227  | 9.266863323331902435597839939874 1.273713148365718250687450563419 
0.666613626747906806713217520155 0.999566193358525256762447952497 0.614757245787498352029842862976 0.661661894093000357841560798988 0.068997898140123581356419890653 0.288599851042803723366603207978 0.513465998678386936759920899931 0.835713762769655699180759711453 0.058285828466946187909059062804 0.445649846918370950987764445017 0.917001097496449202317592153122  | 4.740084313204330435098654561443 8.208487411766693497838787152432 
0.837277853226997104130191473814 0.250627353240570283077204294386 0.463504909211424287462932625203 0.430786707635707699637350742705 0.147136516970322039910001876706 0.979908725762826504634972479835 0.489701983485342551283281409269 0.529483138493092919674154472887 0.449503563372142811438436638127 0.952854653977975640799513712409 0.189849938433250042812971969397  | 2.294540988929845148902586515760 8.780605465797002295857964782044 
0.515073100827342145180409715977 0.459176523213846055071485352528 0.230637714596687248835849004536 0.126868809220924583236467242386 0.742321847127059619708688842366 0.786233504423173190645002250676 0.468977591420477457617721483984 0.934155725133579251107107666030 0.753674808613769675602611641807 0.542810915117587944322963267041 0.238751546091188648901493252197  | 6.461472951048128798845482378965 6.774926735924113430087345477659 
0.150799975712176403952469172509 0.845319684949638272541960759554 0.329788048459636717879561729205 0.457763097781979211298164500477 0.316933993117159307217889363528 0.738014255923171158535467384354 0.876303305492231565665406378685 0.410987169032294374915181833785 0.441145725255363552186338438332 0.832688235963967571251487242989 0.134102683716003756586587769561  | 9.158105748784791444450092967600 2.210841708515984382898977855803 
0.581496531820996698236569955043 0.819118484468523533337247499730 0.130253024610874734712240297085 0.196682092768674210425672299607 0.548509658028062729862028845673 0.931930768274048082489002808870 0.628038558601570429118510219269 0.089676298115708541480728399620 0.062283859199536828477050676156 0.184695608740774619427327252197 0.912938818134137131110605878348  | 5.987840512615861143785878084600 7.757061714345691250116487935884 
0.456755278240937312439484685456 0.376005699696309703128349610779 0.510861918380823953889091626479 0.223678213190485308814459131099 0.958811802583167005487041478773 0.055702900896407725461756399454 0.518779769652496391962870347925 0.320271572543775029373591678450 0.569346541426139385322358066333 0.506013928464154827402410319337 0.396132127971633551943853035482  | 6.669216916839145525841558992397 5.819563656871115320257104031043 
0.417939117276602711825717051397 0.329402225495420530876344855642 0.849290175814711001400780787662 0.328018032501798506572754376975 0.849655701151951769922732182749 0.293019890716668340857609109662 0.980973480465030189812125627213 0.517572795098094728949433829257 0.324816095376405211681003493140 0.100173640317541501332243569777 0.452789241627805316703359039820  | 7.459990743756936382169442367740 5.747978688515974710071532172151 
0.274480914473071435644158100331 0.317698896462550117725243126188 0.750863109524614880108117631607 0.231459928746235665819597215886 0.562555291232687881830543119577 0.510165788837310452130680005212 0.878452824237171525645351266576 0.234895038961273283639741293882 0.222539342573812914949371588591 0.669405004665049263579135185864 0.644786047248021576550058853172  | 8.453815651999940783412057498936 3.888907524538899984634099382674 
0.449187556978004720598107724072 0.911848931183034006053844677808 0.128360872286558680421819644835 0.467643817302448305817108575866 0.409996223421372651962713007379 0.026647604340279795742674195935 0.117967278315626034057572724123 0.460172244790333362374212811119 0.315115440865872842302053413732 0.809286588339598544905584276421 0.481322891503455196904326385265  | 7.066302236052187879522534785792 6.019613202960987230483169696527 
1.000000000000000000000000000000 0.500000000000000000000000000000 0.500000000000000000000000000000 0.500000000000000000000000000000 0.500000000000000000000000000000 0.500000000000000000000000000000 0.500000000000000000000000000000 0.500000000000000000000000000000 0.500000000000000000000000000000 0.500000000000000000000000000000 0.500000000000000000000000000000  | 0.000000000000000061232339957368 1.000000000000000000000000000000 
0.000000000000000000000000000000 0.500000000000000000000000000000 0.500000000000000000000000000000 0.500000000000000000000000000000 0.500000000000000000000000000000 0.500000000000000000000000000000 0.500000000000000000000000000000 0.500000000000000000000000000000 0.500000000000000000000000000000 0.500000000000000000000000000000 0.500000000000000000000000000000  | 1.000000000000000000000000000000 0.000000000000000000000000000000 
0.000000000000000000000000000000 0.500000000000000000000000000000 0.500000000000000000000000000000 0.500000000000000000000000000000 0.500000000000000000000000000000 0.500000000000000000000000000000 0.500000000000000000000000000000 0.500000000000000000000000000000 0.500000000000000000000000000000 0.500000000000000000000000000000 0.500000000000000000000000000000  | 1.000000000000000000000000000000 0.000000000000000000000000000000 
1.000000000000000000000000000000 0.500000000000000000000000000000 0.500000000000000000000000000000 0.500000000000000000000000000000 0.500000000000000000000000000000 0.500000000000000000000000000000 0.500000000000000000000000000000 0.500000000000000000000000000000 0.500000000000000000000000000000 0.500000000000000000000000000000 0.500000000000000000000000000000  | 0.000000000000000061232339957368 1.000000000000000000000000000000 
0.680742575804059724120520513679 0.500000000000000000000000000000 0.500000000000000000000000000000 0.500000000000000000000000000000 0.500000000000000000000000000000 0.500000000000000000000000000000 0.500000000000000000000000000000 0.500000000000000000000000000000 0.500000000000000000000000000000 0.500000000000000000000000000000 0.500000000000000000000000000000  | 0.480731191518400269302446758957 0.876868018290836714889735503675 
0.660486675603903949927087069227 0.500000000000000000000000000000 0.500000000000000000000000000000 0.500000000000000000000000000000 0.500000000000000000000000000000 0.500000000000000000000000000000 0.500000000000000000000000000000 0.500000000000000000000000000000 0.500000000000000000000000000000 0.500000000000000000000000000000 0.500000000000000000000000000000  | 0.508383257117683284853626446420 0.861130921452955111483618111379 
0.993045871828638126999067026190 0.500000000000000000000000000000 0.500000000000000000000000000000 0.500000000000000000000000000000 0.500000000000000000000000000000 0.500000000000000000000000000000 0.500000000000000000000000000000 0.500000000000000000000000000000 0.500000000000000000000000000000 0.500000000000000000000000000000 0.500000000000000000000000000000  | 0.010923301750603429949304512547 0.999940338959712793354128734791 
0.357070115655394149101198308927 0.500000000000000000000000000000 0.500000000000000000000000000000 0.500000000000000000000000000000 0.500000000000000000000000000000 0.500000000000000000000000000000 0.500000000000000000000000000000 0.500000000000000000000000000000 0.500000000000000000000000000000 0.500000000000000000000000000000 0.500000000000000000000000000000  | 0.846784984782560146143737256352 0.531935324590122937671310410224 
0.228167637502342646182995622439 0.500000000000000000000000000000 0.500000000000000000000000000000 0.500000000000000000000000000000 0.500000000000000000000000000000 0.500000000000000000000000000000 0.500000000000000000000000000000 0.500000000000000000000000000000 0.500000000000000000000000000000 0.500000000000000000000000000000 0.500000000000000000000000000000  | 0.936457550049154430205078369909 0.350780924447061881465970145655 
0.207664056084553405590042984841 0.500000000000000000000000000000 0.500000000000000000000000000000 0.500000000000000000000000000000 0.500000000000000000000000000000 0.500000000000000000000000000000 0.500000000000000000000000000000 0.500000000000000000000000000000 0.500000000000000000000000000000 0.500000000000000000000000000000 0.500000000000000000000000000000  | 0.947267534891482854142452652013 0.320443781872286170830932405806 
0.186840054662569310384157006411 0.500000000000000000000000000000 0.500000000000000000000000000000 0.500000000000000000000000000000 0.500000000000000000000000000000 0.500000000000000000000000000000 0.500000000000000000000000000000 0.500000000000000000000000000000 0.500000000000000000000000000000 0.500000000000000000000000000000 0.500000000000000000000000000000  | 0.957240742128045996039986675896 0.289292519105053436145880141339 
0.963987638030633031682725686551 0.500000000000000000000000000000 0.500000000000000000000000000000 0.500000000000000000000000000000 0.500000000000000000000000000000 0.500000000000000000000000000000 0.500000000000000000000000000000 0.500000000000000000000000000000 0.500000000000000000000000000000 0.500000000000000000000000000000 0.500000000000000000000000000000  | 0.056537921568523892557056598207 0.998400452436151164548050473968 
0.794038218134852868956841120962 0.500000000000000000000000000000 0.500000000000000000000000000000 0.500000000000000000000000000000 0.500000000000000000000000000000 0.500000000000000000000000000000 0.500000000000000000000000000000 0.500000000000000000000000000000 0.500000000000000000000000000000 0.500000000000000000000000000000 0.500000000000000000000000000000  | 0.317909715947162996307895355130 0.948120990436555066693813387246 
0.341963153466370406441399154573 0.500000000000000000000000000000 0.500000000000000000000000000000 0.500000000000000000000000000000 0.500000000000000000000000000000 0.500000000000000000000000000000 0.500000000000000000000000000000 0.500000000000000000000000000000 0.500000000000000000000000000000 0.500000000000000000000000000000 0.500000000000000000000000000000  | 0.859168198701132146410941459180 0.511693273691038452710699857562 
0.726220205234712867792268298217 0.500000000000000000000000000000 0.500000000000000000000000000000 0.500000000000000000000000000000 0.500000000000000000000000000000 0.500000000000000000000000000000 0.500000000000000000000000000000 0.500000000000000000000000000000 0.500000000000000000000000000000 0.500000000000000000000000000000 0.500000000000000000000000000000  | 0.416918337102880065536680831428 0.908943947769811244619120316202 
0.542133808489448032474911087775 0.500000000000000000000000000000 0.500000000000000000000000000000 0.500000000000000000000000000000 0.500000000000000000000000000000 0.500000000000000000000000000000 0.500000000000000000000000000000 0.500000000000000000000000000000 0.500000000000000000000000000000 0.500000000000000000000000000000 0.500000000000000000000000000000  | 0.658793949123537281309381796746 0.752323422869588864791978721769 
0.738064741995317463718606632028 0.500000000000000000000000000000 0.500000000000000000000000000000 0.500000000000000000000000000000 0.500000000000000000000000000000 0.500000000000000000000000000000 0.500000000000000000000000000000 0.500000000000000000000000000000 0.500000000000000000000000000000 0.500000000000000000000000000000 0.500000000000000000000000000000  | 0.399935930090890456867214197700 0.916543098726041560730948276614 
0.281919677960973724673010565311 0.500000000000000000000000000000 0.500000000000000000000000000000 0.500000000000000000000000000000 0.500000000000000000000000000000 0.500000000000000000000000000000 0.500000000000000000000000000000 0.500000000000000000000000000000 0.500000000000000000000000000000 0.500000000000000000000000000000 0.500000000000000000000000000000  | 0.903539036012893759242103897122 0.428505788059963865777035607607 
0.894722387934674401321899495088 0.500000000000000000000000000000 0.500000000000000000000000000000 0.500000000000000000000000000000 0.500000000000000000000000000000 0.500000000000000000000000000000 0.500000000000000000000000000000 0.500000000000000000000000000000 0.500000000000000000000000000000 0.500000000000000000000000000000 0.500000000000000000000000000000  | 0.164616985135796811690056529187 0.986357566101056959517734412657 
0.418275740342386015413467248436 0.500000000000000000000000000000 0.500000000000000000000000000000 0.500000000000000000000000000000 0.500000000000000000000000000000 0.500000000000000000000000000000 0.500000000000000000000000000000 0.500000000000000000000000000000 0.500000000000000000000000000000 0.500000000000000000000000000000 0.500000000000000000000000000000  | 0.791812146844283470947800651629 0.610764704374644473716671200236 
0.622487556654734874861389926082 0.500000000000000000000000000000 0.500000000000000000000000000000 0.500000000000000000000000000000 0.500000000000000000000000000000 0.500000000000000000000000000000 0.500000000000000000000000000000 0.500000000000000000000000000000 0.500000000000000000000000000000 0.500000000000000000000000000000 0.500000000000000000000000000000  | 0.558847323366304826741668421164 0.829270564512160190950851301750 
0.336679409802085605196708684161 0.500000000000000000000000000000 0.500000000000000000000000000000 0.500000000000000000000000000000 0.500000000000000000000000000000 0.500000000000000000000000000000 0.500000000000000000000000000000 0.500000000000000000000000000000 0.500000000000000000000000000000 0.500000000000000000000000000000 0.500000000000000000000000000000  | 0.863385451369789169717705590301 0.504544906190703135173691862292 
0.317666634495455124653773282262 0.500000000000000000000000000000 0.500000000000000000000000000000 0.500000000000000000000000000000 0.500000000000000000000000000000 0.500000000000000000000000000000 0.500000000000000000000000000000 0.500000000000000000000000000000 0.500000000000000000000000000000 0.500000000000000000000000000000 0.500000000000000000000000000000  | 0.878066533728017128979104199971 0.478538569340930863837968445296 
0.489536183279044190275186565486 0.500000000000000000000000000000 0.500000000000000000000000000000 0.500000000000000000000000000000 0.500000000000000000000000000000 0.500000000000000000000000000000 0.500000000000000000000000000000 0.500000000000000000000000000000 0.500000000000000000000000000000 0.500000000000000000000000000000 0.500000000000000000000000000000  | 0.718633122468550711303691969078 0.695389412697016151554407770163 
0.300180391667154045087784197676 0.500000000000000000000000000000 0.500000000000000000000000000000 0.500000000000000000000000000000 0.500000000000000000000000000000 0.500000000000000000000000000000 0.500000000000000000000000000000 0.500000000000000000000000000000 0.500000000000000000000000000000 0.500000000000000000000000000000 0.500000000000000000000000000000  | 0.890877846321746935664975808322 0.454242955843154272432826701333 
0.245070074747605948228823535828 0.500000000000000000000000000000 0.500000000000000000000000000000 0.500000000000000000000000000000 0.500000000000000000000000000000 0.500000000000000000000000000000 0.500000000000000000000000000000 0.500000000000000000000000000000 0.500000000000000000000000000000 0.500000000000000000000000000000 0.500000000000000000000000000000  | 0.926815266848471708271972602233 0.375517590981562565666251884977 
0.638012212822254842770064442448 0.500000000000000000000000000000 0.500000000000000000000000000000 0.500000000000000000000000000000 0.500000000000000000000000000000 0.500000000000000000000000000000 0.500000000000000000000000000000 0.500000000000000000000000000000 0.500000000000000000000000000000 0.500000000000000000000000000000 0.500000000000000000000000000000  | 0.538460515634964775877335796395 0.842650742064663393904311305960 
0.501542092470071088072813836334 0.500000000000000000000000000000 0.500000000000000000000000000000 0.500000000000000000000000000000 0.500000000000000000000000000000 0.500000000000000000000000000000 0.500000000000000000000000000000 0.500000000000000000000000000000 0.500000000000000000000000000000 0.500000000000000000000000000000 0.500000000000000000000000000000  | 0.705391874271222629744215737446 0.708817539083318459702809377632 
0.599842128127344942356558021856 0.500000000000000000000000000000 0.500000000000000000000000000000 0.500000000000000000000000000000 0.500000000000000000000000000000 0.500000000000000000000000000000 0.500000000000000000000000000000 0.500000000000000000000000000000 0.500000000000000000000000000000 0.500000000000000000000000000000 0.500000000000000000000000000000  | 0.587985857938594147498179154354 0.808871207834853889195869669493 
0.564866170088632935097905374278 0.500000000000000000000000000000 0.500000000000000000000000000000 0.500000000000000000000000000000 0.500000000000000000000000000000 0.500000000000000000000000000000 0.500000000000000000000000000000 0.500000000000000000000000000000 0.500000000000000000000000000000 0.500000000000000000000000000000 0.500000000000000000000000000000  | 0.631515805850847100622047491925 0.775363003347822377087084078084 
0.701063466396197099150811027357 0.500000000000000000000000000000 0.500000000000000000000000000000 0.500000000000000000000000000000 0.500000000000000000000000000000 0.500000000000000000000000000000 0.500000000000000000000000000000 0.500000000000000000000000000000 0.500000000000000000000000000000 0.500000000000000000000000000000 0.500000000000000000000000000000  | 0.452501450299467977700373921834 0.891763666829322065865426338860 
0.710627857245385241569124445959 0.500000000000000000000000000000 0.500000000000000000000000000000 0.500000000000000000000000000000 0.500000000000000000000000000000 0.500000000000000000000000000000 0.500000000000000000000000000000 0.500000000000000000000000000000 0.500000000000000000000000000000 0.500000000000000000000000000000 0.500000000000000000000000000000  | 0.439053289049819606137958771797 0.898461022735285719242881441460 
0.642925270052850827973145442229 0.500000000000000000000000000000 0.500000000000000000000000000000 0.500000000000000000000000000000 0.500000000000000000000000000000 0.500000000000000000000000000000 0.500000000000000000000000000000 0.500000000000000000000000000000 0.500000000000000000000000000000 0.500000000000000000000000000000 0.500000000000000000000000000000  | 0.531941462169016832106649417256 0.846781129233220686280958489078 
0.268490675904661135753315193142 0.500000000000000000000000000000 0.500000000000000000000000000000 0.500000000000000000000000000000 0.500000000000000000000000000000 0.500000000000000000000000000000 0.500000000000000000000000000000 0.500000000000000000000000000000 0.500000000000000000000000000000 0.500000000000000000000000000000 0.500000000000000000000000000000  | 0.912376349284264365202545832290 0.409352412069011795114903407011 
0.063266766741840507748406707833 0.500000000000000000000000000000 0.500000000000000000000000000000 0.500000000000000000000000000000 0.500000000000000000000000000000 0.500000000000000000000000000000 0.500000000000000000000000000000 0.500000000000000000000000000000 0.500000000000000000000000000000 0.500000000000000000000000000000 0.500000000000000000000000000000  | 0.995065949648606618005430846097 0.099215703645726446846531132451 
0.578324469159189002986920513649 0.500000000000000000000000000000 0.500000000000000000000000000000 0.500000000000000000000000000000 0.500000000000000000000000000000 0.500000000000000000000000000000 0.500000000000000000000000000000 0.500000000000000000000000000000 0.500000000000000000000000000000 0.500000000000000000000000000000 0.500000000000000000000000000000  | 0.614984551407596446992442906776 0.788539156624449066868010049802 
0.591760888591360556532094960858 0.500000000000000000000000000000 0.500000000000000000000000000000 0.500000000000000000000000000000 0.500000000000000000000000000000 0.500000000000000000000000000000 0.500000000000000000000000000000 0.500000000000000000000000000000 0.500000000000000000000000000000 0.500000000000000000000000000000 0.500000000000000000000000000000  | 0.598206005686757080752613546792 0.801342358022022693830876960419 
0.455383763591833357065041809619 0.500000000000000000000000000000 0.500000000000000000000000000000 0.500000000000000000000000000000 0.500000000000000000000000000000 0.500000000000000000000000000000 0.500000000000000000000000000000 0.500000000000000000000000000000 0.500000000000000000000000000000 0.500000000000000000000000000000 0.500000000000000000000000000000  | 0.754886590392708334285032378830 0.655855346585869747322306011483 
0.936808322882508925921740683407 0.500000000000000000000000000000 0.500000000000000000000000000000 0.500000000000000000000000000000 0.500000000000000000000000000000 0.500000000000000000000000000000 0.500000000000000000000000000000 0.500000000000000000000000000000 0.500000000000000000000000000000 0.500000000000000000000000000000 0.500000000000000000000000000000  | 0.099098334423465855858026429814 0.995077645269199506650181774603 
0.753278481983602032912017421040 0.500000000000000000000000000000 0.500000000000000000000000000000 0.500000000000000000000000000000 0.500000000000000000000000000000 0.500000000000000000000000000000 0.500000000000000000000000000000 0.500000000000000000000000000000 0.500000000000000000000000000000 0.500000000000000000000000000000 0.500000000000000000000000000000  | 0.377920558702023567931860270619 0.925838026498345123549427171383 
0.201293890491897053962588870490 0.500000000000000000000000000000 0.500000000000000000000000000000 0.500000000000000000000000000000 0.500000000000000000000000000000 0.500000000000000000000000000000 0.500000000000000000000000000000 0.500000000000000000000000000000 0.500000000000000000000000000000 0.500000000000000000000000000000 0.500000000000000000000000000000  | 0.950426494397762722243783173326 0.310949318614431868823544391489 
0.441274013517008512064165870470 0.500000000000000000000000000000 0.500000000000000000000000000000 0.500000000000000000000000000000 0.500000000000000000000000000000 0.500000000000000000000000000000 0.500000000000000000000000000000 0.500000000000000000000000000000 0.500000000000000000000000000000 0.500000000000000000000000000000 0.500000000000000000000000000000  | 0.769236077797690986912471089454 0.638964675560726669267808119912 
0.087199526792035811362246988665 0.500000000000000000000000000000 0.500000000000000000000000000000 0.500000000000000000000000000000 0.500000000000000000000000000000 0.500000000000000000000000000000 0.500000000000000000000000000000 0.500000000000000000000000000000 0.500000000000000000000000000000 0.500000000000000000000000000000 0.500000000000000000000000000000  | 0.990633897496007387317717984843 0.136544795330580032155509684344 
0.259622421034275407958347159365 0.500000000000000000000000000000 0.500000000000000000000000000000 0.500000000000000000000000000000 0.500000000000000000000000000000 0.500000000000000000000000000000 0.500000000000000000000000000000 0.500000000000000000000000000000 0.500000000000000000000000000000 0.500000000000000000000000000000 0.500000000000000000000000000000  | 0.917990012528090648658007921767 0.396603500865380709239360612628 
0.408720566636773363633494682290 0.500000000000000000000000000000 0.500000000000000000000000000000 0.500000000000000000000000000000 0.500000000000000000000000000000 0.500000000000000000000000000000 0.500000000000000000000000000000 0.500000000000000000000000000000 0.500000000000000000000000000000 0.500000000000000000000000000000 0.500000000000000000000000000000  | 0.800889724783061529578276349639 0.598811864225243906112439162825 
0.366822264659785013396486874626 0.500000000000000000000000000000 0.500000000000000000000000000000 0.500000000000000000000000000000 0.500000000000000000000000000000 0.500000000000000000000000000000 0.500000000000000000000000000000 0.500000000000000000000000000000 0.500000000000000000000000000000 0.500000000000000000000000000000 0.500000000000000000000000000000  | 0.838537426169069233239383720502 0.544844000530200212040199403418 
0.551561874781499983377841545007 0.500000000000000000000000000000 0.500000000000000000000000000000 0.500000000000000000000000000000 0.500000000000000000000000000000 0.500000000000000000000000000000 0.500000000000000000000000000000 0.500000000000000000000000000000 0.500000000000000000000000000000 0.500000000000000000000000000000 0.500000000000000000000000000000  | 0.647580525413745555773914475139 0.761997023028868070149144386960 
0.566442041559338638201381854742 0.500000000000000000000000000000 0.500000000000000000000000000000 0.500000000000000000000000000000 0.500000000000000000000000000000 0.500000000000000000000000000000 0.500000000000000000000000000000 0.500000000000000000000000000000 0.500000000000000000000000000000 0.500000000000000000000000000000 0.500000000000000000000000000000  | 0.629594560279256976187411964929 0.776923863494209498981035721954 
0.028580050107437731526927038317 0.500000000000000000000000000000 0.500000000000000000000000000000 0.500000000000000000000000000000 0.500000000000000000000000000000 0.500000000000000000000000000000 0.500000000000000000000000000000 0.500000000000000000000000000000 0.500000000000000000000000000000 0.500000000000000000000000000000 0.500000000000000000000000000000  | 0.998992458859794596470749183936 0.044878359386920141371746240111 
0.526209241191760490607975953026 0.500000000000000000000000000000 0.500000000000000000000000000000 0.500000000000000000000000000000 0.500000000000000000000000000000 0.500000000000000000000000000000 0.500000000000000000000000000000 0.500000000000000000000000000000 0.500000000000000000000000000000 0.500000000000000000000000000000 0.500000000000000000000000000000  | 0.677404697049847182022119795874 0.735610546699002165738079384028 
0.912972404716471341856731669395 0.500000000000000000000000000000 0.500000000000000000000000000000 0.500000000000000000000000000000 0.500000000000000000000000000000 0.500000000000000000000000000000 0.500000000000000000000000000000 0.500000000000000000000000000000 0.500000000000000000000000000000 0.500000000000000000000000000000 0.500000000000000000000000000000  | 0.136277250469708344216002160465 0.990670737936887091379389858048 
0.767321581525663320988428495184 0.500000000000000000000000000000 0.500000000000000000000000000000 0.500000000000000000000000000000 0.500000000000000000000000000000 0.500000000000000000000000000000 0.500000000000000000000000000000 0.500000000000000000000000000000 0.500000000000000000000000000000 0.500000000000000000000000000000 0.500000000000000000000000000000  | 0.357407350558726577549606417961 0.933948599103072485405618863297 
0.044876621297739421878603138794 0.500000000000000000000000000000 0.500000000000000000000000000000 0.500000000000000000000000000000 0.500000000000000000000000000000 0.500000000000000000000000000000 0.500000000000000000000000000000 0.500000000000000000000000000000 0.500000000000000000000000000000 0.500000000000000000000000000000 0.500000000000000000000000000000  | 0.997516465391815154717392033490 0.070433665758780461541022077654 
0.401682168317337939811295655090 0.500000000000000000000000000000 0.500000000000000000000000000000 0.500000000000000000000000000000 0.500000000000000000000000000000 0.500000000000000000000000000000 0.500000000000000000000000000000 0.500000000000000000000000000000 0.500000000000000000000000000000 0.500000000000000000000000000000 0.500000000000000000000000000000  | 0.807461041188026751314055218245 0.589920898903868118345883431175 
0.526209241191760490607975953026 0.500000000000000000000000000000 0.500000000000000000000000000000 0.500000000000000000000000000000 0.500000000000000000000000000000 0.500000000000000000000000000000 0.500000000000000000000000000000 0.500000000000000000000000000000 0.500000000000000000000000000000 0.500000000000000000000000000000 0.500000000000000000000000000000  | 0.677404697049847182022119795874 0.735610546699002165738079384028 
0.516710393516650934309097920050 0.500000000000000000000000000000 0.500000000000000000000000000000 0.500000000000000000000000000000 0.500000000000000000000000000000 0.500000000000000000000000000000 0.500000000000000000000000000000 0.500000000000000000000000000000 0.500000000000000000000000000000 0.500000000000000000000000000000 0.500000000000000000000000000000  | 0.688304751023888328198552244430 0.725421649606587837233462323638 
0.884981384625380340658296063339 0.500000000000000000000000000000 0.500000000000000000000000000000 0.500000000000000000000000000000 0.500000000000000000000000000000 0.500000000000000000000000000000 0.500000000000000000000000000000 0.500000000000000000000000000000 0.500000000000000000000000000000 0.500000000000000000000000000000 0.500000000000000000000000000000  | 0.179689513687911139871999921525 0.983723375075840067438548430800 
0.516710393516650934309097920050 0.500000000000000000000000000000 0.500000000000000000000000000000 0.500000000000000000000000000000 0.500000000000000000000000000000 0.500000000000000000000000000000 0.500000000000000000000000000000 0.500000000000000000000000000000 0.500000000000000000000000000000 0.500000000000000000000000000000 0.500000000000000000000000000000  | 0.688304751023888328198552244430 0.725421649606587837233462323638 
0.807611909470571709412922700722 0.500000000000000000000000000000 0.500000000000000000000000000000 0.500000000000000000000000000000 0.500000000000000000000000000000 0.500000000000000000000000000000 0.500000000000000000000000000000 0.500000000000000000000000000000 0.500000000000000000000000000000 0.500000000000000000000000000000 0.500000000000000000000000000000  | 0.297623622446866298307810438928 0.954683287463232610470242889278 
0.101529187581521407324203210010 0.500000000000000000000000000000 0.500000000000000000000000000000 0.500000000000000000000000000000 0.500000000000000000000000000000 0.500000000000000000000000000000 0.500000000000000000000000000000 0.500000000000000000000000000000 0.500000000000000000000000000000 0.500000000000000000000000000000 0.500000000000000000000000000000  | 0.987309729380152378830359793938 0.158806480570820252040675768512 
0.116287846323293225792028238175 0.500000000000000000000000000000 0.500000000000000000000000000000 0.500000000000000000000000000000 0.500000000000000000000000000000 0.500000000000000000000000000000 0.500000000000000000000000000000 0.500000000000000000000000000000 0.500000000000000000000000000000 0.500000000000000000000000000000 0.500000000000000000000000000000  | 0.983363172657387707431553280912 0.181650407820066805975045554078 
0.383272972195584704646620366475 0.500000000000000000000000000000 0.500000000000000000000000000000 0.500000000000000000000000000000 0.500000000000000000000000000000 0.500000000000000000000000000000 0.500000000000000000000000000000 0.500000000000000000000000000000 0.500000000000000000000000000000 0.500000000000000000000000000000 0.500000000000000000000000000000  | 0.824179888755163791991265043180 0.566328094810354509824890101299 
0.093719928959654280609115062362 0.500000000000000000000000000000 0.500000000000000000000000000000 0.500000000000000000000000000000 0.500000000000000000000000000000 0.500000000000000000000000000000 0.500000000000000000000000000000 0.500000000000000000000000000000 0.500000000000000000000000000000 0.500000000000000000000000000000 0.500000000000000000000000000000  | 0.989183439745607850923647674790 0.146683750064713375182989807399 
0.138676912588612144539013115718 0.500000000000000000000000000000 0.500000000000000000000000000000 0.500000000000000000000000000000 0.500000000000000000000000000000 0.500000000000000000000000000000 0.500000000000000000000000000000 0.500000000000000000000000000000 0.500000000000000000000000000000 0.500000000000000000000000000000 0.500000000000000000000000000000  | 0.976368021240816452710475914500 0.216114523108218409275238514056 
0.125015875122456376900004215713 0.500000000000000000000000000000 0.500000000000000000000000000000 0.500000000000000000000000000000 0.500000000000000000000000000000 0.500000000000000000000000000000 0.500000000000000000000000000000 0.500000000000000000000000000000 0.500000000000000000000000000000 0.500000000000000000000000000000 0.500000000000000000000000000000  | 0.980780415212077816278224418056 0.195114779390040737894196354318 
0.471223742416401747412635359069 0.500000000000000000000000000000 0.500000000000000000000000000000 0.500000000000000000000000000000 0.500000000000000000000000000000 0.500000000000000000000000000000 0.500000000000000000000000000000 0.500000000000000000000000000000 0.500000000000000000000000000000 0.500000000000000000000000000000 0.500000000000000000000000000000  | 0.738336030924064967706499373890 0.674433025169510980134646160877 
0.868865045439625838241681776708 0.500000000000000000000000000000 0.500000000000000000000000000000 0.500000000000000000000000000000 0.500000000000000000000000000000 0.500000000000000000000000000000 0.500000000000000000000000000000 0.500000000000000000000000000000 0.500000000000000000000000000000 0.500000000000000000000000000000 0.500000000000000000000000000000  | 0.204532713416906208880874373790 0.978859729043093151901189230557 
0.147042968564161657951672168565 0.500000000000000000000000000000 0.500000000000000000000000000000 0.500000000000000000000000000000 0.500000000000000000000000000000 0.500000000000000000000000000000 0.500000000000000000000000000000 0.500000000000000000000000000000 0.500000000000000000000000000000 0.500000000000000000000000000000 0.500000000000000000000000000000  | 0.973443756054202080640891381336 0.228926306481118807534258507985 
0.288383547461515066245851812710 0.500000000000000000000000000000 0.500000000000000000000000000000 0.500000000000000000000000000000 0.500000000000000000000000000000 0.500000000000000000000000000000 0.500000000000000000000000000000 0.500000000000000000000000000000 0.500000000000000000000000000000 0.500000000000000000000000000000 0.500000000000000000000000000000  | 0.899141737054118261873725259647 0.437657556415175841291187452953 
0.818512136143483060024550468370 0.500000000000000000000000000000 0.500000000000000000000000000000 0.500000000000000000000000000000 0.500000000000000000000000000000 0.500000000000000000000000000000 0.500000000000000000000000000000 0.500000000000000000000000000000 0.500000000000000000000000000000 0.500000000000000000000000000000 0.500000000000000000000000000000  | 0.281234674265650741453725913743 0.959639024837304788206893135794 
0.464230000023496514049980987693 0.500000000000000000000000000000 0.500000000000000000000000000000 0.500000000000000000000000000000 0.500000000000000000000000000000 0.500000000000000000000000000000 0.500000000000000000000000000000 0.500000000000000000000000000000 0.500000000000000000000000000000 0.500000000000000000000000000000 0.500000000000000000000000000000  | 0.745700477853806109607148755458 0.666281319960724371931348741782 
0.234878844150804261259324334787 0.500000000000000000000000000000 0.500000000000000000000000000000 0.500000000000000000000000000000 0.500000000000000000000000000000 0.500000000000000000000000000000 0.500000000000000000000000000000 0.500000000000000000000000000000 0.500000000000000000000000000000 0.500000000000000000000000000000 0.500000000000000000000000000000  | 0.932707672581332469796677742124 0.360633328337681247077739499218 
0.906989364726861868604146366124 0.500000000000000000000000000000 0.500000000000000000000000000000 0.500000000000000000000000000000 0.500000000000000000000000000000 0.500000000000000000000000000000 0.500000000000000000000000000000 0.500000000000000000000000000000 0.500000000000000000000000000000 0.500000000000000000000000000000 0.500000000000000000000000000000  | 0.145581554667499751820614051212 0.989346254321809115417352131772 
0.855469192750163420768672040140 0.500000000000000000000000000000 0.500000000000000000000000000000 0.500000000000000000000000000000 0.500000000000000000000000000000 0.500000000000000000000000000000 0.500000000000000000000000000000 0.500000000000000000000000000000 0.500000000000000000000000000000 0.500000000000000000000000000000 0.500000000000000000000000000000  | 0.225083233735606069725321276565 0.974339539324522441177123255329 
0.582436870494249858687396681489 0.500000000000000000000000000000 0.500000000000000000000000000000 0.500000000000000000000000000000 0.500000000000000000000000000000 0.500000000000000000000000000000 0.500000000000000000000000000000 0.500000000000000000000000000000 0.500000000000000000000000000000 0.500000000000000000000000000000 0.500000000000000000000000000000  | 0.609877993942097518242917431053 0.792495320178714268699593503698 
0.076496910092778078182895740156 0.500000000000000000000000000000 0.500000000000000000000000000000 0.500000000000000000000000000000 0.500000000000000000000000000000 0.500000000000000000000000000000 0.500000000000000000000000000000 0.500000000000000000000000000000 0.500000000000000000000000000000 0.500000000000000000000000000000 0.500000000000000000000000000000  | 0.992789341483456322379197445116 0.119872112840498590280446933320 
0.689868642808451060233210228034 0.500000000000000000000000000000 0.500000000000000000000000000000 0.500000000000000000000000000000 0.500000000000000000000000000000 0.500000000000000000000000000000 0.500000000000000000000000000000 0.500000000000000000000000000000 0.500000000000000000000000000000 0.500000000000000000000000000000 0.500000000000000000000000000000  | 0.468112156427861691998515425439 0.883669060793947469534259653301 
0.057426073797731652659237511216 0.500000000000000000000000000000 0.500000000000000000000000000000 0.500000000000000000000000000000 0.500000000000000000000000000000 0.500000000000000000000000000000 0.500000000000000000000000000000 0.500000000000000000000000000000 0.500000000000000000000000000000 0.500000000000000000000000000000 0.500000000000000000000000000000  | 0.995934317089135268119548527466 0.090082384760827402536698116364 
0.370916635470625311032932813760 0.500000000000000000000000000000 0.500000000000000000000000000000 0.500000000000000000000000000000 0.500000000000000000000000000000 0.500000000000000000000000000000 0.500000000000000000000000000000 0.500000000000000000000000000000 0.500000000000000000000000000000 0.500000000000000000000000000000 0.500000000000000000000000000000  | 0.835015986056408920923388450319 0.550225683724635983296025187883 
0.159283402174941801643370808961 0.500000000000000000000000000000 0.500000000000000000000000000000 0.500000000000000000000000000000 0.500000000000000000000000000000 0.500000000000000000000000000000 0.500000000000000000000000000000 0.500000000000000000000000000000 0.500000000000000000000000000000 0.500000000000000000000000000000 0.500000000000000000000000000000  | 0.968862480058756414535992007586 0.247599464325745116655141941919 
0.391750558480200239408475226810 0.500000000000000000000000000000 0.500000000000000000000000000000 0.500000000000000000000000000000 0.500000000000000000000000000000 0.500000000000000000000000000000 0.500000000000000000000000000000 0.500000000000000000000000000000 0.500000000000000000000000000000 0.500000000000000000000000000000 0.500000000000000000000000000000  | 0.816565493637021244666129859979 0.577252799561273510775549766549 
0.773701331094113764486053241853 0.500000000000000000000000000000 0.500000000000000000000000000000 0.500000000000000000000000000000 0.500000000000000000000000000000 0.500000000000000000000000000000 0.500000000000000000000000000000 0.500000000000000000000000000000 0.500000000000000000000000000000 0.500000000000000000000000000000 0.500000000000000000000000000000  | 0.348030193701488743673877479523 0.937483324796822281577135527186 
0.324706231330122108147406834178 0.500000000000000000000000000000 0.500000000000000000000000000000 0.500000000000000000000000000000 0.500000000000000000000000000000 0.500000000000000000000000000000 0.500000000000000000000000000000 0.500000000000000000000000000000 0.500000000000000000000000000000 0.500000000000000000000000000000 0.500000000000000000000000000000  | 0.872721388808714415574740996817 0.488218575553807432321207215864 
0.924347397481683819009390390420 0.500000000000000000000000000000 0.500000000000000000000000000000 0.500000000000000000000000000000 0.500000000000000000000000000000 0.500000000000000000000000000000 0.500000000000000000000000000000 0.500000000000000000000000000000 0.500000000000000000000000000000 0.500000000000000000000000000000 0.500000000000000000000000000000  | 0.118555335597726879681701461777 0.992947446948382217435380425741 
0.175818062613493697465827381166 0.500000000000000000000000000000 0.500000000000000000000000000000 0.500000000000000000000000000000 0.500000000000000000000000000000 0.500000000000000000000000000000 0.500000000000000000000000000000 0.500000000000000000000000000000 0.500000000000000000000000000000 0.500000000000000000000000000000 0.500000000000000000000000000000  | 0.962105638298442977784930008056 0.272676989777915657064966126200 
0.425689234362161661451295913139 0.500000000000000000000000000000 0.500000000000000000000000000000 0.500000000000000000000000000000 0.500000000000000000000000000000 0.500000000000000000000000000000 0.500000000000000000000000000000 0.500000000000000000000000000000 0.500000000000000000000000000000 0.500000000000000000000000000000 0.500000000000000000000000000000  | 0.784646210681442246581696053909 0.619943807181952299956151364313 
0.829191445510728319945314979122 0.500000000000000000000000000000 0.500000000000000000000000000000 0.500000000000000000000000000000 0.500000000000000000000000000000 0.500000000000000000000000000000 0.500000000000000000000000000000 0.500000000000000000000000000000 0.500000000000000000000000000000 0.500000000000000000000000000000 0.500000000000000000000000000000  | 0.265097896516188147320036705423 0.964221502178152167772395841894 
0.307759119252958290857691281417 0.500000000000000000000000000000 0.500000000000000000000000000000 0.500000000000000000000000000000 0.500000000000000000000000000000 0.500000000000000000000000000000 0.500000000000000000000000000000 0.500000000000000000000000000000 0.500000000000000000000000000000 0.500000000000000000000000000000 0.500000000000000000000000000000  | 0.885407249309841382078900551278 0.464816095751406199720889844684 
0.784472047104870506828433462942 0.500000000000000000000000000000 0.500000000000000000000000000000 0.500000000000000000000000000000 0.500000000000000000000000000000 0.500000000000000000000000000000 0.500000000000000000000000000000 0.500000000000000000000000000000 0.500000000000000000000000000000 0.500000000000000000000000000000 0.500000000000000000000000000000  | 0.332120235174834466107540720259 0.943237058955707419194425256137 
0.689868642808451060233210228034 0.500000000000000000000000000000 0.500000000000000000000000000000 0.500000000000000000000000000000 0.500000000000000000000000000000 0.500000000000000000000000000000 0.500000000000000000000000000000 0.500000000000000000000000000000 0.500000000000000000000000000000 0.500000000000000000000000000000 0.500000000000000000000000000000  | 0.468112156427861691998515425439 0.883669060793947469534259653301 
0.022982970286910844176508916803 0.500000000000000000000000000000 0.500000000000000000000000000000 0.500000000000000000000000000000 0.500000000000000000000000000000 0.500000000000000000000000000000 0.500000000000000000000000000000 0.500000000000000000000000000000 0.500000000000000000000000000000 0.500000000000000000000000000000 0.500000000000000000000000000000  | 0.999348409265291337533199111931 0.036093723816361118761353310447 
0.477726653086360641964347450994 0.500000000000000000000000000000 0.500000000000000000000000000000 0.500000000000000000000000000000 0.500000000000000000000000000000 0.500000000000000000000000000000 0.500000000000000000000000000000 0.500000000000000000000000000000 0.500000000000000000000000000000 0.500000000000000000000000000000 0.500000000000000000000000000000  | 0.731408468146762191786081075406 0.681939625423839679285720194457 
0.477726653086360641964347450994 0.500000000000000000000000000000 0.500000000000000000000000000000 0.500000000000000000000000000000 0.500000000000000000000000000000 0.500000000000000000000000000000 0.500000000000000000000000000000 0.500000000000000000000000000000 0.500000000000000000000000000000 0.500000000000000000000000000000 0.500000000000000000000000000000  | 0.731408468146762191786081075406 0.681939625423839679285720194457 
0.784472047104870506828433462942 0.500000000000000000000000000000 0.500000000000000000000000000000 0.500000000000000000000000000000 0.500000000000000000000000000000 0.500000000000000000000000000000 0.500000000000000000000000000000 0.500000000000000000000000000000 0.500000000000000000000000000000 0.500000000000000000000000000000 0.500000000000000000000000000000  | 0.332120235174834466107540720259 0.943237058955707419194425256137 
0.879648233667970513849354574631 0.500000000000000000000000000000 0.500000000000000000000000000000 0.500000000000000000000000000000 0.500000000000000000000000000000 0.500000000000000000000000000000 0.500000000000000000000000000000 0.500000000000000000000000000000 0.500000000000000000000000000000 0.500000000000000000000000000000 0.500000000000000000000000000000  | 0.187924051977782002875727584978 0.982183562623734740526515452075 
0.545624389203269832826492802269 0.500000000000000000000000000000 0.500000000000000000000000000000 0.500000000000000000000000000000 0.500000000000000000000000000000 0.500000000000000000000000000000 0.500000000000000000000000000000 0.500000000000000000000000000000 0.500000000000000000000000000000 0.500000000000000000000000000000 0.500000000000000000000000000000  | 0.654659084261161816620244735532 0.755924257709948754779816226801 
0.866090553448914501899480455904 0.500000000000000000000000000000 0.500000000000000000000000000000 0.500000000000000000000000000000 0.500000000000000000000000000000 0.500000000000000000000000000000 0.500000000000000000000000000000 0.500000000000000000000000000000 0.500000000000000000000000000000 0.500000000000000000000000000000 0.500000000000000000000000000000  | 0.208796786617622159853979724176 0.977959049192835605524010134104 
0.652991468596914148569965163915 0.500000000000000000000000000000 0.500000000000000000000000000000 0.500000000000000000000000000000 0.500000000000000000000000000000 0.500000000000000000000000000000 0.500000000000000000000000000000 0.500000000000000000000000000000 0.500000000000000000000000000000 0.500000000000000000000000000000 0.500000000000000000000000000000  | 0.518486265158040637857084220741 0.855085956405825853288149573928 
0.612207914279415343905554891535 0.500000000000000000000000000000 0.500000000000000000000000000000 0.500000000000000000000000000000 0.500000000000000000000000000000 0.500000000000000000000000000000 0.500000000000000000000000000000 0.500000000000000000000000000000 0.500000000000000000000000000000 0.500000000000000000000000000000 0.500000000000000000000000000000  | 0.572164306102887487703867464006 0.820139016765939032893584226258 
0.324706231330122108147406834178 0.500000000000000000000000000000 0.500000000000000000000000000000 0.500000000000000000000000000000 0.500000000000000000000000000000 0.500000000000000000000000000000 0.500000000000000000000000000000 0.500000000000000000000000000000 0.500000000000000000000000000000 0.500000000000000000000000000000 0.500000000000000000000000000000  | 0.872721388808714415574740996817 0.488218575553807432321207215864 
