0.488872501836319695023291842517 0.277702521824501613600943983329 0.813437584320442219620872492669 0.672180885288821805545467213960 0.723280965825925492573844621802 0.444653277126414225861594786693 0.814682679527976350009055295232 0.965677758440095068692698987434 0.684314610530594391590852865193 0.399479725153790377056850502413 0.345736308666971248193533483573  | 1.161027216811876483504306634131 1.121133196244030516552925291762 
0.919288271647645816031513277267 0.623700438048579886007871664333 0.717642483412741394310785381094 0.692847155423270133489666022797 0.178948454966551873113189685682 0.017935453021606706514035067812 0.540606981303617284417839528032 0.913752793522066508735690604226 0.230279406134582864673632229824 0.639523949763060262085900831153 0.798697842750473729900306807394  | 0.226280825054010453767361354949 1.775233853271847239696512588125 
0.490081853960805280401302752580 0.257900375996125474920006581669 0.788800859600473192045910764136 0.132890121299114705166743988229 0.466406039198894450947818768327 0.475507298355678842405325212894 0.888854461244990456947334678262 0.388366807183964435346013033268 0.104605592119669466022457982035 0.267776378286792349214806563396 0.878970299720512771024516496254  | 1.289643714728530898838698703912 1.250073278362224371562660962809 
0.293367430269479756432815520384 0.834394622399706298310206875612 0.838576543295291632063026554533 0.916906543255037398409967863699 0.548386565411636439648646046408 0.385694310846540266979332045594 0.480884516976912701480273426569 0.889737666401332782939448406978 0.081213962607234568835679056065 0.834667131278708396280308079440 0.605413174513219964900656577811  | 1.671737575664691277665951929521 0.829969343032468831466985648149 
0.296092789647466325675395637518 0.108020949409747379910129438940 0.671136719129178271892044449487 0.509338206982598462602140898525 0.933525778962733920884886629210 0.204937160378043881081566723878 0.008228955322337139222099722247 0.376804517999820509643882360251 0.405728903844314703341922268010 0.620165737708711306552800124336 0.221096123549527345808485279122  | 1.623239740252762963734767254209 0.814571966990489282345322408219 
0.398732222103988842576427487074 0.520070154050962463188056972285 0.837786262889115507235260338348 0.884704422530633860510818067269 0.527746733871376827451626922993 0.266296114116339910360409248824 0.579983447593554801713366941840 0.203430093553681690110579438624 0.509742058752457594117402095435 0.264522346059736679357854427508 0.084621140368937419751205197826  | 1.328966223454043360518994632002 0.961512776588484108231114078080 
0.018287263535359921107215086522 0.421549693765275068635389743577 0.584826206013522753579536583857 0.507811735837373601221145236195 0.508597246039008243911894169287 0.607081202340883363532952898822 0.708815633144022627654123880347 0.222050450812245725451532507577 0.262719431763239752442018470902 0.392968938906159026558384539385 0.869916116252093973848502628243  | 1.349849713931486006046611692000 0.038785866316992462232704497183 
0.865666118514245130910467196372 0.567704736050945846237425485015 0.734157899195125862590316501155 0.946335885147931987759761796042 0.637721035466563335170064874546 0.004150038714356596436516610993 0.860620073312587607894386110274 0.838309478003329555662048733211 0.687792930693237547501439621556 0.675540206166831080913937057630 0.783625371517022162315413424949  | 0.400987086965057470955287044490 1.872023827858276368019119217934 
0.569872276339969618952352448105 0.753955402926354212311821356707 0.898619279719677477302752777177 0.126836871646361371013256302831 0.800868104833017513399795461737 0.973072781139539100259128190373 0.381140420362324539027554237691 0.474132760266351205302726157242 0.125851498134685768626184199093 0.383362723700974239449124070234 0.033373357884226573233377166616  | 1.290254477766462182231066435634 1.609838842985380491512614753447 
0.715052010503588353351744899555 0.801220602877084298043541821244 0.643672088468353331691673702153 0.365821042911788074647461144195 0.470779261182918018491250222723 0.061893070174405151462337926205 0.739083482533257174473817485705 0.401578865129958106905405657017 0.759545664396123698658414014062 0.533303192856289798307045657566 0.723192015937157761662490429444  | 0.652360605471066445915084841545 1.358822376133207221471366210608 
0.736444782533940300872643547336 0.267913986549145888282907890243 0.130749019604279648198996710562 0.629127454151699350148874145816 0.139459242469978539347152945993 0.779115342760537288313571480103 0.230357312414142589851451248251 0.128601638390133055089847857744 0.790389585793385474055128270265 0.958769642234251651125020998734 0.634924539834385681658091016288  | 0.779763543615731968827731179772 1.774670098997742195834348422068 
0.388176335881048495402012576960 0.869774195509934400227791684301 0.706591132960289303177603414952 0.864925157570654912220220467134 0.241260159429095288885491754627 0.238036371961104609162873657624 0.160157380637840573989194581372 0.523635949229982577968200985197 0.991390073776200919652978882368 0.110370451855970275190088614181 0.311741339035694342562976544286  | 1.633785238089480174039636040106 1.141265643661946826981079539109 
0.034401543194656047930379827449 0.010965883257968100927826071711 0.209891102613991686887118248706 0.369807048917417446887156984303 0.873401019110076948237519900431 0.231492619160888257745511964458 0.698850235533351016314895787218 0.908677587932700259187868141453 0.445182893752688491062485809380 0.655023733126889107225565567205 0.779482690546584144897224177839  | 1.860778786876339019329407165060 0.100650413195643717578775522270 
0.795185760692102561186800357973 0.263694739885291795644661760889 0.738660535765312875611243725871 0.931093909323083113172003777436 0.266481648179249797081524775422 0.516215262791669626807333770557 0.232872600837255916417234402616 0.887815126173581159463310541469 0.223205343063133665459929488861 0.509737408654243995265176181420 0.723661936727387433698766017187  | 0.538149627533953789360054997815 1.614605495751894270739512649016 
0.690850151021114022853453207063 0.331930749432658989128697157867 0.331419499717132026717081316747 0.459813377924949917563424151012 0.852001967560413464575219677499 0.369276433615839727586660501402 0.528177846019881158667885756586 0.528053045235235440912902049604 0.624625604923589539119177516113 0.278009122184469270600004620064 0.081421049407051193647077980131  | 0.672527937497413463852069526183 1.274296324839220728719624275982 
0.488431296002561743385683712404 0.335563258912177087012196352589 0.365432714266407554504212384927 0.400798706704665663735909220122 0.848021433437454175141567702667 0.963875664234892792769926472829 0.612386375598463428282514087186 0.557516984956129557637893867650 0.070954516060670491661710457265 0.411719196771252016198161527427 0.878438927226804500136836395541  | 1.254187374627948159400148142595 1.209413695879752115303062964813 
0.146112258782546966529025667114 0.015740981939175280324150207889 0.532994408137995923091523309267 0.909840659711963262168410437880 0.778222994036154691599449506612 0.308155413077427109413974903873 0.154359515614142850381540483795 0.463212227756319760985093125782 0.582317406620734834277186564577 0.456666795090494570530381679418 0.409775938271066508811202311335  | 1.611983468296281696297000962659 0.376606568588733647828803441371 
0.732956761073498830327821451647 0.128470053206940493240040268574 0.881375752914855703501473271899 0.537837760197899861225323547842 0.866059904894480703241299579531 0.298051528828685352578986567096 0.060656154495246084046300438786 0.481307229517795698292559336551 0.042637357528425678943051480019 0.221965705590454587259330310189 0.724231244631432069525089900708  | 0.810412889617631471139702625806 1.817323332994462248279887717217 
0.851975543114039779446500233462 0.860221608538508375474407330330 0.784981650540536146642978110322 0.250740666240074516757374567533 0.983220854653673703715810461290 0.323031941125292654248823964735 0.109592132137426467863861034857 0.915049929985706556045954584988 0.355377893040101144883635697624 0.260449708971067672713672891405 0.108532744400379188576266642485  | 0.482549619008747709969497918792 2.037801264458512395805200867471 
0.875263954342164418598315478448 0.921643561446065517905879005411 0.726856616851451087235602699366 0.723531914353472971335179408925 0.487900680700984024085187229502 0.990340085821981297442562208744 0.661993140340754737671602470073 0.563969450428343455072877077328 0.796701892666673572307445283514 0.038783691878625514704026500112 0.266465590412107156126353402215  | 0.370953779027162477976986565409 1.868960100384500000458842805529 
0.611332014280745017487106451881 0.513457171152367775057712151465 0.540577098166157288261501889792 0.063039782896918028498589592346 0.713134997994818276012551905296 0.629165520944789724566703625896 0.234485043830836903389069902914 0.961362383923244023797849422408 0.496669266785545460152206942439 0.523061034186703355253200697916 0.885662549811479293815352775709  | 0.967432835338585150886103747325 1.382658156947228045297038079298 
0.907208237538796091747883565404 0.657730453795831504493207830819 0.988197098265897744262531432469 0.051366377184703604363846807246 0.584623498723954138078795494948 0.666458834913158826296353254293 0.472872141934338463542530917039 0.920324266279980096605584094505 0.899643779973980151076773381646 0.845806487842723053738325234008 0.936254868406825258020376168133  | 0.311743406250693133596740835856 2.123621414079081226589096331736 
0.089686361328314978536013768462 0.614910162502748547375119869685 0.926505745917154843738217095961 0.352602733742112928183587428066 0.757474430662528064317484677304 0.997616371598328055547710846440 0.768172231522977422280007431254 0.413471836583635954376347854122 0.987480661759617683870260407275 0.762868860708188045727240478300 0.355306276328494319294293291023  | 1.918631594602215884037832438480 0.272097396106522171344010985194 
0.337160574351805020221206632414 0.899319100729056852827625334612 0.343532428701278425009491002129 0.325490400857842199222602630471 0.334834842859394909986292532267 0.058225754952722863500014227611 0.330426431261752417967159090040 0.688919058126942318587282443332 0.787577567036729209171141974366 0.188208478120399091970682547981 0.975620174368184267521542096802  | 1.646102566208160311589381308295 0.963618631907986911144803343632 
0.075837073603342464167553771404 0.790601748444625829215226531232 0.633845553025157992799165640463 0.872990518198235476710067359818 0.063834339904826453704345112783 0.309390406598641809488015042007 0.566353078830015399525166230887 0.028529661143696150027437852259 0.625311855294989560327678645990 0.278984928652489472256092994940 0.848463153572556971759865973581  | 1.867394154357018720702399150468 0.223510833114234974683398604611 
0.158150894823873455763418860442 0.203416523814352268040295257379 0.163720682167861175670964257733 0.369602569293539851003060903167 0.303675120086947525344100995426 0.899650200971441993402777370648 0.903136628970521160297835194797 0.166242835523793042185047852399 0.834141976059761036665918254585 0.098084982774750084644210801343 0.718999759418396999777201017423  | 1.949626872823308376680984110862 0.494547443123763530437031477049 
0.682110279427647236971665734018 0.912360024662555280094977661065 0.260764628740077775148620276013 0.950777945698796145279629854485 0.793468316714923349586285894475 0.409037802029512009838185804256 0.610933859681338287117569052498 0.100095195519993795940649761178 0.279453409012707654213159003120 0.907725207263129107992938315874 0.464374506033325418208335122472  | 0.916153935578124634098173828534 1.679642383442145225913577633037 
0.335925233850259075119026874745 0.078042592344597871978351122380 0.194451838918239472420168567623 0.554057906848175796277189419925 0.833895689430466879876746588707 0.398569662229437571276946528087 0.109796716496688429032246858696 0.087830460788175690467483036628 0.859732231737666885429405283503 0.189063440804701277109245438623 0.503018598292043983555288377829  | 1.679879907950805550953532474523 0.979019820830150155899218589184 
0.801234117954306768183414533269 0.624532669282881425232289984706 0.643380121430194962250936896453 0.422474818196839629891314871202 0.797461126212645088351393951598 0.379648485562956272687529235554 0.895450741412018969000996548857 0.378539765007217199332956170110 0.577274618439060804853113495483 0.875524978848190471580892335624 0.796383664590634809954394768283  | 0.476428473561411158776479624066 1.476025982341482523096942713892 
0.882876541181496721222288215358 0.169471046991832574590830517991 0.537065284347976401591040485073 0.985791747560228581725993990403 0.114938567680402337067846474383 0.732457389399548519648419642181 0.629959998914258578750491324172 0.515515138798301131295431787294 0.191154467864313781788609958312 0.988730921834890086330460690078 0.969087454019172178654173421819  | 0.387897544746290567907465174358 2.084559307229782110226778968354 
0.700397925522308284485006879549 0.362486564213554407487549724465 0.745069900010658425770770918461 0.660294998656752563093164098973 0.477175382774602363511462499446 0.105675502757876071946441243199 0.786594349960836769497518616845 0.938691234647742067664921705727 0.719545217767532885311254631233 0.141725140979336194924087521940 0.806585300579456765390773398394  | 0.818818475455692085240855249140 1.609508015695306992753899066884 
0.115976360071920470140582892782 0.377888087558581053926332060655 0.781306898706963570688799336494 0.256403032366946947995245409402 0.423246054469283428112191813852 0.495995292000935950049722578115 0.854604517914183237081715560635 0.546996019613159134564739360940 0.277765208348870529242446991702 0.948859367235024286912903335178 0.144770765985945293330416916433  | 1.636754539982971712319681500958 0.301519142752092017545351154695 
0.089311670509707785647890432301 0.225364384899067293765995145804 0.853659981325867511792182540376 0.471409125216912472389196864242 0.653499762218779145506175609626 0.449501717839935865939082759724 0.610655078013573326956020537182 0.754056728979790813482964040304 0.402469090843864507611726821779 0.564327363644301915890366672102 0.081688900186773882872159902035  | 1.478186974669183140207451288006 0.208746784136258495268023693825 
0.482807528303545230308202462766 0.836794820850738196860163498059 0.306498458124919159750731978420 0.419573038654064034425061890943 0.598341586855992701998729899060 0.639047709045072021005751139455 0.955293710537933771220764356258 0.081279326438124854803390917368 0.020920460934007234499176774989 0.249387644977475675389655407344 0.605111332832626191979841223656  | 1.359210708370156117652527427708 1.287710900955433723780174659623 
0.220611679756808287677927182813 0.392294518362031108260623568640 0.896480077050520796078103558102 0.889574182781335043301851328579 0.261048264182636047259222777939 0.976460236695479433244315714546 0.066013420958365265356349027570 0.580499389850740454832589421130 0.234674192855099272847496649774 0.566618363175307671042446600040 0.136070561878006368594640207448  | 1.887488750407613657955607777694 0.681587082849299141784626954177 
0.280797664026780524615389822429 0.262262371707113195462568455696 0.823500177806014366233000600914 0.170676924649683203760730521026 0.686102464103812037521379352256 0.188252763104844067498788717785 0.299643525602670046659170566272 0.764251507229599114090490274975 0.060445814541211340120696604572 0.785664839645449530891596623405 0.866588715094444794750927485438  | 1.736800088770706018692635552725 0.819935676823504877575032878667 
0.772776754725954861946490836999 0.560695218950155283010872153682 0.864108514004915839734621840762 0.526765977418762632034088255750 0.606421109219600906747871249536 0.462773821634240190014963900467 0.285947755430523087305516583001 0.301304971653391095998131277156 0.882845946276659021556554307608 0.564271376135204838497827495303 0.854637477654608512800393782527  | 0.528089036611466666748526677111 1.416197670678245534858774590248 
0.658746021723759622723548545764 0.717589419447861143197542332928 0.190611461190131947773807041813 0.391237390511665950043607153930 0.626001540033921499706082158809 0.439978153363890123195290016156 0.067954264875978775961584688048 0.214216327739020440112938103994 0.264683838041631869231196105829 0.317437392957174768781669627060 0.422361713762333890187505858194  | 0.785226300098341600808282692014 1.321796011680366422780252833036 
0.051129981205288665968566874653 0.439909743030474364999804492982 0.646796283928109172478571053944 0.037646367905837418987857745378 0.774939195040156181271129298693 0.428527733119171139186676100508 0.474858217218523948055519667832 0.558146639299767044484212874522 0.963439889546952588084138824343 0.303806361179235095981709946500 0.337765733480149266121372875205  | 1.598064270303641176695919057238 0.128624873365276920500477331188 
0.828023142226826269762796073337 0.041842599395912283277709775575 0.230828161057575420578302782815 0.070436802992504099485415736126 0.585222846183813483200708560616 0.440011880924443765650266868761 0.140521236486850331637299404974 0.166719927979120496885911961726 0.352402035436287230929508496047 0.871386723836374499363444101618 0.963360271069605755833720195369  | 0.558409583130058839728349084908 2.016577708934264467899311057408 
0.839900657944779305275062597502 0.772370196600725700264433726261 0.730767181619208838760926028044 0.039306180175702865042808298313 0.150606395199006648510930972407 0.524704330562513865388041267579 0.335723774110427974903814174468 0.585587597322687392065176936740 0.227518200345682486407383748883 0.903148825547492206666788661096 0.468970393546719765964780890499  | 0.431593378588809584162078181180 1.679856929879061322452571403119 
0.222929485470006016889499278477 0.036085371778089569971825767425 0.484923378022850348756378480175 0.375592948162025486169568466721 0.788532544802158286145754573226 0.215510952438018987820100846875 0.716082125469577612797422716540 0.442834065352215255906287438847 0.423750139648354506860528090328 0.687917549675488015914481820801 0.306343986287472391794040049717  | 1.431225454969886623501906797173 0.522724876798774662489677211852 
0.846202695611486643834098231309 0.227251190120526191940086846444 0.551336732566886644768544556428 0.853631343433195799441648432548 0.709210971744681284434363988112 0.028648084700275910918776389735 0.063609932540013791602007131587 0.739979507479118003843154838250 0.981713618846746793877855452592 0.836774116439646498122328921454 0.823611780859606179561183125770  | 0.518253823484423503664686450065 2.103332984461937282816279548570 
0.536760917482982158333015831886 0.177825890381389406513790163444 0.814716882435831402098358466901 0.738853823262066611299303531268 0.943604355096320790430297620333 0.099265269056498461885951201111 0.769614094497608758338458301296 0.747928937108933600264037977468 0.587724235709657483184287229960 0.894931668127934010215085436357 0.404273002578471762902267983009  | 1.279862052637992686499046612880 1.436913926149969933376837616379 
0.353925049720424267363227954775 0.924484174770103028784262733097 0.843185612871977907545328889682 0.033886113616926838432164004189 0.586380537491247966208618436212 0.431310264742169047202935416863 0.138071843278844585967135571991 0.288792102896273439327501364460 0.131407216357256495520289263368 0.981646652222858961955864742777 0.003126541505132807152733676048  | 1.968688590610425226401503095985 1.223173377998774791208802525944 
0.948758415741119520703250600491 0.194006264136226680427910196158 0.861480289794313458529018134868 0.335889512763175246412572505506 0.785850507300447254088737736311 0.392119419014107184473516554135 0.486322328266188930179225735628 0.457904105848073728068925447587 0.155219888438558606402750683628 0.881246157837062282780493660539 0.327997817342072006674413842120  | 0.131889163256380004263235150574 1.635036249652870532500514855201 
0.631812369199617807069557784416 0.130998328302426081393150525400 0.451108773391922457385305733624 0.960493963581563026110643477296 0.372325339566041080274771957193 0.682196011852650774365258712351 0.856453527860967289697669002635 0.992439874906185459657592673466 0.549845706396643429947346248809 0.017551883391198952466538685258 0.714795479254230148313808967941  | 1.121181537522565330178281328699 1.717471052644067075476641548448 
0.245604537897667229984222103667 0.548210191061753837615810880379 0.904872927692076278738397832058 0.515204707608454604006453791953 0.167167794905962452389758254867 0.727720419776838545189434626081 0.954129000178670749754417101940 0.589594199832639609404338898457 0.350451788173457567943103185826 0.365707675011532451492257678183 0.381541029044423551930265148258  | 1.480364204149452245218299140106 0.601246254411033964615285185573 
0.296579732544327123733296502905 0.486719065093759395423944624781 0.107041454062448804229745746852 0.812606026793894709037147094932 0.648156495664576004500645467488 0.809120130916045732227814824000 0.375603597542892519989266020275 0.905528223857006708819028517610 0.038478140266966720517416433722 0.411833127672286303244675309543 0.804079343323780837415881705965  | 1.664455012420657187277583943796 0.836848893182241870825066598627 
0.906932291378904076317724047840 0.597581074974310677561106786015 0.485675922555173000816353123810 0.681507609799171687470220604155 0.916105557133714443196481624909 0.970904048372882133577377317124 0.561071683119434894138066738378 0.177278216178585745765872161428 0.392052452390219352551525844319 0.652674753331675239209630490222 0.583050740729587069210992922308  | 0.231223187512163169676782104034 1.570374022323332230399728359771 
0.812465235091803128497645047901 0.564900557249986334795721631963 0.849170447669415850988627880724 0.678809053237998449858991989458 0.579513392220212475436369459203 0.838165832601612925678580268141 0.648783974932027995841110623587 0.779616290895666086413484663353 0.975717933980055573961465142929 0.289519677075105286156997408398 0.219979241527331503824882474873  | 0.501738907974472514439412407228 1.653686419288312059450163360452 
0.326918984978645243977268819435 0.544176482013018381067581685784 0.847250861615197914389341349306 0.774744264591730402713665171177 0.196520089297477773548905588541 0.174945918061795602227448398480 0.076334317772471016461111048557 0.578941658023761296369968931685 0.456480200271764058328471946879 0.537517263075644402547936806513 0.853552085507447877432696259348  | 1.489272367072043801172753774154 0.839939691958896283985325226240 
0.895535437730078598406180390157 0.321822186962489209527404909750 0.702739472516651475508808744053 0.602267237655976117594036622904 0.878549972107422694200806745357 0.275319946940672299895425112481 0.010080807612427133967969439254 0.512285955571844642264522917685 0.716923700079504455651147054596 0.601924738148757465516780484904 0.320861798564271549771831359976  | 0.262481796738562589421661641609 1.585213113874820445303726046404 
0.197199388018654109266947216383 0.887062212535117300404863271979 0.485687041815249465059878275497 0.103980013651557623433063781704 0.961869269300847817838473474694 0.600859332951162117275600849098 0.709008134559528935270122929069 0.863532222205171118289968035242 0.335498809899815286783564260986 0.225137685300019541045912774280 0.450452091107140017989252100961  | 1.725051153462860753506902256049 0.552125014635507893601129580929 
0.744028989466862800128410526668 0.590140484825094402410172733653 0.359685422836682477942815694405 0.213366084617062967687672880857 0.368636810716906015983340694220 0.682521711012012199937259993021 0.901958269237913445870447048947 0.381971644777792218583556405065 0.140388797759830596945107572537 0.866127040650082613559845867712 0.210540496943045662980864562996  | 0.658689671108997010229302304651 1.548964356513492512945617818332 
0.244038758685714785023890271987 0.651971059650761741721680664341 0.791746840702881149454128717480 0.093826350404963010376491183706 0.734185818950055302245516486437 0.686914705631180178002637148893 0.178756957944503969137883814255 0.266709799420526638691342213860 0.425987454869934167867029373156 0.884480431627516217041318213887 0.101781299678625702931356045156  | 1.699474774854897729525760041724 0.685372929280028353460352263937 
0.093724390905878363078329584823 0.271525022724477205215976027830 0.030715275124867602585254644509 0.606379604472383371138732854888 0.815260495225113124284632704075 0.862968233155408048773438167700 0.210304847306855280386628237466 0.773958489259751858391211953858 0.635558993837730956677489757567 0.471580440729655658849139854283 0.755146639970248001461072817619  | 1.739122116797794381781727679481 0.257902898628924126533945582196 
0.455695146312406595967559042037 0.492198975573605812527944181056 0.358228478970261332570146350918 0.226578912456660952479126081016 0.483573106237791150441296395002 0.916254457207464123591478255548 0.778100136621789340019006431248 0.030008994448324277648509905703 0.423167780204253496378896670649 0.054151999143744911080489146116 0.771211933148719941399917843228  | 1.392119027739001646537531087233 1.210686622082823404866758210119 
0.002581780907601083363545058091 0.383905742136623762128522230341 0.010255622745679260354734196881 0.690344246576370612622497446864 0.570144057826294514690346204588 0.102628530087145564131390074181 0.048271726980057994005335331167 0.472530576744407238010126093286 0.014832837993164260659284536814 0.676493601847388159598040147102 0.272448548737207141279270672385  | 1.975496224030082403899655218993 0.008011573967401271201271839573 
0.834993844854846400949099916033 0.903990276524275881975256652368 0.721167109043457155159728699800 0.010408331746644683413194343302 0.455942798555351247458133912005 0.418385163000122295429150653945 0.465717187570328094992078149517 0.362288661138041256926101141289 0.836118046201758335911335962010 0.787372716738792166601967892348 0.189886759541969873943401125871  | 0.454236532451686436662185997193 1.713094608091143555839153123088 
0.880759126502041800321762821113 0.789165059795280066090583659388 0.709920608268339248247968953365 0.723930196204376041890782289556 0.996570459054809565380139702029 0.608612900118209454447537609667 0.164081269333381074559952139680 0.377715727889876173861694041989 0.411949854883108979031192120601 0.086948461685461442272071508341 0.417230789058490203480289437721  | 0.325721430647443022099452036855 1.718622974054647700725695358415 
0.331358177671487452720100463921 0.758266726387660461305983972125 0.771385759617536970189632938855 0.911270218700837242309376051708 0.141801124111950893613709467900 0.199896515560210596973433894163 0.318015690704400610933078041853 0.217173830837608661248339103622 0.005863253159327563857061704766 0.392857978832206744534971676330 0.619577100110648260056223080028  | 1.657863246047053040754803987511 0.950321856022299127353392123041 
0.704826258834813645925976288709 0.168341719428291458626745225047 0.345819785954619152157363259903 0.694408046442511084350712735613 0.206333848939124875343509302184 0.054169940417413298128224141692 0.033438535393514712268370203674 0.814554880086044041931359060982 0.890070729810363836520537006436 0.393496205258843767538223801239 0.590631926024492104332352937490  | 0.869805397080495534822830450139 1.739566350676146289089274432627 
0.296957280451162319856450722000 0.593024833687189056874444759160 0.358986068904883159902396982943 0.811877331438634053384362232464 0.331242770469608593941757135326 0.137001508279220751695959279459 0.330729452632456344396416625386 0.814936322432953663685850642651 0.358477911142987548664962105249 0.266585295577879577422208967619 0.442135866022639656414128239703  | 1.332380220901087319873568048934 0.670879693182505176807239877235 
0.284413176413627621919033572340 0.016340850208643509233752411092 0.842066612318353224786449118255 0.110123012600732095300770652102 0.723977116557611211078437918331 0.259383338631203219648568847333 0.308118720720627958797876999597 0.802679510808243623642965758336 0.972817836652748124670608831366 0.299816029731606037422864119435 0.487262921243198032783539019874  | 1.806618503605073922102519645705 0.865477454100246457180389825226 
0.198533133770787961758230721898 0.412963327817176928391518231365 0.130905362517186985016337530396 0.637584390149926405477742719086 0.796735568679575401063175377203 0.832838498863772480618195004354 0.240714219610655422165734762530 0.081220402250652634634775495215 0.272012139252507778586220865691 0.058752877915502654815327332471 0.608365163456106361472564003634  | 1.772754734610638926994852226926 0.571490378696677403524972760351 
0.491681430809780883883775004506 0.329249893594897313775504699151 0.626857042287209620390342479368 0.125460273903307384379957056808 0.357829903241857372186984775908 0.207892678103668515632307389751 0.493196714279997450169901185291 0.746479914528124344208492857433 0.084739258111578785737094676733 0.816897589302404636413257321692 0.732008422182065521255367457343  | 1.202328228626637240950003615580 1.171310651161828086941341098282 
0.868525689696685421203881105612 0.858556864711421119373824240029 0.495874912671723122592482013715 0.793370521121947946951991070819 0.923264577900226313111886611296 0.395854145243588306790627484588 0.017819311406468640868183683779 0.057232230946591355902342002082 0.152781985648188345372489038709 0.509411523773839469697577442275 0.024945141198654541270229856309  | 0.446918917623045974796269774743 2.133199696141231616053346442641 
0.534271955771686402059117426688 0.750620905448776798429832979309 0.320195900628853169500587227958 0.001992876874711280166252436175 0.510144465992011131305616800091 0.205269178729148960016459568578 0.457106419191096291498865866743 0.150585233039319033032654715498 0.520105381049755233213716110185 0.357396607911060870677033562970 0.467515587111222985505776250648  | 1.052719248648038563587192584237 1.172635443244796737971569200454 
0.284332428026577987978384953749 0.973540922621667803582568012644 0.251566147889310975926946412073 0.228102203885888088485955904616 0.466012817509255272696577776514 0.384854142820401645685990388301 0.406825365564655316852338273748 0.954998525246279483802425147587 0.242583798785014681520522117353 0.334480935595009687411049981165 0.689121609996948492060653279623  | 1.550772486476965861257326650957 0.742670205838468877601599160698 
0.388018186618522387121288375056 0.596633406745500582957220103708 0.886963484701149607047909739777 0.476539668050722231562588149245 0.830845621989061200451942568179 0.730569753618644290860117962438 0.875951223521503674618315926637 0.814905720061411487087354998948 0.908167644876183621782672616973 0.378568863520722720394928728638 0.971576049760025650670058894320  | 1.612391882430933343073320429539 1.125725611995848307600454063504 
0.971853285683836443098471136182 0.159341455175986634884566228720 0.841127845876729396401572103059 0.384288980620189568604416763264 0.956326530214357539705360977678 0.265094510394109361683945280674 0.280467097018869071511915080919 0.699885115291177140051104288432 0.410072223737749319560919047944 0.777009896935786037452942309756 0.625941890911670739683358988259  | 0.075051082679524969143436408103 1.696392207361295589862493216060 
0.524075929116411431962774258864 0.806753302674774630531828734092 0.405352334503425559830702695763 0.326631171154725730154666507588 0.508890660542438699742717744812 0.541279643355746409305595534533 0.226386608957530155450399433903 0.422212232029544054512371076271 0.633460300252335795079261515639 0.210039421137243054182874857361 0.626104310895502780276444809715  | 0.906670470455182231361845879292 0.977978855803006030811275195447 
0.372052041928054078034904250671 0.348619850868827518830528333638 0.030139591190874837067781299993 0.350803010816024496421050571371 0.364141332852419563614887465519 0.072817438570906722894449103478 0.194258702824961493327293737821 0.239638284030886161701801029267 0.657511492619883730625929274538 0.057443363373473665944857202703 0.507322531090791950525442643993  | 1.542021584143553614154598108144 1.020049128873157906483015722188 
0.347599031709997063899209024385 0.727490218772899543964172153210 0.421348901211113457954127170524 0.060660483005829712865875080752 0.058222971665675915531323880714 0.897934705022216617109620528936 0.413718881890533074496829613054 0.016197189827484526070122683450 0.912268703565465632898678904894 0.055661309744612696981391763984 0.177978765481279332938413517695  | 1.980192159992025580095287295990 1.203214314654134975413057873084 
0.970529095849997802680775293993 0.514911442773095529013005489105 0.127919817181894712732059815607 0.800706030798186363384161268186 0.379766742802619794439067391068 0.511809890669084111003428461117 0.742088281490504764192905895470 0.713908942051222128455378879153 0.413867073979448441001238734316 0.731937765729139488968257865054 0.314341793063952712472541861644  | 0.066810528713004371792472113611 1.442185690579452561621565109817 
0.101898091802512968939709026017 0.333805314785937445876129459066 0.036689948910192504705207738880 0.228836311441457995741188824468 0.843745609182995903729818110151 0.219806614013039358646040000167 0.641662143625501224519780407718 0.512137518715532702451298519009 0.363291015045252962956112696702 0.609744701084186213613236304809 0.611807225550945799064095353970  | 1.555781377631034079200844644220 0.251168771701201998247654501029 
0.751091992930161933550436970108 0.227373569022146226892289178068 0.356102075304727927473891213594 0.993979217769343170729712255707 0.413359826173851696573535718926 0.425680578159343792066238165717 0.042445489226924260073303685203 0.121650409583251684075833054521 0.467951139646738289989968961891 0.912195368844280651821065930562 0.958184967948605637033665516356  | 0.794760091737939600164963849238 1.928068169301172751772810443072 
0.616682085139688029862270468584 0.715797798126922124595239438349 0.248904919013511527481341545354 0.030336018066482117738758006453 0.036127489660714218189241364598 0.965422391383503497586104913353 0.019831670017846803055761029100 0.015849348994382506106148866820 0.545305844657940963493558683695 0.144031516045538987569329947291 0.737854330625810850285972719576  | 1.366294598871531595918327184336 1.988074126142332254119082790567 
0.115682993221953744900076799240 0.670256908280951524403690200415 0.833286913983683485973585902684 0.702120896360947988057432667119 0.903955487252873446379908273229 0.000359055716681377923293894128 0.590516611668140734003884517733 0.869823214338541372825375219691 0.934010900161361012905558709463 0.710027625834541042948444555805 0.058333727005717150859709363431  | 2.130583549399553522363248703186 0.391476135301364935870083172631 
0.556726474824489891979339972750 0.511237732042206682869789347023 0.084908232671264238788921829837 0.130861823789108266957725845714 0.481473872602601993264670454664 0.705960791829790546003664530872 0.748486550667718630869273965800 0.292910893621170065337366850144 0.712106095711292685912496835954 0.298492444069570206366392994823 0.556592247144572005446150342323  | 0.990852614649867957652418226644 1.185272693720583303544913178484 
0.189773798740398458306799511774 0.298835618284381654419235019304 0.113153318219504250841112025228 0.173488700902044379326127909735 0.386519700029355872672454097483 0.939541247264553236462347740598 0.608182031462659256071390245779 0.362931959328571585032818802574 0.019228089416045479609351787076 0.741984011212404426238720134279 0.817081092768800920644878260646  | 1.838698045869852526479348853172 0.564942306156401508054898386035 
0.517345943187605183943844622263 0.297768348299010776614181850164 0.437252742944853278750372282957 0.902122094131645013703746371903 0.340772345488079553277316335880 0.911583665437815993115577839490 0.640176536980649690811162599857 0.761990347816947743986304431019 0.163708818176562020951791964762 0.665274074327435571696298666211 0.904575989428395343949773632630  | 1.233291307932141922520941079711 1.302398199964692526720000387286 
0.417305354057351918228846443526 0.692312671868939522035191203031 0.840562219326083659431958494679 0.737291871376332563770006345294 0.852269073163999246744992888125 0.633311969988490930383306931617 0.076308101729829269643801126222 0.937123813195281707422168437915 0.781099556716967402536511144717 0.718626241209765370676620932500 0.373698982009549318661356664961  | 1.478066406948288280531755845004 1.136518025053104841148865489231 
0.853175815512150603758811939770 0.315940970796078302029741280421 0.404352548061937211443250816956 0.466702744308020167629535990272 0.098236961585036364219547522225 0.249744266180061180726568181854 0.958239548900725379709797380201 0.293834363180711322094396109605 0.948037278017593298962140124786 0.894624908829155129907917398668 0.891452400497054320283041306539  | 0.464124764885618157350677392969 1.976606041014404402389459391998 
0.606661742613811338920015714393 0.667602878613912320560075386311 0.438549151920168744922534642683 0.640911653276518333832711959985 0.968668920453457982233658185578 0.896217477503719384124281077675 0.345443414164936068999622875708 0.078794125722801755529189904337 0.222184342339740936722591868602 0.619468433949290298023981904407 0.408674242023431055770288367057  | 1.001853731893524335205825082085 1.409722059499989299524713715073 
0.580209377074616283742614086805 0.739454336209954932179755360266 0.320312885389893775567315969965 0.070578729233277570642712817062 0.535188699202616025019096923643 0.141479287154639088441854255507 0.264694997743535220813271280349 0.769483823235984298882783605222 0.783744462311679046528922754078 0.523246729588089598550482151040 0.569308665170011884981704497477  | 0.991047928141803091683925686084 1.278519328051098913334726603352 
0.403143439469855646706264451495 0.545800342447798958467330976418 0.295460351517833674783730657509 0.673169466874167232717240949569 0.473034513517647248193043196807 0.999264883704131356978450639872 0.793321427363489761752646245441 0.267491340672842636827510887088 0.319830660162499502696675790503 0.825781863705593588420583728293 0.195121011717610981506254574924  | 1.366797592273606865020951772749 1.003385098092621996457296518201 
0.072844237919649224011209298624 0.431887977302652603661670127622 0.157082494301716280027392258489 0.112814736954044314565237527859 0.562733240755213359740594114555 0.541119402527213244624704202579 0.795644526040642618980314182409 0.516404558973432181723239864368 0.949142417973781071793837327277 0.589954519697870272132433910883 0.329929085924061005208329788729  | 1.593699835276004339590372183011 0.183156690356848089740182672358 
0.746632305626066417048036782944 0.001209108592081564736986365460 0.920902401860221209162205013854 0.802776610067202689435816864716 0.576574799305893948009327232285 0.485205035383078131516754183394 0.294569479476579965115945469734 0.154715850654103537209493879345 0.627133568156312493080406511581 0.571621740334554817586365516036 0.780879878908217750499431986100  | 0.691926769575445188564799536834 1.645780076330450203414557108772 
0.472481866896301339053820811387 0.365704914000519520911325344059 0.209023675973865730171041832364 0.811586426151741702206265927089 0.783402740549675069559043549816 0.718288820098595848229194871237 0.516060884967588395788595789782 0.681064939812527692097887666023 0.823823907908647679043667721999 0.892269683049998874047048502689 0.631066959100835211948776759527  | 1.206261100665041219315298803849 1.106240052046700172994064814702 
0.149499816512084660047321449383 0.990383799465832770358986181236 0.323946423607211153594676034118 0.533979590610534460282110558182 0.220576885294417879279649241653 0.461918387676332531377454415633 0.192909023930090350873456372938 0.298539426928600915012168570684 0.228677250111509633434536681307 0.414592814515908347772210618132 0.776009871313543153625857939915  | 1.599009780225978838430478390364 0.382559802346010724427571858541 
0.974178602113244140880965460383 0.514580472609615924284298671409 0.200687599977865893663420138182 0.107329599517127727281717852748 0.790241207730265626807408807508 0.981735001211748059546380318352 0.484088600123167567268467337271 0.601541840063903654467480919266 0.309720978738005192631987938512 0.514056071905083289408366908901 0.249020330011001544967541576625  | 0.067727333118074009576936589383 1.668883804266138914940142967680 
0.539618294252653729614621624933 0.526015535200881068078615498962 0.963314920441959654517916078476 0.238786817148002206145918080438 0.007139811916678784342593644396 0.575067640746224739700664940756 0.054486171297099650345785448735 0.756233394043690720920380954340 0.291415092769269357120265340200 0.101251835812551371773793107423 0.332039491110158069275826164812  | 1.341372549311699691187982352858 1.519650733849679857812020600250 
0.225199237278538411111128425546 0.946723799746977068281239553471 0.288196137457586765151518193306 0.375887199328028054345907094103 0.377875435865950404235036330647 0.504328271746314338308536662225 0.172980849442355477663113560993 0.143044968033144925811939174309 0.970079900270651163118884596770 0.471158900170212557867444047588 0.958425794991218049645453902485  | 1.820893817649843038353196789103 0.672410699031198544339815725834 
0.116684583989517975943783767434 0.669405381721212000556420207431 0.285570890950860634127650428127 0.820087820107715415041127471341 0.081518025498088397817753048002 0.277274067819586189642677709344 0.673925127895848907755294021626 0.248756267162422939343002781243 0.837783511752899223701263053954 0.874833565057144491028395805188 0.858084723742815302927056109183  | 1.846606186250044023822169947380 0.342301984206263509857848248430 
0.889131963653281398585193073814 0.991906932497053084318849869305 0.308780353331996049170982132637 0.273853085547440810998409688182 0.173722250218745766225936222327 0.817021824602062296527549278835 0.920663991062650510777132240037 0.724348978365195295126000019081 0.241611965073552870109097057139 0.632964903280398227813918765605 0.004098701842592977762080863613  | 0.362882573180252410161017451173 2.062614310632514325050124170957 
0.043421572439403366416854623822 0.242261804986647844017966235697 0.990645015527609751337934085313 0.120835826009053626250988600077 0.696164110260887425418729890225 0.664000780015452152227339865931 0.520023814565815256649727871263 0.032446910918419002989310229168 0.840130944009234381653072887275 0.000264062848578605624538795382 0.701834782499754505913358570979  | 2.136493520223476494379610812757 0.145949025284601630048086917668 
0.651181970143736577050219693774 0.105230196699144351590859969292 0.246879884650949121827068211132 0.698359458584682735171611511760 0.301214555198783928702255252574 0.880763921078353884119849226408 0.939211569441628424392831675505 0.370751101706618846343133100163 0.376902857447356076647793088341 0.090427526036605199166729107674 0.592234333998140183297209659941  | 0.960971865727663243639256052120 1.574718748428667991490215172234 
0.942625097904384090519158689858 0.244774565018183398734663569485 0.133625394341380210327940858406 0.387230420338340652897102245333 0.383492445737260712057548062148 0.476816739181468052244383670768 0.479044188017692773584599308379 0.450056085704835906469156725507 0.438711989251793554878133818420 0.118294850981983667992381015210 0.116420521140939370319244972052  | 0.137318412581532739435985490672 1.519528570831031766275032168778 
1.000000000000000000000000000000 0.499999871595133094093199588315 0.499998778026264911744647179148 0.500005828341574809492442454939 0.499995355847216438327507148642 0.500000416592315755082154282718 0.499999997102779369928526875810 0.499997110576548220439718761554 0.500004025120770578816120632837 0.500003453071838022125916722871 0.499994016287107212459517313619  | 0.000000000000000061232339965297 1.000000000129499966305957059376 
0.000000000000000000000000000000 0.499999871595133094093199588315 0.499998778026264911744647179148 0.500005828341574809492442454939 0.499995355847216438327507148642 0.500000416592315755082154282718 0.499999997102779369928526875810 0.499997110576548220439718761554 0.500004025120770578816120632837 0.500003453071838022125916722871 0.499994016287107212459517313619  | 1.000000000129499966305957059376 0.000000000000000000000000000000 
0.000000000000000000000000000000 0.499999871595133094093199588315 0.499998778026264911744647179148 0.500005828341574809492442454939 0.499995355847216438327507148642 0.500000416592315755082154282718 0.499999997102779369928526875810 0.499997110576548220439718761554 0.500004025120770578816120632837 0.500003453071838022125916722871 0.499994016287107212459517313619  | 1.000000000129499966305957059376 0.000000000000000000000000000000 
0.013014564849499794460530033291 0.498948835776837851252452082917 0.498311814145441900336663820781 0.503585001080230632020118264336 0.500525730973352067643133977981 0.497773860629012909750912285745 0.500540623853887645111626625294 0.499487943224339203673878273548 0.499628197608232516024884262151 0.501437733332803281527390026895 0.499732371420054555244405491976  | 0.999815909896205945450731178425 0.020442315132804637911601020051 
0.404225698532890920233739961986 0.498695190807046051517659179808 0.491375793839150809549920495556 0.499700748611671796695077318873 0.503288480069383203918675917521 0.500524140791637206504560708709 0.496704524297231941876162863991 0.499168431120751154850267994334 0.501135889485166852175268559222 0.495470527599713994604258004983 0.508193602177463454871997328155  | 0.805248809572655210864411401417 0.593253648871862604430305054848 
0.723903928471239632713718492596 0.499045114429737646233320447209 0.498695777952471219762742293824 0.495952309890984044393746899004 0.506195334486214787439450901729 0.494844165441527983340108676202 0.499818730947498679473284255437 0.495586722136989010767393892820 0.500979617175676184004373681091 0.506326089747213048397611601104 0.503514280944610148615936395800  | 0.420288562145782751411360322891 0.907563303649887909152482734498 
0.046435176896716626182559650715 0.498853754545886651783348497702 0.495553468459550283675696391583 0.499623746433980331360658055928 0.486809573889034674643028210994 0.500412538311298504822843824513 0.500308134544455884729075023643 0.506424542543594480292767912033 0.493484732771041934018541041951 0.492615058931563987165702656057 0.499898413059143453818222724294  | 0.997673905667337490577040171047 0.072899867795824524474568306687 
0.552000500884164635451156755153 0.498095400953635025764754118427 0.496076057221964850096895816023 0.499077732591025946540241875482 0.499884362627899814235377107252 0.496298972340721844531685746915 0.500586442331954484252776182984 0.501595562178595022473359676951 0.501520592569804413152212418936 0.497284988105725134222012684404 0.498839074109191649153416392437  | 0.647086101576804129109632413019 0.762479241756064962665107032080 
0.858215400215268209294094958750 0.499843954885061836357351694460 0.488047212213518322165839435911 0.507667344985472057672382106830 0.502418265709795641704715762899 0.505684984864605779897317461291 0.503386410000914663598337028816 0.500756013413736766892725427169 0.501326534027299985929460035550 0.495921230457446737815985216002 0.500605444749234296253348475148  | 0.220937893143783453675510486391 0.975565385799783801878959366150 
0.788893999406695134446465544897 0.500854372487676835490333360212 0.505088991365996609061994604417 0.502179069289684476551371972164 0.496402979587627635194024833254 0.508251700515674698088730565360 0.500003922297884151326741175581 0.505153800476255354645616080234 0.501214055838472782866688248760 0.502281146676300749298604841897 0.494839870859698771621282276101  | 0.325616648997237689844297392483 0.945684075367168586190302903560 
0.383885528110893159414729325363 0.502189099336745381485513917141 0.496743473126481815960175936198 0.501095373521750486744963382080 0.495672548548038216509326048254 0.499044192695283883587364925916 0.496976384024682527051908209614 0.503177798271253640116640326596 0.500006503462168239160234861629 0.506810730790884123031503349921 0.499110031886598193295867531560  | 0.823719137259652178784108400578 0.567179077347045867973918120697 
0.773814054110154803112209265237 0.502459121922777085522682227747 0.494032657198023250622043178737 0.498489088338661900934312143363 0.495243666817911043498412482222 0.501154368309998821118256273621 0.496898285739123590776245009693 0.502813547534247340387025815289 0.500004025120770578816120632837 0.504326022691588993218658742990 0.504091843692312191471671667387  | 0.347906245789708301607845442049 0.937658272845783735682800852373 
0.898165405243486647535178235557 0.501102136905452688608875178033 0.504478366988189041997259209893 0.504316049651414965993012629042 0.500424126603458141460123442812 0.495004704961021280151811652104 0.501655834515318588273657951504 0.500065002862118634929800009559 0.499076783316205252472030906574 0.503332634952510016290716521326 0.497030277925512686820752605854  | 0.159294211968023458059207086990 0.987320856259217172201658740960 
0.178552413980430757511896899814 0.497162979025683293698989473341 0.506453192753526737490687992249 0.499511352510912554070188207334 0.500565269287867042891093660728 0.503891014483766386256036184932 0.500430359972700133930345600675 0.499234233388803405606637397796 0.501916607008217607877043064946 0.499673959092867214781819029668 0.508852090499699039050085502822  | 0.961068096744016941990196301049 0.276847861435751241288016899489 
0.449834018770739696435612131609 0.498691156856566730759539041173 0.495031340203950565026502772525 0.499588683028529600971268109788 0.494383979794311201327872140610 0.498373644524427672486410756392 0.505016563455980671548672944482 0.498545655181057867366689606570 0.497312161390397411420138951144 0.491701556531909778069433514247 0.502452975112021804626749599265  | 0.760704670871586996483415532566 0.649360235360049053987552269973 
0.565826333072910303556568578642 0.500794918810322897684272902552 0.491890446896469046844657668771 0.497582211519558281764830098837 0.498513764721819407910174959397 0.507799314666372514359693468577 0.503294262674196857254571568774 0.500686556920613701215927449084 0.501887216361521781848864520725 0.496054332789452823160303296390 0.503978454488392069166025066806  | 0.630460116581277207892242131493 0.776455535543596142566968865140 
0.089351410014884086185915634815 0.495980982557334915128421926056 0.494345046104165186662271480600 0.505476697186969858854865833564 0.499955959229638646768023590994 0.496824169823229466746994376081 0.505649403421276399939188195276 0.495738222395467553749170974697 0.502045247788191373317090437922 0.496383194643537140056110956721 0.498054273303733863187403585471  | 0.990324469331654966275380047591 0.139914810862712124528428603298 
0.847425277376137708884584753832 0.499830643061945301131032692865 0.491701474547751871124745548514 0.494060922831568383184475123926 0.494005650829925258005204113942 0.503414142353835969423414553603 0.499657512280727633680044164066 0.499287801243978424103886482044 0.505403576286296174480128229334 0.496935532924533018839241549358 0.497074166645550652443574790595  | 0.237423426294322004181935881206 0.971611659341702016412511966337 
0.317380902372959572410593409586 0.498900273351291612122793139861 0.499684662060990436582841311974 0.499905972592671943299791337267 0.501662067505556530377930357645 0.497958426070369220006739396922 0.504176393499723540791990217258 0.499576920857821737964599151383 0.499167807659203266457126346722 0.492606595066446439901142184681 0.497071584064792293400358857980  | 0.878360095974860755063673423138 0.478187358597091716205795819405 
0.438056381694643226509811029246 0.499619127224703696299457078567 0.502477110572253859999136693659 0.505274385956923088869530147349 0.495495742092799118516666112555 0.504367633733043385646510614606 0.496710724621576504844711053011 0.498165236059755600628307092848 0.501323761508080334436954217381 0.503419036098248451338577069691 0.502312616939972977903039463854  | 0.772537943265402371473271614377 0.635136221081711083158438668761 
0.678916810742126952682440332865 0.498862728883600337059789353589 0.493854069516431792852273474637 0.499170437438260949924995202309 0.497073956552611551096276798489 0.494337726295334289883243172881 0.504021372454508176375043149164 0.500564527851569351923899375834 0.493166608203343403982188419832 0.499246050759466486468340917781 0.502619856812561938141925566015  | 0.483316952525625675995968322241 0.875617916280830632658194190299 
0.705619925660973867920233715267 0.501875463170084579189733631210 0.499630962337337947154480843892 0.500487416311103050503561462392 0.500169767505668660945161718701 0.498465071369316670146787373596 0.504781121589870318544512883818 0.493538984912990030817780962025 0.505715590317207142057043256500 0.489406060869868764218182377590 0.502785467262009011513157474837  | 0.446207043935411828972092962431 0.895179535171323426112621746142 
0.367100669000319790313824341865 0.498335977836511290206544799730 0.512032515709513469381874983810 0.498557819343663444211500745951 0.497073956552611551096276798489 0.507631733669804852127072081203 0.504021372454508176375043149164 0.504963418851464895809044719499 0.493166608203343403982188419832 0.499246050759466486468340917781 0.500292478359334435999983270449  | 0.838554415543563802515336647048 0.545376721252353813262914172810 
0.938004871587682864664259341225 0.501508660419905827332343051239 0.504441793782649416932883923437 0.501132660890975301093419602694 0.503016916999549756894793972606 0.505203955777889124334478765377 0.500071300280376163094331332104 0.501883560173110532254270310659 0.504553096495044872682456116308 0.501632377843634680303352979536 0.496490323884912598817464868262  | 0.097237477946838471454249486214 0.995360415952841970366193891095 
0.599187362173047244340295947040 0.498168847282808746612658978847 0.499624394474349919903488626005 0.502615782658969223462008812930 0.502445623364027205148829580139 0.496473761284910941604664458282 0.499387553251295301937062731668 0.499248092399645626571214052092 0.499593758003946120105354111729 0.499695218712686850537352256652 0.499536709758233943290406386950  | 0.588835235698716430441379543481 0.808290415660979366663241307833 
0.956785543808520100306225231179 0.497041996379240902381724254155 0.497581979117126593781250676329 0.499315089131892431151271694034 0.495471826785512436952529924383 0.504679475482408879116746902582 0.501274091959112544358845298120 0.502224273516071573197905308916 0.501519465890940319141577674600 0.495398613524618169901003739142 0.496185775507156645591777532900  | 0.067835913297797395538069054055 0.997798795093279511370099044143 
0.693797143777344915704929917410 0.500880565101513686165901617642 0.495031340203950565026502772525 0.498858481411119436543799565698 0.502543934901579003593496963731 0.509261299320667881751489858289 0.505573328389110288050289909734 0.501280242448316037950917234411 0.499489309824452554220641786742 0.495088297997920312454311897454 0.504350337365005119139027556230  | 0.462740493751502390828989064175 0.886713773563807650113233194133 
0.908233312897256728213335463806 0.499580555194664821527794629219 0.491556500771463400489835748886 0.500293917713769631383513569745 0.490869421435865371794449174558 0.502740039400365934518788435525 0.495554310039853063152293088933 0.500245300600519859912651554623 0.489706570721355427533438842147 0.502332634652754128623541873822 0.497829323326806072458339258446  | 0.143690965246942553568132439068 0.989924098185737455501964632276 
0.287498400151392718981924190302 0.497960620841826739901847531655 0.496379884609379151694241727455 0.497824938393025495653176903943 0.493250444573226476396854423001 0.506706777933196295116147211957 0.497924257432407535439722323645 0.504707075967442131414486539143 0.500664076759305132213739852887 0.503249652827165716573176723614 0.496945730066728097451544954311  | 0.899892735708991309273585557094 0.436476511266913447251170055097 
0.765139878233848214073020699288 0.496192217994222861676689717569 0.496804707163141234804726309449 0.500367432839777248609891557862 0.493056091173041166619839259511 0.499179565676652281513980824457 0.502712763491719893949039033032 0.499090403391325265758382556669 0.501939909243865445276355785609 0.489045522641207819347641816421 0.498460469243605375222472275709  | 0.360680924179269501994582469706 0.932912335247218171829786115268 
0.411904708055284840551024672095 0.500824278676011980238058640680 0.500340604308682768142091390473 0.501679961905294180546377447172 0.502592388370561637955802325450 0.502927805096094027170749996003 0.499920112836380936549574016681 0.498706069838663168525272340048 0.504832101771217178765027711052 0.496969597505296123429729959753 0.505911137427006551980923632073  | 0.797954945338215204664322754979 0.602863204137307651109267681022 
0.875047698055204659084438389982 0.498553535610436804326184301317 0.496709106620830120881748825923 0.501165586514810246221429679281 0.508213676018046789373272531520 0.493751211523975552797338650635 0.499866364378027838721862963212 0.495622626065597926547923179896 0.500689785403367948468655868055 0.506257285573389337329786030750 0.501770681528249218317228041997  | 0.195052473906930284863747715463 0.980979122683083959444161337160 
0.477393983142651967543912405745 0.499422276591210800855691331890 0.495582973890727085386487260621 0.507295841866662100549945080274 0.501864709260983810068523780501 0.494818311382571929257778720057 0.505927660183375982327902420366 0.495902962457905216453468710824 0.492266113483583345189487090465 0.499438758429884610556825919048 0.509282754431254369720249997044  | 0.731985435739035961155707354919 0.681762901667441245656675619102 
0.571846098633552069046004362463 0.499422597434730664023305735100 0.499465285717060669679057127723 0.498721857266024803934101328196 0.495781948980607678478804700717 0.507793508481551914002238845569 0.500238629369310738859155662794 0.503342458336400011553735112102 0.501544028757307969179635165347 0.498545706993957837838138402731 0.500457306992124650868447588437  | 0.623037158282848779755624946119 0.782315889090849259090987288801 
0.805866061659535004579879569064 0.498706309850843021447275305036 0.502403347608062267326545224932 0.501768517967162708259820647072 0.494589621485521602206603120067 0.502816583072333456172486876312 0.503475012087616358158470575290 0.501652590543932075384248037153 0.497533069995876375823939952170 0.503206044548405007077462869347 0.502983823325513168533973384910  | 0.300266974366520889017095896634 0.953947307820375289821868136642 
0.381777670487233045104602524589 0.497700449053549043298971810145 0.494003721870726830722730937850 0.500740011483913782797117164591 0.492499519538627805737007747666 0.496299614658182397519681217091 0.494853577677118294797509179261 0.499860447217077508152982545653 0.502842557615086560574013674341 0.502273718365213284187120734714 0.499552353459550957381907210220  | 0.825633040240419280308969973703 0.564476304823322450054945420561 
0.882426790561557372605250293418 0.498791080410807108336257442716 0.499329332833444938799516421568 0.499039798247737809155921695492 0.497403454718252202582107202034 0.492437617635788971170995864668 0.497040091017540819340325697340 0.499051498273882621070640652761 0.507552807458523824735152629728 0.500011320806430736851666551956 0.499994016287107212459517313619  | 0.183659999359734149582124018707 0.983125609420116175485304665926 
0.164436974296618215740650725820 0.495912138892813936230652416270 0.504059653299920751301499421970 0.498075496810172879680322921558 0.502549634453333005090769347589 0.499937362149711239656113548335 0.501903017041375631990263173066 0.495839864879375813444539744523 0.502787669132286896278571930452 0.497318436334430513667825835000 0.499994016287107212459517313619  | 0.966903045412419670512349512137 0.255454666473406755144992530404 
0.542294626142693081405354860181 0.499459202814805380832297032612 0.500165244501642014540720992954 0.499428255262041875806033885965 0.498383012930095070647240618200 0.501366073598538797284618340200 0.503776299011167827401891372574 0.502317688439966492097710215603 0.502336854877759697579620024044 0.495292369233883145174246465103 0.505110174051702887076942261046  | 0.658655580206581214852690209227 0.752548885517412280421467585256 
0.519315544311232724083993161912 0.504656101730593609211439343198 0.496636606437404815039826644352 0.495554663634831860097307298929 0.495506802463191342589254873019 0.503734662376626229907117249240 0.499196585352620125775047199568 0.502375096303882884285485488363 0.499799387450543697308802393309 0.503691962559578931823978109605 0.503208658221006910338246598258  | 0.685410734878165617267598008766 0.728317528607190456391151656135 
0.817053778744143199830318735621 0.504269114044762933879439970042 0.496358039599219647008965239365 0.500783683429268933195999125019 0.492012337213667549917772703338 0.503915227786312480695585236390 0.499791124452867552285795227363 0.505659968259918213284720422962 0.504633407774462638961665561510 0.506188064169501128475303630694 0.500632148304955393314230605029  | 0.283489929818960428864471623456 0.959187390209920942574228774902 
0.469130209649733953547467990575 0.499439811997493432471628693747 0.493990723139875798075593138492 0.501840752678637813666284728242 0.500840398849342061105005541322 0.498617647332376900948247566703 0.501342685753041639173943622154 0.497264869510864127022387037869 0.499203132809961980242974277644 0.503105697239715543567228905886 0.499064292812129661758291376827  | 0.740596475462237502362938812439 0.672043603712966897134606369946 
0.798394472167890389968647468777 0.496575194253822294054856456569 0.503624800386999416090816339420 0.497141424933999376278848103539 0.504719822080519575635548790160 0.501135296199564983510299498448 0.503527397383041086520449880481 0.497060324781069096111707494856 0.499001781514313735854670994740 0.501639143071254123285029891122 0.497004773623465567755630445390  | 0.311442667518018689865044734688 0.950360016921123595956544249930 
0.304746862327256895497384903138 0.502521579116772976192351052305 0.500035775750889199819937402935 0.499111763688821763462755143337 0.499446319315051401321881030526 0.500500045589458930628268262808 0.498913531758501560542384822838 0.503851854326257009297762579081 0.495585666810845038021682285034 0.498674225960763162213140731183 0.497214129341864818911744805519  | 0.887643473844763941649205207796 0.460645765329282697031487714412 
0.531451832243316046877623648470 0.502165336126744965561385924957 0.491665374890197237611744185415 0.499159159711221322996976823561 0.502240997519824317052439255349 0.496790310483285035836331644532 0.503540558391798676041162252659 0.499730867649714638467628446961 0.506515653084545491857682009140 0.507936686869210340944391646190 0.503003545997800505240604707069  | 0.671469863678668898998580516491 0.741325022564347402287410204735 
0.350736746783992026088583315868 0.501506274078795444282263815694 0.495543677150460160074629811788 0.499392630670438653073262003090 0.499203693677964577268824086786 0.498361372923606049667455408780 0.495034829770604478671458537065 0.496384518624746473580700012462 0.499589183592353824892029479088 0.502233328013230284625478816452 0.502567561646804494834839260875  | 0.852099065936409938437634536967 0.523524370096008384578567529388 
0.657142840088469903925272319611 0.502459121922777085522682227747 0.496751553714174232112554818741 0.498489088338661900934312143363 0.493243826553171227367045048595 0.501154368309998821118256273621 0.496110079009746518519108349210 0.502813547534247340387025815289 0.500004025120770578816120632837 0.504326022691588993218658742990 0.504091843692312191471671667387  | 0.512963087735816558598855863238 0.858555541867738747363603124541 
0.150331883511402641939724844633 0.498791080410807108336257442716 0.499329332833444938799516421568 0.499069083410660752075926893667 0.497403454718252202582107202034 0.500498305491502204489506766549 0.501411211785640964500032623619 0.501040990353132320578311009740 0.507552807458523824735152629728 0.500011320806430736851666551956 0.499994016287107212459517313619  | 0.972316037153186263353177309909 0.233968599927995624110366179593 
0.136737734091628926336170479772 0.498567166280390827726165525746 0.498769716512734939684037271945 0.504628274098526619084736921650 0.496540319083581871417720776662 0.499676657912266342087548309792 0.503764740971871072261478730070 0.501801683076557814011664504505 0.499768834697163710778511358512 0.501639143071254123285029891122 0.503302416869249258368768096261  | 0.977088348801190775816394307185 0.213153975489126429332387147042 
0.500491248552355050271955860808 0.495547666683839205248318648955 0.511003977493892591610347153619 0.501191065278262959381549990212 0.503090935097546876342278210359 0.502814088205307041512526211591 0.498840058445623624194809053733 0.499873274234790831993535675792 0.495093326793558607956668993211 0.500003453071838022125916722871 0.505119239583761370226966391783  | 0.706710330243471074318506452983 0.707801840787738334448420118861 
0.105428725132180295398498515169 0.497332403993493377125645338310 0.499927801155596429616423392872 0.506508335539103238254199368384 0.491205135919051238957422356179 0.496533039581506185911052853044 0.498417925770627767700915455862 0.501396913314475556333604799875 0.497034920313015660120470329275 0.496724516973567398192557220682 0.496630792506722484880299361976  | 0.986490256077988791894028963725 0.164879823101113459626887447484 
0.209848138110385024068804682429 0.499665989851390102138850579649 0.493138411576660107282776834836 0.498532352262626210492868494839 0.495014627899968306934397332952 0.499922954036408351274900496719 0.502456640988761638055848379736 0.506792328430521132887065505201 0.498206690498492810181829781868 0.501480034721744516446051420644 0.500110824335043835375813614519  | 0.946287301297227267937728356628 0.323734387301040371642812942810 
0.731955791506184394457079633867 0.498818099463040898200461015222 0.497522735659129577978632141821 0.501428974168071417416570056957 0.501880889983767897177813210874 0.494393201499117751485101734943 0.498646399456456279608573822770 0.496758626790202717504740803633 0.499952779139072434055890425952 0.506209552537005724737184664264 0.501773169915737060620131160249  | 0.408752749670055204322949293783 0.912753190023365301719593389862 
0.625325108462540968368159610691 0.500496072845195483225211319223 0.496761803304060389763208149816 0.502517393495740205544564105367 0.504884934941410845610221258539 0.504753107120048172262727348425 0.500004797982252835453209627303 0.495520663149119022783395394072 0.502165164950891140804856149771 0.496513984918348083574812790175 0.509996963223406707399476545106  | 0.555256779715764814397971349536 0.831919878656630418234385615506 
0.642488347704281870242937202420 0.497321136514256134653066965257 0.497797097897454576820308602692 0.499555756044970156182216669549 0.506390456993174531419299455592 0.493754289525646927749846781808 0.501502202846128453117557910446 0.496734045257606782186599048146 0.492608645674196377051146100712 0.498073879191567092661330207193 0.499948813618540321979111240580  | 0.532609479072977953784118199110 0.846554104325007439335593062424 
0.280929677313152936779516721799 0.503691180270696814424979947944 0.500375615088653913353766711225 0.497015776981418577751270504450 0.505132224127531115343003875751 0.498588453006149734392238315195 0.501378309871434058031525182741 0.497295672957097312227858765254 0.500288305946770095467002192891 0.501690796840568831171935926250 0.499447891545170052918223291272  | 0.904261692032195307788811078353 0.427127291825620813980890488892 
0.485721062016143956263647396554 0.499011602892280525800572377193 0.496119690514014499704842364736 0.498642676685628283284046347035 0.495884596891870477186614607490 0.499666451521236898436484352715 0.505649403421276399939188195276 0.496846835852563117885694055076 0.499145229759160868887590822851 0.504352192832973500458138005342 0.502589443021897674945819289860  | 0.722862070373083809293746071489 0.691141632975918240866519681731 
0.116978631185146675353081491266 0.500338897238690405444572206761 0.501467503982141238338954281062 0.499717469758282017977535360842 0.499491226452466297036636433404 0.499783114276791229357854717819 0.503204361837565006254635591176 0.497134883404187599698076382992 0.498345146347577483414426069430 0.506582630502148689721764185379 0.495420631809155187497140104824  | 0.983252174962166103355798441044 0.182733441064150764487905576061 
0.299370266974812615501377877081 0.501702722349185115113812116761 0.498893168007768339489160780431 0.500712422938965118213161531457 0.501138262079824148287343632546 0.504218011874565941177195327327 0.499513616103449686889348413388 0.499567860075611824832719776168 0.500442659447738913414127637225 0.497985602008133687590429872216 0.511046505521311256181604676385  | 0.891589261596044901914126512565 0.453177067189765026000713987742 
0.421208579661994264586866165700 0.498600571453693852674859954277 0.494526961310170043439882192615 0.498074152193870745009007805493 0.491733573078676655665475436763 0.497836099377582885772142162750 0.499876282717544972999945684933 0.503948872069013620311750401015 0.494164661856459630495663759575 0.495701900888565138991737057950 0.501203916319460818229458709538  | 0.789130641012968925274151388294 0.614515504197176487544140854880 
0.510163854241116876409023461747 0.498695190807046051517659179808 0.498081244819317536798308765356 0.498782530016778080650396987039 0.502142390316505315972506195976 0.497564660648064205350493693913 0.502645908546922481896501722076 0.497488371892183922629016024075 0.501135889485166852175268559222 0.497531758695432924088919435235 0.496144713060182485087068471330  | 0.695764774179282730059981076920 0.718343417604627498818103958911 
0.738981097566941302901000199199 0.501508660419905827332343051239 0.504441793782649416932883923437 0.501132660890975301093419602694 0.501990960944779684993477530952 0.505203955777889124334478765377 0.500071300280376163094331332104 0.501883560173110532254270310659 0.504553096495044872682456116308 0.501632377843634680303352979536 0.496490323884912598817464868262  | 0.398653547134419694586426885508 0.917203661902209366196814244176 
0.081269999481262178431251186339 0.502472612472900093116834341345 0.497025997433917565704319940778 0.502615782658969223462008812930 0.505641707954091357279935436964 0.497749484102937289620172123250 0.496773550829485932567308736907 0.501025371199819047340895394882 0.501373220674782404948643943499 0.492551401622344953157295321944 0.496945730066728097451544954311  | 0.991998436938047567501541834645 0.127329585811724987909343553838 
0.933286029492440105670425509743 0.499249448661000627680550678633 0.491319308641569030271512019681 0.496871557915837591679064644268 0.496075626673970260238633045446 0.506577836119400770620302409952 0.501244052490800728882902603800 0.501574761541331737291216086305 0.504860128625588933104495481530 0.500332418979489434995855390298 0.498097384725562752905148045102  | 0.104620744740497803593193282268 0.994688913863131851655907667009 
0.272983223926281381999103814451 0.498791080410807108336257442716 0.495605031802737405755010513531 0.502573681112042258689598384080 0.499298852361085843121202287875 0.492437617635788971170995864668 0.493760160538894821158351078338 0.496845368497758121950624854435 0.507552807458523824735152629728 0.500011320806430736851666551956 0.499994016287107212459517313619  | 0.909638626529393201636253252218 0.415860114626481314203942929453 
0.990974967157692732122598044953 0.502911340094168379799555168574 0.497107220535032590102986205238 0.497019950319935177596164521674 0.498035917055045240786625981855 0.495779497221362830394753018481 0.494400924013140508073149703705 0.498983570570383339060072103166 0.497164809104042704213100023480 0.502052700813022001469221322623 0.498979982203875904733791912804  | 0.014177332958099305576515902771 0.999992576059398063925698352250 
0.219976792372125418140171859704 0.495646924341761163645969645586 0.493854069516431792852273474637 0.505163476620508422598732067854 0.500505698683254451886170954822 0.496200504408869480510446692278 0.506458267409659157465284806676 0.495095870046991293200733252888 0.502335057060539269535581752280 0.495750327339622709477140460876 0.497068674850127290021362114203  | 0.941077475153513698380436380830 0.338769986209816797995131310017 
0.357857823179498824028854642165 0.498308233146344425890106322186 0.499918580148302815757688222220 0.502249280544047826957410052273 0.501661690543651839213623588876 0.499932023992522622801715215246 0.504813740631420704296772328235 0.500763117815005487365453973325 0.498229974332608016585055565884 0.494884378574863892374935403495 0.498979025782180674042365353671  | 0.846180981460358583312597602344 0.533017201634930826159575190104 
0.342555030851643405043205348193 0.500692441700166801510363256966 0.493854069516431792852273474637 0.499445763078499083142958170356 0.497805042682424370159566251459 0.509506848949113133606658720964 0.502784513638725449879984807922 0.507051945094961764581853458367 0.494685616265754468656723474851 0.491387032294439252133599893568 0.506781112988352488990528854629  | 0.858983751312298537960998601193 0.512665905104446761875180982315 
0.160321656457091149539095908949 0.501506274078795444282263815694 0.501198275652991021011928296502 0.498668296990307846616730103051 0.498000014526266798764453369586 0.502506281814009692077149793477 0.503553752142763766386224233429 0.501209465921138352939578908263 0.498000213007251779639972255609 0.507149918287570056207869129139 0.499994016287107212459517313619  | 0.968539677036969526291443344235 0.249200411876080663020616157155 
0.143228517371503577537694695820 0.499834503040211763913447384766 0.496804707163141234804726309449 0.503926175083229455076150316017 0.495896867474248770335520930530 0.505075698538618667043920140713 0.505035975481475385429064317577 0.500738336507269510278206325893 0.500466720040229628985173349065 0.501061390004306606016371006262 0.505715190565532379807223151147  | 0.974922872396933648531103244750 0.223118216063293628437236293394 
0.237848838684823454814321053163 0.497792116789056438008742588863 0.499364188440540646141130309843 0.498858481411119436543799565698 0.503121702385436631033144294634 0.501500865024719022500221399241 0.500384636806386562390969174885 0.501280242448316037950917234411 0.500665990320067200158860032388 0.501990906430770156276821580832 0.501409722870276963746505316522  | 0.931039996814797432556076728360 0.364990475905419164970311385332 
0.836097219803411784155855457357 0.503294993316246941361669087200 0.504324547028994762953857389221 0.496020772115082275721675841851 0.498447798270701458722697907433 0.504877019850318742300032681669 0.500430359972700133930345600675 0.500654891368664367590213259973 0.498623558451494197640840866370 0.496940325646561431582881596114 0.506487429935540522940584651224  | 0.254655016046137050444997385057 0.967161789893927092975900450256 
0.590201852437137297613389819162 0.497294348483646231340316035130 0.517272202584070250885872610525 0.494485971790194211994418083123 0.492377369567323197596664385856 0.518363565170603890486233922275 0.496660487436700326391303406126 0.508702592635356554140457774338 0.505731198068678056145586197090 0.494803601394627479148624615846 0.490784227256012506312998766589  | 0.600744628070420172427645866264 0.800645309523302817211742876680 
0.125848863221523804556412073907 0.500239693863690604302973952144 0.502748422381749215936963537388 0.499275343907635393847499472031 0.499137871759481321909390771907 0.496961230004450527086845568192 0.499768413112257059438547912578 0.502229556181094549671684035275 0.506433589734228362111423393799 0.504189296096332784102855839592 0.500178820101157661781599017559  | 0.980604789290177580873830720520 0.196414045239385492980233038907 
0.582498493017962304385548577557 0.499045114429737646233320447209 0.498695777952471219762742293824 0.495952309890984044393746899004 0.506195334486214787439450901729 0.493320523112620923367188652264 0.499818730947498679473284255437 0.495586722136989010767393892820 0.496294470569347445643160199324 0.506326089747213048397611601104 0.495509578463063427022916584974  | 0.609920446695642159973260731931 0.792709230107171425316892054980 
0.247165127998538430853514569208 0.500508351020696462541081928066 0.495202365413637435320737267830 0.500108405574308245711279141688 0.500599131537093122723547367059 0.504076604097486002942218874523 0.501346711676323497641760695842 0.498176233234086718315580810668 0.484000604671835088499420862718 0.494500554546960513491171695932 0.509225652809731421655214944622  | 0.925960184640873262829074974434 0.378723374443962812474495649440 
0.619687847969263572167619713582 0.501167975274360411042096075107 0.512032515709513469381874983810 0.499170437438260949924995202309 0.497073956552611551096276798489 0.500758216602939176809172749927 0.506633591118045401024971852166 0.495095870046991293200733252888 0.501140396196934623240792916476 0.499607547325214396138903794053 0.502619856812561938141925566015  | 0.562619541101668119154055602849 0.826996972870309932091004156973 
0.666648554803324966400168705150 0.497882770606345781416735007952 0.516951388399971900611262753955 0.492765557515761898343953362200 0.495845233950028996261494285136 0.513577597800168539343701468169 0.499882435722080797901867299515 0.505158300375053270769853952515 0.502350410643776057462162043521 0.493269440856773710990523795772 0.495750771579072158079526388974  | 0.500345296718896603849202620040 0.866566538659248597475937003765 
0.608417131810433775562785285729 0.503741185141382663559284083021 0.497429685019295075854017795791 0.497122534401560844941059258417 0.492412255109216934201299409324 0.501543497329119847272238530422 0.496720380285666174291492325210 0.504634806498822308107321532589 0.504545794690114068892228260665 0.505980938032823734928911108000 0.504119380980859732588328370184  | 0.577149913419690685500995641632 0.816876354397725656930617788021 
0.697181671919854140107020157302 0.501718702787349424276897025265 0.493487978051483089370066181800 0.497582632426639581701977022021 0.487002302153543897844656385132 0.506507517990028688359416264575 0.497840361238669815158175424585 0.497295672957097312227858765254 0.500410439520483918407478540757 0.501690796840568831171935926250 0.504665654207490987914752622601  | 0.458067583835997549357443858753 0.889254017794665063689762973809 
0.921408453279959904769214062981 0.499471447084500641544480004086 0.491056591777553008704160220077 0.505767166948063562337267740077 0.498314208384111723137976923681 0.495923931598902134609829772671 0.505694106634914097853084058443 0.500047402614998692804704205628 0.497802204790774083242865799548 0.500228745412767183964319883671 0.504470646110991460808747888223  | 0.123161410814688468406963295365 0.992578386131786283286260186287 
0.919894886324337357486058408540 0.499857846451624010519765306526 0.492312869631566840666891948786 0.500528277858755532570000923442 0.489504989371611742843271031234 0.504119727892892943721392384759 0.495964575048127631617944643949 0.501998057418721943534478668880 0.490142450262376239145112322149 0.501519868475903796145587421051 0.501083256409413202447922230931  | 0.125535624918187149745563147007 0.992399003407245849928131065099 
0.324215899142391517084860197428 0.497652180462038962183157764230 0.500250316153479701597461826168 0.504730633916499416002920952451 0.503128217253961507182680179540 0.500398753643221283482489525340 0.505014197675834775047576385987 0.502731246401053599726083120913 0.503709939276463791735238828551 0.496826800100537369075937021989 0.497810353537808003565601211449  | 0.873183709954897802063555900531 0.487594579730813881823792144132 
0.063295909252397405952983433508 0.503524987366194887172810012999 0.495703304320733728616232838249 0.500528277858755532570000923442 0.503286393855481462011880466889 0.496315517017785756692660470435 0.496233293969916167132083728575 0.502629564014641427860397016048 0.491476868511024400643094622865 0.504018574510346373251934437576 0.497581539665858274545939821110  | 0.995231847249947398914571294881 0.099278256722493796182504866010 
0.458035306249947871126693144106 0.498377998594911664209661239511 0.498713397202475594571779993203 0.498400620902776259057986862899 0.495127235617456362692934135339 0.496226937038416582304023449979 0.498684736064554323675679370353 0.503113674954957179608072692645 0.497551145520497006824456320828 0.499996324205469744317298363967 0.497511274457782537439243242261  | 0.752199867892580198436291993858 0.659038877982748627637477056851 
0.674820838614185958270752507815 0.499214931529030903067933877537 0.514488387454136497645151848701 0.492910142631091785503372193489 0.495883088463559329461816105322 0.513280330990004252100789017277 0.500225884613418214641455961100 0.506019176488947231007387017598 0.504415658689641110967727399839 0.497263809230272968431307845094 0.498383822466841042153617991062  | 0.489120971199521026306911153370 0.872812079677022567558708487923 
0.633984174595475957758594631741 0.498939887875983645315614012361 0.500149703690909053221957947244 0.504440735330092371313526200538 0.503053998541761693275020661531 0.502248674671834760552258103417 0.499583483633834979364962691761 0.503018225576448707592192022275 0.502341621292785256436275176384 0.500071028876908685312230318232 0.495529015189675348107556374089  | 0.543819415499914415867976913432 0.839285690393390071406543029298 
0.189648966840145039025600226523 0.499404190573261907992730357364 0.499232239449809767073418242944 0.502376802340871786434206569538 0.505668132157464866871521280700 0.510180875932485067281163537700 0.499288631918387237895728958392 0.493674959823227399446921026538 0.494638072456712818425472732997 0.495290854470996133596116806075 0.502530595926798939743207483843  | 0.956184637572577544872842736368 0.293583760756673861624932442282 
0.754887056203304318557911756216 0.498006235227505866802744094457 0.498094788202413263356049810682 0.501985492570958813374204510183 0.496989473256768621300949462238 0.501862165704712093194928002049 0.501310141883312243571424460242 0.502968980076376692700534931646 0.499400932966660549006121527782 0.503313364484308745083751546190 0.500497850139639099964483648364  | 0.375597350243539240821633029555 0.926832790518118954103954365564 
0.491027182720789989733845004594 0.501506274078795444282263815694 0.501198275652991021011928296502 0.498668296990307846616730103051 0.491810778730503161959575209039 0.502506281814009692077149793477 0.503553752142763766386224233429 0.501209465921138352939578908263 0.498000213007251779639972255609 0.500267478334814219564918857941 0.499994016287107212459517313619  | 0.717072050717984188494824593363 0.697138189150223408496742649731 
0.230003400042228134392274796483 0.497883247241336590604987577535 0.500839780339328188851766299194 0.501723190745948621760419428028 0.499681613764711096692394676211 0.494620023391774743526383417702 0.499837569853381846751716466315 0.498075298635882679487707491717 0.490613720343539339019400813413 0.497571782147765706572073440839 0.501834459622373163512065730174  | 0.935571510301267839082584032440 0.353528724393194881958635278352 
0.188411337171113413280210124867 0.495953519965040168226977357335 0.494282802443371749312461815862 0.498899571370351402332943280271 0.490258967359630037918805101071 0.496605246020953350338800191821 0.497303227590251917256125580025 0.507938407579496931099072298821 0.498819212616456675313258983806 0.501474787641991714970401972096 0.506160101743950319175269214611  | 0.956780622997439600396774039837 0.291732569804387942280499146364 
0.614453643725682230325446653296 0.498095400953635025764754118427 0.496076057221964850096895816023 0.499508652433837685435946696089 0.499884362627899814235377107252 0.496298972340721844531685746915 0.500586442331954484252776182984 0.501595562178595022473359676951 0.501520592569804413152212418936 0.497284988105725134222012684404 0.498839074109191649153416392437  | 0.569294340854651026440080840985 0.822190824606213288561207264138 
0.982294428408743036662542635895 0.502521579116772976192351052305 0.494968491404759125540380182429 0.499111763688821763462755143337 0.503062842745186755699648983864 0.504168844728213438877162388962 0.498913531758501560542384822838 0.503851854326257009297762579081 0.495585666810845038021682285034 0.498674225960763162213140731183 0.499558792323750000541338067706  | 0.027810950043074461612846448588 0.999709917677734094532127073762 
0.267194223552684739786400314188 0.501398254761162176507127696823 0.496166205786875036398697602635 0.501738577125479312535105691495 0.502918421060675080447310847376 0.495254482922224126273391675568 0.501643850134223301395763883193 0.502100644120146322180175957328 0.492192245595778066213910051374 0.490373667621859687937302396676 0.501470408251843302593897533370  | 0.913403164654217891715859423130 0.407580591853875739971613256785 
0.107297115179514387928172425291 0.498009873365927335786551566343 0.487287753900180309329925876227 0.498054182239258291797767697062 0.495157365050846953735685929132 0.508803603983276953037773182587 0.491572728653890789196623245516 0.502996974253084094819143956556 0.493082830581893671872961704139 0.502350930263347095205972436816 0.502106373702795205637983144698  | 0.986232732912158072124952923332 0.167813561943022104827605289756 
0.495725413388702074168890021610 0.498140654605176480540507100159 0.499402531139824745753941215298 0.502195723630935897396909695090 0.497252020841791930738651217325 0.501502141974464188400872899365 0.504294756611905592436073675344 0.497836250071645280979026892965 0.498405081192672905210372391593 0.506160666360713551448213820549 0.503302416869249258368768096261  | 0.711904859835421954805667610344 0.702408304380358727847522004595 
0.072895774353446407545220608881 0.497689968467558141451689834867 0.502532812222640123955841318093 0.500320699445321870335590119794 0.499273506753025508864141102094 0.503704927905601840265603641456 0.506452094881031489315148519381 0.498828660985568939079115580171 0.500859367881300698854829533957 0.505211072400516880698262411897 0.493021589727734799168956669746  | 0.993596277055890375606850284385 0.114271009462296985192963916234 
0.825743985880001196697719478834 0.498808087160593882636305806955 0.504885069483100412668363787816 0.501528153525227504694328217738 0.496075626673970260238633045446 0.506577836119400770620302409952 0.501244052490800728882902603800 0.501574761541331737291216086305 0.504860128625588933104495481530 0.500332418979489434995855390298 0.486598535523226294330356722639  | 0.270394868395682275163949270791 0.963054512763793835183889768814 
