0.986506018308039522857200154249 0.018497207544373339693777325010 0.033899932557824197232321239426 0.300369880840221759044084137713 0.693861341845152135299201745511 0.987545283442469612467107253906  | 161.394745036059248377569019794464 2.207647692236551328903715329943 
0.289003824584013524479075840645 0.515564279433005312469617820170 0.667149134160264667414708128490 0.788495848452982373011366235005 0.365068415608210572464997767383 0.573680801682936891694453152013  | 71.918394219113935150744509883225 176.930887698285829401356750167906 
0.926310965789247764412550623092 0.030138688898472598687305890053 0.494465485144188199306825026724 0.058920807075806713726251473418 0.627350084667300578189497173298 0.012801138269007084069528445980  | 248.093251281161997212620917707682 19.736085133719253548179040080868 
0.431208880205735334278926984553 0.365777724086794653324261616945 0.635278006103266124071637932502 0.034246354269300893768956939311 0.961658300827865963888996247988 0.963384936733991392721065949445  | 189.721862048586416449325042776763 250.254842415541673972256830893457 
0.519721339970725670909246218798 0.027357697967765437496723279764 0.415250168605439506919196901435 0.751181093947283273770665346092 0.374284944981972955702076433226 0.531136791393825968832231865235  | 164.005934030503055964800296351314 151.559199469193174536485457792878 
0.284676977098923367215377311368 0.991702343980189970906735652534 0.461175740130021494245227131614 0.705969636691205826295458791719 0.283010728764062635676168611099 0.147361603365873783388906304026  | 70.270994147065167112486960832030 176.573674723527972219017101451755 
0.086490172479759319656977822888 0.107176684834576985139165117289 0.988930970288376398613650053449 0.806106115292184677301179362985 0.089688581735528849492311564973 0.025602276538014168139056891960  | 10.966336994617030597964912885800 115.826530682729838872546679340303 
0.376114132447466387176859825558 0.695110171854950498193659313984 0.770948732948148585109038322116 0.482703612009611204847203680401 0.114393969728335931357321442192 0.186691797340066800714453165710  | 54.789627284592413047903391998261 90.883248467411235083091014530510 
0.974051301750509135324307408155 0.734110409173297506768562925572 0.170885349635027772308148996672 0.197267931265211693414585170103 0.074518734469814051912806007749 0.296179559590097563059885032999  | 212.259630051353468616071040742099 5.654590349453588515871160780080 
0.994803674327849551950464501715 0.557321467414351845448550193396 0.327930295866618370936862447707 0.017359152076159123367915526615 0.546499738479278351910295441485 0.901055110962710292810129431018  | 300.143007208043343325698515400290 1.567787548357601146165052341530 
0.181827139749436539339910723356 0.526633309144628913855967766722 0.861043018868079990113528765505 0.698807266717453523519054670032 0.339466139070196404325940875424 0.197566669235470504517593326455  | 45.205637535057881848388205980882 203.413119804207639162996201775968 
0.231200793934297266218891309109 0.259189955950324013578267567937 0.011761873134576994459621346323 0.944526837347470782368930031225 0.440658287327233777475044007588 0.038749836518497948745221037825  | 96.566407552690876059386937413365 321.106931320588103062618756666780 
0.697098471032437827510364058980 0.194892374451766881016112620273 0.438010074838054430657052762399 0.959727619799486841856150931562 0.665478741237768400829111214989 0.633415888526511317024869640591  | 245.049391625886556767000001855195 106.478264521395061592556885443628 
0.524917665642876118958781717083 0.470036230553413592048173086368 0.087319872738821135982334453729 0.733821941871124150402749819477 0.827785206502694603791780991742 0.630081680431115676022102434217  | 157.012878471735973562317667528987 142.106181046749611596169415861368 
0.102849837349486827875466588011 0.465069034835561057050767885812 0.600132721261941504131698366109 0.007162369973752302776404121687 0.943544589693866231350227735675 0.949794934130403278871312977572  | 32.221993813791129923629341647029 281.069642266291623400320531800389 
0.855289378545462053438086513779 0.847986728884252971560897549352 0.977169097153799404154028707126 0.861579277944713894932249331760 0.649030294408295072017267557385 0.986852440019516219393835854135  | 328.093107577485739057010505348444 55.511688422031376433096738765016 
0.679015661415028559666495766578 0.500217797403183617177546693711 0.332938658110094154451985559717 0.522975992210124362991052748839 0.448915228490567530528210227203 0.553275908813555483689583525120  | 216.337497626351506596620311029255 102.267079439686895625527540687472 
0.449133636107633016365525691072 0.264074178619883914720389839204 0.083565476896206636325814542943 0.463445989394087543011835350626 0.246733527967119448121025016007 0.666097879158981887037782598782  | 171.274532831622082085232250392437 210.069724338590958723216317594051 
0.529734639492288494899696615903 0.957188746152410341316851827287 0.320767925892866068160458326020 0.073814562382292892017687790940 0.596704804348875073038982463913 0.045765732417248239372042917239  | 168.084194633894156822861987166107 149.214660496649031529159401543438 
0.333840410865183567779013174004 0.549464211990829509701939059596 0.999463740923366095181279433746 0.049776972309158451501787112647 0.352613699050680184932105021289 0.518551007820441944851097559877  | 118.161515572524677963883732445538 235.784596781867406889432459138334 
0.730982996531113649041344615398 0.926251297840229859126282008219 0.488785880924452631468568597484 0.495611608856903251840719804022 0.887382378513678293785460482468 0.589616200410864932379695346754  | 80.697105882896408957094536162913 29.698219679866674880486243637279 
0.433024292412553912789974219777 0.111326897555560244690298077330 0.974564085443966887645217411773 0.712994091832367393735125915555 0.999380862078786513791328616207 0.406296677668518069204139919748  | 50.947868548505063301945483544841 66.708044621293865361622010823339 
0.995183026150587624059085101180 0.512847484401003250731321259082 0.766551946845955067821876127709 0.660007379488831258385062028538 0.231080402153819530752798527828 0.584315948013867436650059516978  | 280.146626348882477941515389829874 1.355990745082775728036494911066 
0.769009426484303260096453414008 0.915604822844731547348828826216 0.600668980338575408950418932363 0.957385397664593851274617009040 0.590930890643186046418122714385 0.431243926309961334020215417695  | 165.102794481927986680602771230042 49.592615997930423077377781737596 
0.124306382014348404396741898381 0.921735431044023112434615541133 0.488383216229346772685460109642 0.365967669087810643091529527737 0.761647915894616778231807074917 0.397236239608651287014140507381  | 28.792911001826244188350756303407 202.835671016615435746643925085664 
0.245991369002474646876521546801 0.388890899847623372487248616380 0.358374572666127266806768147944 0.809981900377756969255926833284 0.449534366411781016736881610996 0.146979231145037414485443605372  | 80.392347242373858762221061624587 246.417278511467628732134471647441 
0.453950609957045392306440589891 0.751226694218880663989068580122 0.317013530050251568503938415233 0.803438609905256284626773322088 0.015653125813299917368226488179 0.081781931145114450387723081803  | 94.875717369429011682768759783357 114.124370500056457444770785514265 
0.614129816647556947550867789687 0.356519765813834932366432894923 0.363382528228272216885841316980 0.482883671739106845599565076554 0.165460878038913739018767046218 0.921459350402899834975301018858  | 208.537701067082906547511811368167 131.028454840244791057557449676096 
0.412104979821160455344397632871 0.061080995761482737016478949954 0.633496071835555452089749906008 0.288129056414541673269980037730 0.955377459442028897917964513908 0.272559638817967297974576013075  | 147.579825114053591050833347253501 210.532384978865508173839771188796 
0.342092096683490276554095999018 0.567876725174102592319513860275 0.678803980546695662212641764199 0.046077242445122235103838193027 0.740403147368640879300016877096 0.135665590453819540073254756862  | 137.755498655278387332145939581096 264.929918490538454989291494712234 
0.681797598193673248800905639655 0.794313367505308676186359662097 0.171125475538710603018444089685 0.697340966019067476366899427376 0.917598930933672063403605534404 0.948186893294828081479863612913  | 152.797100457488511437986744567752 71.312079249660527580090274568647 
0.381053209503030676508217311493 0.156327718587168318364888364158 0.403169418617682850936034810729 0.177123707749724412785496951983 0.065619524114905791734031481610 0.662856597610967601674758498120  | 124.082551113006431364738091360778 201.547959321047670755433500744402 
0.356904446663142804752055781137 0.854523827083248810332349876262 0.967172908503019956860669026355 0.669256341250052178004636971309 0.635553431201157148500158200477 0.158684287491994036045639404620  | 156.555870513347684891414246521890 282.093386947739190873107872903347 
0.782214285330858127842645899364 0.353858705869920520115101680858 0.809579235682651110472818345443 0.319890426642688407987691334711 0.021244768525975898931790197821 0.261570649154831746940885750519  | 226.451729355845969848815002478659 63.049157552735927367848489666358 
0.564193770808801398075615907146 0.594577532342314696300888954283 0.187249097127416663788324058260 0.112640934358689492889027405909 0.531935435478108953333276076592 0.198792337850209333005579992459  | 68.953626079271387538938142824918 53.262586943468548383862071204931 
0.072897400454014715798223278398 0.594898975631712345624180215964 0.913844111432568717567903604504 0.626314902155531871841276370105 0.950033601698394125634195006569 0.418925333534146848712964583683  | 16.516198136947053853873512707651 210.051526282332275741282501257956 
0.759605989564308137218517913425 0.389346857310814975505763868568 0.694126186978220038881204345671 0.847330240537949697099406876077 0.006776590546919702973127641599 0.139245065072041707132655119494  | 178.225577249319144357286859303713 56.403401060271441735949338180944 
0.058246273951239935229295952013 0.251501760078831626543660604511 0.313605645192867044102058571298 0.266884287888565774338189839909 0.693806810287197150977078763390 0.708365868009165899898960105929  | 12.461553893848744678507500793785 201.484387168076750640466343611479 
0.747514564341175580253207044734 0.380627628046685928531189802015 0.566163046188006169323614358291 0.514141806967013281770562116435 0.541610809518431546294436884637 0.062768189999804824275031478464  | 236.641840928686661982283112592995 79.929704586619422457260952796787 
0.086898622561960903176725423691 0.880469256072739958618456057593 0.544810573383178731177167719579 0.747307364320673350732704420807 0.498673597399525214690640950721 0.846981555584280898507643087214  | 30.066828244322852725645134341903 315.932076662189899707300355657935 
0.621447219938722539289699398068 0.766980861276353342859124495590 0.709043231639462812054830465058 0.329793467211774715686090075906 0.058842933567986088760903840011 0.523611532538925894542103378626  | 187.930544964926639295299537479877 114.477348956390486023337871301919 
0.298658172711902869522759829124 0.603022067004417183788689271751 0.653567263310152912758610455057 0.402372053361486403666447131400 0.941746620913959997523079437087 0.450318419482828136146679298690  | 91.444768807091151074928347952664 214.740620250727403117707581259310 
0.034699720989682547589438854629 0.973231077823234591583911878843 0.243416189494644941149203987152 0.805748619675675126217129218276 0.479633959007544352637353313185 0.198802459155026922665854272054  | 7.445271619817815711428465874633 207.117595385123166806806693784893 
0.477295148246840494898890483455 0.714108276269574737682432896690 0.642438523744237932611156338680 0.365333570038016142156322985102 0.033261838078583738642635125871 0.351810782265928434497936905245  | 182.600958440260853876679902896285 199.973553601135336066363379359245 
0.451450180515292176508523880329 0.827918114355359002765055720374 0.204800879793105905513073139446 0.296521434943757156155186294200 0.891190668130408036873291166557 0.895313800995220954170861205057  | 45.122359267897088841436925577000 54.827449626616449052107782335952 
0.156583922559890953429828641674 0.735779594000662062747153413511 0.291754133616733635214757214271 0.905583619623989699576327438990 0.556458171064091566826448342908 0.104545344082359159543216264865  | 32.970100532987189012601447757334 177.588557048072118504933314397931 
0.085015196128005343645384073170 0.008085570584186685394456617360 0.507857025517191917884929353022 0.787250328881021421700836526725 0.495004351132170228311224491335 0.231070719762325405000069622474  | 10.107384633910921678534577949904 108.781768061713918882560392376035 
0.033406288071600842570774148044 0.738189104302447995920033463335 0.200829476149990027167291373189 0.480879968888429543127926990564 0.189800027252503111796499979391 0.611318009484512647766507598135  | 5.150135433589687394828615651932 149.016511951813470204797340556979 
0.258980508206601900411669703317 0.675668376279634053105382918147 0.248289138439421575021981425380 0.856116696190265313859413254249 0.603359796404304260519779745664 0.044434390585636585058182390640  | 94.401413703830314716469729319215 270.110241468772528605768457055092 
0.464863297378831585859870756394 0.031201267275691280111971082079 0.417289098022729176840073250787 0.424209847587785016109762636916 0.502384762503894521934455497103 0.419066188456566734998887113761  | 87.402033516515245992195559665561 100.614602792134007813729112967849 
0.213642976583897525877375755954 0.594936496420230498394232654391 0.145710237792960994873681102035 0.615121724480464981965610604675 0.446742269781789769211854945752 0.219247699720502731146609676216  | 56.588236660128927724144887179136 208.284672175733248877804726362228 
0.001293432918081705018664706586 0.235041973520786595663878415507 0.042586713344654913981912613963 0.324868650787245583089202227711 0.289833931755041240840853333793 0.587484449670514274899346673919  | 0.345204265423750655816803600828 266.544760106075557359872618690133 
0.218314640040238594487220780138 0.038439899989940684577049978543 0.394149385304816357589174913301 0.509216873847750828296909730852 0.429902041674279478122855380207 0.307376391680291849439754514606  | 39.978497660933008717165648704395 143.144803889363316784510971046984 
0.986586883136460590648653123935 0.796716847079667722653084638296 0.787511781770376728672999888659 0.872311587355972140045423657284 0.388805905626513514938835669454 0.476247612538654219171974091296  | 146.653353973621563000051537528634 1.993821941991215096479095336690 
0.561647426139660455035595987283 0.590069356207701067873472311476 0.676632409136268653249146609596 0.458841349842199930364472493238 0.337210471343588835679838666692 0.103251911164277454524551558279  | 137.196775930084442052248050458729 107.078848856574509795791527722031 
0.849973222607218747981505657663 0.965498857239531771412544003397 0.182988374729946334795727125311 0.497416397125980180859983192931 0.907519901461655953411877817416 0.012756079722086810512848842336  | 137.643435676815869328493135981262 24.295119580968169259449496166781 
0.994966388081660157993724169501 0.344039718997631638330858550034 0.691612602302239198870381642337 0.050977927214150065005071610358 0.882423635572211262356745464785 0.624731126348052057117854474200  | 300.099053701930813531362218782306 1.518224325455875378665382413601 
0.462263661126934177758585065021 0.888156594509257324432383029489 0.375977551083449434976557768096 0.467310790563751798920577584795 0.127112183865650041347805654368 0.455530202170889797486097450019  | 140.024228480614027603223803453147 162.885647972262546545607619918883 
0.903215871239171130824274769111 0.441131911067990212238498770603 0.740656688886460523590926641191 0.965368497745585085745290143677 0.165174291160305686254616830411 0.315814277292289280474335555482  | 348.525774729203703827806748449802 37.346291769187402564966760110110 
0.363669753976678777895870098291 0.629437639180698726981688650994 0.962721863063014660077953976725 0.117705327354484801105627411744 0.539222368320133815799977128336 0.206491619998415920633760833880  | 106.664884804769343418229254893959 186.636616456755660919952788390219 
0.006327044836421547024940537085 0.891002254523154957333019865473 0.350974111042415715111530971626 0.273890723573095518084130617353 0.407410296182829978484107869008 0.962753323322462217781492199720  | 1.735036161436616097830665239599 272.490325961636131069099064916372 
0.756050978913304416728635715117 0.150283305480683360144666949054 0.018171834221366922612617145205 0.041906083283999029376332146057 0.302789857808629436775049725838 0.851846189509402051953657064587  | 272.288219651878364402364240959287 87.857097590150331711811304558069 
0.083371011897289459824378354824 0.355584936011677510414585867693 0.046855092883916205082073247468 0.906943089610387054300133513607 0.223631614466207828684218839044 0.160433335246364938697638535814  | 30.487041202003059225944525678642 335.192114036776615648705046623945 
0.932209786958961728053907336289 0.627347493144686407795518334751 0.558927081781783852143519197853 0.919618981522066114564495364903 0.130718851345172915046077832812 0.096924866327855907499611021194  | 258.077717200789152229845058172941 18.767388708992932322416891111061 
0.958970968084063790648485792190 0.614524746197116056301013031771 0.909097651156850816711596507957 0.090006100943150202375875323924 0.944766578139193735630385617696 0.256705100808782393784213127219  | 249.937558237405824002053122967482 10.693437439927542698114848462865 
0.844683082600976797849057220446 0.325867884776264715718241404829 0.649706519018240169494049496279 0.748188069405520628230021884519 0.030577446062809210403088400199 0.541360114450762597293476119376  | 362.952160251186057848826749250293 66.738178915512364142159640323371 
0.106678725115256667343999197328 0.841301501625341119350309782021 0.469034461473062380676424254489 0.243679176097543970236358745751 0.966678848619285102650167118554 0.230295767732821787809882607689  | 45.083781629080831976352783385664 377.528895644404656195547431707382 
0.971006084280209402770367432822 0.813784417923303804442980435851 0.181729607104676671447407443338 0.045749516223518971180794778775 0.034455439815132771208538997598 0.218889410964433372974724534288  | 281.759044685662615847832057625055 8.413230490682845896799335605465 
0.404698785892614987247384306102 0.014912892983582670680675619224 0.053624211906163843366357468767 0.027699226411334598729752087820 0.594455790180940080169591510639 0.949786519189633526849547706661  | 131.316629011344332411681534722447 193.163289359818293178250314667821 
0.161643962235444749175883316639 0.565134369746890241614778460644 0.701267592024175545617481475347 0.525702654167574889854108732834 0.376832850120020768081019468809 0.421393208871699620488016080344  | 35.282077656749798677537910407409 182.988231786415184387806220911443 
0.649372253798047749384636517789 0.308981803855342240794357167033 0.549137372748304541936192890716 0.798226907186455059139973400306 0.336111009189344334124882607284 0.621550421776580264143774456898  | 154.777844793273828827295801602304 83.572106083144632293624454177916 
0.112364927617080057054010922002 0.541800518088373705971605431841 0.865125485779239533634665804129 0.861193573386868083119338734832 0.189176174651075057475679841446 0.941543924281931565722914001526  | 44.193187277320916450662480201572 349.107357781752455139212543144822 
0.917296893975379057373231717065 0.573723281238522564429160865984 0.531227855370449253413767110032 0.325163191341126034394903854263 0.180932332155539388196530126152 0.935280904092411158323727704555  | 277.383208076512914885825011879206 25.008754545741521013724195654504 
0.393836598337173549033707331546 0.913257154172940510683531556424 0.383394996989275926857487775123 0.713173250823129434294855855114 0.523373369267494115142369537352 0.607332847010734644399576609430  | 47.290579208806853728219721233472 72.786070367371394240763038396835 
0.535701278745634557054700053413 0.776730512027960173782048514113 0.851479611831785110354076095973 0.412077060216176294105139277235 0.409027024286228946259313943301 0.428995186833682540239465197374  | 128.505760860225251462907181121409 111.377483699366806035868648905307 
0.564878207026882961372393765487 0.976176015846101585715643977892 0.607840888086194297557085519657 0.054503001446468912760678904306 0.025134924337353536927253117028 0.409760119187368765381052071461  | 137.731778228911508676901576109231 106.093840312532336156436940655112 
0.053709190304830345397135715757 0.240061136684781240013819569867 0.650501751734227418033640333306 0.720586324882392936785890924511 0.853523107659593383012008871447 0.283608506872022214650996829732  | 19.653202299881222359090315876529 346.265594619939520271145738661289 
0.010862187555441438213676974556 0.101655738810642159997144062800 0.670229214916887916508869693644 0.314525975588205164434896232706 0.071082420913445965027221973287 0.342453672178898882449971097230  | 2.858535633890057603423429100076 260.305363838465041226299945265055 
0.625942683489810192121183263225 0.788403857718930067832729946531 0.849787980192390435263405379374 0.113625593951398595748969455599 0.967805825833791821821705525508 0.992398022038017080248550882970  | 155.648648267839320169514394365251 93.014132483991517119648051448166 
0.084494046771164788012242752302 0.332805788009240655078713189141 0.941296484662110244379107371060 0.743723905739986146379294496001 0.310976084851990797197629490256 0.211790302589211498762722385436  | 25.981650166205085383808182086796 281.515163622003967702767113223672 
0.058655737312249711656875206245 0.301739381403592465957785861974 0.214623734045012115601025470824 0.140607248504475146333447810321 0.335653066991481674463670969999 0.657935417409909351071917171794  | 17.715984987205871448168181814253 284.317299376710082015051739290357 
0.815641155164736897376087654266 0.903494066321634647920291172341 0.216701879782244088978870877327 0.254080770427680069367681880976 0.838478659976640505746559028921 0.309338220602600966202544441330  | 198.778339006943355116163729690015 44.929739905278331946192338364199 
0.605432740618243481200977385015 0.063469173980550075420126177050 0.269769403037877331108518319525 0.745367424989337612473150329606 0.530975347229477034893818654382 0.522838800239569856387333857128  | 226.735284382251279566844459623098 147.765909839122286939527839422226 
0.202895490736393901975986864272 0.835434027365849929402941143053 0.107755706091798963974781599973 0.101100975364185496907509786979 0.197236721697017447496591557865 0.370339449521432828582589991129  | 36.278608390242006009884789818898 142.525801005804851229186169803143 
0.263138825623290495414607903513 0.761552281801089470114618507068 0.467233639581719151223637709336 0.718849934454987238297007934307 0.367199506927444185855335945234 0.600086658197357181165898509789  | 71.911575284392583284898137208074 201.372213658791281432058895006776 
0.238068035140093448021048061491 0.336567070363146592093528397527 0.433799871951983329054769455979 0.466505554454712867418209043535 0.015044447682952877265449842525 0.974270286269421248448452388402  | 79.288729283650766888058569747955 253.761985555040382678271271288395 
0.405429446937197957012699589541 0.038186564830092084577017885749 0.400459811879010585400351374119 0.569158550598867551961745903100 0.540107073683968930133403318905 0.819614871939329026062637240102  | 119.985708180980410020310955587775 175.961488273071182675266754813492 
0.423047192753416290145196398953 0.952969830353080138429788803478 0.742032274100591471288623779401 0.012524618587213098841459668620 0.770569104136774374325113967643 0.622058572516584251665960891842  | 144.776558283317626774078235030174 197.446628073350382237549638375640 
0.821355221147874292597634848789 0.571253506208151184964094682073 0.474062845080391093155469661724 0.024873971284998908082286561694 0.943776577924546611342293545022 0.611703644391854317596823875647  | 243.039042373398075369550497271121 52.860997117118614596620318479836 
0.820587702172156263635827144753 0.965172311040445873864257464447 0.780823862093028786546256014844 0.674101694049762278915238766785 0.320608619308528797198221127474 0.683665131140488102623464783392  | 200.579923967234947213000850751996 43.854550783343292152949288720265 
0.777454590334644812799069768516 0.503034254442624062519939798221 0.647543329183376537017124974227 0.713973696743711139234278562071 0.018863788037311479683921788819 0.886291027849184676057348042377  | 147.651595585664693999206065200269 42.265085621542617388968210434541 
0.652462910265163342771188581537 0.321436899879958604131502397649 0.257244784450664232267058650905 0.974798320852563238148036361963 0.908916774712892783227857762540 0.701483579091695563789699008339  | 142.893048675649140477617038413882 76.112578199872217510346672497690 
0.631641984528242717011892182200 0.361371182285458836247471481329 0.082881734806800055892495038279 0.157324397439638885565216241957 0.585533077305163129899767682218 0.549751747349276564946762846375  | 217.661467329549225269147427752614 126.934795523552637064312875736505 
0.297966514582844621550350439065 0.980728419708060683568362492224 0.793131945531956872308398942550 0.398241315146458441098786806833 0.683534375786956083231871161843 0.195842644144543553963444537658  | 25.806407425606202821199985919520 60.802007153244609582998236874118 
0.460613444805448635221978292975 0.833532815920522529573588599305 0.786256542768606792037644481752 0.752531857711001728183930481464 0.996180659645641397581528053706 0.087979258420236572391104346025  | 111.282454204148237408844579476863 130.313737698480878179907449521124 
0.752966536672034614241511008004 0.716749664950133480445515488100 0.143215027428346353133292723214 0.594360229746304313813709541137 0.631190298971076146905545556365 0.118131292847633462272938231763  | 180.496585017961848507184186019003 59.217368029303152354714256944135 
0.791405208225173573133304216753 0.591598648067621302182317322149 0.659150539293791415396128741122 0.855200221147574213276243426662 0.185036026831611244425346285425 0.072306825167307686719198045466  | 235.571299959764388631811016239226 62.090754208495219756969163427129 
0.523388706565029671047284409724 0.590525086500090501395732189849 0.680930899548434220847070719174 0.626632656138540466983499754861 0.260242202137590528110422383179 0.415861000247310763633379337989  | 112.494065375469745049485936760902 102.440005544328840869638952426612 
0.359974257366707628413848851778 0.131639495119923344290668865142 0.994567319324421994508611533092 0.921569836338760550731308285322 0.324427959662887399616693073767 0.595685872720251530232360437367  | 69.431477196473409208010707516223 123.447529498005863501930434722453 
0.060704925384511332353554280417 0.359819227014277709386647075007 0.053183099437072223203415433090 0.082783397772634992328733005706 0.900732495189678017410983557056 0.094885819624011102924043825624  | 15.498688857651012895644271338824 239.813194971885053519145003519952 
0.000000000000000000000000000000 0.500000001651335179708723899239 0.499999999672282979812365510952 0.499999999394189320600645487502 0.500000001007801841979016899131 0.500000001513347447357205055596  | 0.000000000000000000000000000000 0.500000000000621724893790087663 
1.000000000000000000000000000000 0.500000001651335179708723899239 0.499999999672282979812365510952 0.499999999394189320600645487502 0.500000001007801841979016899131 0.500000001513347447357205055596  | 0.500000000000621724893790087663 0.000000000000000000000000000000 
1.000000000000000000000000000000 0.500000001651335179708723899239 0.499999999672282979812365510952 0.499999999394189320600645487502 0.500000001007801841979016899131 0.500000001513347447357205055596  | 0.500000000000621724893790087663 0.000000000000000000000000000000 
0.840172903152306860263820453838 0.499992051683559202146511779574 0.500010452779561020975052088033 0.499992749593311192057853986626 0.499993481427537411754258300789 0.500000985549856835632454021834  | 0.420108724673443123531768605972 0.079917785461799437096708231820 
0.486821197191102505996695981594 0.500000208329006157192964110436 0.500006329243241953719234516029 0.500002127998297241084912911901 0.500018408511488487988572160248 0.500000237179041073787288951280  | 0.243429036993548009171206558676 0.256608838099202984928126625164 
0.508174068203619988537411700236 0.499995438217440635320087949367 0.500006813036629416124867475446 0.499999614834160388543438102715 0.500006792527514343227323934116 0.499998446576043642508579978312  | 0.254092851351209181309798168513 0.245918596004654044229198461835 
0.863915102248820065966583570116 0.499998041827686645621753314117 0.499997775181614700912291482382 0.500004807925202743312809161580 0.499992785837246822566726223158 0.500008198331671649405905100139  | 0.431970446071535063570223655915 0.068044480102450621838983124690 
0.170163048088344842634356268718 0.500001457680824934470820153365 0.499993962001438196907088240550 0.500000462696745584523227989848 0.500061356212051055791789622162 0.500025364560168217309410465532  | 0.085156242248811284123455322970 0.415282855460581357132099356022 
0.320569245303041094885543316195 0.499993989033999386428774869273 0.499993433697520639480416093647 0.499998232113338547666359090726 0.500003200566971339746658031800 0.499993885297363716002649880465  | 0.160288738005772368744317191158 0.339724099639485577206698962982 
0.194247699665243689359783729742 0.500004797250133581343334299163 0.500000748134034278535864359583 0.500008776129726606463066218566 0.499983694315349613823684649105 0.499990322731104996911710713903  | 0.097132675456236203248572280700 0.402912759437611012192093085105 
0.556511167249166938120197301032 0.500005047624440090991981833213 0.500000115239675024803034375509 0.499994840343369550961227787411 0.499971340337963532363119156798 0.499991208380312635028985823737  | 0.278307832234056473641459206192 0.221786053769581659178555810286 
0.455124636818606043142665384948 0.500001289676419546914587499487 0.500002006265301890408636609209 0.499995229484263059571702569883 0.499997641320465535663686296175 0.499991253465441432002336341611  | 0.227567284986741308339119882476 0.272443627578820957158001192511 
0.337367760965083474111736450141 0.499999283565713936727803456961 0.499999901913835587130563453684 0.499993948353430917030948421598 0.500001473349568570370138331782 0.499985461957249299747019222195  | 0.168692231260868047426626503693 0.331332521484629716201908422590 
0.308694588532577807171719541657 0.499997986551165451984957144305 0.500004470896425301518206651963 0.500009827380385130091156042909 0.499994061055037852803195619344 0.500001701461818437444151186355  | 0.154352134449919714542787119171 0.345663545072205424801836670667 
0.912240239344791370434961663705 0.499998813463628011266592920947 0.499991741444378356984401534646 0.499996948833744514484322962744 0.499996448217939870595216689253 0.500005991028846685786390935391  | 0.456131598473826949113885120823 0.043880984616609303161638422353 
0.621010428826900495735685581167 0.500012838418746330404474065290 0.499990717707372633871187872501 0.499989660915038602873039508268 0.499992958519738517342290151646 0.499991800505042438551583927620  | 0.310534323922459443156895986249 0.189512550506145849293915262024 
0.714229611624559890259433814208 0.499993782877826919985864151386 0.499997845245813310466331813586 0.500003310025645686387463229039 0.500002169210864488846368658415 0.499995449965263349945132631547  | 0.357120424030380245739024758223 0.142887442092794803016886362457 
0.880781416431664410104929174850 0.499999852956168278073079136448 0.499995475509791120760638705178 0.499997005779797609736903041266 0.499998093340729976574721149518 0.499998030911739221870959681837  | 0.440393923688977007024902832200 0.059609727016050162440308213263 
0.988459985342462155166742832080 0.499995910077488558975744581403 0.500002945918123109514397128805 0.499992804911008670298855349756 0.500008476917848665443955269438 0.499995925843634780871838074745  | 0.494246159441886601104698684139 0.005770196071634689505280846333 
0.468657353708461787977768153723 0.499999009314369857737148095111 0.500002470922548347687097702874 0.499996989125839230716508154728 0.499991087924648525131487986073 0.499989385248463757971393306434  | 0.234338314274525172375973625094 0.265682249619795529671506528757 
0.289942832657131166484987261356 0.499998112902852009931109478202 0.500006473348407531887005461613 0.500004289431756121508954038291 0.500024085269414775289931185398 0.500005226089849874604453816573  | 0.144990635455743144266449462521 0.355075650463454850491729075657 
0.593581345495574619341994093702 0.500004050226186436134412360843 0.499996856604997985673577431953 0.499994289532077751392336040226 0.499995082008643565441019518403 0.500001172455548092976584939606  | 0.296795623035628453045831065538 0.203212716660149922409672740287 
0.428833433581918166410673620703 0.499998813463628011266592920947 0.499989927605346329286817308457 0.500002231279667475050132452452 0.499999524403205330980171083866 0.500000912205833425439038819604  | 0.214421328139270783719183555149 0.285589425099517513206848207119 
0.256007970237694837400965752749 0.499996247386986669702935159876 0.500002689972859015732353782369 0.499981242633708022893301858858 0.499997084486908882627886896444 0.499982064768640932506116314471  | 0.128021765130223341699888806033 0.372047685876944145277889219869 
0.243339230607462819744313264891 0.500005329256731800846580426878 0.500000107753908462626668551820 0.499996442622359538177079230081 0.499975926809759330105009667022 0.499999933620275838208613095048  | 0.121684527335659070645945689648 0.378376753502167317844140370653 
0.295430298648445721632072036300 0.500015016213201879402561189636 0.500008502729148096577205251378 0.499991634564373566007589033688 0.500034601253140809085095952469 0.499997471436787910281651647892  | 0.147760991206051212065730737777 0.352394178666633028917942738190 
0.347488526596254954093012656813 0.500000059014243714017311503994 0.499991741444378356984401534646 0.499996948833744514484322962744 0.499996448217939870595216689253 0.499991714982483181906047775556  | 0.173749711312105786786830208257 0.326265966943610097317218787794 
0.948988644422867233529927943891 0.500001213702268798577676989225 0.500001502770529460129012022662 0.500007091357219324301297547208 0.499993444670230657855825029401 0.500005912662962903603158792976  | 0.474506687160132278879842715469 0.025506342446461362227783098433 
0.684615593324204296798995983409 0.499998460128570854088536634663 0.500002329995302363663256528525 0.500009234406765701308472671371 0.499998441323580733453013635881 0.499996642637131338826605997383  | 0.342315015028819780162905317411 0.157695528649688304634324254039 
0.211145375847011623759996723493 0.499998813463628011266592920947 0.499990779808509977488739650653 0.499994228160170861574584932896 0.500005761309465168729104789236 0.500000912205833425439038819604  | 0.105575893757908878534124141879 0.394439289309161389418534326978 
0.275753737605531568100047934422 0.499995920170682728311817299982 0.500000932447250634460544915783 0.500000706391936611261428424768 0.500032733389556893754956945486 0.500014501423446611205747558415  | 0.137912261256658202901448362354 0.362216086791131652855568745508 
0.635115088046628306628349491803 0.499998735573919328434300268782 0.499998458335042417211013798806 0.500003468350114221863123020739 0.499985526074675834529159601516 0.500000251166709874794946699694  | 0.317571690201196410452411100778 0.182450583207432182053508995523 
0.869902391476523040303447942279 0.500010934025413744663524084899 0.499995005340584941500026161521 0.500005353199978297418226702575 0.500008476917848665443955269438 0.499994626553999954587936827011  | 0.434974722587367523818357994969 0.065052322802249207267522024267 
0.225906041613388952615792959477 0.500011888396932890898938239843 0.499998458335042417211013798806 0.499993413774080186495751831899 0.500035185824391437137137472746 0.500010536586021125948775534198  | 0.112987288218577341947224113028 0.387164400561581634185870370857 
0.924697540922220229120398471423 0.500000755872357149911522355978 0.500002988827360828061330266792 0.499999980388939391229286002272 0.500004634785604418212301425228 0.499999933620275838208613095048  | 0.462351600206977630946880708507 0.037651459978371944192776510363 
0.667979691186635138322458260518 0.499995223643769026722338821855 0.500003264093789256961031242099 0.499998529789783041632489357653 0.499969659741499761196337203728 0.500000660865858481685108927195  | 0.334052943078439135149437788641 0.166041517106434860506780637479 
0.098898424224578521113393492215 0.500001164619722326953876745392 0.500006040857222888718069953029 0.500006475062837019152084394591 0.499988392812872439741056496132 0.499987110668797474222202481542  | 0.049452929341665598228505729139 0.450584656994067078716881269429 
0.729108450828934162579741951049 0.500000001651335179708723899239 0.499993034812759085117050972258 0.500010279637171706212939170655 0.500019070337116011693012751493 0.500001745785394358101427769725  | 0.364591729168645350966926343972 0.135459708658108191059454838978 
0.404497751712338760032849904746 0.499988774433288318821411166937 0.499995050142735319997910892198 0.499999579936810267799529583499 0.500003165808615479548393523146 0.499995417978014777826700765218  | 0.202256133743618199405389646017 0.297761809217543138572636962635 
0.890579633450614194245531507477 0.499993144724544591461778964003 0.500005706661515891831015778735 0.500015124980527803089103144885 0.499993022298849509876816910037 0.499991567781437329376359457456  | 0.445327465804215449907133006491 0.054714808999175773562839708575 
0.614353851447269283525542959978 0.499999034087708960072404806851 0.500006554881215925512094599981 0.500010673852509857084669420146 0.499989130137194703884517821280 0.499991430435292372180811071303  | 0.307198123409203882605567059727 0.192836380623804620748629190530 
0.543212991601855987866542818665 0.500002875019460835126494657743 0.499997681771469804079544019260 0.500015124980527803089103144885 0.499993022298849509876816910037 0.499991567781437329376359457456  | 0.271625924019264941566831339514 0.228409841359393739335104100974 
0.386272776517953442265707053593 0.499995438217440635320087949367 0.500003193354634056788654561387 0.499999614834160388543438102715 0.500010060492348751282065677515 0.499998446576043642508579978312  | 0.193141529250034860165641248386 0.306871779974354386144597128805 
0.165153245088867139944710515920 0.499997597098737422971481692002 0.499984946416537900937271388102 0.500010818633800369070740998723 0.500017255159104667683322986704 0.499996232010984587024182701498  | 0.082587408242466062158193551568 0.417477898969794258832166633510 
0.765041974275201708266536115843 0.499996653809343105656637362699 0.499999574869940510701837865781 0.500002724606217974212540866574 0.500013242172256511253181088250 0.500004296762423194877555943094  | 0.382537049373444959510237595168 0.117483945861305810742791777557 
0.571395881905853442184195500886 0.499996119008999317934183181933 0.500007969725926759707590463222 0.500006751893236067729731075815 0.499990426755525407820357486344 0.499990861267608832640974014794  | 0.285714830080950943358431004526 0.214314727583986897041512520445 
0.975255207725669204243956755818 0.499996119008999317934183181933 0.500008345366185769087508106168 0.499995750634517455157634913121 0.499990426755525407820357486344 0.499990861267608832640974014794  | 0.487654369027704093220165759703 0.012373075239865529220684159384 
0.660276426583241593526452106744 0.500004610281623351752955386473 0.500001812727498773369916307274 0.500006104769290304901119270653 0.500007731046653192130690968042 0.500014832969981060095676639321  | 0.330160485174694318111221491563 0.169873245975134506968728942411 
0.375159474399875958461336722394 0.500000132640857741783690926241 0.499999190725445796790182839686 0.499988239974098247486722357280 0.500024953724805709676104470418 0.500009926819884431559160020697  | 0.187611603777948443561029989723 0.312473337640794712743996797144 
0.584200560938933355359381494054 0.500000347705490288952034916292 0.500002143091099471305938095611 0.500000756793696043978059151414 0.499967136267934653126587818406 0.500001427474915938198307685525  | 0.292163006889196386062224064517 0.207944364489613842117421427247 
0.752181367176388171458256692858 0.500000001651335179708723899239 0.499998073978018431340331062529 0.500010279637171706212939170655 0.500019070337116011693012751493 0.500001745785394358101427769725  | 0.376126046328682850372615575907 0.123920967253455596712719000152 
0.960146285625487760917451396381 0.499994010472786964971447787320 0.499990162221659151242647567415 0.500001186605702918619442698400 0.500011839177339822981593897566 0.499995417978014777826700765218  | 0.480101133322867690278457075692 0.019928019016252775108544170735 
0.942257060548001845745602622628 0.499999897900601231182093897587 0.499986186401113141819507745822 0.500005042193594650967725101509 0.499991948757167015138236365601 0.500010755212606627928551006335  | 0.471165445240591174158595322297 0.028873731931048994547861497040 
0.355411387052231075855956987652 0.499986780373047667858088516368 0.500002143091099471305938095611 0.499991675896304887949384010426 0.499991930303846865424333145711 0.499988471814595381026435916283  | 0.177721369307179494212434178735 0.322322736710902724155403120676 
0.783798030991166405634373859357 0.499991665466983925547594935779 0.499993707590937530582664294343 0.500005851358763964142895019904 0.500000542003592007844758882129 0.499992964600802836105941651113  | 0.391913959907807141203051060074 0.108105106754308663563612924463 
0.122247728954014783786519160458 0.500000463442575315831106763653 0.499996200985594274612822118797 0.500002909860509547890217163513 0.499998834222825150330749011118 0.500003371302504051598702972115  | 0.061124297110322731163556397860 0.438879241878246117991579922091 
0.774050981384983738387006724224 0.500001002435857322403478519846 0.499997519499406239962269182797 0.499997837933612299110563981230 0.499998935631916219257675493282 0.500009236629948450314486763091  | 0.387033002710763740505939267678 0.112976702099969059100992296862 
0.517318801736968425508678137703 0.500000315707188947023098535283 0.500000159412575584383375826292 0.499998512068504485927888936203 0.499997231455013346756999226272 0.499998649136469242026947767954  | 0.258660005116008673287097963112 0.241341162921036217481329799739 
0.441473130593809215405087797990 0.499993849033922244107230881127 0.500003193354634056788654561387 0.500002390414037489740906039515 0.499999804224559918353065768315 0.499997110951247880628045550111  | 0.220739273814598263578901082838 0.279266861366698093682714443275 
0.792994745101097242567789180612 0.500013847935037558656290457293 0.499994995039269307657292529257 0.500002849637526614046123540902 0.499999883336895045715664309682 0.499990791804021783573119819266  | 0.396521626757812273300629613004 0.103508958826031116640109530636 
0.934210529538921696790509940911 0.499997907707832700552330607024 0.499993307402419984164509969560 0.500005462565717206935289596004 0.500026645985023332485752689536 0.499996692906954587343193452398  | 0.467179060144844782165307606192 0.032899932087688023296667694240 
0.043694117270291994714614958184 0.499998215252802247210439645642 0.500004667189972273888542986242 0.499996058256963360477698188333 0.500023953776942531312954542955 0.500013113554098498347855183965  | 0.021850451023067075928540958785 0.478227188442678252666695470907 
0.015822296349174230778444893986 0.500005726502247394016364978597 0.500003434590808204518452839693 0.499994536903178132813962974978 0.499980858452361065502600467880 0.499989041878154960585334265488  | 0.007912024540390650770294023175 0.492143363488261820215541320067 
0.135731499769498220597796489528 0.499999439511385368462015321711 0.499985079289639366972863854244 0.499997742843528492073801317019 0.499997206689735740336999469946 0.499977923482954500489228166771  | 0.067875443052596948212418226376 0.432195971231222886288492190943 
0.363510753491262772474357234387 0.500000614526972086970602049405 0.499997917349394749297886164641 0.499998553069287421379840452573 0.500021691076585006463517402153 0.499997277382280003177328353559  | 0.181772776036508404429170582262 0.318275088547165962982177234153 
0.758089389247103451197062895517 0.500004966177932885784684913233 0.500000640550956720886688344763 0.500001518394613819751270966663 0.499969860208908267740213204888 0.499987515423330086683506578993  | 0.379126413727505773287873580557 0.120981382404603668434539542886 
0.421781868976991325403957944218 0.500012323628683974519049115770 0.500006977862856749617037621647 0.499993134642195136141396005769 0.500028396337823033412917084206 0.499997925159316347620830356391  | 0.210935014110347679450185864880 0.289169493989914982989830605220 
0.010334581956008328726404066344 0.499996753792910031410912097272 0.499985598138557862935016373740 0.499997712768732338606270104719 0.500004766973604186652835323912 0.499997471436787910281651647892  | 0.005167548450489931055606973587 0.494857365231249901604826391122 
0.077778737951559151486691234823 0.499999078729489176975420150484 0.499990224148542883320089913468 0.500003433881098469093728908774 0.500002292201739972909990683547 0.499993726458500875597934509642  | 0.038890542678516687447043409520 0.461124547598955381033647427103 
0.441267453691333300103138981285 0.500008786926570136799341526057 0.500006040857222888718069953029 0.500006475062837019152084394591 0.499992202765198345826291870253 0.499995856296366003590492255171  | 0.220643905404623724697543707407 0.279379161238682838241942363311 
0.153845924925051169562806308022 0.499998264180032014891708058713 0.499990666884172596517998954369 0.499999332733075840806691303442 0.500000699780137725092288292217 0.500005303771610232210775848216  | 0.076924773083243289106825102408 0.423086995968933954337387604028 
0.741079714799917965706299582962 0.500006126630175629088626010343 0.499999419870451877745409774434 0.499985235340662637071318386006 0.500009536365032203342195771256 0.499989247546436255120738678670  | 0.370573697041527372331159995156 0.129471965578690922926696771356 
0.648061831734238369406853053079 0.500004967172629877225631389592 0.499990468179813796201216291593 0.500006307267005567496198636945 0.499991411581420852616730599038 0.499983342788156592817472301249  | 0.324063330748095235200878505566 0.175986687443670963837405452068 
0.652711961420587627458189672325 0.500001002435857322403478519846 0.499997519499406239962269182797 0.500002704164301037259576787619 0.499998935631916219257675493282 0.499991152648563086380306685896  | 0.326362031452766321315550612780 0.173647238704408901632803008397 
0.730766978608318074073224579479 0.500009466600315199968918022932 0.500007469429410766892374340387 0.499999848751404130098308087327 0.500004566833292973804248049419 0.500005057021792098659318526188  | 0.365397334075502122630041412776 0.134621611459460943649446562631 
0.897150209604677284502827205870 0.499999584115869755152061770787 0.500001890257057435285048541118 0.500001635135245980912088725745 0.500006089290180755213555130467 0.499987770288928490280966343562  | 0.448592208435397044041792469216 0.051426855967503716515754064176 
0.578505306749337755434225982754 0.499995324402886909265220083398 0.500000599419357927288842802227 0.500017733234251582352669629472 0.499999047141004349104065340725 0.499988085602216358882543545405  | 0.289280047657677230610318019899 0.210767305897577555962030260162 
0.026752853282488105873815342761 0.499998776313759663025848567486 0.499986899895374037328110716771 0.500001748110701527139099198394 0.499993132689107167010433840915 0.499997912850964121300734177566  | 0.013377028118007387724741619195 0.486645454596527138324546513104 
0.107188828947466230356866390139 0.500001213702268798577676989225 0.500002371777314102985201316187 0.500007091357219324301297547208 0.499987340300221627664711832040 0.500005912662962903603158792976  | 0.053597088252552625708968747631 0.446427856313460102999357559383 
0.412462898850436132658359156267 0.500004630942502914514591338957 0.499996484234177862582271245628 0.500009477336061936014743878332 0.500000643205818273706597665296 0.499998547924295377864467582185  | 0.206236587332277065964802886811 0.293775869320365645709358659587 
0.262519346077713877640746886755 0.500014455540937041710947141837 0.500007288125895787977981399308 0.499993948353430917030948421598 0.499971074565304707260082750508 0.499995852813246433044014338520  | 0.131289551118742686686147180808 0.368824261750031190398857461332 
0.477640265649392659064176314132 0.499999422587828201702819796992 0.499999792588406710702741975183 0.499997681563422613493230528547 0.500000894398673567664559413970 0.499999194887688458432961624567  | 0.238820472400460143136413648790 0.261180238544131915201518268077 
0.378633312806005761785854701884 0.500000471171815674686911279423 0.500000524553636083169294579420 0.500002127998297241084912911901 0.499986352727270266793624386992 0.500008409275340404143150863092  | 0.189326451807910134395029899679 0.310699418617580602752781260278 
0.743214624900250142580659939995 0.499999699330986258072329064817 0.500006979324680744802833487483 0.500011935508314686593678288773 0.500015400954381905584966716560 0.499997551139788165563970778749  | 0.371639196081276101946144763133 0.128403703547018077646413303228 
0.603864483074364910564213460020 0.500001931659614151648440838471 0.500003661419390343922941610799 0.499999652614119660665181754666 0.500003904263769172189313394483 0.499999714417432572499677689848  | 0.301934184425058205203384886772 0.198069032998602595485593269586 
0.145922098960321600102929551213 0.500001983556005447084658044332 0.500000920636299861499196595105 0.500009827380385130091156042909 0.499993387275565359662010678221 0.500001701461818437444151186355  | 0.072963181794957573944593320903 0.427051430897787132057175085720 
0.814868803098751093294538350165 0.500001164619722326953876745392 0.500006040857222888718069953029 0.500006475062837019152084394591 0.499988392812872439741056496132 0.499987110668797474222202481542  | 0.407465029481786922271879802793 0.092572556853945775490188907497 
0.023468689576809077107499845738 0.500000132640857741783690926241 0.499990652052639705793524171895 0.499988239974098247486722357280 0.500024953724805709676104470418 0.499998978164031049331583744788  | 0.011736313297048073592265815535 0.488347564783877308158821506368 
0.081303749036142014539052524924 0.499986404053346933373802585265 0.500008576645165403462556241720 0.500001177530830842599129937298 0.499990543347379079452963424046 0.500001867315959747095632792480  | 0.040654706225909734151890972953 0.459380122522730971468263305724 
0.540228410560232630288624022796 0.500006965863968422247864964447 0.499998603959300291776912672503 0.500008974128410166315461538034 0.500003434430180027092660566268 0.500004900255713979895233478601  | 0.270123104095270516467053312226 0.229893368224548755307523606461 
0.129355501512328163737919339837 0.499994352324128310538497999005 0.500007930879893480735631783318 0.500008222089850518088383068971 0.499976432225140487997094851380 0.499993629344410217552052699830  | 0.064687438354319601319097898795 0.435387452918508055521584765302 
0.604647281803586844617370843480 0.499998257891336728153675039721 0.499998586507988951321834747432 0.499989384051466700942256693452 0.499993988891635543492242277352 0.499986650846326485808646111764  | 0.302343467324510506433199452658 0.197689322738909517562788664691 
0.267552556136679775544706672008 0.499991777942460413619585324341 0.500001060657263463049559959472 0.499985704898899208092899471012 0.499988510961362764284388049418 0.499976355552333662224384625006  | 0.133801750278407904914956816356 0.366293454231822968036880183718 
0.198438073961164224146003220994 0.499998970613500515192129114439 0.499987129878170455388186610435 0.499996130558674367616589506724 0.500013790587119699715401566209 0.499992802504249822526105617726  | 0.099227338518332361405605013260 0.400814495881611831951119029327 
0.035111471042143627130371896783 0.500002661904077272403412735002 0.499986456196418294073424704038 0.500002654823950343221383718628 0.499996711053654507850296795368 0.499994667710684737027548862898  | 0.017556556600365626208404279396 0.482466828329671193476002599709 
0.640425891047564865843355619290 0.499991900350839735267527430551 0.499995202298116891981294429570 0.500003226051223159664971262828 0.499988249606800105873105621868 0.500014826652924626593232915184  | 0.320241841623603806787912162690 0.179803278506961344840320293770 
0.090602753138970898438842027645 0.499995170491329798956314789393 0.499983904122062283725824727298 0.499994145995717564900928664429 0.500008858456271854109331798099 0.500001839535959002880360912968  | 0.045304942055732176642290909285 0.454734410901249774816790250043 
0.802130646198603969310170214158 0.499999283565713936727803456961 0.500002145590244251316391910223 0.500002341049676224393749635055 0.500002833550353575908786751825 0.499995700161431078090146229442  | 0.401068262873062408857549598906 0.098935402083231621661596477679 
0.068698306222573779500351065508 0.500001836229433282987599795888 0.499999419870451877745409774434 0.500001991672928247645302235469 0.500030935176819957277416506258 0.499989247546436255120738678670  | 0.034356481358780444068656834133 0.465750191540400093614948673348 
0.115461040863338706974339231692 0.500011487582125324635740071244 0.500006813036629416124867475446 0.499990487410474526708270559539 0.500036766868440119004901589506 0.500015454301036998963070345781  | 0.057751721288186459724034449437 0.442431897847398836187693405009 
