0	0.00537154
1	0.00356539
2	0.00253596
3	0.00224229
4	0.00203384
5	0.00193208
6	0.00176739
7	0.00158325
8	0.00152951
9	0.00147792
10	0.00142091
11	0.00136528
12	0.00136528
13	0.00136528
14	0.00136528
15	0.00136528
16	0.00136528
17	0.00136528
18	0.00136528
19	0.00136528
20	0.00136528
21	0.00136528
22	0.00136528
23	0.00136528
24	0.00136528
25	0.00136528
26	0.00136528
27	0.00136528
28	0.00136528
29	0.00136528
30	0.00136528
31	0.00136528
32	0.00136528
33	0.00136528
34	0.00136528
35	0.00136528
36	0.00136528
37	0.00136528
38	0.00136528
39	0.00136528
40	0.00136528
41	0.00136528
42	0.00136528
43	0.00136528
44	0.00136528
45	0.00136528
46	0.00136528
47	0.00136528
48	0.00136528
49	0.00136528
50	0.00136528
51	0.00136528
52	0.00136528
53	0.00136528
54	0.00136528
55	0.00136528
56	0.00136528
57	0.00136528
58	0.00136528
59	0.00136528
60	0.00136528
61	0.00136528
62	0.00136528
63	0.00136528
64	0.00136528
65	0.00136528
66	0.00136528
67	0.00136528
68	0.00136528
69	0.00136528
70	0.00136528
71	0.00136528
72	0.00136528
73	0.00136528
74	0.00136528
75	0.00136528
76	0.00136528
77	0.00136528
78	0.00136528
79	0.00136528
80	0.00136528
81	0.00136528
82	0.00136528
83	0.00136528
84	0.00136528
85	0.00136528
86	0.00136528
87	0.00136528
88	0.00136528
89	0.00136528
90	0.00136528
91	0.00136528
92	0.00136528
93	0.00136528
94	0.00136528
95	0.00136528
96	0.00136528
97	0.00136528
98	0.00136528
99	0.00136528
100	0.00136528
101	0.00136528
102	0.00136528
103	0.00136528
104	0.00136528
105	0.00136528
106	0.00136528
107	0.00136528
108	0.00136528
109	0.00136528
110	0.00136528
111	0.00136528
112	0.00136528
113	0.00136528
114	0.00136528
115	0.00136528
116	0.00136528
117	0.00136528
118	0.00136528
119	0.00136528
120	0.00136528
121	0.00136528
122	0.00136528
123	0.00136528
124	0.00136528
125	0.00136528
126	0.00136528
127	0.00136528
128	0.00136528
129	0.00136528
130	0.00136528
131	0.00136528
132	0.00136528
133	0.00136528
134	0.00136528
135	0.00136528
136	0.00136528
137	0.00136528
138	0.00136528
139	0.00136528
140	0.00136528
141	0.00136528
142	0.00136528
143	0.00136528
144	0.00136528
145	0.00136528
146	0.00136528
147	0.00136528
148	0.00136528
149	0.00136528
150	0.00136528
151	0.00136528
152	0.00136528
153	0.00136528
154	0.00136528
155	0.00136528
156	0.00136528
157	0.00136528
158	0.00136528
159	0.00136528
160	0.00136528
161	0.00136528
162	0.00136528
163	0.00136528
164	0.00136528
165	0.00136528
166	0.00136528
167	0.00136528
168	0.00136528
169	0.00136528
170	0.00136528
171	0.00136528
172	0.00136528
173	0.00136528
174	0.00136528
175	0.00136528
176	0.00136528
177	0.00136528
178	0.00136528
179	0.00136528
180	0.00136528
181	0.00136528
182	0.00136528
183	0.00136528
184	0.00136528
185	0.00136528
186	0.00136528
187	0.00136528
188	0.00136528
189	0.00136528
190	0.00136528
191	0.00136528
192	0.00136528
193	0.00136528
194	0.00136528
195	0.00136528
196	0.00136528
197	0.00136528
198	0.00136528
199	0.00136528
200	0.00136528
201	0.00136528
202	0.00136528
203	0.00136528
204	0.00136528
205	0.00136528
206	0.00136528
207	0.00136528
208	0.00136528
209	0.00136528
210	0.00136528
211	0.00136528
212	0.00136528
213	0.00136528
214	0.00136528
215	0.00136528
216	0.00136528
217	0.00136528
218	0.00136528
219	0.00136528
220	0.00136528
221	0.00136528
222	0.00136528
223	0.00136528
224	0.00136528
225	0.00136528
226	0.00136528
227	0.00136528
228	0.00136528
229	0.00136528
230	0.00136528
231	0.00136528
232	0.00136528
233	0.00136528
234	0.00136528
235	0.00136528
236	0.00136528
237	0.00136528
238	0.00136528
239	0.00136528
240	0.00136528
241	0.00136528
242	0.00136528
243	0.00136528
244	0.00136528
245	0.00136528
246	0.00136528
247	0.00136528
248	0.00136528
249	0.00136528
250	0.00136528
251	0.00136528
252	0.00136528
253	0.00136528
254	0.00136528
255	0.00136528
256	0.00136528
257	0.00136528
258	0.00136528
259	0.00136528
260	0.00136528
261	0.00136528
262	0.00136528
263	0.00136528
264	0.00136528
265	0.00136528
266	0.00136528
267	0.00136528
268	0.00136528
269	0.00136528
270	0.00136528
271	0.00136528
272	0.00136528
273	0.00136528
274	0.00136528
275	0.00136528
276	0.00136528
277	0.00136528
278	0.00136528
279	0.00136528
280	0.00136528
281	0.00136528
282	0.00136528
283	0.00136528
284	0.00136528
285	0.00136528
286	0.00136528
287	0.00136528
288	0.00136528
289	0.00136528
290	0.00136528
291	0.00136528
292	0.00136528
293	0.00136528
294	0.00136528
295	0.00136528
296	0.00136528
297	0.00136528
298	0.00136528
299	0.00136528
300	0.00136528
301	0.00136528
302	0.00136528
303	0.00136528
304	0.00136528
305	0.00136528
306	0.00136528
307	0.00136528
308	0.00136528
309	0.00136528
310	0.00136528
311	0.00136528
312	0.00136528
313	0.00136528
314	0.00136528
315	0.00136528
316	0.00136528
317	0.00136528
318	0.00136528
319	0.00136528
320	0.00136528
321	0.00136528
322	0.00136528
323	0.00136528
324	0.00136528
325	0.00136528
326	0.00136528
327	0.00136528
328	0.00136528
329	0.00136528
330	0.00136528
331	0.00136528
332	0.00136528
333	0.00136528
334	0.00136528
335	0.00136528
336	0.00136528
337	0.00136528
338	0.00136528
339	0.00136528
340	0.00136528
341	0.00136528
342	0.00136528
343	0.00136528
344	0.00136528
345	0.00136528
346	0.00136528
347	0.00136528
348	0.00136528
349	0.00136528
350	0.00136528
351	0.00136528
352	0.00136528
353	0.00136528
354	0.00136528
355	0.00136528
356	0.00136528
357	0.00136528
358	0.00136528
359	0.00136528
360	0.00136528
361	0.00136528
362	0.00136528
363	0.00136528
364	0.00136528
365	0.00136528
366	0.00136528
367	0.00136528
368	0.00136528
369	0.00136528
370	0.00136528
371	0.00136528
372	0.00136528
373	0.00136528
374	0.00136528
375	0.00136528
376	0.00136528
377	0.00136528
378	0.00136528
379	0.00136528
380	0.00136528
381	0.00136528
382	0.00136528
383	0.00136528
384	0.00136528
385	0.00136528
386	0.00136528
387	0.00136528
388	0.00136528
389	0.00136528
390	0.00136528
391	0.00136528
392	0.00136528
393	0.00136528
394	0.00136528
395	0.00136528
396	0.00136528
397	0.00136528
398	0.00136528
399	0.00136528
400	0.00136528
401	0.00136528
402	0.00136528
403	0.00136528
404	0.00136528
405	0.00136528
406	0.00136528
407	0.00136528
408	0.00136528
409	0.00136528
410	0.00136528
411	0.00136528
412	0.00136528
413	0.00136528
414	0.00136528
415	0.00136528
416	0.00136528
417	0.00136528
418	0.00136528
419	0.00136528
420	0.00136528
421	0.00136528
422	0.00136528
423	0.00136528
424	0.00136528
425	0.00136528
426	0.00136528
427	0.00136528
428	0.00136528
429	0.00136528
430	0.00136528
431	0.00136528
432	0.00136528
433	0.00136528
434	0.00136528
435	0.00136528
436	0.00136528
437	0.00136528
438	0.00136528
439	0.00136528
440	0.00136528
441	0.00136528
442	0.00136528
443	0.00136528
444	0.00136528
445	0.00136528
446	0.00136528
447	0.00136528
448	0.00136528
449	0.00136528
450	0.00136528
451	0.00136528
452	0.00136528
453	0.00136528
454	0.00136528
455	0.00136528
456	0.00136528
457	0.00136528
458	0.00136528
459	0.00136528
460	0.00136528
461	0.00136528
462	0.00136528
463	0.00136528
464	0.00136528
465	0.00136528
466	0.00136528
467	0.00136528
468	0.00136528
469	0.00136528
470	0.00136528
471	0.00136528
472	0.00136528
473	0.00136528
474	0.00136528
475	0.00136528
476	0.00136528
477	0.00136528
478	0.00136528
479	0.00136528
480	0.00136528
481	0.00136528
482	0.00136528
483	0.00136528
484	0.00136528
485	0.00136528
486	0.00136528
487	0.00136528
488	0.00136528
489	0.00136528
490	0.00136528
491	0.00136528
492	0.00136528
493	0.00136528
494	0.00136528
495	0.00136528
496	0.00136528
497	0.00136528
498	0.00136528
499	0.00136528
500	0.00136528
501	0.00136528
502	0.00136528
503	0.00136528
504	0.00136528
505	0.00136528
506	0.00136528
507	0.00136528
508	0.00136528
509	0.00136528
510	0.00136528
511	0.00136528
512	0.00136528
513	0.00136528
514	0.00136528
515	0.00136528
516	0.00136528
517	0.00136528
518	0.00136528
519	0.00136528
520	0.00136528
521	0.00136528
522	0.00136528
523	0.00136528
524	0.00136528
525	0.00136528
526	0.00136528
527	0.00136528
528	0.00136528
529	0.00136528
530	0.00136528
531	0.00136528
532	0.00136528
533	0.00136528
534	0.00136528
535	0.00136528
536	0.00136528
537	0.00136528
538	0.00136528
539	0.00136528
540	0.00136528
541	0.00136528
542	0.00136528
543	0.00136528
544	0.00136528
545	0.00136528
546	0.00136528
547	0.00136528
548	0.00136528
549	0.00136528
550	0.00136528
551	0.00136528
552	0.00136528
553	0.00136528
554	0.00136528
555	0.00136528
556	0.00136528
557	0.00136528
558	0.00136528
559	0.00136528
560	0.00136528
561	0.00136528
562	0.00136528
563	0.00136528
564	0.00136528
565	0.00136528
566	0.00136528
567	0.00136528
568	0.00136528
569	0.00136528
570	0.00136528
571	0.00136528
572	0.00136528
573	0.00136528
574	0.00136528
575	0.00136528
576	0.00136528
577	0.00136528
578	0.00136528
579	0.00136528
580	0.00136528
581	0.00136528
582	0.00136528
583	0.00136528
584	0.00136528
585	0.00136528
586	0.00136528
587	0.00136528
588	0.00136528
589	0.00136528
590	0.00136528
591	0.00136528
592	0.00136528
593	0.00136528
594	0.00136528
595	0.00136528
596	0.00136528
597	0.00136528
598	0.00136528
599	0.00136528
600	0.00136528
601	0.00136528
602	0.00136528
603	0.00136528
604	0.00136528
605	0.00136528
606	0.00136528
607	0.00136528
608	0.00136528
609	0.00136528
610	0.00136528
611	0.00136528
612	0.00136528
613	0.00136528
614	0.00136528
615	0.00136528
616	0.00136528
617	0.00136528
618	0.00136528
619	0.00136528
620	0.00136528
621	0.00136528
622	0.00136528
623	0.00136528
624	0.00136528
625	0.00136528
626	0.00136528
627	0.00136528
628	0.00136528
629	0.00136528
630	0.00136528
631	0.00136528
632	0.00136528
633	0.00136528
634	0.00136528
635	0.00136528
636	0.00136528
637	0.00136528
638	0.00136528
639	0.00136528
640	0.00136528
641	0.00136528
642	0.00136528
643	0.00136528
644	0.00136528
645	0.00136528
646	0.00136528
647	0.00136528
648	0.00136528
649	0.00136528
650	0.00136528
651	0.00136528
652	0.00136528
653	0.00136528
654	0.00136528
655	0.00136528
656	0.00136528
657	0.00136528
658	0.00136528
659	0.00136528
660	0.00136528
661	0.00136528
662	0.00136528
663	0.00136528
664	0.00136528
665	0.00136528
666	0.00136528
667	0.00136528
668	0.00136528
669	0.00136528
670	0.00136528
671	0.00136528
672	0.00136528
673	0.00136528
674	0.00136528
675	0.00136528
676	0.00136528
677	0.00136528
678	0.00136528
679	0.00136528
680	0.00136528
681	0.00136528
682	0.00136528
683	0.00136528
684	0.00136528
685	0.00136528
686	0.00136528
687	0.00136528
688	0.00136528
689	0.00136528
690	0.00136528
691	0.00136528
692	0.00136528
693	0.00136528
694	0.00136528
695	0.00136528
696	0.00136528
697	0.00136528
698	0.00136528
699	0.00136528
700	0.00136528
701	0.00136528
702	0.00136528
703	0.00136528
704	0.00136528
705	0.00136528
706	0.00136528
707	0.00136528
708	0.00136528
709	0.00136528
710	0.00136528
711	0.00136528
712	0.00136528
713	0.00136528
714	0.00136528
715	0.00136528
716	0.00136528
717	0.00136528
718	0.00136528
719	0.00136528
720	0.00136528
721	0.00136528
722	0.00136528
723	0.00136528
724	0.00136528
725	0.00136528
726	0.00136528
727	0.00136528
728	0.00136528
729	0.00136528
730	0.00136528
731	0.00136528
732	0.00136528
733	0.00136528
734	0.00136528
735	0.00136528
736	0.00136528
737	0.00136528
738	0.00136528
739	0.00136528
740	0.00136528
741	0.00136528
742	0.00136528
743	0.00136528
744	0.00136528
745	0.00136528
746	0.00136528
747	0.00136528
748	0.00136528
749	0.00136528
750	0.00136528
751	0.00136528
752	0.00136528
753	0.00136528
754	0.00136528
755	0.00136528
756	0.00136528
757	0.00136528
758	0.00136528
759	0.00136528
760	0.00136528
761	0.00136528
762	0.00136528
763	0.00136528
764	0.00136528
765	0.00136528
766	0.00136528
767	0.00136528
768	0.00136528
769	0.00136528
770	0.00136528
771	0.00136528
772	0.00136528
773	0.00136528
774	0.00136528
775	0.00136528
776	0.00136528
777	0.00136528
778	0.00136528
779	0.00136528
780	0.00136528
781	0.00136528
782	0.00136528
783	0.00136528
784	0.00136528
785	0.00136528
786	0.00136528
787	0.00136528
788	0.00136528
789	0.00136528
790	0.00136528
791	0.00136528
792	0.00136528
793	0.00136528
794	0.00136528
795	0.00136528
796	0.00136528
797	0.00136528
798	0.00136528
799	0.00136528
800	0.00136528
801	0.00136528
802	0.00136528
803	0.00136528
804	0.00136528
805	0.00136528
806	0.00136528
807	0.00136528
808	0.00136528
809	0.00136528
810	0.00136528
811	0.00136528
812	0.00136528
813	0.00136528
814	0.00136528
815	0.00136528
816	0.00136528
817	0.00136528
818	0.00136528
819	0.00136528
820	0.00136528
821	0.00136528
822	0.00136528
823	0.00136528
824	0.00136528
825	0.00136528
826	0.00136528
827	0.00136528
828	0.00136528
829	0.00136528
830	0.00136528
831	0.00136528
832	0.00136528
833	0.00136528
834	0.00136528
835	0.00136528
836	0.00136528
837	0.00136528
838	0.00136528
839	0.00136528
840	0.00136528
841	0.00136528
842	0.00136528
843	0.00136528
844	0.00136528
845	0.00136528
846	0.00136528
847	0.00136528
848	0.00136528
849	0.00136528
850	0.00136528
851	0.00136528
852	0.00136528
853	0.00136528
854	0.00136528
855	0.00136528
856	0.00136528
857	0.00136528
858	0.00136528
859	0.00136528
860	0.00136528
861	0.00136528
862	0.00136528
863	0.00136528
864	0.00136528
865	0.00136528
866	0.00136528
867	0.00136528
868	0.00136528
869	0.00136528
870	0.00136528
871	0.00136528
872	0.00136528
873	0.00136528
874	0.00136528
875	0.00136528
876	0.00136528
877	0.00136528
878	0.00136528
879	0.00136528
880	0.00136528
881	0.00136528
882	0.00136528
883	0.00136528
884	0.00136528
885	0.00136528
886	0.00136528
887	0.00136528
888	0.00136528
889	0.00136528
890	0.00136528
891	0.00136528
892	0.00136528
893	0.00136528
894	0.00136528
895	0.00136528
896	0.00136528
897	0.00136528
898	0.00136528
899	0.00136528
900	0.00136528
901	0.00136528
902	0.00136528
903	0.00136528
904	0.00136528
905	0.00136528
906	0.00136528
907	0.00136528
908	0.00136528
909	0.00136528
910	0.00136528
911	0.00136528
912	0.00136528
913	0.00136528
914	0.00136528
915	0.00136528
916	0.00136528
917	0.00136528
918	0.00136528
919	0.00136528
920	0.00136528
921	0.00136528
922	0.00136528
923	0.00136528
924	0.00136528
925	0.00136528
926	0.00136528
927	0.00136528
928	0.00136528
929	0.00136528
930	0.00136528
931	0.00136528
932	0.00136528
933	0.00136528
934	0.00136528
935	0.00136528
936	0.00136528
937	0.00136528
938	0.00136528
939	0.00136528
940	0.00136528
941	0.00136528
942	0.00136528
943	0.00136528
944	0.00136528
945	0.00136528
946	0.00136528
947	0.00136528
948	0.00136528
949	0.00136528
950	0.00136528
951	0.00136528
952	0.00136528
953	0.00136528
954	0.00136528
955	0.00136528
956	0.00136528
957	0.00136528
958	0.00136528
959	0.00136528
960	0.00136528
961	0.00136528
962	0.00136528
963	0.00136528
964	0.00136528
965	0.00136528
966	0.00136528
967	0.00136528
968	0.00136528
969	0.00136528
970	0.00136528
971	0.00136528
972	0.00136528
973	0.00136528
974	0.00136528
975	0.00136528
976	0.00136528
977	0.00136528
978	0.00136528
979	0.00136528
980	0.00136528
981	0.00136528
982	0.00136528
983	0.00136528
984	0.00136528
985	0.00136528
986	0.00136528
987	0.00136528
988	0.00136528
989	0.00136528
990	0.00136528
991	0.00136528
992	0.00136528
993	0.00136528
994	0.00136528
995	0.00136528
996	0.00136528
997	0.00136528
998	0.00136528
999	0.00136528
1000	0.00136528
1001	0.00136528
1002	0.00136528
1003	0.00136528
1004	0.00136528
1005	0.00136528
1006	0.00136528
1007	0.00136528
1008	0.00136528
1009	0.00136528
1010	0.00136528
1011	0.00136528
1012	0.00136528
1013	0.00136528
1014	0.00136528
1015	0.00136528
1016	0.00136528
1017	0.00136528
1018	0.00136528
1019	0.00136528
1020	0.00136528
1021	0.00136528
1022	0.00136528
1023	0.00136528
1024	0.00136528
1025	0.00136528
1026	0.00136528
1027	0.00136528
1028	0.00136528
1029	0.00136528
1030	0.00136528
1031	0.00136528
1032	0.00136528
1033	0.00136528
1034	0.00136528
1035	0.00136528
1036	0.00136528
1037	0.00136528
1038	0.00136528
1039	0.00136528
1040	0.00136528
1041	0.00136528
1042	0.00136528
1043	0.00136528
1044	0.00136528
1045	0.00136528
1046	0.00136528
1047	0.00136528
1048	0.00136528
1049	0.00136528
1050	0.00136528
1051	0.00136528
1052	0.00136528
1053	0.00136528
1054	0.00136528
1055	0.00136528
1056	0.00136528
1057	0.00136528
1058	0.00136528
1059	0.00136528
1060	0.00136528
1061	0.00136528
1062	0.00136528
1063	0.00136528
1064	0.00136528
1065	0.00136528
1066	0.00136528
1067	0.00136528
1068	0.00136528
1069	0.00136528
1070	0.00136528
1071	0.00136528
1072	0.00136528
1073	0.00136528
1074	0.00136528
1075	0.00136528
1076	0.00136528
1077	0.00136528
1078	0.00136528
1079	0.00136528
1080	0.00136528
1081	0.00136528
1082	0.00136528
1083	0.00136528
1084	0.00136528
1085	0.00136528
1086	0.00136528
1087	0.00136528
1088	0.00136528
1089	0.00136528
1090	0.00136528
1091	0.00136528
1092	0.00136528
1093	0.00136528
1094	0.00136528
1095	0.00136528
1096	0.00136528
1097	0.00136528
1098	0.00136528
1099	0.00136528
1100	0.00136528
1101	0.00136528
1102	0.00136528
1103	0.00136528
1104	0.00136528
1105	0.00136528
1106	0.00136528
1107	0.00136528
1108	0.00136528
1109	0.00136528
1110	0.00136528
1111	0.00136528
1112	0.00136528
1113	0.00136528
1114	0.00136528
1115	0.00136528
1116	0.00136528
1117	0.00136528
1118	0.00136528
1119	0.00136528
1120	0.00136528
1121	0.00136528
1122	0.00136528
1123	0.00136528
1124	0.00136528
1125	0.00136528
1126	0.00136528
1127	0.00136528
1128	0.00136528
1129	0.00136528
1130	0.00136528
1131	0.00136528
1132	0.00136528
1133	0.00136528
1134	0.00136528
1135	0.00136528
1136	0.00136528
1137	0.00136528
1138	0.00136528
1139	0.00136528
1140	0.00136528
1141	0.00136528
1142	0.00136528
1143	0.00136528
1144	0.00136528
1145	0.00136528
1146	0.00136528
1147	0.00136528
1148	0.00136528
1149	0.00136528
1150	0.00136528
1151	0.00136528
1152	0.00136528
1153	0.00136528
1154	0.00136528
1155	0.00136528
1156	0.00136528
1157	0.00136528
1158	0.00136528
1159	0.00136528
1160	0.00136528
1161	0.00136528
1162	0.00136528
1163	0.00136528
1164	0.00136528
1165	0.00136528
1166	0.00136528
1167	0.00136528
1168	0.00136528
1169	0.00136528
1170	0.00136528
1171	0.00136528
1172	0.00136528
1173	0.00136528
1174	0.00136528
1175	0.00136528
1176	0.00136528
1177	0.00136528
1178	0.00136528
1179	0.00136528
1180	0.00136528
1181	0.00136528
1182	0.00136528
1183	0.00136528
1184	0.00136528
1185	0.00136528
1186	0.00136528
1187	0.00136528
1188	0.00136528
1189	0.00136528
1190	0.00136528
1191	0.00136528
1192	0.00136528
1193	0.00136528
1194	0.00136528
1195	0.00136528
1196	0.00136528
1197	0.00136528
1198	0.00136528
1199	0.00136528
1200	0.00136528
1201	0.00136528
1202	0.00136528
1203	0.00136528
1204	0.00136528
1205	0.00136528
1206	0.00136528
1207	0.00136528
1208	0.00136528
1209	0.00136528
1210	0.00136528
1211	0.00136528
1212	0.00136528
1213	0.00136528
1214	0.00136528
1215	0.00136528
1216	0.00136528
1217	0.00136528
1218	0.00136528
1219	0.00136528
1220	0.00136528
1221	0.00136528
1222	0.00136528
1223	0.00136528
1224	0.00136528
1225	0.00136528
1226	0.00136528
1227	0.00136528
1228	0.00136528
1229	0.00136528
1230	0.00136528
1231	0.00136528
1232	0.00136528
1233	0.00136528
1234	0.00136528
1235	0.00136528
1236	0.00136528
1237	0.00136528
1238	0.00136528
1239	0.00136528
1240	0.00136528
1241	0.00136528
1242	0.00136528
1243	0.00136528
1244	0.00136528
1245	0.00136528
1246	0.00136528
1247	0.00136528
1248	0.00136528
1249	0.00136528
1250	0.00136528
1251	0.00136528
1252	0.00136528
1253	0.00136528
1254	0.00136528
1255	0.00136528
1256	0.00136528
1257	0.00136528
1258	0.00136528
1259	0.00136528
1260	0.00136528
1261	0.00136528
1262	0.00136528
1263	0.00136528
1264	0.00136528
1265	0.00136528
1266	0.00136528
1267	0.00136528
1268	0.00136528
1269	0.00136528
1270	0.00136528
1271	0.00136528
1272	0.00136528
1273	0.00136528
1274	0.00136528
1275	0.00136528
1276	0.00136528
1277	0.00136528
1278	0.00136528
1279	0.00136528
1280	0.00136528
1281	0.00136528
1282	0.00136528
1283	0.00136528
1284	0.00136528
1285	0.00136528
1286	0.00136528
1287	0.00136528
1288	0.00136528
1289	0.00136528
1290	0.00136528
1291	0.00136528
1292	0.00136528
1293	0.00136528
1294	0.00136528
1295	0.00136528
1296	0.00136528
1297	0.00136528
1298	0.00136528
1299	0.00136528
1300	0.00136528
1301	0.00136528
1302	0.00136528
1303	0.00136528
1304	0.00136528
1305	0.00136528
1306	0.00136528
1307	0.00136528
1308	0.00136528
1309	0.00136528
1310	0.00136528
1311	0.00136528
1312	0.00136528
1313	0.00136528
1314	0.00136528
1315	0.00136528
1316	0.00136528
1317	0.00136528
1318	0.00136528
1319	0.00136528
1320	0.00136528
1321	0.00136528
1322	0.00136528
1323	0.00136528
1324	0.00136528
1325	0.00136528
1326	0.00136528
1327	0.00136528
1328	0.00136528
1329	0.00136528
1330	0.00136528
1331	0.00136528
1332	0.00136528
1333	0.00136528
1334	0.00136528
1335	0.00136528
1336	0.00136528
1337	0.00136528
1338	0.00136528
1339	0.00136528
1340	0.00136528
1341	0.00136528
1342	0.00136528
1343	0.00136528
1344	0.00136528
1345	0.00136528
1346	0.00136528
1347	0.00136528
1348	0.00136528
1349	0.00136528
1350	0.00136528
1351	0.00136528
1352	0.00136528
1353	0.00136528
1354	0.00136528
1355	0.00136528
1356	0.00136528
1357	0.00136528
1358	0.00136528
1359	0.00136528
1360	0.00136528
1361	0.00136528
1362	0.00136528
1363	0.00136528
1364	0.00136528
1365	0.00136528
1366	0.00136528
1367	0.00136528
1368	0.00136528
1369	0.00136528
1370	0.00136528
1371	0.00136528
1372	0.00136528
1373	0.00136528
1374	0.00136528
1375	0.00136528
1376	0.00136528
1377	0.00136528
1378	0.00136528
1379	0.00136528
1380	0.00136528
1381	0.00136528
1382	0.00136528
1383	0.00136528
1384	0.00136528
1385	0.00136528
1386	0.00136528
1387	0.00136528
1388	0.00136528
1389	0.00136528
1390	0.00136528
1391	0.00136528
1392	0.00136528
1393	0.00136528
1394	0.00136528
1395	0.00136528
1396	0.00136528
1397	0.00136528
1398	0.00136528
1399	0.00136528
1400	0.00136528
1401	0.00136528
1402	0.00136528
1403	0.00136528
1404	0.00136528
1405	0.00136528
1406	0.00136528
1407	0.00136528
1408	0.00136528
1409	0.00136528
1410	0.00136528
1411	0.00136528
1412	0.00136528
1413	0.00136528
1414	0.00136528
1415	0.00136528
1416	0.00136528
1417	0.00136528
1418	0.00136528
1419	0.00136528
1420	0.00136528
1421	0.00136528
1422	0.00136528
1423	0.00136528
1424	0.00136528
1425	0.00136528
1426	0.00136528
1427	0.00136528
1428	0.00136528
1429	0.00136528
1430	0.00136528
1431	0.00136528
1432	0.00136528
1433	0.00136528
1434	0.00136528
1435	0.00136528
1436	0.00136528
1437	0.00136528
1438	0.00136528
1439	0.00136528
1440	0.00136528
1441	0.00136528
1442	0.00136528
1443	0.00136528
1444	0.00136528
1445	0.00136528
1446	0.00136528
1447	0.00136528
1448	0.00136528
1449	0.00136528
1450	0.00136528
1451	0.00136528
1452	0.00136528
1453	0.00136528
1454	0.00136528
1455	0.00136528
1456	0.00136528
1457	0.00136528
1458	0.00136528
1459	0.00136528
1460	0.00136528
1461	0.00136528
1462	0.00136528
1463	0.00136528
1464	0.00136528
1465	0.00136528
1466	0.00136528
1467	0.00136528
1468	0.00136528
1469	0.00136528
1470	0.00136528
1471	0.00136528
1472	0.00136528
1473	0.00136528
1474	0.00136528
1475	0.00136528
1476	0.00136528
1477	0.00136528
1478	0.00136528
1479	0.00136528
1480	0.00136528
1481	0.00136528
1482	0.00136528
1483	0.00136528
1484	0.00136528
1485	0.00136528
1486	0.00136528
1487	0.00136528
1488	0.00136528
1489	0.00136528
1490	0.00136528
1491	0.00136528
1492	0.00136528
1493	0.00136528
1494	0.00136528
1495	0.00136528
1496	0.00136528
1497	0.00136528
1498	0.00136528
1499	0.00136528
1500	0.00136528
1501	0.00136528
1502	0.00136528
1503	0.00136528
1504	0.00136528
1505	0.00136528
1506	0.00136528
1507	0.00136528
1508	0.00136528
1509	0.00136528
1510	0.00136528
1511	0.00136528
1512	0.00136528
1513	0.00136528
1514	0.00136528
1515	0.00136528
1516	0.00136528
1517	0.00136528
1518	0.00136528
1519	0.00136528
1520	0.00136528
1521	0.00136528
1522	0.00136528
1523	0.00136528
1524	0.00136528
1525	0.00136528
1526	0.00136528
1527	0.00136528
1528	0.00136528
1529	0.00136528
1530	0.00136528
1531	0.00136528
1532	0.00136528
1533	0.00136528
1534	0.00136528
1535	0.00136528
1536	0.00136528
1537	0.00136528
1538	0.00136528
1539	0.00136528
1540	0.00136528
1541	0.00136528
1542	0.00136528
1543	0.00136528
1544	0.00136528
1545	0.00136528
1546	0.00136528
1547	0.00136528
1548	0.00136528
1549	0.00136528
1550	0.00136528
1551	0.00136528
1552	0.00136528
1553	0.00136528
1554	0.00136528
1555	0.00136528
1556	0.00136528
1557	0.00136528
1558	0.00136528
1559	0.00136528
1560	0.00136528
1561	0.00136528
1562	0.00136528
1563	0.00136528
1564	0.00136528
1565	0.00136528
1566	0.00136528
1567	0.00136528
1568	0.00136528
1569	0.00136528
1570	0.00136528
1571	0.00136528
1572	0.00136528
1573	0.00136528
1574	0.00136528
1575	0.00136528
1576	0.00136528
1577	0.00136528
1578	0.00136528
1579	0.00136528
1580	0.00136528
1581	0.00136528
1582	0.00136528
1583	0.00136528
1584	0.00136528
1585	0.00136528
1586	0.00136528
1587	0.00136528
1588	0.00136528
1589	0.00136528
1590	0.00136528
1591	0.00136528
1592	0.00136528
1593	0.00136528
1594	0.00136528
1595	0.00136528
1596	0.00136528
1597	0.00136528
1598	0.00136528
1599	0.00136528
1600	0.00136528
1601	0.00136528
1602	0.00136528
1603	0.00136528
1604	0.00136528
1605	0.00136528
1606	0.00136528
1607	0.00136528
1608	0.00136528
1609	0.00136528
1610	0.00136528
1611	0.00136528
1612	0.00136528
1613	0.00136528
1614	0.00136528
1615	0.00136528
1616	0.00136528
1617	0.00136528
1618	0.00136528
1619	0.00136528
1620	0.00136528
1621	0.00136528
1622	0.00136528
1623	0.00136528
1624	0.00136528
1625	0.00136528
1626	0.00136528
1627	0.00136528
1628	0.00136528
1629	0.00136528
1630	0.00136528
1631	0.00136528
1632	0.00136528
1633	0.00136528
1634	0.00136528
1635	0.00136528
1636	0.00136528
1637	0.00136528
1638	0.00136528
1639	0.00136528
1640	0.00136528
1641	0.00136528
1642	0.00136528
1643	0.00136528
1644	0.00136528
1645	0.00136528
1646	0.00136528
1647	0.00136528
1648	0.00136528
1649	0.00136528
1650	0.00136528
1651	0.00136528
1652	0.00136528
1653	0.00136528
1654	0.00136528
1655	0.00136528
1656	0.00136528
1657	0.00136528
1658	0.00136528
1659	0.00136528
1660	0.00136528
1661	0.00136528
1662	0.00136528
1663	0.00136528
1664	0.00136528
1665	0.00136528
1666	0.00136528
1667	0.00136528
1668	0.00136528
1669	0.00136528
1670	0.00136528
1671	0.00136528
1672	0.00136528
1673	0.00136528
1674	0.00136528
1675	0.00136528
1676	0.00136528
1677	0.00136528
1678	0.00136528
1679	0.00136528
1680	0.00136528
1681	0.00136528
1682	0.00136528
1683	0.00136528
1684	0.00136528
1685	0.00136528
1686	0.00136528
1687	0.00136528
1688	0.00136528
1689	0.00136528
1690	0.00136528
1691	0.00136528
1692	0.00136528
1693	0.00136528
1694	0.00136528
1695	0.00136528
1696	0.00136528
1697	0.00136528
1698	0.00136528
1699	0.00136528
1700	0.00136528
1701	0.00136528
1702	0.00136528
1703	0.00136528
1704	0.00136528
1705	0.00136528
1706	0.00136528
1707	0.00136528
1708	0.00136528
1709	0.00136528
1710	0.00136528
1711	0.00136528
1712	0.00136528
1713	0.00136528
1714	0.00136528
1715	0.00136528
1716	0.00136528
1717	0.00136528
1718	0.00136528
1719	0.00136528
1720	0.00136528
1721	0.00136528
1722	0.00136528
1723	0.00136528
1724	0.00136528
1725	0.00136528
1726	0.00136528
1727	0.00136528
1728	0.00136528
1729	0.00136528
1730	0.00136528
1731	0.00136528
1732	0.00136528
1733	0.00136528
1734	0.00136528
1735	0.00136528
1736	0.00136528
1737	0.00136528
1738	0.00136528
1739	0.00136528
1740	0.00136528
1741	0.00136528
1742	0.00136528
1743	0.00136528
1744	0.00136528
1745	0.00136528
1746	0.00136528
1747	0.00136528
1748	0.00136528
1749	0.00136528
1750	0.00136528
1751	0.00136528
1752	0.00136528
1753	0.00136528
1754	0.00136528
1755	0.00136528
1756	0.00136528
1757	0.00136528
1758	0.00136528
1759	0.00136528
1760	0.00136528
1761	0.00136528
1762	0.00136528
1763	0.00136528
1764	0.00136528
1765	0.00136528
1766	0.00136528
1767	0.00136528
1768	0.00136528
1769	0.00136528
1770	0.00136528
1771	0.00136528
1772	0.00136528
1773	0.00136528
1774	0.00136528
1775	0.00136528
1776	0.00136528
1777	0.00136528
1778	0.00136528
1779	0.00136528
1780	0.00136528
1781	0.00136528
1782	0.00136528
1783	0.00136528
1784	0.00136528
1785	0.00136528
1786	0.00136528
1787	0.00136528
1788	0.00136528
1789	0.00136528
1790	0.00136528
1791	0.00136528
1792	0.00136528
1793	0.00136528
1794	0.00136528
1795	0.00136528
1796	0.00136528
1797	0.00136528
1798	0.00136528
1799	0.00136528
1800	0.00136528
1801	0.00136528
1802	0.00136528
1803	0.00136528
1804	0.00136528
1805	0.00136528
1806	0.00136528
1807	0.00136528
1808	0.00136528
1809	0.00136528
1810	0.00136528
1811	0.00136528
1812	0.00136528
1813	0.00136528
1814	0.00136528
1815	0.00136528
1816	0.00136528
1817	0.00136528
1818	0.00136528
1819	0.00136528
1820	0.00136528
1821	0.00136528
1822	0.00136528
1823	0.00136528
1824	0.00136528
1825	0.00136528
1826	0.00136528
1827	0.00136528
1828	0.00136528
1829	0.00136528
1830	0.00136528
1831	0.00136528
1832	0.00136528
1833	0.00136528
1834	0.00136528
1835	0.00136528
1836	0.00136528
1837	0.00136528
1838	0.00136528
1839	0.00136528
1840	0.00136528
1841	0.00136528
1842	0.00136528
1843	0.00136528
1844	0.00136528
1845	0.00136528
1846	0.00136528
1847	0.00136528
1848	0.00136528
1849	0.00136528
1850	0.00136528
1851	0.00136528
1852	0.00136528
1853	0.00136528
1854	0.00136528
1855	0.00136528
1856	0.00136528
1857	0.00136528
1858	0.00136528
1859	0.00136528
1860	0.00136528
1861	0.00136528
1862	0.00136528
1863	0.00136528
1864	0.00136528
1865	0.00136528
1866	0.00136528
1867	0.00136528
1868	0.00136528
1869	0.00136528
1870	0.00136528
1871	0.00136528
1872	0.00136528
1873	0.00136528
1874	0.00136528
1875	0.00136528
1876	0.00136528
1877	0.00136528
1878	0.00136528
1879	0.00136528
1880	0.00136528
1881	0.00136528
1882	0.00136528
1883	0.00136528
1884	0.00136528
1885	0.00136528
1886	0.00136528
1887	0.00136528
1888	0.00136528
1889	0.00136528
1890	0.00136528
1891	0.00136528
1892	0.00136528
1893	0.00136528
1894	0.00136528
1895	0.00136528
1896	0.00136528
1897	0.00136528
1898	0.00136528
1899	0.00136528
1900	0.00136528
1901	0.00136528
1902	0.00136528
1903	0.00136528
1904	0.00136528
1905	0.00136528
1906	0.00136528
1907	0.00136528
1908	0.00136528
1909	0.00136528
1910	0.00136528
1911	0.00136528
1912	0.00136528
1913	0.00136528
1914	0.00136528
1915	0.00136528
1916	0.00136528
1917	0.00136528
1918	0.00136528
1919	0.00136528
1920	0.00136528
1921	0.00136528
1922	0.00136528
1923	0.00136528
1924	0.00136528
1925	0.00136528
1926	0.00136528
1927	0.00136528
1928	0.00136528
1929	0.00136528
1930	0.00136528
1931	0.00136528
1932	0.00136528
1933	0.00136528
1934	0.00136528
1935	0.00136528
1936	0.00136528
1937	0.00136528
1938	0.00136528
1939	0.00136528
1940	0.00136528
1941	0.00136528
1942	0.00136528
1943	0.00136528
1944	0.00136528
1945	0.00136528
1946	0.00136528
1947	0.00136528
1948	0.00136528
1949	0.00136528
1950	0.00136528
1951	0.00136528
1952	0.00136528
1953	0.00136528
1954	0.00136528
1955	0.00136528
1956	0.00136528
1957	0.00136528
1958	0.00136528
1959	0.00136528
1960	0.00136528
1961	0.00136528
1962	0.00136528
1963	0.00136528
1964	0.00136528
1965	0.00136528
1966	0.00136528
1967	0.00136528
1968	0.00136528
1969	0.00136528
1970	0.00136528
1971	0.00136528
1972	0.00136528
1973	0.00136528
1974	0.00136528
1975	0.00136528
1976	0.00136528
1977	0.00136528
1978	0.00136528
1979	0.00136528
1980	0.00136528
1981	0.00136528
1982	0.00136528
1983	0.00136528
1984	0.00136528
1985	0.00136528
1986	0.00136528
1987	0.00136528
1988	0.00136528
1989	0.00136528
1990	0.00136528
1991	0.00136528
1992	0.00136528
1993	0.00136528
1994	0.00136528
1995	0.00136528
1996	0.00136528
1997	0.00136528
1998	0.00136528
1999	0.00136528
2000	0.00136528
2001	0.00136528
2002	0.00136528
2003	0.00136528
2004	0.00136528
2005	0.00136528
2006	0.00136528
2007	0.00136528
2008	0.00136528
2009	0.00136528
2010	0.00136528
2011	0.00136528
2012	0.00136528
2013	0.00136528
2014	0.00136528
2015	0.00136528
2016	0.00136528
2017	0.00136528
2018	0.00136528
2019	0.00136528
2020	0.00136528
2021	0.00136528
2022	0.00136528
2023	0.00136528
2024	0.00136528
2025	0.00136528
2026	0.00136528
2027	0.00136528
2028	0.00136528
2029	0.00136528
2030	0.00136528
2031	0.00136528
2032	0.00136528
2033	0.00136528
2034	0.00136528
2035	0.00136528
2036	0.00136528
2037	0.00136528
2038	0.00136528
2039	0.00136528
2040	0.00136528
2041	0.00136528
2042	0.00136528
2043	0.00136528
2044	0.00136528
2045	0.00136528
2046	0.00136528
2047	0.00136528
2048	0.00136528
2049	0.00136528
2050	0.00136528
2051	0.00136528
2052	0.00136528
2053	0.00136528
2054	0.00136528
2055	0.00136528
2056	0.00136528
2057	0.00136528
2058	0.00136528
2059	0.00136528
2060	0.00136528
2061	0.00136528
2062	0.00136528
2063	0.00136528
2064	0.00136528
2065	0.00136528
2066	0.00136528
2067	0.00136528
2068	0.00136528
2069	0.00136528
2070	0.00136528
2071	0.00136528
2072	0.00136528
2073	0.00136528
2074	0.00136528
2075	0.00136528
2076	0.00136528
2077	0.00136528
2078	0.00136528
2079	0.00136528
2080	0.00136528
2081	0.00136528
2082	0.00136528
2083	0.00136528
2084	0.00136528
2085	0.00136528
2086	0.00136528
2087	0.00136528
2088	0.00136528
2089	0.00136528
2090	0.00136528
2091	0.00136528
2092	0.00136528
2093	0.00136528
2094	0.00136528
2095	0.00136528
2096	0.00136528
2097	0.00136528
2098	0.00136528
2099	0.00136528
2100	0.00136528
2101	0.00136528
2102	0.00136528
2103	0.00136528
2104	0.00136528
2105	0.00136528
2106	0.00136528
2107	0.00136528
2108	0.00136528
2109	0.00136528
2110	0.00136528
2111	0.00136528
2112	0.00136528
2113	0.00136528
2114	0.00136528
2115	0.00136528
2116	0.00136528
2117	0.00136528
2118	0.00136528
2119	0.00136528
2120	0.00136528
2121	0.00136528
2122	0.00136528
2123	0.00136528
2124	0.00136528
2125	0.00136528
2126	0.00136528
2127	0.00136528
2128	0.00136528
2129	0.00136528
2130	0.00136528
2131	0.00136528
2132	0.00136528
2133	0.00136528
2134	0.00136528
2135	0.00136528
2136	0.00136528
2137	0.00136528
2138	0.00136528
2139	0.00136528
2140	0.00136528
2141	0.00136528
2142	0.00136528
2143	0.00136528
2144	0.00136528
2145	0.00136528
2146	0.00136528
2147	0.00136528
2148	0.00136528
2149	0.00136528
2150	0.00136528
2151	0.00136528
2152	0.00136528
2153	0.00136528
2154	0.00136528
2155	0.00136528
2156	0.00136528
2157	0.00136528
2158	0.00136528
2159	0.00136528
2160	0.00136528
2161	0.00136528
2162	0.00136528
2163	0.00136528
2164	0.00136528
2165	0.00136528
2166	0.00136528
2167	0.00136528
2168	0.00136528
2169	0.00136528
2170	0.00136528
2171	0.00136528
2172	0.00136528
2173	0.00136528
2174	0.00136528
2175	0.00136528
2176	0.00136528
2177	0.00136528
2178	0.00136528
2179	0.00136528
2180	0.00136528
2181	0.00136528
2182	0.00136528
2183	0.00136528
2184	0.00136528
2185	0.00136528
2186	0.00136528
2187	0.00136528
2188	0.00136528
2189	0.00136528
2190	0.00136528
2191	0.00136528
2192	0.00136528
2193	0.00136528
2194	0.00136528
2195	0.00136528
2196	0.00136528
2197	0.00136528
2198	0.00136528
2199	0.00136528
2200	0.00136528
2201	0.00136528
2202	0.00136528
2203	0.00136528
2204	0.00136528
2205	0.00136528
2206	0.00136528
2207	0.00136528
2208	0.00136528
2209	0.00136528
2210	0.00136528
2211	0.00136528
2212	0.00136528
2213	0.00136528
2214	0.00136528
2215	0.00136528
2216	0.00136528
2217	0.00136528
2218	0.00136528
2219	0.00136528
2220	0.00136528
2221	0.00136528
2222	0.00136528
2223	0.00136528
2224	0.00136528
2225	0.00136528
2226	0.00136528
2227	0.00136528
2228	0.00136528
2229	0.00136528
2230	0.00136528
2231	0.00136528
2232	0.00136528
2233	0.00136528
2234	0.00136528
2235	0.00136528
2236	0.00136528
2237	0.00136528
2238	0.00136528
2239	0.00136528
2240	0.00136528
2241	0.00136528
2242	0.00136528
2243	0.00136528
2244	0.00136528
2245	0.00136528
2246	0.00136528
2247	0.00136528
2248	0.00136528
2249	0.00136528
2250	0.00136528
2251	0.00136528
2252	0.00136528
2253	0.00136528
2254	0.00136528
2255	0.00136528
2256	0.00136528
2257	0.00136528
2258	0.00136528
2259	0.00136528
2260	0.00136528
2261	0.00136528
2262	0.00136528
2263	0.00136528
2264	0.00136528
2265	0.00136528
2266	0.00136528
2267	0.00136528
2268	0.00136528
2269	0.00136528
2270	0.00136528
2271	0.00136528
2272	0.00136528
2273	0.00136528
2274	0.00136528
2275	0.00136528
2276	0.00136528
2277	0.00136528
2278	0.00136528
2279	0.00136528
2280	0.00136528
2281	0.00136528
2282	0.00136528
2283	0.00136528
2284	0.00136528
2285	0.00136528
2286	0.00136528
2287	0.00136528
2288	0.00136528
2289	0.00136528
2290	0.00136528
2291	0.00136528
2292	0.00136528
2293	0.00136528
2294	0.00136528
2295	0.00136528
2296	0.00136528
2297	0.00136528
2298	0.00136528
2299	0.00136528
2300	0.00136528
2301	0.00136528
2302	0.00136528
2303	0.00136528
2304	0.00136528
2305	0.00136528
2306	0.00136528
2307	0.00136528
2308	0.00136528
2309	0.00136528
2310	0.00136528
2311	0.00136528
2312	0.00136528
2313	0.00136528
2314	0.00136528
2315	0.00136528
2316	0.00136528
2317	0.00136528
2318	0.00136528
2319	0.00136528
2320	0.00136528
2321	0.00136528
2322	0.00136528
2323	0.00136528
2324	0.00136528
2325	0.00136528
2326	0.00136528
2327	0.00136528
2328	0.00136528
2329	0.00136528
2330	0.00136528
2331	0.00136528
2332	0.00136528
2333	0.00136528
2334	0.00136528
2335	0.00136528
2336	0.00136528
2337	0.00136528
2338	0.00136528
2339	0.00136528
2340	0.00136528
2341	0.00136528
2342	0.00136528
2343	0.00136528
2344	0.00136528
2345	0.00136528
2346	0.00136528
2347	0.00136528
2348	0.00136528
2349	0.00136528
2350	0.00136528
2351	0.00136528
2352	0.00136528
2353	0.00136528
2354	0.00136528
2355	0.00136528
2356	0.00136528
2357	0.00136528
2358	0.00136528
2359	0.00136528
2360	0.00136528
2361	0.00136528
2362	0.00136528
2363	0.00136528
2364	0.00136528
2365	0.00136528
2366	0.00136528
2367	0.00136528
2368	0.00136528
2369	0.00136528
2370	0.00136528
2371	0.00136528
2372	0.00136528
2373	0.00136528
2374	0.00136528
2375	0.00136528
2376	0.00136528
2377	0.00136528
2378	0.00136528
2379	0.00136528
2380	0.00136528
2381	0.00136528
2382	0.00136528
2383	0.00136528
2384	0.00136528
2385	0.00136528
2386	0.00136528
2387	0.00136528
2388	0.00136528
2389	0.00136528
2390	0.00136528
2391	0.00136528
2392	0.00136528
2393	0.00136528
2394	0.00136528
2395	0.00136528
2396	0.00136528
2397	0.00136528
2398	0.00136528
2399	0.00136528
2400	0.00136528
2401	0.00136528
2402	0.00136528
2403	0.00136528
2404	0.00136528
2405	0.00136528
2406	0.00136528
2407	0.00136528
2408	0.00136528
2409	0.00136528
2410	0.00136528
2411	0.00136528
2412	0.00136528
2413	0.00136528
2414	0.00136528
2415	0.00136528
2416	0.00136528
2417	0.00136528
2418	0.00136528
2419	0.00136528
2420	0.00136528
2421	0.00136528
2422	0.00136528
2423	0.00136528
2424	0.00136528
2425	0.00136528
2426	0.00136528
2427	0.00136528
2428	0.00136528
2429	0.00136528
2430	0.00136528
2431	0.00136528
2432	0.00136528
2433	0.00136528
2434	0.00136528
2435	0.00136528
2436	0.00136528
2437	0.00136528
2438	0.00136528
2439	0.00136528
2440	0.00136528
2441	0.00136528
2442	0.00136528
2443	0.00136528
2444	0.00136528
2445	0.00136528
2446	0.00136528
2447	0.00136528
2448	0.00136528
2449	0.00136528
2450	0.00136528
2451	0.00136528
2452	0.00136528
2453	0.00136528
2454	0.00136528
2455	0.00136528
2456	0.00136528
2457	0.00136528
2458	0.00136528
2459	0.00136528
2460	0.00136528
2461	0.00136528
2462	0.00136528
2463	0.00136528
2464	0.00136528
2465	0.00136528
2466	0.00136528
2467	0.00136528
2468	0.00136528
2469	0.00136528
2470	0.00136528
2471	0.00136528
2472	0.00136528
2473	0.00136528
2474	0.00136528
2475	0.00136528
2476	0.00136528
2477	0.00136528
2478	0.00136528
2479	0.00136528
2480	0.00136528
2481	0.00136528
2482	0.00136528
2483	0.00136528
2484	0.00136528
2485	0.00136528
2486	0.00136528
2487	0.00136528
2488	0.00136528
2489	0.00136528
2490	0.00136528
2491	0.00136528
2492	0.00136528
2493	0.00136528
2494	0.00136528
2495	0.00136528
2496	0.00136528
2497	0.00136528
2498	0.00136528
2499	0.00136528
